-11801414.85,4654250.3,2181.84
-11801416.47,4654249.8100000005,2181.81
-11801418.11,4654249.3100000005,2181.79
-11801418.370000001,4654248.5,2181.82
-11801416.74,4654249.0,2181.83
-11801415.1,4654249.49,2181.88
-11801413.48,4654249.96,2181.86
-11801411.89,4654250.43,2181.78
-11801405.97,4654250.46,2181.79
-11801407.56,4654250.0,2181.84
-11801409.18,4654249.5200000005,2181.85
-11801410.78,4654249.0200000005,2181.9
-11801412.4,4654248.5600000005,2181.94
-11801414.03,4654248.0600000005,2181.92
-11801415.6,4654247.600000001,2181.94
-11801417.200000001,4654247.12,2181.94
-11801417.99,4654246.11,2181.96
-11801416.370000001,4654246.600000001,2181.92
-11801414.74,4654247.09,2181.9
-11801413.13,4654247.57,2181.92
-11801411.52,4654248.04,2181.88
-11801409.92,4654248.5200000005,2181.9
-11801408.33,4654248.99,2181.83
-11801406.700000001,4654249.48,2181.81
-11801405.09,4654249.93,2181.76
-11801403.5,4654250.42,2181.76
-11801397.28,4654250.46,2181.72
-11801398.86,4654250.0,2181.77
-11801400.48,4654249.51,2181.76
-11801402.1,4654249.03,2181.75
-11801403.700000001,4654248.55,2181.77
-11801405.290000001,4654248.08,2181.8
-11801406.88,4654247.600000001,2181.82
-11801408.49,4654247.13,2181.84
-11801410.06,4654246.66,2181.97
-11801411.68,4654246.17,2181.86
-11801413.28,4654245.7,2181.96
-11801414.9,4654245.21,2181.92
-11801416.53,4654244.73,2181.96
-11801418.13,4654244.24,2181.97
-11801417.48,4654243.78,2181.96
-11801415.89,4654244.26,2181.94
-11801414.26,4654244.74,2181.94
-11801412.63,4654245.21,2181.97
-11801411.0,4654245.7,2181.97
-11801409.42,4654246.18,2181.9
-11801407.83,4654246.65,2181.84
-11801406.21,4654247.12,2181.8
-11801404.63,4654247.59,2181.78
-11801402.99,4654248.08,2181.76
-11801401.36,4654248.5600000005,2181.74
-11801399.78,4654249.03,2181.75
-11801398.19,4654249.51,2181.75
-11801396.56,4654249.98,2181.72
-11801394.96,4654250.47,2181.69
-11801389.73,4654250.22,2181.63
-11801391.34,4654249.74,2181.65
-11801392.94,4654249.26,2181.67
-11801394.55,4654248.79,2181.69
-11801396.17,4654248.3,2181.73
-11801397.78,4654247.82,2181.75
-11801399.34,4654247.350000001,2181.77
-11801400.96,4654246.88,2181.77
-11801402.620000001,4654246.38,2181.82
-11801404.23,4654245.89,2181.85
-11801405.81,4654245.44,2181.86
-11801407.4,4654244.94,2181.88
-11801409.02,4654244.47,2181.83
-11801410.61,4654244.0,2181.88
-11801412.200000001,4654243.53,2181.98
-11801413.82,4654243.04,2182.04
-11801415.43,4654242.5600000005,2182.07
-11801417.06,4654242.08,2182.06
-11801418.34,4654241.03,2182.1
-11801416.75,4654241.51,2182.1
-11801415.13,4654241.97,2182.07
-11801413.56,4654242.45,2182.0
-11801411.93,4654242.92,2182.11
-11801410.32,4654243.41,2181.99
-11801408.74,4654243.87,2181.81
-11801407.17,4654244.33,2181.79
-11801405.540000001,4654244.82,2181.83
-11801403.91,4654245.3,2181.86
-11801402.32,4654245.78,2181.85
-11801400.69,4654246.25,2181.8
-11801399.07,4654246.74,2181.75
-11801397.47,4654247.21,2181.74
-11801395.89,4654247.68,2181.72
-11801394.27,4654248.15,2181.69
-11801392.67,4654248.63,2181.65
-11801391.05,4654249.11,2181.65
-11801389.46,4654249.58,2181.63
-11801387.88,4654250.0600000005,2181.61
-11801386.26,4654250.54,2181.58
-11801380.77,4654250.42,2181.51
-11801382.39,4654249.95,2181.54
-11801383.99,4654249.47,2181.57
-11801385.6,4654248.98,2181.57
-11801387.200000001,4654248.53,2181.6
-11801388.790000001,4654248.04,2181.65
-11801390.370000001,4654247.58,2181.67
-11801391.97,4654247.09,2181.69
-11801393.58,4654246.62,2181.73
-11801395.17,4654246.14,2181.8
-11801396.8,4654245.65,2181.83
-11801398.43,4654245.18,2181.85
-11801400.03,4654244.71,2181.78
-11801401.63,4654244.23,2181.73
-11801403.24,4654243.75,2181.82
-11801404.83,4654243.28,2181.92
-11801406.43,4654242.8,2181.97
-11801408.02,4654242.32,2181.88
-11801409.6,4654241.86,2181.9
-11801411.23,4654241.36,2181.92
-11801412.86,4654240.87,2181.99
-11801414.450000001,4654240.42,2182.08
-11801416.06,4654239.94,2182.17
-11801417.66,4654239.46,2182.19
-11801417.56,4654238.79,2182.15
-11801415.96,4654239.28,2182.15
-11801414.34,4654239.74,2182.05
-11801412.74,4654240.22,2181.92
-11801411.120000001,4654240.68,2181.88
-11801409.48,4654241.18,2181.88
-11801407.89,4654241.66,2181.86
-11801406.3,4654242.12,2181.85
-11801404.64,4654242.63,2181.86
-11801403.0,4654243.11,2181.92
-11801401.4,4654243.5600000005,2181.82
-11801399.790000001,4654244.05,2181.69
-11801398.18,4654244.53,2181.69
-11801396.55,4654245.01,2181.8
-11801394.89,4654245.51,2181.78
-11801393.290000001,4654245.99,2181.75
-11801391.65,4654246.45,2181.72
-11801390.0,4654246.96,2181.67
-11801388.4,4654247.42,2181.61
-11801386.8,4654247.89,2181.61
-11801385.19,4654248.37,2181.58
-11801383.58,4654248.84,2181.55
-11801381.950000001,4654249.34,2181.51
-11801380.290000001,4654249.82,2181.5
-11801378.68,4654250.3,2181.46
-11801372.98,4654250.4,2181.49
-11801374.57,4654249.94,2181.51
-11801376.18,4654249.46,2181.54
-11801377.78,4654248.98,2181.53
-11801379.38,4654248.5,2181.53
-11801380.97,4654248.03,2181.54
-11801382.59,4654247.55,2181.58
-11801384.21,4654247.07,2181.63
-11801385.8,4654246.59,2181.63
-11801387.36,4654246.13,2181.67
-11801388.97,4654245.66,2181.67
-11801390.56,4654245.18,2181.69
-11801392.200000001,4654244.69,2181.65
-11801393.83,4654244.21,2181.63
-11801395.44,4654243.73,2181.72
-11801397.01,4654243.26,2181.82
-11801398.620000001,4654242.78,2181.83
-11801400.21,4654242.32,2181.83
-11801401.83,4654241.83,2181.83
-11801403.47,4654241.350000001,2181.82
-11801405.06,4654240.850000001,2181.83
-11801406.66,4654240.39,2181.84
-11801408.25,4654239.91,2181.85
-11801409.86,4654239.44,2181.86
-11801411.47,4654238.96,2181.9
-11801413.09,4654238.47,2181.92
-11801414.68,4654238.0,2182.03
-11801416.27,4654237.5200000005,2182.05
-11801417.86,4654237.07,2182.19
-11801418.23,4654236.2700000005,2182.06
-11801416.63,4654236.75,2182.02
-11801415.02,4654237.22,2182.0
-11801413.4,4654237.71,2181.92
-11801411.78,4654238.16,2181.88
-11801410.18,4654238.66,2181.86
-11801408.56,4654239.14,2181.84
-11801406.96,4654239.600000001,2181.84
-11801405.370000001,4654240.08,2181.82
-11801403.75,4654240.55,2181.79
-11801402.120000001,4654241.04,2181.78
-11801400.49,4654241.5200000005,2181.76
-11801398.92,4654241.99,2181.75
-11801397.3,4654242.47,2181.76
-11801395.69,4654242.93,2181.78
-11801394.09,4654243.42,2181.79
-11801392.52,4654243.88,2181.72
-11801390.91,4654244.36,2181.61
-11801389.28,4654244.82,2181.6
-11801387.69,4654245.3,2181.63
-11801386.07,4654245.8,2181.65
-11801384.44,4654246.26,2181.63
-11801382.88,4654246.73,2181.58
-11801381.3,4654247.2,2181.57
-11801379.68,4654247.67,2181.56
-11801378.03,4654248.15,2181.54
-11801376.44,4654248.65,2181.54
-11801374.84,4654249.100000001,2181.51
-11801373.25,4654249.58,2181.47
-11801371.65,4654250.05,2181.46
-11801370.040000001,4654250.53,2181.4
-11801365.39,4654250.17,2181.34
-11801367.01,4654249.7,2181.36
-11801368.63,4654249.22,2181.4
-11801370.23,4654248.74,2181.44
-11801371.81,4654248.28,2181.48
-11801373.39,4654247.8100000005,2181.5
-11801375.0,4654247.33,2181.54
-11801376.61,4654246.84,2181.59
-11801378.19,4654246.38,2181.61
-11801379.790000001,4654245.89,2181.61
-11801381.41,4654245.42,2181.55
-11801383.02,4654244.95,2181.5
-11801384.63,4654244.47,2181.5
-11801386.22,4654244.0,2181.61
-11801387.8,4654243.53,2181.75
-11801389.4,4654243.05,2181.75
-11801391.0,4654242.5600000005,2181.69
-11801392.63,4654242.08,2181.67
-11801394.26,4654241.600000001,2181.69
-11801395.88,4654241.12,2181.69
-11801397.44,4654240.66,2181.69
-11801399.05,4654240.18,2181.74
-11801400.65,4654239.71,2181.75
-11801402.26,4654239.23,2181.77
-11801403.89,4654238.75,2181.79
-11801405.48,4654238.2700000005,2181.82
-11801407.07,4654237.8100000005,2181.85
-11801408.67,4654237.33,2181.84
-11801410.3,4654236.850000001,2181.88
-11801411.93,4654236.34,2181.88
-11801413.53,4654235.87,2181.88
-11801415.13,4654235.4,2181.94
-11801416.74,4654234.93,2181.96
-11801418.35,4654234.45,2182.03
-11801417.24,4654234.12,2182.02
-11801415.67,4654234.58,2181.97
-11801414.040000001,4654235.0600000005,2181.94
-11801412.42,4654235.54,2181.9
-11801410.82,4654236.0200000005,2181.88
-11801409.19,4654236.5,2181.88
-11801407.58,4654236.97,2181.86
-11801405.99,4654237.45,2181.83
-11801404.36,4654237.93,2181.8
-11801402.75,4654238.39,2181.78
-11801401.15,4654238.87,2181.76
-11801399.56,4654239.34,2181.71
-11801397.96,4654239.8,2181.72
-11801396.33,4654240.28,2181.67
-11801394.71,4654240.75,2181.65
-11801393.120000001,4654241.24,2181.65
-11801391.52,4654241.7,2181.65
-11801389.91,4654242.19,2181.67
-11801388.28,4654242.67,2181.67
-11801386.69,4654243.13,2181.69
-11801385.11,4654243.59,2181.67
-11801383.540000001,4654244.07,2181.57
-11801381.93,4654244.53,2181.48
-11801380.290000001,4654245.03,2181.48
-11801378.66,4654245.51,2181.57
-11801377.06,4654245.97,2181.63
-11801375.44,4654246.47,2181.65
-11801373.85,4654246.92,2181.53
-11801372.27,4654247.4,2181.48
-11801370.68,4654247.86,2181.44
-11801369.06,4654248.34,2181.4
-11801367.46,4654248.8100000005,2181.38
-11801365.86,4654249.29,2181.35
-11801364.26,4654249.74,2181.32
-11801362.65,4654250.24,2181.32
-11801357.46,4654250.22,2181.3
-11801359.08,4654249.74,2181.3
-11801360.68,4654249.26,2181.31
-11801362.26,4654248.79,2181.35
-11801363.89,4654248.3100000005,2181.35
-11801365.53,4654247.8100000005,2181.35
-11801367.09,4654247.37,2181.42
-11801368.68,4654246.9,2181.49
-11801370.31,4654246.42,2181.56
-11801371.88,4654245.93,2181.57
-11801373.46,4654245.47,2181.6
-11801375.08,4654244.98,2181.55
-11801376.700000001,4654244.51,2181.47
-11801378.290000001,4654244.04,2181.59
-11801379.870000001,4654243.58,2181.69
-11801381.48,4654243.09,2181.69
-11801383.1,4654242.600000001,2181.61
-11801384.700000001,4654242.14,2181.6
-11801386.33,4654241.65,2181.6
-11801387.94,4654241.18,2181.61
-11801389.51,4654240.71,2181.61
-11801391.14,4654240.23,2181.65
-11801392.75,4654239.75,2181.69
-11801394.35,4654239.2700000005,2181.69
-11801395.97,4654238.8,2181.69
-11801397.55,4654238.32,2181.73
-11801399.15,4654237.850000001,2181.77
-11801400.74,4654237.38,2181.8
-11801402.33,4654236.91,2181.92
-11801403.96,4654236.43,2181.92
-11801405.58,4654235.94,2181.86
-11801407.18,4654235.47,2181.88
-11801408.77,4654234.99,2181.9
-11801410.42,4654234.51,2181.92
-11801412.03,4654234.03,2181.86
-11801413.620000001,4654233.55,2181.88
-11801415.22,4654233.09,2181.9
-11801416.84,4654232.61,2181.92
-11801418.49,4654232.13,2181.97
-11801417.66,4654231.61,2182.0
-11801416.03,4654232.08,2182.01
-11801414.43,4654232.57,2181.97
-11801412.83,4654233.0200000005,2181.97
-11801411.21,4654233.5200000005,2181.9
-11801409.58,4654233.97,2181.86
-11801407.98,4654234.46,2181.83
-11801406.39,4654234.93,2181.79
-11801404.790000001,4654235.41,2181.82
-11801403.18,4654235.89,2181.86
-11801401.59,4654236.350000001,2181.83
-11801399.96,4654236.83,2181.86
-11801398.31,4654237.3,2181.78
-11801396.74,4654237.78,2181.71
-11801395.13,4654238.25,2181.69
-11801393.53,4654238.72,2181.67
-11801391.92,4654239.18,2181.67
-11801390.32,4654239.66,2181.61
-11801388.73,4654240.12,2181.61
-11801387.11,4654240.600000001,2181.57
-11801385.48,4654241.07,2181.57
-11801383.85,4654241.58,2181.57
-11801382.25,4654242.04,2181.6
-11801380.67,4654242.51,2181.59
-11801379.07,4654242.99,2181.61
-11801377.44,4654243.46,2181.65
-11801375.83,4654243.93,2181.59
-11801374.23,4654244.4,2181.49
-11801372.63,4654244.88,2181.42
-11801371.05,4654245.350000001,2181.44
-11801369.43,4654245.83,2181.5
-11801367.8,4654246.29,2181.52
-11801366.21,4654246.7700000005,2181.46
-11801364.64,4654247.24,2181.4
-11801363.07,4654247.7,2181.35
-11801361.450000001,4654248.17,2181.33
-11801359.82,4654248.65,2181.3
-11801358.200000001,4654249.12,2181.28
-11801356.61,4654249.600000001,2181.29
-11801355.03,4654250.0600000005,2181.29
-11801353.44,4654250.54,2181.28
-11801347.9,4654250.64,2181.19
-11801349.49,4654250.18,2181.28
-11801351.120000001,4654249.68,2181.27
-11801352.71,4654249.22,2181.28
-11801354.290000001,4654248.74,2181.3
-11801355.91,4654248.2700000005,2181.31
-11801357.51,4654247.79,2181.32
-11801359.120000001,4654247.33,2181.36
-11801360.72,4654246.850000001,2181.42
-11801362.31,4654246.38,2181.44
-11801363.92,4654245.9,2181.42
-11801365.52,4654245.41,2181.38
-11801367.11,4654244.95,2181.38
-11801368.700000001,4654244.49,2181.46
-11801370.290000001,4654244.0200000005,2181.57
-11801371.9,4654243.54,2181.61
-11801373.5,4654243.0600000005,2181.58
-11801375.13,4654242.57,2181.52
-11801376.76,4654242.100000001,2181.53
-11801378.35,4654241.62,2181.53
-11801379.93,4654241.16,2181.54
-11801381.53,4654240.68,2181.56
-11801383.15,4654240.19,2181.59
-11801384.77,4654239.73,2181.6
-11801386.34,4654239.24,2181.61
-11801387.97,4654238.7700000005,2181.61
-11801389.58,4654238.3100000005,2181.63
-11801391.18,4654237.83,2181.69
-11801392.77,4654237.36,2181.77
-11801394.34,4654236.91,2181.92
-11801395.98,4654236.42,2181.86
-11801397.6,4654235.94,2181.8
-11801399.21,4654235.46,2181.79
-11801400.82,4654234.98,2181.78
-11801402.41,4654234.51,2181.82
-11801404.03,4654234.03,2181.9
-11801405.64,4654233.55,2181.9
-11801407.26,4654233.07,2181.88
-11801408.86,4654232.58,2181.9
-11801410.450000001,4654232.13,2181.9
-11801412.07,4654231.65,2181.94
-11801413.66,4654231.18,2181.92
-11801415.27,4654230.7,2181.96
-11801416.89,4654230.22,2181.97
-11801418.51,4654229.74,2182.02
-11801418.02,4654229.21,2182.0
-11801416.39,4654229.69,2181.92
-11801414.77,4654230.15,2181.92
-11801413.18,4654230.63,2181.9
-11801411.55,4654231.11,2181.92
-11801409.94,4654231.58,2181.9
-11801408.33,4654232.0600000005,2181.86
-11801406.700000001,4654232.54,2181.86
-11801405.1,4654233.01,2181.84
-11801403.5,4654233.49,2181.86
-11801401.870000001,4654233.94,2181.81
-11801400.24,4654234.44,2181.83
-11801398.63,4654234.91,2181.75
-11801397.040000001,4654235.38,2181.86
-11801395.450000001,4654235.86,2181.83
-11801393.82,4654236.34,2181.83
-11801392.200000001,4654236.8,2181.85
-11801390.63,4654237.2700000005,2181.77
-11801389.03,4654237.72,2181.74
-11801387.42,4654238.22,2181.65
-11801385.790000001,4654238.68,2181.6
-11801384.200000001,4654239.15,2181.57
-11801382.61,4654239.63,2181.58
-11801381.0,4654240.09,2181.58
-11801379.41,4654240.55,2181.53
-11801377.790000001,4654241.04,2181.51
-11801376.18,4654241.49,2181.48
-11801374.6,4654241.97,2181.48
-11801373.01,4654242.44,2181.52
-11801371.39,4654242.93,2181.51
-11801369.77,4654243.39,2181.56
-11801368.17,4654243.88,2181.56
-11801366.57,4654244.34,2181.44
-11801364.99,4654244.8100000005,2181.35
-11801363.4,4654245.26,2181.34
-11801361.76,4654245.76,2181.4
-11801360.14,4654246.24,2181.4
-11801358.53,4654246.72,2181.4
-11801356.96,4654247.16,2181.33
-11801355.35,4654247.65,2181.32
-11801353.76,4654248.100000001,2181.32
-11801352.13,4654248.600000001,2181.28
-11801350.51,4654249.05,2181.26
-11801348.91,4654249.54,2181.25
-11801347.33,4654250.01,2181.19
-11801346.36,4654248.75,2181.22
-11801347.93,4654248.2700000005,2181.26
-11801349.53,4654247.82,2181.29
-11801351.11,4654247.350000001,2181.3
-11801352.700000001,4654246.87,2181.34
-11801354.290000001,4654246.4,2181.4
-11801355.91,4654245.92,2181.4
-11801357.52,4654245.45,2181.34
-11801359.13,4654244.97,2181.33
-11801360.73,4654244.5,2181.38
-11801362.3,4654244.03,2181.48
-11801363.9,4654243.55,2181.5
-11801365.51,4654243.09,2181.46
-11801367.120000001,4654242.61,2181.44
-11801368.73,4654242.14,2181.4
-11801370.33,4654241.66,2181.42
-11801371.93,4654241.17,2181.46
-11801373.51,4654240.72,2181.47
-11801375.120000001,4654240.25,2181.49
-11801376.75,4654239.7700000005,2181.51
-11801378.36,4654239.28,2181.53
-11801379.94,4654238.82,2181.6
-11801381.53,4654238.36,2181.58
-11801383.120000001,4654237.88,2181.65
-11801384.74,4654237.41,2181.82
-11801386.34,4654236.94,2181.85
-11801387.92,4654236.45,2181.78
-11801389.53,4654236.0,2181.76
-11801391.16,4654235.51,2181.76
-11801392.77,4654235.04,2181.84
-11801394.38,4654234.5600000005,2181.8
-11801395.97,4654234.09,2181.82
-11801397.58,4654233.61,2181.81
-11801399.200000001,4654233.12,2181.85
-11801400.83,4654232.66,2181.81
-11801402.4,4654232.18,2181.81
-11801404.03,4654231.71,2181.84
-11801405.64,4654231.23,2181.85
-11801407.26,4654230.75,2181.86
-11801408.88,4654230.2700000005,2181.88
-11801410.47,4654229.79,2181.94
-11801412.07,4654229.34,2181.94
-11801413.700000001,4654228.850000001,2181.96
-11801415.33,4654228.37,2181.96
-11801416.91,4654227.9,2181.98
-11801418.5,4654227.43,2182.01
-11801418.36,4654226.76,2182.01
-11801416.76,4654227.21,2181.98
-11801415.14,4654227.7,2181.96
-11801413.58,4654228.15,2181.92
-11801411.97,4654228.63,2181.9
-11801410.34,4654229.11,2181.9
-11801408.700000001,4654229.59,2181.86
-11801407.07,4654230.07,2181.86
-11801405.49,4654230.53,2181.82
-11801403.92,4654230.98,2181.84
-11801402.290000001,4654231.47,2181.82
-11801400.66,4654231.95,2181.78
-11801399.040000001,4654232.43,2181.79
-11801397.44,4654232.9,2181.78
-11801395.790000001,4654233.37,2181.78
-11801394.200000001,4654233.86,2181.83
-11801392.59,4654234.3100000005,2181.77
-11801390.97,4654234.8,2181.73
-11801389.39,4654235.26,2181.73
-11801387.77,4654235.74,2181.82
-11801386.16,4654236.2,2181.71
-11801384.53,4654236.7,2181.74
-11801382.92,4654237.15,2181.74
-11801381.35,4654237.63,2181.65
-11801379.73,4654238.100000001,2181.6
-11801378.13,4654238.57,2181.54
-11801376.55,4654239.03,2181.5
-11801374.94,4654239.51,2181.47
-11801373.34,4654239.97,2181.44
-11801371.73,4654240.44,2181.42
-11801370.14,4654240.91,2181.38
-11801368.51,4654241.39,2181.4
-11801366.91,4654241.87,2181.4
-11801365.32,4654242.33,2181.38
-11801363.700000001,4654242.8100000005,2181.4
-11801362.09,4654243.28,2181.42
-11801360.48,4654243.76,2181.48
-11801358.870000001,4654244.23,2181.4
-11801357.290000001,4654244.69,2181.31
-11801355.700000001,4654245.14,2181.29
-11801354.07,4654245.64,2181.36
-11801352.46,4654246.12,2181.36
-11801350.88,4654246.57,2181.34
-11801349.3,4654247.0200000005,2181.3
-11801347.700000001,4654247.5200000005,2181.26
-11801346.1,4654247.97,2181.19
-11801346.18,4654246.37,2181.32
-11801347.790000001,4654245.91,2181.34
-11801349.36,4654245.42,2181.29
-11801350.97,4654244.97,2181.25
-11801352.57,4654244.49,2181.3
-11801354.14,4654244.03,2181.44
-11801355.73,4654243.57,2181.44
-11801357.33,4654243.09,2181.42
-11801358.96,4654242.600000001,2181.38
-11801360.57,4654242.13,2181.38
-11801362.16,4654241.65,2181.38
-11801363.77,4654241.18,2181.38
-11801365.38,4654240.7,2181.4
-11801366.98,4654240.24,2181.4
-11801368.59,4654239.76,2181.42
-11801370.18,4654239.29,2181.44
-11801371.77,4654238.82,2181.47
-11801373.370000001,4654238.36,2181.52
-11801374.98,4654237.88,2181.56
-11801376.55,4654237.41,2181.67
-11801378.17,4654236.93,2181.67
-11801379.790000001,4654236.47,2181.69
-11801381.39,4654235.99,2181.69
-11801383.01,4654235.51,2181.65
-11801384.620000001,4654235.04,2181.67
-11801386.23,4654234.55,2181.76
-11801387.85,4654234.09,2181.74
-11801389.42,4654233.63,2181.81
-11801391.03,4654233.15,2181.72
-11801392.620000001,4654232.68,2181.75
-11801394.24,4654232.2,2181.74
-11801395.84,4654231.71,2181.8
-11801397.46,4654231.26,2181.79
-11801399.07,4654230.76,2181.8
-11801400.66,4654230.3,2181.81
-11801402.27,4654229.83,2181.79
-11801403.88,4654229.350000001,2181.83
-11801405.5,4654228.87,2181.86
-11801407.11,4654228.41,2181.86
-11801408.73,4654227.93,2181.88
-11801410.34,4654227.43,2181.88
-11801411.94,4654226.98,2181.94
-11801413.53,4654226.51,2181.96
-11801415.15,4654226.03,2182.0
-11801416.790000001,4654225.55,2182.03
-11801418.38,4654225.07,2182.03
-11801416.91,4654224.8,2182.02
-11801415.31,4654225.28,2181.98
-11801413.72,4654225.74,2181.98
-11801412.09,4654226.22,2181.94
-11801410.47,4654226.69,2181.9
-11801408.870000001,4654227.16,2181.86
-11801407.26,4654227.63,2181.85
-11801405.67,4654228.100000001,2181.83
-11801404.040000001,4654228.57,2181.79
-11801402.41,4654229.05,2181.78
-11801400.8,4654229.53,2181.79
-11801399.19,4654229.99,2181.79
-11801397.6,4654230.46,2181.77
-11801396.0,4654230.94,2181.76
-11801394.38,4654231.41,2181.73
-11801392.790000001,4654231.87,2181.72
-11801391.19,4654232.34,2181.71
-11801389.58,4654232.82,2181.72
-11801387.98,4654233.29,2181.67
-11801386.36,4654233.76,2181.72
-11801384.73,4654234.24,2181.69
-11801383.11,4654234.71,2181.67
-11801381.52,4654235.18,2181.63
-11801379.92,4654235.63,2181.63
-11801378.290000001,4654236.12,2181.63
-11801376.65,4654236.62,2181.74
-11801375.06,4654237.07,2181.6
-11801373.49,4654237.54,2181.58
-11801371.9,4654238.0,2181.54
-11801370.28,4654238.46,2181.49
-11801368.68,4654238.94,2181.44
-11801367.09,4654239.4,2181.4
-11801365.48,4654239.88,2181.38
-11801363.88,4654240.350000001,2181.38
-11801362.28,4654240.8100000005,2181.36
-11801360.67,4654241.28,2181.33
-11801359.09,4654241.73,2181.34
-11801357.49,4654242.23,2181.38
-11801355.86,4654242.71,2181.36
-11801354.26,4654243.17,2181.38
-11801352.64,4654243.65,2181.44
-11801351.05,4654244.12,2181.4
-11801349.47,4654244.57,2181.27
-11801347.870000001,4654245.04,2181.25
-11801346.26,4654245.5200000005,2181.29
-11801345.99,4654244.07,2181.42
-11801347.58,4654243.61,2181.4
-11801349.21,4654243.13,2181.38
-11801350.8,4654242.63,2181.35
-11801352.38,4654242.18,2181.33
-11801353.98,4654241.71,2181.31
-11801355.59,4654241.23,2181.32
-11801357.19,4654240.7700000005,2181.34
-11801358.81,4654240.29,2181.36
-11801360.44,4654239.8,2181.36
-11801362.040000001,4654239.34,2181.38
-11801363.620000001,4654238.88,2181.42
-11801365.200000001,4654238.41,2181.46
-11801366.8,4654237.94,2181.5
-11801368.370000001,4654237.46,2181.56
-11801369.950000001,4654237.0200000005,2181.65
-11801371.58,4654236.54,2181.59
-11801373.18,4654236.0600000005,2181.59
-11801374.77,4654235.600000001,2181.61
-11801376.36,4654235.13,2181.63
-11801377.950000001,4654234.67,2181.67
-11801379.56,4654234.19,2181.61
-11801381.19,4654233.69,2181.61
-11801382.8,4654233.23,2181.61
-11801384.41,4654232.75,2181.63
-11801386.0,4654232.29,2181.65
-11801387.58,4654231.83,2181.65
-11801389.17,4654231.36,2181.67
-11801390.77,4654230.88,2181.67
-11801392.38,4654230.42,2181.71
-11801393.96,4654229.95,2181.75
-11801395.55,4654229.47,2181.77
-11801397.16,4654229.0,2181.8
-11801398.75,4654228.5200000005,2181.79
-11801400.35,4654228.07,2181.78
-11801401.92,4654227.600000001,2181.83
-11801403.540000001,4654227.12,2181.81
-11801405.13,4654226.65,2181.85
-11801406.74,4654226.19,2181.88
-11801408.34,4654225.7,2181.9
-11801409.93,4654225.25,2181.9
-11801411.51,4654224.78,2181.92
-11801413.09,4654224.3100000005,2182.01
-11801414.700000001,4654223.850000001,2182.0
-11801416.32,4654223.37,2182.02
-11801417.9,4654222.9,2182.01
-11801416.96,4654222.45,2182.01
-11801415.35,4654222.93,2182.0
-11801413.73,4654223.4,2181.97
-11801412.11,4654223.87,2182.03
-11801410.53,4654224.34,2181.94
-11801408.9,4654224.8100000005,2181.88
-11801407.28,4654225.29,2181.88
-11801405.66,4654225.75,2181.86
-11801404.07,4654226.22,2181.82
-11801402.450000001,4654226.7,2181.81
-11801400.85,4654227.17,2181.81
-11801399.27,4654227.63,2181.79
-11801397.64,4654228.11,2181.77
-11801396.01,4654228.58,2181.75
-11801394.42,4654229.05,2181.74
-11801392.81,4654229.5,2181.74
-11801391.18,4654229.99,2181.73
-11801389.57,4654230.47,2181.67
-11801387.950000001,4654230.94,2181.63
-11801386.370000001,4654231.39,2181.63
-11801384.76,4654231.87,2181.61
-11801383.17,4654232.34,2181.63
-11801381.56,4654232.8,2181.61
-11801379.94,4654233.28,2181.6
-11801378.33,4654233.75,2181.59
-11801376.700000001,4654234.22,2181.61
-11801375.09,4654234.71,2181.61
-11801373.5,4654235.16,2181.58
-11801371.91,4654235.63,2181.57
-11801370.3,4654236.11,2181.57
-11801368.67,4654236.59,2181.6
-11801367.040000001,4654237.0600000005,2181.69
-11801365.450000001,4654237.5200000005,2181.5
-11801363.88,4654237.99,2181.44
-11801362.28,4654238.44,2181.4
-11801360.67,4654238.92,2181.36
-11801359.11,4654239.38,2181.34
-11801357.48,4654239.850000001,2181.36
-11801355.86,4654240.33,2181.35
-11801354.27,4654240.78,2181.31
-11801352.66,4654241.2700000005,2181.29
-11801351.03,4654241.75,2181.28
-11801349.43,4654242.21,2181.3
-11801347.81,4654242.67,2181.33
-11801346.25,4654243.15,2181.34
-11801347.27,4654241.25,2181.27
-11801348.84,4654240.78,2181.28
-11801350.42,4654240.33,2181.3
-11801352.040000001,4654239.84,2181.31
-11801353.63,4654239.38,2181.32
-11801355.22,4654238.92,2181.34
-11801356.86,4654238.44,2181.38
-11801358.44,4654237.97,2181.44
-11801360.03,4654237.51,2181.47
-11801361.63,4654237.04,2181.56
-11801363.24,4654236.5600000005,2181.51
-11801364.870000001,4654236.09,2181.5
-11801366.46,4654235.61,2181.52
-11801368.05,4654235.15,2181.53
-11801369.67,4654234.68,2181.58
-11801371.28,4654234.2,2181.61
-11801372.86,4654233.73,2181.58
-11801374.450000001,4654233.2700000005,2181.57
-11801376.06,4654232.79,2181.6
-11801377.65,4654232.34,2181.61
-11801379.28,4654231.84,2181.6
-11801380.870000001,4654231.39,2181.63
-11801382.46,4654230.9,2181.63
-11801384.06,4654230.44,2181.63
-11801385.68,4654229.95,2181.65
-11801387.28,4654229.5,2181.65
-11801388.89,4654229.03,2181.67
-11801390.48,4654228.5600000005,2181.69
-11801392.11,4654228.07,2181.73
-11801393.74,4654227.600000001,2181.73
-11801395.35,4654227.13,2181.75
-11801396.93,4654226.66,2181.76
-11801398.540000001,4654226.18,2181.78
-11801400.17,4654225.71,2181.81
-11801401.76,4654225.23,2181.83
-11801403.36,4654224.78,2181.9
-11801404.99,4654224.29,2181.88
-11801406.6,4654223.83,2181.9
-11801408.17,4654223.37,2181.96
-11801409.78,4654222.89,2181.97
-11801411.43,4654222.41,2181.94
-11801413.040000001,4654221.94,2182.03
-11801414.63,4654221.46,2182.0
-11801416.26,4654221.0,2182.01
-11801417.89,4654220.5200000005,2182.0
-11801417.1,4654220.0600000005,2182.0
-11801415.47,4654220.53,2181.99
-11801413.86,4654221.01,2181.94
-11801412.27,4654221.48,2181.98
-11801410.65,4654221.93,2181.96
-11801409.03,4654222.42,2181.98
-11801407.43,4654222.88,2181.94
-11801405.81,4654223.350000001,2181.92
-11801404.21,4654223.82,2181.86
-11801402.620000001,4654224.29,2181.82
-11801401.01,4654224.75,2181.8
-11801399.39,4654225.21,2181.8
-11801397.790000001,4654225.7,2181.78
-11801396.15,4654226.18,2181.75
-11801394.53,4654226.65,2181.73
-11801392.93,4654227.100000001,2181.72
-11801391.3,4654227.59,2181.69
-11801389.67,4654228.07,2181.67
-11801388.05,4654228.54,2181.69
-11801386.47,4654228.98,2181.63
-11801384.84,4654229.47,2181.63
-11801383.23,4654229.93,2181.63
-11801381.65,4654230.41,2181.61
-11801380.03,4654230.87,2181.6
-11801378.42,4654231.350000001,2181.6
-11801376.81,4654231.82,2181.6
-11801375.21,4654232.29,2181.58
-11801373.620000001,4654232.75,2181.58
-11801372.03,4654233.21,2181.55
-11801370.41,4654233.68,2181.54
-11801368.81,4654234.15,2181.56
-11801367.200000001,4654234.63,2181.53
-11801365.6,4654235.100000001,2181.49
-11801363.98,4654235.5600000005,2181.44
-11801362.35,4654236.04,2181.48
-11801360.73,4654236.51,2181.49
-11801359.16,4654236.98,2181.48
-11801357.56,4654237.43,2181.44
-11801355.94,4654237.92,2181.44
-11801354.36,4654238.38,2181.38
-11801352.77,4654238.84,2181.33
-11801351.17,4654239.3100000005,2181.29
-11801349.57,4654239.76,2181.28
-11801347.950000001,4654240.24,2181.26
-11801346.36,4654240.71,2181.26
-11801346.84,4654239.0200000005,2181.28
-11801348.42,4654238.54,2181.31
-11801350.01,4654238.09,2181.36
-11801351.64,4654237.62,2181.4
-11801353.23,4654237.16,2181.44
-11801354.86,4654236.68,2181.42
-11801356.47,4654236.2,2181.44
-11801358.040000001,4654235.73,2181.38
-11801359.64,4654235.2700000005,2181.4
-11801361.25,4654234.8,2181.48
-11801362.86,4654234.32,2181.52
-11801364.450000001,4654233.87,2181.54
-11801366.040000001,4654233.4,2181.51
-11801367.620000001,4654232.93,2181.52
-11801369.22,4654232.47,2181.51
-11801370.85,4654231.99,2181.53
-11801372.47,4654231.49,2181.54
-11801374.07,4654231.04,2181.56
-11801375.66,4654230.57,2181.59
-11801377.27,4654230.11,2181.6
-11801378.870000001,4654229.63,2181.63
-11801380.5,4654229.16,2181.61
-11801382.09,4654228.68,2181.63
-11801383.69,4654228.22,2181.65
-11801385.31,4654227.75,2181.67
-11801386.92,4654227.2700000005,2181.67
-11801388.52,4654226.8,2181.69
-11801390.11,4654226.32,2181.71
-11801391.73,4654225.87,2181.69
-11801393.34,4654225.38,2181.71
-11801394.93,4654224.92,2181.76
-11801396.540000001,4654224.46,2181.76
-11801398.14,4654223.99,2181.79
-11801399.76,4654223.5,2181.86
-11801401.39,4654223.03,2181.86
-11801403.03,4654222.55,2181.86
-11801404.65,4654222.09,2181.9
-11801406.21,4654221.63,2181.96
-11801407.82,4654221.15,2181.88
-11801409.41,4654220.69,2182.0
-11801411.040000001,4654220.22,2181.98
-11801412.64,4654219.74,2181.98
-11801414.25,4654219.2700000005,2181.94
-11801415.85,4654218.8100000005,2181.98
-11801417.47,4654218.33,2181.99
-11801416.94,4654217.82,2181.98
-11801415.32,4654218.29,2181.96
-11801413.72,4654218.74,2181.92
-11801412.06,4654219.25,2181.94
-11801410.450000001,4654219.71,2181.94
-11801408.870000001,4654220.18,2182.0
-11801407.24,4654220.63,2181.92
-11801405.620000001,4654221.11,2181.92
-11801404.02,4654221.58,2181.9
-11801402.41,4654222.0600000005,2181.85
-11801400.8,4654222.53,2181.86
-11801399.200000001,4654222.99,2181.82
-11801397.6,4654223.46,2181.79
-11801395.96,4654223.91,2181.75
-11801394.35,4654224.39,2181.71
-11801392.790000001,4654224.86,2181.72
-11801391.17,4654225.32,2181.69
-11801389.52,4654225.8,2181.67
-11801387.9,4654226.28,2181.69
-11801386.33,4654226.74,2181.69
-11801384.72,4654227.19,2181.65
-11801383.09,4654227.68,2181.63
-11801381.5,4654228.15,2181.63
-11801379.89,4654228.62,2181.61
-11801378.3,4654229.07,2181.61
-11801376.69,4654229.55,2181.6
-11801375.040000001,4654230.0200000005,2181.58
-11801373.44,4654230.5,2181.55
-11801371.84,4654230.96,2181.52
-11801370.26,4654231.4,2181.52
-11801368.64,4654231.9,2181.49
-11801367.01,4654232.350000001,2181.5
-11801365.39,4654232.84,2181.48
-11801363.82,4654233.3,2181.47
-11801362.24,4654233.76,2181.49
-11801360.61,4654234.23,2181.47
-11801359.0,4654234.68,2181.46
-11801357.41,4654235.16,2181.38
-11801355.8,4654235.63,2181.32
-11801354.19,4654236.11,2181.4
-11801352.61,4654236.5600000005,2181.42
-11801351.0,4654237.04,2181.44
-11801349.370000001,4654237.51,2181.38
-11801347.78,4654237.96,2181.36
-11801346.200000001,4654238.43,2181.3
-11801346.52,4654236.72,2181.36
-11801348.11,4654236.25,2181.38
-11801349.71,4654235.79,2181.32
-11801351.33,4654235.3100000005,2181.28
-11801352.93,4654234.850000001,2181.38
-11801354.52,4654234.39,2181.44
-11801356.120000001,4654233.92,2181.47
-11801357.69,4654233.45,2181.47
-11801359.290000001,4654232.97,2181.46
-11801360.89,4654232.5200000005,2181.47
-11801362.51,4654232.03,2181.47
-11801364.14,4654231.5600000005,2181.48
-11801365.73,4654231.08,2181.51
-11801367.34,4654230.63,2181.51
-11801368.91,4654230.16,2181.54
-11801370.52,4654229.7,2181.54
-11801372.15,4654229.23,2181.56
-11801373.75,4654228.75,2181.6
-11801375.38,4654228.28,2181.61
-11801376.99,4654227.8,2181.63
-11801378.59,4654227.34,2181.65
-11801380.22,4654226.86,2181.65
-11801381.81,4654226.39,2181.67
-11801383.39,4654225.92,2181.67
-11801384.99,4654225.47,2181.69
-11801386.61,4654224.98,2181.69
-11801388.23,4654224.5200000005,2181.71
-11801389.84,4654224.03,2181.73
-11801391.43,4654223.58,2181.74
-11801393.040000001,4654223.11,2181.73
-11801394.68,4654222.63,2181.75
-11801396.27,4654222.17,2181.76
-11801397.82,4654221.7,2181.82
-11801399.450000001,4654221.23,2181.83
-11801401.08,4654220.75,2181.86
-11801402.700000001,4654220.29,2181.9
-11801404.290000001,4654219.8100000005,2181.9
-11801405.88,4654219.350000001,2181.92
-11801407.5,4654218.89,2182.01
-11801409.14,4654218.41,2181.97
-11801410.78,4654217.93,2181.97
-11801412.39,4654217.45,2181.96
-11801413.97,4654216.98,2181.98
-11801415.57,4654216.51,2181.98
-11801417.200000001,4654216.03,2181.99
-11801416.950000001,4654215.45,2181.98
-11801415.31,4654215.94,2181.99
-11801413.69,4654216.39,2181.98
-11801412.1,4654216.87,2181.96
-11801410.48,4654217.34,2181.97
-11801408.85,4654217.82,2181.96
-11801407.25,4654218.29,2181.99
-11801405.66,4654218.75,2181.94
-11801404.040000001,4654219.22,2181.92
-11801402.41,4654219.7,2181.9
-11801400.82,4654220.15,2181.86
-11801399.200000001,4654220.62,2181.82
-11801397.6,4654221.09,2181.79
-11801395.98,4654221.55,2181.75
-11801394.38,4654222.01,2181.75
-11801392.78,4654222.49,2181.74
-11801391.15,4654222.95,2181.72
-11801389.5,4654223.45,2181.72
-11801387.9,4654223.91,2181.72
-11801386.31,4654224.38,2181.69
-11801384.69,4654224.83,2181.67
-11801383.09,4654225.3100000005,2181.67
-11801381.46,4654225.78,2181.67
-11801379.85,4654226.25,2181.63
-11801378.28,4654226.71,2181.63
-11801376.65,4654227.17,2181.63
-11801375.040000001,4654227.64,2181.6
-11801373.44,4654228.11,2181.59
-11801371.81,4654228.59,2181.58
-11801370.22,4654229.04,2181.55
-11801368.63,4654229.5,2181.53
-11801367.02,4654229.98,2181.5
-11801365.42,4654230.44,2181.5
-11801363.81,4654230.91,2181.47
-11801362.21,4654231.38,2181.47
-11801360.58,4654231.86,2181.44
-11801359.0,4654232.3100000005,2181.44
-11801357.4,4654232.78,2181.44
-11801355.77,4654233.26,2181.46
-11801354.18,4654233.72,2181.46
-11801352.59,4654234.16,2181.4
-11801350.97,4654234.66,2181.38
-11801349.370000001,4654235.11,2181.36
-11801347.790000001,4654235.58,2181.26
-11801346.17,4654236.04,2181.31
-11801346.03,4654234.600000001,2181.38
-11801347.64,4654234.12,2181.38
-11801349.25,4654233.65,2181.42
-11801350.84,4654233.17,2181.42
-11801352.43,4654232.73,2181.44
-11801354.06,4654232.25,2181.47
-11801355.66,4654231.78,2181.46
-11801357.24,4654231.32,2181.47
-11801358.86,4654230.84,2181.46
-11801360.46,4654230.37,2181.5
-11801362.05,4654229.92,2181.48
-11801363.66,4654229.45,2181.51
-11801365.26,4654228.98,2181.54
-11801366.870000001,4654228.5,2181.55
-11801368.47,4654228.04,2181.55
-11801370.09,4654227.5600000005,2181.57
-11801371.69,4654227.100000001,2181.61
-11801373.28,4654226.64,2181.61
-11801374.89,4654226.17,2181.65
-11801376.48,4654225.71,2181.65
-11801378.09,4654225.23,2181.65
-11801379.72,4654224.76,2181.67
-11801381.31,4654224.29,2181.71
-11801382.92,4654223.83,2181.69
-11801384.52,4654223.350000001,2181.69
-11801386.14,4654222.88,2181.71
-11801387.74,4654222.4,2181.74
-11801389.33,4654221.95,2181.75
-11801390.91,4654221.49,2181.77
-11801392.540000001,4654221.01,2181.76
-11801394.18,4654220.53,2181.8
-11801395.78,4654220.07,2181.81
-11801397.38,4654219.600000001,2181.84
-11801398.96,4654219.15,2181.88
-11801400.57,4654218.67,2181.85
-11801402.22,4654218.2,2181.92
-11801403.85,4654217.72,2181.94
-11801405.450000001,4654217.25,2181.97
-11801407.07,4654216.79,2181.97
-11801408.67,4654216.3100000005,2181.98
-11801410.3,4654215.84,2181.99
-11801411.9,4654215.38,2181.99
-11801413.51,4654214.9,2182.0
-11801415.1,4654214.44,2182.01
-11801416.73,4654213.96,2182.02
-11801418.36,4654213.48,2182.06
-11801418.44,4654212.71,2182.06
-11801416.85,4654213.18,2182.01
-11801415.21,4654213.65,2182.0
-11801413.59,4654214.13,2182.01
-11801411.99,4654214.59,2182.0
-11801410.370000001,4654215.05,2181.98
-11801408.74,4654215.53,2182.0
-11801407.14,4654215.99,2181.97
-11801405.51,4654216.46,2181.94
-11801403.9,4654216.93,2181.92
-11801402.31,4654217.38,2181.94
-11801400.72,4654217.86,2181.9
-11801399.09,4654218.33,2181.85
-11801397.46,4654218.79,2181.79
-11801395.84,4654219.26,2181.83
-11801394.25,4654219.71,2181.79
-11801392.64,4654220.19,2181.75
-11801391.02,4654220.66,2181.75
-11801389.41,4654221.13,2181.71
-11801387.8,4654221.59,2181.72
-11801386.21,4654222.05,2181.73
-11801384.58,4654222.54,2181.71
-11801382.97,4654223.0,2181.69
-11801381.36,4654223.47,2181.69
-11801379.75,4654223.93,2181.69
-11801378.17,4654224.38,2181.65
-11801376.56,4654224.86,2181.65
-11801374.950000001,4654225.32,2181.63
-11801373.34,4654225.79,2181.61
-11801371.72,4654226.26,2181.61
-11801370.14,4654226.71,2181.59
-11801368.540000001,4654227.19,2181.55
-11801366.93,4654227.66,2181.56
-11801365.33,4654228.100000001,2181.52
-11801363.73,4654228.58,2181.51
-11801362.120000001,4654229.04,2181.51
-11801360.52,4654229.51,2181.47
-11801358.91,4654229.98,2181.47
-11801357.3,4654230.43,2181.44
-11801355.68,4654230.91,2181.44
-11801354.11,4654231.38,2181.44
-11801352.51,4654231.84,2181.4
-11801350.88,4654232.3100000005,2181.4
-11801349.28,4654232.76,2181.38
-11801347.66,4654233.24,2181.38
-11801346.07,4654233.71,2181.36
-11801347.26,4654231.82,2181.36
-11801348.85,4654231.37,2181.38
-11801350.43,4654230.91,2181.4
-11801352.03,4654230.44,2181.42
-11801353.65,4654229.97,2181.42
-11801355.27,4654229.49,2181.46
-11801356.870000001,4654229.04,2181.46
-11801358.44,4654228.57,2181.49
-11801360.040000001,4654228.11,2181.5
-11801361.67,4654227.64,2181.51
-11801363.290000001,4654227.16,2181.54
-11801364.88,4654226.71,2181.56
-11801366.46,4654226.24,2181.56
-11801368.06,4654225.7700000005,2181.61
-11801369.67,4654225.3100000005,2181.61
-11801371.27,4654224.83,2181.63
-11801372.870000001,4654224.37,2181.65
-11801374.48,4654223.91,2181.67
-11801376.08,4654223.44,2181.72
-11801377.69,4654222.97,2181.72
-11801379.290000001,4654222.49,2181.72
-11801380.89,4654222.04,2181.74
-11801382.48,4654221.57,2181.75
-11801384.1,4654221.09,2181.74
-11801385.72,4654220.63,2181.74
-11801387.34,4654220.16,2181.75
-11801388.950000001,4654219.69,2181.78
-11801390.540000001,4654219.22,2181.8
-11801392.13,4654218.76,2181.83
-11801393.790000001,4654218.2700000005,2181.8
-11801395.38,4654217.82,2181.86
-11801396.97,4654217.36,2181.92
-11801398.56,4654216.88,2181.9
-11801400.18,4654216.42,2181.92
-11801401.85,4654215.94,2181.98
-11801403.450000001,4654215.47,2181.98
-11801405.06,4654214.99,2181.96
-11801406.67,4654214.54,2181.98
-11801408.28,4654214.07,2182.0
-11801409.89,4654213.59,2182.02
-11801411.5,4654213.11,2182.02
-11801413.1,4654212.66,2182.04
-11801414.700000001,4654212.19,2182.04
-11801416.33,4654211.72,2182.06
-11801417.96,4654211.24,2182.06
-11801418.34,4654210.46,2182.04
-11801416.75,4654210.91,2182.04
-11801415.13,4654211.39,2182.03
-11801413.51,4654211.86,2182.02
-11801411.86,4654212.34,2182.01
-11801410.24,4654212.8,2181.99
-11801408.620000001,4654213.2700000005,2181.99
-11801407.01,4654213.74,2181.97
-11801405.42,4654214.19,2181.92
-11801403.81,4654214.67,2181.94
-11801402.200000001,4654215.14,2181.92
-11801400.59,4654215.600000001,2181.92
-11801398.98,4654216.07,2181.9
-11801397.35,4654216.5200000005,2181.88
-11801395.72,4654217.0,2181.86
-11801394.13,4654217.47,2181.83
-11801392.53,4654217.91,2181.78
-11801390.9,4654218.4,2181.79
-11801389.3,4654218.86,2181.78
-11801386.08,4654219.79,2181.74
-11801384.49,4654220.24,2181.74
-11801382.88,4654220.72,2181.76
-11801381.25,4654221.19,2181.74
-11801379.64,4654221.66,2181.74
-11801378.06,4654222.12,2181.73
-11801376.43,4654222.58,2181.69
-11801374.83,4654223.0600000005,2181.67
-11801373.200000001,4654223.5200000005,2181.71
-11801371.57,4654224.0,2181.67
-11801370.01,4654224.44,2181.61
-11801368.41,4654224.91,2181.59
-11801366.790000001,4654225.38,2181.58
-11801365.18,4654225.84,2181.55
-11801363.59,4654226.3,2181.53
-11801361.97,4654226.78,2181.51
-11801360.36,4654227.24,2181.49
-11801358.790000001,4654227.68,2181.48
-11801357.18,4654228.16,2181.46
-11801355.540000001,4654228.63,2181.44
-11801353.92,4654229.100000001,2181.44
-11801352.33,4654229.5600000005,2181.4
-11801350.71,4654230.0200000005,2181.38
-11801349.11,4654230.5,2181.38
-11801347.52,4654230.96,2181.36
-11801345.93,4654231.42,2181.34
-11801346.76,4654229.66,2181.36
-11801348.370000001,4654229.2,2181.36
-11801349.97,4654228.73,2181.4
-11801351.55,4654228.28,2181.44
-11801353.16,4654227.8100000005,2181.44
-11801354.75,4654227.34,2181.47
-11801356.34,4654226.86,2181.46
-11801357.950000001,4654226.41,2181.47
-11801359.55,4654225.94,2181.5
-11801361.120000001,4654225.49,2181.5
-11801362.74,4654225.0200000005,2181.54
-11801364.36,4654224.5600000005,2181.56
-11801365.97,4654224.08,2181.59
-11801367.59,4654223.61,2181.59
-11801369.17,4654223.16,2181.61
-11801370.77,4654222.69,2181.65
-11801372.36,4654222.22,2181.67
-11801373.96,4654221.75,2181.69
-11801375.59,4654221.29,2181.71
-11801377.200000001,4654220.82,2181.71
-11801378.790000001,4654220.36,2181.74
-11801380.4,4654219.89,2181.75
-11801381.99,4654219.41,2181.74
-11801383.620000001,4654218.96,2181.76
-11801385.27,4654218.48,2181.75
-11801386.9,4654218.0,2181.75
-11801388.48,4654217.53,2181.79
-11801390.07,4654217.08,2181.85
-11801391.69,4654216.61,2181.84
-11801393.31,4654216.15,2181.85
-11801394.92,4654215.68,2181.86
-11801396.51,4654215.2,2181.88
-11801398.120000001,4654214.75,2181.9
-11801399.73,4654214.28,2181.9
-11801401.33,4654213.8100000005,2181.94
-11801402.9,4654213.36,2181.94
-11801404.52,4654212.89,2181.94
-11801406.15,4654212.41,2181.97
-11801407.77,4654211.95,2182.01
-11801409.38,4654211.48,2182.01
-11801410.99,4654211.01,2182.03
-11801412.6,4654210.53,2182.03
-11801414.26,4654210.07,2182.05
-11801415.86,4654209.59,2182.07
-11801417.43,4654209.13,2182.08
-11801418.17,4654208.23,2182.06
-11801416.540000001,4654208.71,2182.05
-11801414.93,4654209.17,2182.05
-11801413.31,4654209.64,2182.03
-11801411.68,4654210.11,2181.99
-11801410.06,4654210.59,2182.01
-11801408.450000001,4654211.05,2181.99
-11801406.84,4654211.51,2181.96
-11801405.200000001,4654211.99,2181.94
-11801403.58,4654212.44,2181.94
-11801402.01,4654212.89,2181.94
-11801400.41,4654213.36,2181.92
-11801398.81,4654213.83,2181.94
-11801397.18,4654214.28,2181.86
-11801395.56,4654214.76,2181.86
-11801393.97,4654215.23,2181.86
-11801392.34,4654215.69,2181.83
-11801390.71,4654216.16,2181.82
-11801389.08,4654216.64,2181.8
-11801387.47,4654217.11,2181.8
-11801385.89,4654217.5600000005,2181.78
-11801384.290000001,4654218.03,2181.76
-11801382.68,4654218.48,2181.72
-11801381.05,4654218.95,2181.72
-11801379.42,4654219.43,2181.72
-11801377.82,4654219.89,2181.72
-11801376.24,4654220.34,2181.69
-11801374.620000001,4654220.8100000005,2181.71
-11801373.02,4654221.28,2181.65
-11801371.43,4654221.72,2181.65
-11801369.84,4654222.2,2181.63
-11801368.18,4654222.67,2181.59
-11801366.58,4654223.13,2181.57
-11801364.99,4654223.600000001,2181.57
-11801363.39,4654224.05,2181.53
-11801361.790000001,4654224.5200000005,2181.51
-11801360.19,4654224.98,2181.51
-11801358.58,4654225.44,2181.49
-11801356.97,4654225.9,2181.47
-11801355.35,4654226.38,2181.44
-11801353.76,4654226.84,2181.42
-11801352.17,4654227.28,2181.44
-11801350.57,4654227.76,2181.4
-11801348.950000001,4654228.23,2181.38
-11801347.34,4654228.7,2181.38
-11801345.76,4654229.15,2181.36
-11801346.09,4654227.55,2181.36
-11801347.69,4654227.09,2181.38
-11801349.27,4654226.62,2181.42
-11801350.88,4654226.17,2181.42
-11801352.48,4654225.7,2181.44
-11801354.1,4654225.22,2181.44
-11801355.71,4654224.76,2181.46
-11801357.32,4654224.29,2181.47
-11801358.94,4654223.84,2181.51
-11801360.51,4654223.37,2181.56
-11801362.1,4654222.92,2181.56
-11801363.71,4654222.45,2181.57
-11801365.33,4654221.96,2181.59
-11801366.93,4654221.5,2181.61
-11801368.5,4654221.0600000005,2181.63
-11801370.120000001,4654220.58,2181.63
-11801371.74,4654220.12,2181.69
-11801373.35,4654219.65,2181.72
-11801374.97,4654219.17,2181.74
-11801376.57,4654218.72,2181.72
-11801378.17,4654218.25,2181.75
-11801379.76,4654217.78,2181.79
-11801381.370000001,4654217.33,2181.77
-11801383.01,4654216.84,2181.8
-11801384.61,4654216.38,2181.81
-11801386.22,4654215.93,2181.83
-11801387.83,4654215.45,2181.82
-11801389.450000001,4654214.98,2181.81
-11801391.05,4654214.5,2181.83
-11801392.64,4654214.0600000005,2181.85
-11801394.27,4654213.58,2181.86
-11801395.89,4654213.12,2181.88
-11801397.48,4654212.66,2181.9
-11801399.1,4654212.17,2181.9
-11801400.700000001,4654211.73,2181.94
-11801402.28,4654211.26,2181.97
-11801403.91,4654210.78,2181.98
-11801405.540000001,4654210.32,2182.0
-11801407.17,4654209.84,2181.99
-11801408.75,4654209.4,2181.99
-11801410.35,4654208.93,2182.02
-11801411.98,4654208.45,2182.04
-11801413.61,4654207.98,2182.05
-11801415.200000001,4654207.53,2182.08
-11801416.81,4654207.05,2182.09
-11801418.450000001,4654206.58,2182.11
-11801417.86,4654206.09,2182.1
-11801416.26,4654206.53,2182.08
-11801414.67,4654207.01,2182.08
-11801413.06,4654207.48,2182.04
-11801411.43,4654207.94,2182.05
-11801409.78,4654208.41,2182.02
-11801408.18,4654208.86,2182.0
-11801406.58,4654209.34,2181.99
-11801404.97,4654209.8,2181.96
-11801403.36,4654210.26,2181.98
-11801401.75,4654210.73,2181.98
-11801400.17,4654211.18,2181.92
-11801398.58,4654211.65,2181.9
-11801396.950000001,4654212.12,2181.92
-11801395.32,4654212.58,2181.86
-11801393.71,4654213.04,2181.85
-11801392.09,4654213.5200000005,2181.83
-11801390.46,4654213.98,2181.83
-11801388.86,4654214.42,2181.83
-11801387.23,4654214.92,2181.8
-11801385.61,4654215.37,2181.8
-11801384.01,4654215.84,2181.81
-11801382.4,4654216.3,2181.77
-11801380.78,4654216.76,2181.76
-11801379.19,4654217.24,2181.82
-11801377.59,4654217.69,2181.77
-11801375.96,4654218.15,2181.78
-11801374.370000001,4654218.61,2181.67
-11801372.78,4654219.08,2181.69
-11801371.16,4654219.53,2181.67
-11801369.540000001,4654220.01,2181.61
-11801367.91,4654220.48,2181.61
-11801366.32,4654220.93,2181.58
-11801364.73,4654221.4,2181.57
-11801363.15,4654221.850000001,2181.57
-11801361.540000001,4654222.32,2181.56
-11801359.92,4654222.79,2181.52
-11801358.3,4654223.24,2181.5
-11801356.71,4654223.71,2181.48
-11801355.11,4654224.15,2181.44
-11801353.5,4654224.63,2181.42
-11801351.9,4654225.09,2181.42
-11801350.3,4654225.53,2181.4
-11801348.69,4654226.01,2181.38
-11801347.1,4654226.48,2181.38
-11801347.16,4654224.9,2181.38
-11801348.76,4654224.43,2181.38
-11801350.370000001,4654223.98,2181.44
-11801351.950000001,4654223.53,2181.44
-11801353.55,4654223.05,2181.46
-11801355.15,4654222.59,2181.48
-11801356.77,4654222.13,2181.49
-11801358.370000001,4654221.66,2181.49
-11801359.97,4654221.21,2181.51
-11801361.56,4654220.74,2181.54
-11801363.15,4654220.29,2181.57
-11801364.75,4654219.82,2181.59
-11801366.370000001,4654219.350000001,2181.59
-11801367.96,4654218.9,2181.65
-11801369.58,4654218.43,2181.65
-11801371.21,4654217.95,2181.69
-11801372.81,4654217.49,2181.74
-11801374.42,4654217.03,2181.79
-11801376.01,4654216.57,2181.74
-11801377.61,4654216.100000001,2181.76
-11801379.23,4654215.65,2181.77
-11801380.84,4654215.15,2181.8
-11801382.44,4654214.71,2181.82
-11801384.0,4654214.26,2181.82
-11801385.63,4654213.79,2181.85
-11801387.26,4654213.33,2181.88
-11801388.89,4654212.850000001,2181.86
-11801390.51,4654212.38,2181.86
-11801392.08,4654211.93,2181.88
-11801393.700000001,4654211.46,2181.88
-11801395.34,4654210.98,2181.88
-11801396.96,4654210.51,2181.9
-11801398.56,4654210.05,2181.92
-11801400.16,4654209.59,2181.97
-11801401.77,4654209.13,2181.97
-11801403.38,4654208.66,2182.0
-11801405.01,4654208.19,2181.98
-11801406.6,4654207.71,2182.0
-11801408.19,4654207.26,2182.02
-11801409.81,4654206.8100000005,2182.05
-11801411.42,4654206.34,2182.07
-11801413.08,4654205.86,2182.08
-11801414.68,4654205.38,2182.1
-11801416.290000001,4654204.93,2182.11
-11801417.86,4654204.47,2182.15
-11801417.59,4654203.94,2182.15
-11801415.99,4654204.4,2182.1
-11801414.38,4654204.850000001,2182.1
-11801412.78,4654205.32,2182.08
-11801411.14,4654205.79,2182.07
-11801409.52,4654206.26,2182.05
-11801407.91,4654206.73,2182.02
-11801406.31,4654207.18,2182.0
-11801404.71,4654207.65,2181.98
-11801403.09,4654208.11,2181.96
-11801401.47,4654208.57,2181.96
-11801399.86,4654209.03,2181.94
-11801398.26,4654209.5,2181.94
-11801396.64,4654209.95,2181.88
-11801395.02,4654210.41,2181.88
-11801393.4,4654210.89,2181.9
-11801391.78,4654211.350000001,2181.85
-11801390.16,4654211.82,2181.86
-11801388.53,4654212.29,2181.86
-11801386.92,4654212.74,2181.86
-11801385.33,4654213.22,2181.84
-11801383.73,4654213.67,2181.82
-11801382.120000001,4654214.13,2181.82
-11801380.52,4654214.59,2181.8
-11801378.89,4654215.0600000005,2181.79
-11801377.28,4654215.51,2181.78
-11801375.68,4654215.98,2181.74
-11801374.06,4654216.45,2181.75
-11801372.450000001,4654216.9,2181.72
-11801370.83,4654217.38,2181.69
-11801369.24,4654217.84,2181.61
-11801367.620000001,4654218.29,2181.63
-11801366.040000001,4654218.74,2181.6
-11801364.43,4654219.22,2181.57
-11801362.81,4654219.69,2181.57
-11801361.21,4654220.13,2181.54
-11801359.59,4654220.61,2181.52
-11801358.0,4654221.0600000005,2181.47
-11801356.42,4654221.5200000005,2181.47
-11801354.82,4654221.98,2181.46
-11801353.21,4654222.45,2181.44
-11801351.61,4654222.9,2181.44
-11801350.0,4654223.37,2181.4
-11801348.39,4654223.84,2181.38
-11801346.78,4654224.29,2181.36
-11801346.540000001,4654222.7700000005,2181.4
-11801348.18,4654222.3,2181.42
-11801349.76,4654221.850000001,2181.44
-11801351.34,4654221.38,2181.44
-11801352.94,4654220.91,2181.46
-11801354.540000001,4654220.46,2181.46
-11801356.15,4654219.99,2181.47
-11801357.75,4654219.53,2181.5
-11801359.36,4654219.0600000005,2181.52
-11801360.96,4654218.61,2181.55
-11801362.55,4654218.14,2181.57
-11801364.15,4654217.69,2181.61
-11801365.75,4654217.22,2181.55
-11801367.34,4654216.7700000005,2181.65
-11801368.97,4654216.3,2181.71
-11801370.57,4654215.83,2181.71
-11801372.200000001,4654215.350000001,2181.73
-11801373.82,4654214.9,2181.76
-11801375.41,4654214.43,2181.77
-11801377.01,4654213.97,2181.78
-11801378.6,4654213.51,2181.85
-11801380.23,4654213.05,2181.81
-11801381.84,4654212.58,2181.83
-11801383.44,4654212.11,2181.84
-11801385.06,4654211.63,2181.86
-11801386.64,4654211.19,2181.9
-11801388.23,4654210.74,2181.9
-11801389.84,4654210.2700000005,2181.94
-11801391.47,4654209.79,2181.9
-11801393.07,4654209.34,2181.9
-11801394.67,4654208.86,2181.94
-11801396.31,4654208.41,2181.94
-11801397.94,4654207.91,2181.96
-11801399.56,4654207.46,2181.99
-11801401.16,4654207.01,2181.99
-11801402.77,4654206.53,2181.98
-11801404.41,4654206.0600000005,2182.02
-11801406.01,4654205.600000001,2182.03
-11801407.620000001,4654205.14,2182.03
-11801409.21,4654204.67,2182.07
-11801410.84,4654204.19,2182.1
-11801412.48,4654203.74,2182.11
-11801414.1,4654203.2700000005,2182.13
-11801415.66,4654202.8100000005,2182.17
-11801417.27,4654202.350000001,2182.21
-11801417.39,4654201.68,2182.17
-11801415.77,4654202.14,2182.17
-11801414.15,4654202.600000001,2182.17
-11801412.55,4654203.07,2182.1
-11801410.93,4654203.5200000005,2182.08
-11801409.3,4654203.99,2182.06
-11801407.69,4654204.46,2182.07
-11801406.09,4654204.91,2182.02
-11801404.48,4654205.38,2181.97
-11801402.870000001,4654205.83,2181.94
-11801401.24,4654206.3100000005,2182.0
-11801399.64,4654206.7700000005,2181.99
-11801398.02,4654207.22,2181.96
-11801396.41,4654207.7,2181.94
-11801394.8,4654208.15,2181.92
-11801393.18,4654208.61,2181.92
-11801391.58,4654209.09,2181.92
-11801389.98,4654209.54,2181.92
-11801388.370000001,4654209.99,2181.92
-11801386.74,4654210.47,2181.92
-11801385.11,4654210.94,2181.85
-11801383.48,4654211.41,2181.84
-11801381.89,4654211.86,2181.82
-11801380.290000001,4654212.3100000005,2181.81
-11801378.67,4654212.78,2181.81
-11801377.040000001,4654213.25,2181.8
-11801375.41,4654213.71,2181.76
-11801373.83,4654214.17,2181.72
-11801372.23,4654214.63,2181.73
-11801370.64,4654215.09,2181.71
-11801368.98,4654215.5600000005,2181.72
-11801367.38,4654216.0200000005,2181.67
-11801365.8,4654216.48,2181.63
-11801364.200000001,4654216.93,2181.57
-11801362.59,4654217.38,2181.58
-11801360.99,4654217.84,2181.56
-11801359.39,4654218.32,2181.52
-11801357.78,4654218.7700000005,2181.49
-11801356.18,4654219.22,2181.47
-11801354.57,4654219.69,2181.47
-11801352.96,4654220.16,2181.44
-11801351.36,4654220.61,2181.44
-11801349.75,4654221.08,2181.44
-11801348.14,4654221.54,2181.44
-11801346.55,4654222.0,2181.38
-11801345.94,4654220.62,2181.38
-11801347.53,4654220.17,2181.42
-11801349.13,4654219.71,2181.44
-11801350.700000001,4654219.26,2181.46
-11801352.290000001,4654218.78,2181.48
-11801353.92,4654218.33,2181.49
-11801355.55,4654217.86,2181.52
-11801357.15,4654217.39,2181.54
-11801358.73,4654216.95,2181.57
-11801360.36,4654216.47,2181.56
-11801361.97,4654216.0,2181.59
-11801363.540000001,4654215.5600000005,2181.65
-11801365.14,4654215.100000001,2181.65
-11801366.71,4654214.64,2181.67
-11801368.34,4654214.18,2181.69
-11801369.96,4654213.71,2181.71
-11801371.58,4654213.23,2181.73
-11801373.16,4654212.78,2181.73
-11801374.76,4654212.34,2181.76
-11801376.39,4654211.86,2181.79
-11801377.98,4654211.39,2181.8
-11801379.58,4654210.94,2181.79
-11801381.19,4654210.48,2181.84
-11801382.8,4654210.0,2181.85
-11801384.43,4654209.55,2181.86
-11801386.03,4654209.100000001,2181.88
-11801387.63,4654208.62,2181.92
-11801389.25,4654208.16,2181.92
-11801390.84,4654207.71,2181.94
-11801392.47,4654207.23,2181.94
-11801394.1,4654206.76,2181.97
-11801395.69,4654206.3100000005,2182.03
-11801397.290000001,4654205.84,2181.99
-11801398.92,4654205.38,2182.01
-11801400.53,4654204.92,2182.04
-11801402.14,4654204.44,2182.1
-11801403.76,4654203.99,2182.03
-11801405.4,4654203.51,2182.01
-11801406.99,4654203.0600000005,2182.09
-11801408.6,4654202.59,2182.11
-11801410.23,4654202.11,2182.15
-11801411.83,4654201.67,2182.17
-11801413.42,4654201.2,2182.19
-11801415.06,4654200.72,2182.11
-11801416.64,4654200.28,2182.23
-11801418.26,4654199.8100000005,2182.23
-11801417.0,4654199.51,2182.22
-11801415.38,4654199.97,2182.22
-11801413.8,4654200.42,2182.06
-11801412.18,4654200.88,2182.21
-11801410.58,4654201.350000001,2182.15
-11801408.96,4654201.8,2182.11
-11801407.35,4654202.26,2182.09
-11801405.74,4654202.72,2182.04
-11801404.11,4654203.19,2182.07
-11801402.47,4654203.67,2182.13
-11801400.86,4654204.12,2182.07
-11801399.25,4654204.59,2182.01
-11801397.63,4654205.03,2181.99
-11801396.01,4654205.51,2181.96
-11801394.42,4654205.96,2181.94
-11801392.83,4654206.42,2181.92
-11801391.22,4654206.88,2181.9
-11801389.6,4654207.350000001,2181.94
-11801387.97,4654207.8100000005,2181.9
-11801386.35,4654208.26,2181.9
-11801384.77,4654208.73,2181.86
-11801383.14,4654209.19,2181.84
-11801381.51,4654209.65,2181.88
-11801379.92,4654210.11,2181.81
-11801378.290000001,4654210.58,2181.78
-11801376.67,4654211.03,2181.78
-11801375.08,4654211.5,2181.77
-11801373.47,4654211.95,2181.75
-11801371.85,4654212.42,2181.73
-11801370.23,4654212.89,2181.73
-11801368.64,4654213.34,2181.69
-11801367.040000001,4654213.79,2181.71
-11801365.43,4654214.26,2181.65
-11801363.83,4654214.7,2181.63
-11801362.21,4654215.18,2181.67
-11801360.61,4654215.64,2181.58
-11801359.0,4654216.09,2181.52
-11801357.41,4654216.5600000005,2181.54
-11801355.81,4654217.01,2181.53
-11801354.200000001,4654217.46,2181.49
-11801352.59,4654217.93,2181.44
-11801350.98,4654218.4,2181.46
-11801349.39,4654218.850000001,2181.42
-11801347.790000001,4654219.3,2181.4
-11801346.18,4654219.76,2181.4
-11801346.74,4654218.0200000005,2181.42
-11801348.34,4654217.57,2181.44
-11801349.950000001,4654217.100000001,2181.44
-11801351.58,4654216.63,2181.46
-11801353.17,4654216.18,2181.53
-11801354.77,4654215.71,2181.52
-11801356.39,4654215.25,2181.46
-11801357.97,4654214.79,2181.55
-11801359.56,4654214.33,2181.61
-11801361.19,4654213.87,2181.61
-11801362.81,4654213.41,2181.63
-11801364.4,4654212.95,2181.63
-11801366.01,4654212.48,2181.67
-11801367.63,4654212.0200000005,2181.69
-11801369.23,4654211.5600000005,2181.75
-11801370.83,4654211.100000001,2181.75
-11801372.43,4654210.64,2181.74
-11801374.05,4654210.18,2181.75
-11801375.66,4654209.71,2181.79
-11801377.28,4654209.26,2181.82
-11801378.88,4654208.79,2181.81
-11801380.5,4654208.32,2181.82
-11801382.09,4654207.87,2181.83
-11801383.700000001,4654207.4,2181.85
-11801385.27,4654206.95,2181.92
-11801386.89,4654206.48,2181.9
-11801388.52,4654206.0200000005,2181.92
-11801390.11,4654205.5600000005,2181.92
-11801391.72,4654205.100000001,2181.94
-11801393.35,4654204.63,2181.98
-11801394.96,4654204.15,2181.99
-11801396.57,4654203.71,2182.07
-11801398.17,4654203.26,2182.07
-11801399.77,4654202.79,2182.09
-11801401.39,4654202.32,2182.11
-11801403.0,4654201.87,2182.13
-11801404.620000001,4654201.38,2182.09
-11801406.23,4654200.93,2182.08
-11801407.85,4654200.47,2182.13
-11801409.46,4654199.99,2182.17
-11801411.08,4654199.53,2182.15
-11801412.700000001,4654199.08,2182.19
-11801414.290000001,4654198.61,2182.19
-11801415.92,4654198.15,2182.21
-11801417.55,4654197.68,2182.23
-11801418.290000001,4654196.83,2182.22
-11801416.66,4654197.29,2182.19
-11801415.040000001,4654197.73,2182.17
-11801413.44,4654198.21,2182.17
-11801411.82,4654198.67,2182.17
-11801410.22,4654199.12,2182.11
-11801408.56,4654199.600000001,2182.17
-11801406.93,4654200.07,2182.11
-11801405.36,4654200.51,2182.09
-11801403.76,4654200.97,2182.11
-11801402.14,4654201.44,2182.08
-11801400.48,4654201.9,2182.1
-11801398.88,4654202.350000001,2182.08
-11801397.27,4654202.83,2182.05
-11801395.64,4654203.28,2182.03
-11801394.03,4654203.74,2181.94
-11801392.41,4654204.22,2181.94
-11801390.8,4654204.67,2181.88
-11801389.200000001,4654205.12,2181.92
-11801387.61,4654205.5600000005,2181.88
-11801385.99,4654206.04,2181.88
-11801384.38,4654206.5,2181.88
-11801382.76,4654206.97,2181.84
-11801381.18,4654207.41,2181.82
-11801379.59,4654207.87,2181.84
-11801377.96,4654208.34,2181.82
-11801376.33,4654208.79,2181.79
-11801374.700000001,4654209.26,2181.76
-11801373.1,4654209.73,2181.72
-11801371.5,4654210.18,2181.71
-11801369.91,4654210.63,2181.73
-11801368.28,4654211.100000001,2181.72
-11801366.67,4654211.55,2181.67
-11801365.08,4654212.0200000005,2181.67
-11801363.47,4654212.46,2181.63
-11801361.870000001,4654212.93,2181.61
-11801360.26,4654213.38,2181.59
-11801358.65,4654213.850000001,2181.57
-11801357.06,4654214.3,2181.52
-11801355.46,4654214.74,2181.47
-11801353.82,4654215.22,2181.52
-11801352.200000001,4654215.69,2181.5
-11801350.58,4654216.16,2181.47
-11801349.0,4654216.61,2181.42
-11801347.41,4654217.05,2181.42
-11801345.81,4654217.5200000005,2181.4
-11801346.040000001,4654215.86,2181.46
-11801347.67,4654215.41,2181.47
-11801349.26,4654214.94,2181.48
-11801350.86,4654214.47,2181.44
-11801352.47,4654214.0200000005,2181.44
-11801354.07,4654213.57,2181.52
-11801355.66,4654213.11,2181.59
-11801357.25,4654212.66,2181.58
-11801358.86,4654212.19,2181.61
-11801360.450000001,4654211.74,2181.61
-11801362.07,4654211.2700000005,2181.63
-11801363.66,4654210.8100000005,2181.67
-11801365.27,4654210.350000001,2181.67
-11801366.88,4654209.9,2181.69
-11801368.48,4654209.42,2181.72
-11801370.11,4654208.96,2181.74
-11801371.74,4654208.5,2181.74
-11801373.32,4654208.04,2181.76
-11801374.9,4654207.58,2181.78
-11801376.52,4654207.14,2181.78
-11801378.120000001,4654206.67,2181.82
-11801379.74,4654206.19,2181.85
-11801381.35,4654205.75,2181.85
-11801382.96,4654205.28,2181.86
-11801384.55,4654204.83,2181.9
-11801386.14,4654204.38,2181.9
-11801387.76,4654203.91,2181.94
-11801389.39,4654203.44,2181.94
-11801390.99,4654202.99,2181.97
-11801392.61,4654202.5200000005,2181.99
-11801394.200000001,4654202.07,2182.02
-11801395.8,4654201.600000001,2182.03
-11801397.41,4654201.14,2182.05
-11801399.02,4654200.68,2182.09
-11801400.64,4654200.21,2182.13
-11801402.26,4654199.75,2182.11
-11801403.89,4654199.29,2182.15
-11801405.450000001,4654198.84,2182.17
-11801407.06,4654198.39,2182.21
-11801408.72,4654197.91,2182.15
-11801410.35,4654197.44,2182.23
-11801411.96,4654196.96,2182.19
-11801413.56,4654196.5200000005,2182.19
-11801415.200000001,4654196.05,2182.19
-11801416.82,4654195.57,2182.23
-11801414.52,4654195.59,2182.19
-11801412.92,4654196.05,2182.17
-11801411.31,4654196.49,2182.19
-11801409.700000001,4654196.97,2182.19
-11801408.06,4654197.44,2182.19
-11801406.43,4654197.88,2182.13
-11801404.83,4654198.350000001,2182.15
-11801403.24,4654198.8100000005,2182.19
-11801401.63,4654199.2700000005,2182.15
-11801400.0,4654199.73,2182.11
-11801398.35,4654200.2,2182.04
-11801396.75,4654200.66,2182.04
-11801395.17,4654201.11,2182.0
-11801393.55,4654201.55,2182.0
-11801391.93,4654202.03,2181.94
-11801390.32,4654202.48,2181.94
-11801388.72,4654202.94,2181.94
-11801387.11,4654203.4,2181.9
-11801385.5,4654203.86,2181.92
-11801383.88,4654204.32,2181.88
-11801382.28,4654204.78,2181.85
-11801380.66,4654205.22,2181.85
-11801379.040000001,4654205.7,2181.82
-11801377.42,4654206.15,2181.8
-11801375.82,4654206.61,2181.76
-11801374.200000001,4654207.07,2181.78
-11801372.63,4654207.53,2181.76
-11801371.01,4654207.98,2181.75
-11801369.4,4654208.45,2181.74
-11801367.77,4654208.89,2181.72
-11801366.14,4654209.37,2181.69
-11801364.55,4654209.82,2181.67
-11801362.98,4654210.2700000005,2181.67
-11801361.370000001,4654210.73,2181.61
-11801359.73,4654211.2,2181.59
-11801358.1,4654211.66,2181.59
-11801356.53,4654212.100000001,2181.57
-11801354.92,4654212.5600000005,2181.54
-11801353.290000001,4654213.0200000005,2181.51
-11801351.71,4654213.48,2181.47
-11801350.120000001,4654213.93,2181.42
-11801348.5,4654214.4,2181.46
-11801346.870000001,4654214.86,2181.5
-11801346.75,4654213.34,2181.46
-11801349.91,4654212.43,2181.55
-11801351.51,4654211.95,2181.55
-11801353.14,4654211.5,2181.55
-11801354.76,4654211.03,2181.55
-11801356.36,4654210.57,2181.56
-11801357.950000001,4654210.12,2181.59
-11801359.57,4654209.66,2181.6
-11801361.19,4654209.2,2181.63
-11801362.8,4654208.72,2181.69
-11801364.4,4654208.28,2181.71
-11801366.0,4654207.83,2181.73
-11801367.6,4654207.36,2181.74
-11801369.22,4654206.9,2181.76
-11801370.81,4654206.44,2181.76
-11801372.4,4654205.99,2181.76
-11801374.02,4654205.51,2181.79
-11801375.64,4654205.0600000005,2181.8
-11801377.27,4654204.600000001,2181.82
-11801378.9,4654204.14,2181.86
-11801380.49,4654203.67,2181.86
-11801382.08,4654203.22,2181.86
-11801383.67,4654202.76,2181.9
-11801385.3,4654202.3100000005,2181.92
-11801386.88,4654201.84,2181.92
-11801388.51,4654201.39,2181.94
-11801390.15,4654200.92,2181.98
-11801391.74,4654200.45,2181.99
-11801393.35,4654200.0,2182.01
-11801394.98,4654199.53,2182.02
-11801396.58,4654199.08,2182.04
-11801398.18,4654198.61,2182.06
-11801399.8,4654198.16,2182.11
-11801401.38,4654197.71,2182.19
-11801402.98,4654197.25,2182.25
-11801404.63,4654196.7700000005,2182.09
-11801406.24,4654196.32,2182.19
-11801407.86,4654195.84,2182.23
-11801406.02,4654195.64,2182.19
-11801404.4,4654196.11,2182.17
-11801402.77,4654196.5600000005,2182.11
-11801401.14,4654197.03,2182.22
-11801399.56,4654197.48,2182.19
-11801397.96,4654197.92,2182.05
-11801396.370000001,4654198.36,2182.03
-11801394.74,4654198.84,2182.04
-11801393.11,4654199.3100000005,2181.99
-11801391.48,4654199.78,2181.99
-11801389.86,4654200.23,2181.97
-11801388.27,4654200.68,2181.94
-11801386.65,4654201.14,2181.92
-11801385.05,4654201.59,2181.9
-11801383.43,4654202.0600000005,2181.9
-11801381.83,4654202.51,2181.88
-11801380.21,4654202.97,2181.85
-11801378.59,4654203.42,2181.82
-11801376.950000001,4654203.9,2181.82
-11801375.36,4654204.350000001,2181.78
-11801373.78,4654204.79,2181.78
-11801372.18,4654205.25,2181.78
-11801370.59,4654205.7,2181.76
-11801368.96,4654206.17,2181.73
-11801367.33,4654206.64,2181.73
-11801365.700000001,4654207.09,2181.71
-11801364.11,4654207.54,2181.67
-11801362.53,4654207.98,2181.65
-11801360.92,4654208.45,2181.65
-11801359.290000001,4654208.92,2181.63
-11801357.69,4654209.37,2181.61
-11801356.1,4654209.82,2181.57
-11801354.47,4654210.29,2181.56
-11801352.83,4654210.75,2181.54
-11801351.24,4654211.2,2181.53
-11801349.64,4654211.65,2181.56
-11801348.03,4654212.12,2181.53
-11801346.42,4654212.57,2181.5
-11801345.83,4654211.21,2181.51
-11801347.4,4654210.75,2181.51
-11801348.99,4654210.3,2181.54
-11801350.620000001,4654209.82,2181.54
-11801352.25,4654209.37,2181.55
-11801353.870000001,4654208.91,2181.58
-11801355.46,4654208.46,2181.6
-11801357.05,4654207.99,2181.58
-11801358.65,4654207.55,2181.69
-11801360.3,4654207.07,2181.67
-11801361.870000001,4654206.61,2181.69
-11801363.47,4654206.15,2181.69
-11801365.08,4654205.71,2181.73
-11801366.69,4654205.25,2181.76
-11801368.3,4654204.79,2181.75
-11801369.91,4654204.32,2181.78
-11801371.5,4654203.88,2181.77
-11801373.120000001,4654203.42,2181.81
-11801374.73,4654202.96,2181.84
-11801376.32,4654202.48,2181.85
-11801377.94,4654202.04,2181.86
-11801379.56,4654201.58,2181.88
-11801381.15,4654201.12,2181.9
-11801382.75,4654200.66,2181.92
-11801384.38,4654200.2,2181.92
-11801386.0,4654199.75,2181.96
-11801387.59,4654199.29,2181.97
-11801389.200000001,4654198.82,2181.99
-11801390.8,4654198.37,2182.02
-11801392.43,4654197.91,2182.02
-11801394.03,4654197.45,2182.04
-11801395.65,4654196.99,2182.06
-11801397.27,4654196.53,2182.13
-11801398.870000001,4654196.08,2182.21
-11801400.49,4654195.600000001,2182.11
-11801397.18,4654195.87,2182.15
-11801395.620000001,4654196.32,2182.1
-11801394.0,4654196.7700000005,2182.05
-11801392.36,4654197.23,2182.0
-11801390.73,4654197.68,2181.99
-11801389.09,4654198.16,2181.99
-11801387.51,4654198.62,2181.99
-11801385.9,4654199.07,2181.97
-11801384.3,4654199.51,2181.92
-11801382.68,4654199.96,2181.92
-11801381.05,4654200.44,2181.88
-11801379.46,4654200.9,2181.86
-11801377.86,4654201.350000001,2181.85
-11801376.24,4654201.79,2181.84
-11801374.61,4654202.26,2181.81
-11801372.99,4654202.73,2181.8
-11801371.43,4654203.17,2181.78
-11801369.81,4654203.63,2181.76
-11801368.19,4654204.07,2181.76
-11801366.58,4654204.54,2181.76
-11801364.96,4654205.01,2181.73
-11801363.370000001,4654205.45,2181.69
-11801361.76,4654205.9,2181.69
-11801360.16,4654206.36,2181.65
-11801358.540000001,4654206.82,2181.69
-11801356.94,4654207.28,2181.61
-11801355.34,4654207.73,2181.61
-11801353.72,4654208.18,2181.61
-11801352.09,4654208.64,2181.56
-11801350.49,4654209.100000001,2181.56
-11801348.88,4654209.5600000005,2181.53
-11801347.290000001,4654210.01,2181.52
-11801345.700000001,4654210.47,2181.49
-11801346.44,4654208.62,2181.52
-11801348.02,4654208.18,2181.53
-11801349.63,4654207.7,2181.56
-11801351.24,4654207.25,2181.59
-11801352.86,4654206.8,2181.63
-11801354.48,4654206.34,2181.63
-11801356.08,4654205.89,2181.65
-11801357.66,4654205.42,2181.65
-11801359.26,4654204.98,2181.69
-11801360.89,4654204.51,2181.72
-11801362.49,4654204.0600000005,2181.73
-11801364.09,4654203.61,2181.76
-11801365.71,4654203.14,2181.74
-11801367.32,4654202.67,2181.76
-11801368.950000001,4654202.22,2181.78
-11801370.53,4654201.75,2181.8
-11801372.11,4654201.3100000005,2181.8
-11801373.71,4654200.86,2181.84
-11801375.36,4654200.39,2181.85
-11801376.97,4654199.91,2181.86
-11801378.58,4654199.47,2181.88
-11801380.16,4654199.0200000005,2181.88
-11801381.77,4654198.5600000005,2181.9
-11801383.39,4654198.08,2181.96
-11801385.01,4654197.64,2181.97
-11801386.6,4654197.19,2182.0
-11801388.21,4654196.72,2182.02
-11801389.81,4654196.2700000005,2182.02
-11801391.44,4654195.8,2182.03
-11801388.52,4654195.91,2182.01
-11801386.93,4654196.37,2181.99
-11801385.32,4654196.82,2181.94
-11801383.67,4654197.2700000005,2181.94
-11801382.06,4654197.73,2181.92
-11801380.450000001,4654198.19,2181.9
-11801378.870000001,4654198.65,2181.88
-11801377.28,4654199.09,2181.84
-11801375.63,4654199.5600000005,2181.81
-11801374.01,4654200.0200000005,2181.81
-11801372.41,4654200.48,2181.8
-11801370.8,4654200.93,2181.8
-11801369.22,4654201.37,2181.79
-11801367.61,4654201.82,2181.75
-11801365.96,4654202.28,2181.75
-11801364.36,4654202.73,2181.73
-11801362.74,4654203.21,2181.73
-11801361.14,4654203.67,2181.72
-11801359.55,4654204.11,2181.69
-11801357.94,4654204.5600000005,2181.69
-11801356.33,4654205.03,2181.69
-11801354.74,4654205.48,2181.63
-11801353.13,4654205.92,2181.61
-11801351.52,4654206.39,2181.57
-11801349.89,4654206.84,2181.55
-11801348.290000001,4654207.28,2181.53
-11801346.73,4654207.74,2181.51
-11801346.88,4654206.05,2181.55
-11801348.49,4654205.57,2181.56
-11801350.120000001,4654205.12,2181.6
-11801351.700000001,4654204.68,2181.63
-11801353.27,4654204.23,2181.65
-11801354.9,4654203.7700000005,2181.69
-11801356.53,4654203.29,2181.69
-11801358.13,4654202.850000001,2181.69
-11801359.72,4654202.4,2181.73
-11801361.3,4654201.94,2181.76
-11801362.92,4654201.49,2181.75
-11801364.52,4654201.04,2181.79
-11801366.15,4654200.57,2181.8
-11801367.78,4654200.100000001,2181.79
-11801369.370000001,4654199.66,2181.82
-11801370.950000001,4654199.21,2181.85
-11801372.53,4654198.76,2181.9
-11801374.17,4654198.29,2181.85
-11801375.81,4654197.82,2181.88
-11801377.42,4654197.37,2181.9
-11801379.0,4654196.9,2181.92
-11801380.59,4654196.46,2181.92
-11801382.19,4654196.01,2181.97
-11801379.63,4654196.0600000005,2181.92
-11801378.03,4654196.5200000005,2181.9
-11801376.44,4654196.97,2181.9
-11801374.84,4654197.42,2181.88
-11801373.21,4654197.88,2181.84
-11801371.59,4654198.32,2181.85
-11801369.99,4654198.78,2181.8
-11801368.36,4654199.25,2181.79
-11801366.77,4654199.69,2181.78
-11801365.16,4654200.15,2181.78
-11801363.55,4654200.600000001,2181.76
-11801361.94,4654201.04,2181.75
-11801360.31,4654201.5200000005,2181.74
-11801358.73,4654201.97,2181.72
-11801357.13,4654202.41,2181.67
-11801355.51,4654202.87,2181.67
-11801353.91,4654203.32,2181.63
-11801352.28,4654203.79,2181.63
-11801350.700000001,4654204.22,2181.59
-11801349.08,4654204.68,2181.6
-11801347.47,4654205.15,2181.56
-11801345.870000001,4654205.59,2181.54
-11801345.84,4654203.86,2181.57
-11801347.450000001,4654203.39,2181.6
-11801349.05,4654202.95,2181.61
-11801350.66,4654202.5,2181.63
-11801352.22,4654202.05,2181.65
-11801353.81,4654201.600000001,2181.67
-11801355.44,4654201.14,2181.69
-11801357.07,4654200.67,2181.73
-11801358.68,4654200.22,2181.76
-11801360.27,4654199.76,2181.76
-11801361.88,4654199.3100000005,2181.8
-11801363.5,4654198.86,2181.8
-11801365.09,4654198.39,2181.82
-11801366.700000001,4654197.95,2181.82
-11801368.290000001,4654197.49,2181.84
-11801369.89,4654197.04,2181.86
-11801371.52,4654196.5600000005,2181.86
-11801373.13,4654196.11,2181.9
-11801370.790000001,4654196.08,2181.85
-11801369.21,4654196.5200000005,2181.85
-11801367.63,4654196.98,2181.82
-11801366.0,4654197.42,2181.82
-11801364.35,4654197.9,2181.81
-11801362.73,4654198.350000001,2181.79
-11801361.11,4654198.8100000005,2181.76
-11801359.51,4654199.26,2181.75
-11801357.92,4654199.7,2181.73
-11801356.31,4654200.17,2181.73
-11801354.68,4654200.62,2181.69
-11801353.1,4654201.07,2181.65
-11801351.540000001,4654201.51,2181.63
-11801349.91,4654201.97,2181.63
-11801348.28,4654202.42,2181.6
-11801346.66,4654202.89,2181.57
-11801346.15,4654201.33,2181.63
-11801347.78,4654200.88,2181.65
-11801349.38,4654200.44,2181.69
-11801350.96,4654199.98,2181.67
-11801352.59,4654199.5200000005,2181.69
-11801354.19,4654199.05,2181.72
-11801355.78,4654198.62,2181.74
-11801357.38,4654198.15,2181.77
-11801358.99,4654197.7,2181.77
-11801360.6,4654197.25,2181.79
-11801362.21,4654196.79,2181.82
-11801363.84,4654196.33,2181.82
-11801361.82,4654196.13,2181.8
-11801360.23,4654196.57,2181.79
-11801358.64,4654197.0200000005,2181.78
-11801357.040000001,4654197.49,2181.77
-11801355.41,4654197.95,2181.75
-11801353.8,4654198.4,2181.69
-11801352.21,4654198.84,2181.69
-11801350.61,4654199.29,2181.69
-11801349.0,4654199.75,2181.67
-11801347.370000001,4654200.19,2181.65
-11801345.76,4654200.66,2181.63
-11801346.48,4654198.79,2181.67
-11801348.07,4654198.33,2181.69
-11801349.66,4654197.87,2181.72
-11801351.25,4654197.43,2181.73
-11801352.88,4654196.97,2181.73
-11801354.51,4654196.51,2181.76
-11801356.11,4654196.05,2181.78
-11801352.74,4654196.17,2181.74
-11801351.17,4654196.61,2181.73
-11801349.540000001,4654197.0600000005,2181.72
-11801347.91,4654197.5200000005,2181.69
-11801346.31,4654197.96,2181.67
-11801346.81,4654196.19,2181.69
-11801345.52,4654196.44,2181.71
-11801350.27,4654196.4,2181.75
-11801348.67,4654197.11,2181.73
-11801347.08,4654197.82,2181.67
-11801345.49,4654198.53,2181.65
-11801345.51,4654199.22,2181.61
-11801347.1,4654198.5200000005,2181.65
-11801348.69,4654197.8100000005,2181.67
-11801350.290000001,4654197.12,2181.69
-11801351.88,4654196.41,2181.72
-11801357.48,4654196.23,2181.79
-11801355.870000001,4654196.94,2181.78
-11801354.25,4654197.66,2181.76
-11801352.67,4654198.37,2181.69
-11801351.09,4654199.07,2181.69
-11801349.51,4654199.78,2181.65
-11801347.91,4654200.48,2181.65
-11801346.32,4654201.19,2181.61
-11801346.120000001,4654202.0,2181.61
-11801347.700000001,4654201.3,2181.63
-11801349.31,4654200.59,2181.65
-11801350.91,4654199.88,2181.65
-11801352.48,4654199.17,2181.67
-11801354.08,4654198.49,2181.69
-11801355.700000001,4654197.75,2181.75
-11801357.3,4654197.04,2181.77
-11801358.89,4654196.36,2181.76
-11801362.93,4654196.57,2181.8
-11801361.33,4654197.28,2181.82
-11801359.71,4654197.97,2181.8
-11801358.120000001,4654198.68,2181.78
-11801356.53,4654199.39,2181.74
-11801354.93,4654200.100000001,2181.69
-11801353.32,4654200.82,2181.69
-11801351.74,4654201.5200000005,2181.69
-11801350.15,4654202.22,2181.65
-11801348.55,4654202.95,2181.61
-11801346.950000001,4654203.66,2181.58
-11801345.36,4654204.350000001,2181.58
-11801346.39,4654204.67,2181.54
-11801347.98,4654203.98,2181.57
-11801349.55,4654203.2700000005,2181.59
-11801351.15,4654202.5600000005,2181.61
-11801352.77,4654201.86,2181.63
-11801354.38,4654201.15,2181.65
-11801355.97,4654200.44,2181.69
-11801357.55,4654199.74,2181.71
-11801359.14,4654199.05,2181.74
-11801360.74,4654198.34,2181.77
-11801362.33,4654197.62,2181.77
-11801363.93,4654196.93,2181.79
-11801365.52,4654196.23,2181.81
-11801369.81,4654196.14,2181.85
-11801368.200000001,4654196.850000001,2181.85
-11801366.620000001,4654197.5600000005,2181.82
-11801365.01,4654198.2700000005,2181.81
-11801363.41,4654198.99,2181.78
-11801361.81,4654199.7,2181.79
-11801360.21,4654200.41,2181.73
-11801358.61,4654201.100000001,2181.74
-11801357.01,4654201.8100000005,2181.69
-11801355.42,4654202.51,2181.69
-11801353.84,4654203.22,2181.65
-11801352.25,4654203.93,2181.63
-11801350.63,4654204.64,2181.6
-11801349.03,4654205.350000001,2181.56
-11801347.44,4654206.0600000005,2181.54
-11801345.85,4654206.7700000005,2181.52
-11801346.38,4654207.09,2181.53
-11801347.99,4654206.38,2181.54
-11801349.58,4654205.67,2181.56
-11801351.17,4654204.98,2181.61
-11801352.76,4654204.2700000005,2181.63
-11801354.36,4654203.5600000005,2181.63
-11801355.950000001,4654202.86,2181.67
-11801357.540000001,4654202.17,2181.72
-11801359.120000001,4654201.46,2181.73
-11801360.74,4654200.73,2181.75
-11801362.38,4654200.0200000005,2181.85
-11801363.94,4654199.34,2181.76
-11801365.52,4654198.64,2181.79
-11801367.1,4654197.93,2181.78
-11801368.71,4654197.23,2181.82
-11801370.31,4654196.5200000005,2181.84
-11801376.27,4654196.0,2181.88
-11801374.66,4654196.71,2181.88
-11801373.06,4654197.42,2181.86
-11801371.47,4654198.11,2181.85
-11801369.870000001,4654198.82,2181.82
-11801368.28,4654199.53,2181.8
-11801366.68,4654200.24,2181.77
-11801365.120000001,4654200.93,2181.78
-11801363.51,4654201.65,2181.76
-11801361.9,4654202.36,2181.74
-11801360.34,4654203.05,2181.73
-11801358.75,4654203.76,2181.69
-11801357.16,4654204.47,2181.71
-11801355.540000001,4654205.18,2181.65
-11801353.92,4654205.89,2181.63
-11801352.35,4654206.600000001,2181.59
-11801350.75,4654207.3100000005,2181.56
-11801349.13,4654208.0200000005,2181.54
-11801347.53,4654208.73,2181.51
-11801345.96,4654209.42,2181.49
-11801346.31,4654209.89,2181.48
-11801347.93,4654209.18,2181.51
-11801349.53,4654208.47,2181.52
-11801351.1,4654207.78,2181.55
-11801352.700000001,4654207.08,2181.59
-11801354.31,4654206.37,2181.61
-11801355.9,4654205.66,2181.63
-11801357.48,4654204.98,2181.67
-11801359.07,4654204.2700000005,2181.67
-11801360.68,4654203.55,2181.69
-11801362.28,4654202.84,2181.73
-11801363.86,4654202.15,2181.72
-11801365.46,4654201.44,2181.77
-11801367.02,4654200.75,2181.76
-11801368.620000001,4654200.04,2181.78
-11801370.21,4654199.350000001,2181.8
-11801371.84,4654198.64,2181.84
-11801373.44,4654197.93,2181.84
-11801375.01,4654197.22,2181.86
-11801376.59,4654196.53,2181.88
-11801378.15,4654195.83,2181.92
-11801381.33,4654196.23,2181.94
-11801379.72,4654196.95,2181.88
-11801378.15,4654197.64,2181.88
-11801376.55,4654198.350000001,2181.85
-11801374.93,4654199.08,2181.84
-11801373.33,4654199.79,2181.83
-11801371.76,4654200.48,2181.88
-11801370.18,4654201.17,2181.81
-11801368.58,4654201.88,2181.79
-11801366.98,4654202.59,2181.76
-11801365.36,4654203.3100000005,2181.75
-11801363.8,4654204.01,2181.74
-11801362.22,4654204.7,2181.72
-11801360.64,4654205.41,2181.69
-11801359.01,4654206.13,2181.67
-11801357.41,4654206.84,2181.63
-11801355.83,4654207.5200000005,2181.63
-11801354.26,4654208.24,2181.61
-11801352.63,4654208.95,2181.55
-11801351.0,4654209.66,2181.53
-11801349.4,4654210.37,2181.53
-11801347.81,4654211.08,2181.52
-11801346.21,4654211.79,2181.48
-11801346.17,4654212.600000001,2181.5
-11801347.74,4654211.89,2181.49
-11801349.35,4654211.19,2181.53
-11801350.91,4654210.5,2181.54
-11801352.51,4654209.8,2181.54
-11801354.14,4654209.09,2181.58
-11801355.74,4654208.38,2181.6
-11801357.31,4654207.67,2181.61
-11801358.93,4654206.96,2181.63
-11801360.53,4654206.26,2181.67
-11801362.120000001,4654205.5600000005,2181.71
-11801363.72,4654204.850000001,2181.72
-11801365.28,4654204.16,2181.74
-11801366.870000001,4654203.45,2181.74
-11801368.47,4654202.76,2181.77
-11801370.07,4654202.05,2181.78
-11801371.68,4654201.34,2181.78
-11801373.26,4654200.65,2181.8
-11801374.84,4654199.96,2181.84
-11801376.4,4654199.26,2181.83
-11801377.99,4654198.57,2181.88
-11801379.61,4654197.86,2181.88
-11801381.21,4654197.15,2181.92
-11801382.78,4654196.46,2181.94
-11801384.33,4654195.7700000005,2181.96
-11801387.65,4654196.11,2182.0
-11801386.06,4654196.8100000005,2181.98
-11801384.49,4654197.51,2181.97
-11801382.91,4654198.19,2181.94
-11801381.290000001,4654198.93,2181.9
-11801379.72,4654199.63,2181.88
-11801378.13,4654200.32,2181.86
-11801376.53,4654201.03,2181.83
-11801374.94,4654201.73,2181.83
-11801373.32,4654202.45,2181.79
-11801371.73,4654203.16,2181.78
-11801370.13,4654203.86,2181.77
-11801368.56,4654204.5600000005,2181.78
-11801366.96,4654205.2700000005,2181.74
-11801365.35,4654205.98,2181.75
-11801363.74,4654206.69,2181.69
-11801362.15,4654207.4,2181.67
-11801360.56,4654208.11,2181.67
-11801358.950000001,4654208.82,2181.63
-11801357.370000001,4654209.5200000005,2181.59
-11801355.78,4654210.2,2181.57
-11801354.18,4654210.91,2181.58
-11801352.58,4654211.62,2181.56
-11801350.99,4654212.33,2181.55
-11801349.42,4654213.03,2181.54
-11801347.83,4654213.74,2181.48
-11801346.200000001,4654214.46,2181.4
-11801345.71,4654215.4,2181.44
-11801347.3,4654214.71,2181.44
-11801348.92,4654213.99,2181.42
-11801350.51,4654213.3,2181.51
-11801352.08,4654212.59,2181.54
-11801353.67,4654211.9,2181.53
-11801355.27,4654211.19,2181.54
-11801356.86,4654210.5,2181.55
-11801358.46,4654209.79,2181.6
-11801360.08,4654209.08,2181.61
-11801361.68,4654208.37,2181.63
-11801363.28,4654207.66,2181.65
-11801364.84,4654206.97,2181.67
-11801366.43,4654206.2700000005,2181.73
-11801368.03,4654205.58,2181.73
-11801369.63,4654204.87,2181.73
-11801371.22,4654204.17,2181.75
-11801372.84,4654203.46,2181.79
-11801374.42,4654202.76,2181.79
-11801376.03,4654202.05,2181.78
-11801377.61,4654201.350000001,2181.8
-11801379.200000001,4654200.64,2181.85
-11801380.78,4654199.96,2181.84
-11801382.370000001,4654199.26,2181.9
-11801383.93,4654198.55,2181.94
-11801385.53,4654197.87,2181.94
-11801387.13,4654197.16,2181.98
-11801388.71,4654196.46,2182.0
-11801390.31,4654195.76,2182.03
-11801394.22,4654195.96,2182.1
-11801392.61,4654196.67,2182.02
-11801391.03,4654197.36,2182.01
-11801389.44,4654198.07,2181.99
-11801387.84,4654198.78,2181.98
-11801386.27,4654199.49,2181.96
-11801384.71,4654200.17,2181.9
-11801383.13,4654200.87,2181.92
-11801381.52,4654201.58,2181.88
-11801379.92,4654202.29,2181.88
-11801378.32,4654203.0,2181.86
-11801376.72,4654203.71,2181.82
-11801375.11,4654204.42,2181.83
-11801373.53,4654205.12,2181.79
-11801371.94,4654205.82,2181.77
-11801370.34,4654206.51,2181.74
-11801368.75,4654207.22,2181.72
-11801367.16,4654207.93,2181.73
-11801365.59,4654208.63,2181.71
-11801363.99,4654209.33,2181.67
-11801362.370000001,4654210.05,2181.63
-11801360.77,4654210.76,2181.63
-11801359.19,4654211.44,2181.6
-11801357.58,4654212.16,2181.58
-11801355.94,4654212.89,2181.54
-11801354.35,4654213.58,2181.53
-11801352.78,4654214.29,2181.46
-11801351.19,4654215.0,2181.44
-11801349.6,4654215.69,2181.47
-11801347.99,4654216.4,2181.44
-11801346.36,4654217.13,2181.4
-11801345.65,4654218.04,2181.4
-11801347.27,4654217.32,2181.4
-11801348.88,4654216.62,2181.44
-11801350.46,4654215.91,2181.49
-11801352.03,4654215.23,2181.49
-11801353.64,4654214.5200000005,2181.49
-11801355.24,4654213.82,2181.55
-11801356.86,4654213.11,2181.56
-11801358.46,4654212.4,2181.56
-11801360.05,4654211.7,2181.57
-11801361.63,4654211.01,2181.61
-11801363.22,4654210.3100000005,2181.65
-11801364.81,4654209.61,2181.67
-11801366.41,4654208.9,2181.72
-11801367.98,4654208.19,2181.73
-11801369.59,4654207.51,2181.73
-11801371.19,4654206.8,2181.74
-11801372.78,4654206.100000001,2181.75
-11801374.38,4654205.39,2181.77
-11801375.97,4654204.68,2181.78
-11801377.55,4654204.0,2181.82
-11801379.14,4654203.3,2181.83
-11801380.73,4654202.600000001,2181.85
-11801382.32,4654201.89,2181.86
-11801383.9,4654201.21,2181.9
-11801385.48,4654200.51,2181.9
-11801387.07,4654199.8,2181.96
-11801388.67,4654199.09,2181.99
-11801390.26,4654198.41,2181.98
-11801391.84,4654197.71,2182.02
-11801393.43,4654197.01,2182.04
-11801395.02,4654196.3,2182.11
-11801396.620000001,4654195.600000001,2182.17
-11801400.55,4654195.92,2182.07
-11801398.99,4654196.62,2182.19
-11801397.38,4654197.34,2182.11
-11801395.790000001,4654198.04,2182.03
-11801394.21,4654198.73,2182.02
-11801392.61,4654199.44,2181.99
-11801391.040000001,4654200.14,2181.98
-11801389.47,4654200.83,2181.94
-11801387.88,4654201.54,2181.94
-11801386.27,4654202.25,2181.94
-11801384.68,4654202.93,2181.9
-11801383.08,4654203.64,2181.88
-11801381.48,4654204.350000001,2181.86
-11801379.88,4654205.07,2181.86
-11801378.3,4654205.7700000005,2181.79
-11801376.74,4654206.44,2181.8
-11801375.120000001,4654207.15,2181.8
-11801373.540000001,4654207.86,2181.78
-11801371.950000001,4654208.57,2181.73
-11801370.36,4654209.2700000005,2181.74
-11801368.77,4654209.98,2181.73
-11801367.16,4654210.69,2181.69
-11801365.55,4654211.4,2181.67
-11801363.97,4654212.08,2181.65
-11801362.38,4654212.79,2181.61
-11801360.78,4654213.5,2181.58
-11801359.17,4654214.21,2181.56
-11801357.59,4654214.92,2181.53
-11801355.97,4654215.64,2181.46
-11801354.370000001,4654216.350000001,2181.51
-11801352.76,4654217.0600000005,2181.47
-11801351.15,4654217.7700000005,2181.46
-11801349.57,4654218.46,2181.4
-11801348.0,4654219.15,2181.42
-11801346.4,4654219.86,2181.4
-11801346.96,4654220.29,2181.4
-11801348.540000001,4654219.600000001,2181.4
-11801350.13,4654218.91,2181.42
-11801351.72,4654218.21,2181.42
-11801353.32,4654217.51,2181.44
-11801354.94,4654216.8,2181.5
-11801356.56,4654216.0600000005,2181.51
-11801358.17,4654215.38,2181.51
-11801359.77,4654214.67,2181.57
-11801361.38,4654213.96,2181.56
-11801363.01,4654213.25,2181.6
-11801364.61,4654212.55,2181.65
-11801366.17,4654211.84,2181.65
-11801367.77,4654211.16,2181.67
-11801369.36,4654210.46,2181.67
-11801370.96,4654209.75,2181.71
-11801372.57,4654209.04,2181.72
-11801374.17,4654208.34,2181.74
-11801375.76,4654207.65,2181.76
-11801377.36,4654206.94,2181.77
-11801378.97,4654206.22,2181.79
-11801380.58,4654205.53,2181.82
-11801382.17,4654204.82,2181.86
-11801383.790000001,4654204.12,2181.86
-11801385.39,4654203.41,2181.88
-11801387.0,4654202.69,2181.9
-11801388.620000001,4654201.98,2181.9
-11801390.22,4654201.29,2181.94
-11801391.82,4654200.58,2181.97
-11801393.42,4654199.87,2181.97
-11801395.06,4654199.16,2182.04
-11801396.67,4654198.45,2182.01
-11801398.26,4654197.75,2182.08
-11801399.86,4654197.04,2182.15
-11801401.48,4654196.33,2182.1
-11801403.08,4654195.62,2182.15
-11801407.31,4654195.83,2182.21
-11801405.73,4654196.53,2182.15
-11801404.15,4654197.24,2182.1
-11801402.56,4654197.92,2182.19
-11801400.96,4654198.63,2182.15
-11801399.370000001,4654199.34,2182.09
-11801397.78,4654200.04,2182.04
-11801396.19,4654200.75,2182.03
-11801394.61,4654201.44,2182.02
-11801393.01,4654202.15,2181.97
-11801391.42,4654202.86,2181.94
-11801389.83,4654203.55,2181.92
-11801388.25,4654204.25,2181.92
-11801386.67,4654204.93,2181.9
-11801385.07,4654205.66,2181.88
-11801383.44,4654206.37,2181.85
-11801381.89,4654207.0600000005,2181.84
-11801380.290000001,4654207.76,2181.81
-11801378.68,4654208.47,2181.83
-11801377.1,4654209.16,2181.82
-11801375.5,4654209.87,2181.75
-11801373.92,4654210.58,2181.75
-11801372.32,4654211.29,2181.73
-11801370.68,4654212.01,2181.71
-11801369.09,4654212.71,2181.71
-11801367.53,4654213.38,2181.67
-11801365.94,4654214.09,2181.65
-11801364.35,4654214.8,2181.61
-11801362.74,4654215.51,2181.63
-11801361.11,4654216.22,2181.55
-11801359.540000001,4654216.93,2181.56
-11801357.93,4654217.63,2181.54
-11801356.35,4654218.3100000005,2181.51
-11801354.73,4654219.05,2181.44
-11801353.14,4654219.73,2181.46
-11801351.53,4654220.45,2181.46
-11801349.950000001,4654221.15,2181.47
-11801348.36,4654221.850000001,2181.42
-11801346.76,4654222.5600000005,2181.38
-11801346.94,4654223.11,2181.38
-11801348.56,4654222.4,2181.4
-11801350.16,4654221.69,2181.44
-11801351.75,4654220.98,2181.44
-11801353.38,4654220.2700000005,2181.42
-11801354.950000001,4654219.58,2181.47
-11801356.53,4654218.9,2181.47
-11801358.120000001,4654218.19,2181.51
-11801359.71,4654217.5,2181.54
-11801361.28,4654216.8100000005,2181.51
-11801362.94,4654216.08,2181.63
-11801364.53,4654215.39,2181.61
-11801366.1,4654214.68,2181.65
-11801367.69,4654213.99,2181.67
-11801369.290000001,4654213.29,2181.69
-11801370.89,4654212.58,2181.73
-11801372.49,4654211.89,2181.74
-11801374.08,4654211.19,2181.73
-11801375.65,4654210.51,2181.75
-11801377.23,4654209.8,2181.79
-11801378.84,4654209.09,2181.8
-11801380.450000001,4654208.38,2181.81
-11801382.040000001,4654207.69,2181.82
-11801383.61,4654206.99,2181.85
-11801385.200000001,4654206.3,2181.86
-11801386.78,4654205.61,2181.88
-11801388.38,4654204.9,2181.94
-11801389.97,4654204.21,2181.94
-11801391.55,4654203.5,2181.92
-11801393.16,4654202.8100000005,2181.96
-11801394.76,4654202.100000001,2182.01
-11801396.32,4654201.42,2182.01
-11801397.9,4654200.72,2182.04
-11801399.48,4654200.03,2182.08
-11801401.06,4654199.32,2182.13
-11801402.65,4654198.64,2182.17
-11801404.24,4654197.93,2182.23
-11801405.82,4654197.25,2182.13
-11801407.41,4654196.54,2182.19
-11801408.98,4654195.850000001,2182.17
-11801413.870000001,4654195.93,2182.19
-11801412.25,4654196.66,2182.17
-11801410.69,4654197.36,2182.19
-11801409.11,4654198.04,2182.19
-11801407.53,4654198.73,2182.13
-11801406.0,4654199.42,2182.17
-11801404.38,4654200.13,2182.11
-11801402.790000001,4654200.83,2182.11
-11801401.22,4654201.5200000005,2182.1
-11801399.620000001,4654202.23,2182.09
-11801398.03,4654202.94,2182.05
-11801396.450000001,4654203.63,2182.03
-11801394.85,4654204.34,2181.98
-11801393.26,4654205.03,2181.94
-11801391.67,4654205.74,2181.94
-11801390.08,4654206.44,2181.92
-11801388.51,4654207.13,2181.92
-11801386.91,4654207.84,2181.88
-11801385.33,4654208.54,2181.88
-11801383.73,4654209.24,2181.85
-11801382.14,4654209.95,2181.86
-11801380.55,4654210.64,2181.81
-11801378.98,4654211.33,2181.78
-11801377.370000001,4654212.04,2181.78
-11801375.76,4654212.75,2181.78
-11801374.18,4654213.46,2181.76
-11801372.6,4654214.16,2181.71
-11801370.97,4654214.87,2181.73
-11801369.38,4654215.55,2181.69
-11801367.790000001,4654216.26,2181.67
-11801366.22,4654216.96,2181.63
-11801364.61,4654217.67,2181.54
-11801362.97,4654218.39,2181.56
-11801361.36,4654219.100000001,2181.54
-11801359.78,4654219.8,2181.52
-11801358.21,4654220.48,2181.48
-11801356.620000001,4654221.19,2181.46
-11801355.03,4654221.9,2181.47
-11801353.42,4654222.61,2181.47
-11801351.83,4654223.3100000005,2181.44
-11801350.23,4654224.01,2181.42
-11801348.61,4654224.73,2181.4
-11801347.0,4654225.44,2181.36
-11801346.88,4654226.2,2181.35
-11801348.51,4654225.48,2181.38
-11801350.11,4654224.78,2181.4
-11801351.71,4654224.08,2181.42
-11801353.290000001,4654223.37,2181.42
-11801354.89,4654222.67,2181.46
-11801356.49,4654221.98,2181.46
-11801358.09,4654221.28,2181.47
-11801359.68,4654220.57,2181.5
-11801361.27,4654219.89,2181.53
-11801362.84,4654219.19,2181.57
-11801364.44,4654218.49,2181.58
-11801366.05,4654217.78,2181.55
-11801367.66,4654217.08,2181.65
-11801369.24,4654216.39,2181.69
-11801370.84,4654215.68,2181.69
-11801372.44,4654214.98,2181.74
-11801374.03,4654214.2700000005,2181.73
-11801375.63,4654213.58,2181.76
-11801377.19,4654212.9,2181.78
-11801378.790000001,4654212.19,2181.78
-11801380.370000001,4654211.51,2181.81
-11801381.98,4654210.8,2181.85
-11801383.58,4654210.08,2181.83
-11801385.14,4654209.41,2181.84
-11801386.75,4654208.7,2181.88
-11801388.36,4654207.99,2181.88
-11801389.93,4654207.3100000005,2181.9
-11801391.5,4654206.600000001,2181.9
-11801393.08,4654205.93,2181.92
-11801394.65,4654205.23,2181.94
-11801396.28,4654204.51,2182.05
-11801397.88,4654203.82,2182.03
-11801399.47,4654203.13,2182.08
-11801401.03,4654202.43,2182.09
-11801402.64,4654201.72,2182.09
-11801404.23,4654201.03,2182.09
-11801405.81,4654200.34,2182.11
-11801407.38,4654199.65,2182.13
-11801408.93,4654198.97,2182.08
-11801410.55,4654198.26,2182.19
-11801412.1,4654197.57,2182.17
-11801413.68,4654196.89,2182.17
-11801415.27,4654196.18,2182.17
-11801416.85,4654195.5,2182.21
-11801417.35,4654197.46,2182.19
-11801415.75,4654198.17,2182.19
-11801414.18,4654198.86,2182.17
-11801412.61,4654199.5600000005,2182.17
-11801411.01,4654200.2700000005,2182.17
-11801409.4,4654200.98,2182.15
-11801407.81,4654201.66,2182.11
-11801406.24,4654202.36,2182.04
-11801404.67,4654203.0600000005,2182.03
-11801403.09,4654203.74,2182.1
-11801401.5,4654204.45,2182.07
-11801399.92,4654205.16,2182.03
-11801398.34,4654205.84,2181.98
-11801396.74,4654206.54,2181.97
-11801395.14,4654207.25,2181.99
-11801393.55,4654207.96,2181.96
-11801391.96,4654208.66,2181.9
-11801390.36,4654209.37,2181.9
-11801388.790000001,4654210.04,2181.92
-11801387.23,4654210.75,2181.88
-11801385.620000001,4654211.46,2181.86
-11801384.0,4654212.17,2181.83
-11801382.41,4654212.87,2181.8
-11801380.85,4654213.55,2181.81
-11801379.26,4654214.25,2181.82
-11801377.65,4654214.96,2181.8
-11801376.05,4654215.67,2181.74
-11801374.47,4654216.37,2181.71
-11801372.88,4654217.0600000005,2181.71
-11801371.31,4654217.76,2181.69
-11801369.69,4654218.47,2181.6
-11801368.08,4654219.18,2181.63
-11801366.450000001,4654219.89,2181.58
-11801364.89,4654220.59,2181.57
-11801363.290000001,4654221.29,2181.56
-11801361.67,4654222.0,2181.54
-11801360.07,4654222.71,2181.52
-11801358.48,4654223.4,2181.48
-11801356.870000001,4654224.11,2181.48
-11801355.24,4654224.84,2181.46
-11801353.64,4654225.55,2181.44
-11801352.05,4654226.23,2181.44
-11801350.48,4654226.93,2181.42
-11801348.86,4654227.64,2181.38
-11801347.27,4654228.34,2181.35
-11801345.69,4654229.05,2181.36
-11801346.950000001,4654229.21,2181.35
-11801348.55,4654228.51,2181.36
-11801350.15,4654227.82,2181.38
-11801351.78,4654227.09,2181.4
-11801353.370000001,4654226.41,2181.42
-11801354.92,4654225.73,2181.44
-11801356.55,4654225.0200000005,2181.46
-11801358.15,4654224.3100000005,2181.47
-11801359.75,4654223.61,2181.52
-11801361.35,4654222.91,2181.55
-11801362.93,4654222.21,2181.55
-11801364.52,4654221.5200000005,2181.57
-11801366.13,4654220.82,2181.55
-11801367.76,4654220.100000001,2181.6
-11801369.35,4654219.4,2181.63
-11801370.950000001,4654218.69,2181.65
-11801372.55,4654217.99,2181.69
-11801374.15,4654217.29,2181.75
-11801375.74,4654216.600000001,2181.71
-11801377.31,4654215.91,2181.76
-11801378.88,4654215.23,2181.78
-11801380.450000001,4654214.5200000005,2181.82
-11801382.07,4654213.8100000005,2181.81
-11801383.66,4654213.12,2181.82
-11801385.25,4654212.44,2181.84
-11801386.83,4654211.74,2181.9
-11801388.4,4654211.04,2181.86
-11801390.01,4654210.350000001,2181.9
-11801391.63,4654209.64,2181.9
-11801393.23,4654208.93,2181.88
-11801394.8,4654208.24,2181.92
-11801396.370000001,4654207.5600000005,2181.94
-11801397.94,4654206.850000001,2181.96
-11801399.540000001,4654206.16,2181.97
-11801401.120000001,4654205.47,2181.99
-11801402.72,4654204.76,2182.06
-11801404.28,4654204.09,2181.99
-11801405.870000001,4654203.39,2182.02
-11801407.49,4654202.68,2182.07
-11801409.06,4654201.99,2182.09
-11801410.63,4654201.3100000005,2182.13
-11801412.19,4654200.600000001,2182.15
-11801413.790000001,4654199.92,2182.17
-11801415.38,4654199.22,2182.19
-11801416.94,4654198.53,2182.17
-11801418.52,4654197.850000001,2182.21
-11801417.93,4654200.36,2182.23
-11801416.370000001,4654201.03,2182.17
-11801414.78,4654201.74,2182.21
-11801413.18,4654202.45,2182.13
-11801411.6,4654203.15,2182.11
-11801410.02,4654203.83,2182.08
-11801408.450000001,4654204.53,2182.07
-11801406.85,4654205.24,2182.03
-11801405.25,4654205.95,2181.99
-11801403.66,4654206.64,2181.96
-11801402.07,4654207.33,2182.0
-11801400.5,4654208.04,2181.96
-11801398.91,4654208.74,2181.94
-11801397.32,4654209.42,2181.92
-11801395.73,4654210.13,2181.92
-11801394.14,4654210.83,2181.9
-11801392.57,4654211.5200000005,2181.88
-11801390.96,4654212.23,2181.85
-11801389.38,4654212.92,2181.86
-11801387.790000001,4654213.63,2181.85
-11801386.17,4654214.34,2181.83
-11801384.58,4654215.04,2181.81
-11801383.0,4654215.72,2181.77
-11801381.41,4654216.43,2181.77
-11801379.81,4654217.14,2181.77
-11801378.22,4654217.84,2181.77
-11801376.67,4654218.51,2181.75
-11801375.08,4654219.22,2181.72
-11801373.48,4654219.93,2181.67
-11801371.89,4654220.63,2181.63
-11801370.290000001,4654221.34,2181.61
-11801368.67,4654222.05,2181.61
-11801367.07,4654222.73,2181.59
-11801365.49,4654223.44,2181.59
-11801363.91,4654224.14,2181.54
-11801362.32,4654224.84,2181.54
-11801360.700000001,4654225.53,2181.51
-11801359.09,4654226.24,2181.5
-11801357.48,4654226.95,2181.5
-11801355.870000001,4654227.66,2181.44
-11801354.27,4654228.37,2181.44
-11801352.68,4654229.07,2181.42
-11801351.07,4654229.78,2181.38
-11801349.46,4654230.49,2181.36
-11801347.85,4654231.2,2181.36
-11801346.25,4654231.89,2181.34
-11801347.23,4654232.25,2181.33
-11801348.83,4654231.5600000005,2181.36
-11801350.43,4654230.87,2181.36
-11801352.02,4654230.17,2181.38
-11801353.59,4654229.46,2181.4
-11801355.17,4654228.79,2181.44
-11801356.790000001,4654228.08,2181.44
-11801358.39,4654227.37,2181.44
-11801359.99,4654226.68,2181.49
-11801361.56,4654225.99,2181.48
-11801363.17,4654225.29,2181.52
-11801364.790000001,4654224.58,2181.55
-11801366.39,4654223.87,2181.59
-11801367.97,4654223.18,2181.6
-11801369.53,4654222.5,2181.63
-11801371.120000001,4654221.8,2181.65
-11801372.74,4654221.100000001,2181.65
-11801374.36,4654220.39,2181.69
-11801375.950000001,4654219.7,2181.72
-11801377.51,4654219.01,2181.67
-11801379.14,4654218.3,2181.76
-11801380.73,4654217.61,2181.76
-11801382.31,4654216.91,2181.76
-11801383.89,4654216.22,2181.79
-11801385.47,4654215.53,2181.79
-11801387.05,4654214.82,2181.81
-11801388.65,4654214.13,2181.83
-11801390.24,4654213.45,2181.84
-11801391.84,4654212.74,2181.86
-11801393.41,4654212.05,2181.86
-11801394.99,4654211.36,2181.88
-11801396.59,4654210.66,2181.88
-11801398.21,4654209.94,2181.92
-11801399.77,4654209.26,2181.94
-11801401.32,4654208.59,2181.94
-11801402.92,4654207.9,2181.97
-11801404.51,4654207.2,2181.99
-11801406.07,4654206.49,2182.0
-11801407.67,4654205.8,2182.02
-11801409.290000001,4654205.11,2182.04
-11801410.86,4654204.41,2182.09
-11801412.42,4654203.74,2182.1
-11801414.040000001,4654203.03,2182.13
-11801415.63,4654202.32,2182.17
-11801417.16,4654201.66,2182.11
-11801417.05,4654204.0,2182.17
-11801415.48,4654204.69,2182.11
-11801413.89,4654205.38,2182.09
-11801412.31,4654206.07,2182.07
-11801410.75,4654206.76,2182.06
-11801409.15,4654207.47,2182.04
-11801407.57,4654208.17,2182.01
-11801406.0,4654208.86,2181.99
-11801404.370000001,4654209.57,2182.04
-11801402.790000001,4654210.26,2182.01
-11801401.21,4654210.97,2181.9
-11801399.620000001,4654211.66,2181.9
-11801398.03,4654212.350000001,2181.88
-11801396.44,4654213.0600000005,2181.9
-11801394.86,4654213.74,2181.85
-11801393.27,4654214.43,2181.85
-11801391.700000001,4654215.14,2181.82
-11801390.08,4654215.850000001,2181.81
-11801388.5,4654216.54,2181.8
-11801386.950000001,4654217.23,2181.83
-11801385.36,4654217.93,2181.79
-11801383.76,4654218.64,2181.75
-11801382.15,4654219.33,2181.71
-11801380.55,4654220.0200000005,2181.75
-11801378.950000001,4654220.73,2181.72
-11801377.36,4654221.44,2181.69
-11801375.76,4654222.15,2181.69
-11801374.16,4654222.850000001,2181.67
-11801372.57,4654223.53,2181.69
-11801370.97,4654224.24,2181.63
-11801369.370000001,4654224.95,2181.61
-11801367.790000001,4654225.65,2181.59
-11801366.19,4654226.36,2181.55
-11801364.58,4654227.0600000005,2181.56
-11801363.0,4654227.75,2181.5
-11801361.44,4654228.44,2181.48
-11801359.8,4654229.16,2181.47
-11801358.17,4654229.87,2181.48
-11801356.58,4654230.57,2181.48
-11801355.01,4654231.25,2181.44
-11801353.43,4654231.96,2181.4
-11801351.8,4654232.67,2181.4
-11801350.19,4654233.38,2181.4
-11801348.59,4654234.09,2181.38
-11801347.01,4654234.76,2181.35
-11801346.09,4654235.88,2181.33
-11801347.68,4654235.18,2181.34
-11801349.290000001,4654234.47,2181.42
-11801350.9,4654233.79,2181.42
-11801352.52,4654233.07,2181.42
-11801354.120000001,4654232.36,2181.42
-11801355.71,4654231.68,2181.44
-11801357.290000001,4654230.98,2181.44
-11801358.89,4654230.29,2181.44
-11801360.52,4654229.58,2181.47
-11801362.120000001,4654228.88,2181.51
-11801363.68,4654228.19,2181.52
-11801365.27,4654227.5,2181.54
-11801366.870000001,4654226.8,2181.56
-11801368.46,4654226.09,2181.58
-11801370.06,4654225.4,2181.6
-11801371.64,4654224.71,2181.63
-11801373.27,4654224.0,2181.69
-11801374.85,4654223.3100000005,2181.67
-11801376.44,4654222.62,2181.69
-11801378.040000001,4654221.91,2181.69
-11801379.63,4654221.21,2181.72
-11801381.22,4654220.5200000005,2181.75
-11801382.82,4654219.83,2181.78
-11801384.39,4654219.14,2181.75
-11801385.96,4654218.45,2181.72
-11801387.55,4654217.75,2181.78
-11801389.15,4654217.04,2181.81
-11801390.75,4654216.350000001,2181.8
-11801392.32,4654215.67,2181.82
-11801393.94,4654214.96,2181.84
-11801395.55,4654214.25,2181.85
-11801397.11,4654213.58,2181.86
-11801398.68,4654212.88,2181.88
-11801400.3,4654212.18,2181.9
-11801401.89,4654211.49,2181.94
-11801403.450000001,4654210.79,2181.97
-11801405.040000001,4654210.100000001,2181.96
-11801406.6,4654209.42,2181.97
-11801408.18,4654208.74,2181.98
-11801409.790000001,4654208.03,2182.01
-11801411.38,4654207.33,2182.02
-11801412.97,4654206.64,2182.05
-11801414.53,4654205.95,2182.06
-11801416.11,4654205.25,2182.08
-11801417.700000001,4654204.57,2182.13
-11801417.97,4654206.83,2182.09
-11801416.42,4654207.5200000005,2182.06
-11801414.83,4654208.21,2182.05
-11801413.23,4654208.91,2182.05
-11801411.620000001,4654209.62,2182.03
-11801410.040000001,4654210.32,2182.01
-11801408.46,4654211.0,2182.0
-11801406.88,4654211.7,2181.97
-11801405.32,4654212.37,2181.94
-11801403.74,4654213.08,2181.94
-11801402.17,4654213.78,2181.92
-11801400.57,4654214.47,2181.92
-11801398.950000001,4654215.17,2181.92
-11801397.38,4654215.87,2181.88
-11801395.78,4654216.58,2181.86
-11801394.17,4654217.28,2181.85
-11801392.6,4654217.96,2181.83
-11801391.01,4654218.67,2181.78
-11801389.42,4654219.37,2181.77
-11801387.83,4654220.07,2181.75
-11801386.26,4654220.76,2181.74
-11801384.67,4654221.46,2181.73
-11801383.05,4654222.16,2181.72
-11801381.48,4654222.84,2181.72
-11801379.9,4654223.55,2181.69
-11801378.3,4654224.25,2181.69
-11801376.72,4654224.95,2181.67
-11801375.120000001,4654225.64,2181.63
-11801373.51,4654226.350000001,2181.61
-11801371.91,4654227.05,2181.6
-11801370.290000001,4654227.76,2181.55
-11801368.72,4654228.46,2181.53
-11801367.13,4654229.14,2181.53
-11801365.49,4654229.88,2181.5
-11801363.86,4654230.59,2181.5
-11801362.3,4654231.2700000005,2181.47
-11801360.71,4654231.97,2181.47
-11801359.11,4654232.68,2181.47
-11801357.51,4654233.37,2181.44
-11801355.89,4654234.08,2181.47
-11801354.32,4654234.7700000005,2181.44
-11801352.73,4654235.47,2181.36
-11801351.11,4654236.18,2181.31
-11801349.540000001,4654236.88,2181.38
-11801347.94,4654237.58,2181.47
-11801346.3,4654238.3,2181.32
-11801346.55,4654238.91,2181.3
-11801348.17,4654238.2,2181.38
-11801349.790000001,4654237.5,2181.4
-11801351.39,4654236.8100000005,2181.4
-11801352.97,4654236.11,2181.31
-11801354.55,4654235.42,2181.38
-11801356.18,4654234.71,2181.46
-11801357.81,4654234.0,2181.46
-11801359.4,4654233.29,2181.44
-11801361.01,4654232.58,2181.44
-11801362.59,4654231.91,2181.47
-11801364.15,4654231.23,2181.49
-11801365.790000001,4654230.5200000005,2181.51
-11801367.43,4654229.78,2181.52
-11801369.02,4654229.100000001,2181.55
-11801370.61,4654228.41,2181.57
-11801372.21,4654227.7,2181.57
-11801373.82,4654226.99,2181.63
-11801375.41,4654226.3100000005,2181.61
-11801377.03,4654225.61,2181.65
-11801378.61,4654224.9,2181.65
-11801380.22,4654224.22,2181.67
-11801381.8,4654223.5200000005,2181.69
-11801383.42,4654222.8100000005,2181.69
-11801385.01,4654222.11,2181.71
-11801386.58,4654221.43,2181.73
-11801388.21,4654220.72,2181.74
-11801389.82,4654220.0200000005,2181.75
-11801391.43,4654219.3100000005,2181.81
-11801393.01,4654218.62,2181.75
-11801394.63,4654217.91,2181.86
-11801396.23,4654217.22,2181.86
-11801397.86,4654216.51,2181.88
-11801399.47,4654215.79,2181.88
-11801401.07,4654215.100000001,2181.9
-11801402.67,4654214.4,2181.92
-11801404.26,4654213.7,2181.9
-11801405.9,4654212.99,2181.94
-11801407.5,4654212.3,2181.96
-11801409.1,4654211.58,2181.98
-11801410.69,4654210.9,2182.0
-11801412.31,4654210.19,2181.98
-11801413.92,4654209.49,2182.02
-11801415.5,4654208.78,2182.05
-11801417.11,4654208.100000001,2182.05
-11801417.23,4654210.43,2182.04
-11801415.65,4654211.13,2182.04
-11801414.06,4654211.8,2182.02
-11801412.5,4654212.51,2182.01
-11801410.91,4654213.19,2182.0
-11801409.33,4654213.88,2181.99
-11801407.73,4654214.59,2181.97
-11801406.16,4654215.28,2181.96
-11801404.57,4654215.98,2181.94
-11801402.98,4654216.68,2181.92
-11801401.4,4654217.38,2181.94
-11801399.8,4654218.07,2181.88
-11801398.21,4654218.76,2181.86
-11801396.620000001,4654219.47,2181.83
-11801395.02,4654220.17,2181.82
-11801393.450000001,4654220.86,2181.76
-11801391.86,4654221.55,2181.74
-11801390.26,4654222.2700000005,2181.73
-11801388.67,4654222.95,2181.72
-11801387.09,4654223.64,2181.69
-11801385.49,4654224.350000001,2181.67
-11801383.89,4654225.0600000005,2181.67
-11801382.28,4654225.7700000005,2181.67
-11801380.71,4654226.45,2181.65
-11801379.15,4654227.14,2181.65
-11801377.55,4654227.84,2181.61
-11801375.92,4654228.5600000005,2181.59
-11801374.32,4654229.26,2181.57
-11801372.74,4654229.94,2181.55
-11801371.14,4654230.65,2181.54
-11801369.57,4654231.33,2181.53
-11801367.98,4654232.04,2181.52
-11801366.36,4654232.73,2181.51
-11801364.76,4654233.45,2181.48
-11801363.15,4654234.15,2181.51
-11801361.55,4654234.86,2181.49
-11801359.94,4654235.5600000005,2181.4
-11801358.370000001,4654236.24,2181.4
-11801356.790000001,4654236.94,2181.46
-11801355.19,4654237.65,2181.5
-11801353.55,4654238.36,2181.38
-11801351.950000001,4654239.07,2181.34
-11801350.34,4654239.78,2181.28
-11801348.75,4654240.46,2181.27
-11801347.13,4654241.17,2181.26
-11801347.13,4654241.89,2181.24
-11801348.76,4654241.18,2181.26
-11801350.34,4654240.49,2181.28
-11801351.97,4654239.79,2181.28
-11801353.57,4654239.08,2181.34
-11801355.15,4654238.39,2181.38
-11801356.75,4654237.7,2181.46
-11801358.34,4654236.99,2181.47
-11801359.950000001,4654236.3,2181.42
-11801361.53,4654235.600000001,2181.4
-11801363.13,4654234.91,2181.51
-11801364.73,4654234.2,2181.52
-11801366.3,4654233.54,2181.5
-11801367.91,4654232.83,2181.53
-11801369.51,4654232.13,2181.51
-11801371.09,4654231.43,2181.54
-11801372.66,4654230.74,2181.56
-11801374.28,4654230.03,2181.61
-11801375.89,4654229.34,2181.58
-11801377.51,4654228.64,2181.58
-11801379.09,4654227.95,2181.61
-11801380.68,4654227.24,2181.63
-11801382.27,4654226.55,2181.65
-11801383.86,4654225.87,2181.65
-11801385.46,4654225.17,2181.67
-11801387.02,4654224.49,2181.69
-11801388.6,4654223.78,2181.73
-11801390.200000001,4654223.09,2181.71
-11801391.8,4654222.39,2181.71
-11801393.39,4654221.7,2181.77
-11801394.98,4654220.99,2181.78
-11801396.540000001,4654220.33,2181.79
-11801398.15,4654219.62,2181.86
-11801399.77,4654218.89,2181.85
-11801401.39,4654218.21,2181.92
-11801402.94,4654217.53,2181.9
-11801404.5,4654216.850000001,2181.94
-11801406.09,4654216.16,2181.96
-11801407.72,4654215.45,2181.98
-11801409.31,4654214.74,2182.0
-11801410.870000001,4654214.08,2182.0
-11801412.43,4654213.39,2182.01
-11801414.03,4654212.7,2182.02
-11801415.61,4654211.99,2182.02
-11801417.17,4654211.32,2182.02
-11801417.96,4654213.33,2182.03
-11801416.36,4654214.04,2182.02
-11801414.8,4654214.73,2182.01
-11801413.18,4654215.44,2181.98
-11801411.58,4654216.14,2181.99
-11801409.99,4654216.83,2181.97
-11801408.43,4654217.5200000005,2181.97
-11801406.870000001,4654218.2,2181.99
-11801405.26,4654218.91,2181.96
-11801403.64,4654219.61,2181.9
-11801402.05,4654220.32,2181.9
-11801400.47,4654221.0,2181.86
-11801398.92,4654221.69,2181.81
-11801397.33,4654222.38,2181.77
-11801395.72,4654223.09,2181.76
-11801394.11,4654223.8,2181.73
-11801392.5,4654224.5,2181.73
-11801390.93,4654225.2,2181.73
-11801389.36,4654225.88,2181.69
-11801387.790000001,4654226.57,2181.67
-11801386.200000001,4654227.26,2181.69
-11801384.59,4654227.98,2181.65
-11801382.98,4654228.69,2181.65
-11801381.38,4654229.38,2181.65
-11801379.790000001,4654230.08,2181.63
-11801378.19,4654230.78,2181.61
-11801376.620000001,4654231.47,2181.6
-11801375.040000001,4654232.16,2181.58
-11801373.43,4654232.87,2181.57
-11801371.81,4654233.58,2181.54
-11801370.21,4654234.28,2181.55
-11801368.64,4654234.97,2181.56
-11801367.06,4654235.67,2181.51
-11801365.43,4654236.38,2181.47
-11801363.83,4654237.08,2181.52
-11801362.22,4654237.79,2181.48
-11801360.64,4654238.46,2181.48
-11801359.040000001,4654239.17,2181.38
-11801357.43,4654239.88,2181.35
-11801355.85,4654240.58,2181.36
-11801354.24,4654241.29,2181.3
-11801352.620000001,4654242.0,2181.3
-11801351.02,4654242.68,2181.32
-11801349.41,4654243.39,2181.35
-11801347.82,4654244.100000001,2181.42
-11801346.200000001,4654244.8,2181.32
-11801347.370000001,4654245.07,2181.25
-11801349.02,4654244.350000001,2181.42
-11801350.63,4654243.65,2181.38
-11801352.200000001,4654242.97,2181.34
-11801353.790000001,4654242.2700000005,2181.31
-11801355.41,4654241.5600000005,2181.3
-11801357.01,4654240.850000001,2181.35
-11801358.58,4654240.18,2181.36
-11801360.15,4654239.48,2181.36
-11801361.77,4654238.79,2181.42
-11801363.4,4654238.08,2181.48
-11801365.01,4654237.37,2181.54
-11801366.57,4654236.69,2181.52
-11801368.16,4654236.0,2181.47
-11801369.76,4654235.3100000005,2181.54
-11801371.38,4654234.600000001,2181.6
-11801372.950000001,4654233.91,2181.55
-11801374.55,4654233.22,2181.58
-11801376.17,4654232.5200000005,2181.56
-11801377.76,4654231.8100000005,2181.57
-11801379.36,4654231.12,2181.6
-11801380.950000001,4654230.43,2181.61
-11801382.540000001,4654229.73,2181.65
-11801384.120000001,4654229.04,2181.63
-11801385.71,4654228.350000001,2181.65
-11801387.31,4654227.64,2181.67
-11801388.89,4654226.97,2181.67
-11801390.49,4654226.2700000005,2181.69
-11801392.06,4654225.58,2181.69
-11801393.620000001,4654224.9,2181.71
-11801395.22,4654224.19,2181.75
-11801396.81,4654223.51,2181.75
-11801398.42,4654222.8100000005,2181.8
-11801400.0,4654222.100000001,2181.82
-11801401.6,4654221.41,2181.86
-11801403.19,4654220.73,2181.9
-11801404.78,4654220.0200000005,2181.9
-11801406.34,4654219.350000001,2181.96
-11801407.93,4654218.65,2181.98
-11801409.56,4654217.94,2181.94
-11801411.120000001,4654217.2700000005,2181.92
-11801412.700000001,4654216.58,2181.96
-11801414.290000001,4654215.89,2181.98
-11801415.85,4654215.19,2181.99
-11801417.41,4654214.5200000005,2182.0
-11801416.98,4654216.95,2181.98
-11801415.42,4654217.63,2181.99
-11801413.81,4654218.32,2181.96
-11801412.24,4654219.03,2181.96
-11801410.66,4654219.71,2181.92
-11801409.09,4654220.39,2182.0
-11801407.47,4654221.12,2181.9
-11801405.91,4654221.8,2181.96
-11801404.32,4654222.49,2181.88
-11801402.72,4654223.2,2181.86
-11801401.13,4654223.89,2181.83
-11801399.540000001,4654224.59,2181.82
-11801397.97,4654225.28,2181.78
-11801396.35,4654225.99,2181.76
-11801394.76,4654226.68,2181.74
-11801393.17,4654227.38,2181.72
-11801391.59,4654228.08,2181.69
-11801390.01,4654228.76,2181.69
-11801388.38,4654229.47,2181.67
-11801386.76,4654230.18,2181.67
-11801385.18,4654230.87,2181.65
-11801383.59,4654231.58,2181.63
-11801382.01,4654232.2700000005,2181.63
-11801380.44,4654232.96,2181.63
-11801378.85,4654233.66,2181.59
-11801377.22,4654234.37,2181.59
-11801375.65,4654235.0600000005,2181.63
-11801374.08,4654235.75,2181.6
-11801372.5,4654236.44,2181.59
-11801370.870000001,4654237.15,2181.61
-11801369.24,4654237.87,2181.6
-11801367.65,4654238.5600000005,2181.52
-11801366.06,4654239.26,2181.42
-11801364.48,4654239.96,2181.4
-11801362.85,4654240.67,2181.38
-11801361.23,4654241.36,2181.35
-11801359.66,4654242.05,2181.36
-11801358.08,4654242.75,2181.36
-11801356.47,4654243.46,2181.38
-11801354.85,4654244.17,2181.44
-11801353.200000001,4654244.89,2181.31
-11801351.6,4654245.59,2181.28
-11801350.040000001,4654246.2700000005,2181.34
-11801348.42,4654246.98,2181.32
-11801346.82,4654247.68,2181.25
-11801346.08,4654248.64,2181.19
-11801347.69,4654247.93,2181.26
-11801349.290000001,4654247.23,2181.31
-11801350.91,4654246.53,2181.36
-11801352.48,4654245.850000001,2181.33
-11801354.06,4654245.15,2181.24
-11801355.71,4654244.43,2181.42
-11801357.3,4654243.73,2181.4
-11801358.870000001,4654243.0600000005,2181.38
-11801360.47,4654242.36,2181.35
-11801362.09,4654241.65,2181.33
-11801363.67,4654240.97,2181.36
-11801365.26,4654240.2700000005,2181.38
-11801366.86,4654239.57,2181.4
-11801368.450000001,4654238.89,2181.48
-11801370.05,4654238.18,2181.54
-11801371.68,4654237.48,2181.59
-11801373.27,4654236.7700000005,2181.6
-11801374.84,4654236.08,2181.58
-11801376.42,4654235.4,2181.61
-11801378.040000001,4654234.69,2181.63
-11801379.620000001,4654234.01,2181.59
-11801381.200000001,4654233.32,2181.61
-11801382.8,4654232.62,2181.61
-11801384.4,4654231.93,2181.61
-11801385.98,4654231.23,2181.63
-11801387.56,4654230.55,2181.65
-11801389.14,4654229.850000001,2181.69
-11801390.73,4654229.15,2181.69
-11801392.34,4654228.47,2181.72
-11801393.93,4654227.7700000005,2181.69
-11801395.52,4654227.07,2181.73
-11801397.120000001,4654226.37,2181.75
-11801398.72,4654225.68,2181.79
-11801400.31,4654224.98,2181.79
-11801401.89,4654224.3,2181.82
-11801403.48,4654223.61,2181.84
-11801405.05,4654222.9,2181.88
-11801406.67,4654222.22,2181.98
-11801408.26,4654221.5200000005,2181.88
-11801409.86,4654220.82,2182.0
-11801411.43,4654220.14,2181.94
-11801412.97,4654219.47,2181.94
-11801414.55,4654218.7700000005,2181.94
-11801416.14,4654218.07,2181.97
-11801417.72,4654217.39,2181.99
-11801417.48,4654219.88,2181.98
-11801415.91,4654220.58,2181.97
-11801414.33,4654221.25,2181.97
-11801412.73,4654221.96,2181.97
-11801411.14,4654222.67,2181.94
-11801409.57,4654223.350000001,2181.94
-11801407.99,4654224.05,2181.9
-11801406.4,4654224.73,2181.88
-11801404.81,4654225.42,2181.86
-11801403.24,4654226.13,2181.81
-11801401.63,4654226.82,2181.82
-11801400.02,4654227.54,2181.79
-11801398.43,4654228.23,2181.78
-11801396.86,4654228.92,2181.76
-11801395.25,4654229.61,2181.73
-11801393.67,4654230.3,2181.73
-11801392.09,4654231.01,2181.69
-11801390.48,4654231.71,2181.67
-11801388.89,4654232.4,2181.67
-11801387.3,4654233.09,2181.67
-11801385.700000001,4654233.8,2181.67
-11801384.1,4654234.51,2181.65
-11801382.51,4654235.21,2181.67
-11801380.93,4654235.89,2181.65
-11801379.35,4654236.59,2181.61
-11801377.78,4654237.26,2181.67
-11801376.16,4654237.97,2181.6
-11801374.52,4654238.68,2181.5
-11801372.91,4654239.39,2181.48
-11801371.3,4654240.11,2181.44
-11801369.700000001,4654240.8100000005,2181.42
-11801368.11,4654241.51,2181.4
-11801366.52,4654242.19,2181.4
-11801364.92,4654242.9,2181.4
-11801363.33,4654243.600000001,2181.42
-11801361.74,4654244.3,2181.5
-11801360.11,4654245.01,2181.34
-11801358.5,4654245.72,2181.34
-11801356.950000001,4654246.4,2181.4
-11801355.32,4654247.11,2181.38
-11801353.68,4654247.82,2181.3
-11801352.09,4654248.5200000005,2181.29
-11801350.5,4654249.2,2181.25
-11801348.9,4654249.91,2181.24
-11801347.290000001,4654250.62,2181.19
-11801349.49,4654250.32,2181.25
-11801351.06,4654249.63,2181.24
-11801352.65,4654248.95,2181.3
-11801354.24,4654248.25,2181.29
-11801355.870000001,4654247.54,2181.33
-11801357.48,4654246.83,2181.38
-11801359.05,4654246.15,2181.38
-11801360.65,4654245.45,2181.32
-11801362.290000001,4654244.74,2181.4
-11801363.91,4654244.04,2181.49
-11801365.46,4654243.36,2181.4
-11801367.03,4654242.66,2181.4
-11801368.65,4654241.98,2181.4
-11801370.25,4654241.28,2181.38
-11801371.85,4654240.58,2181.42
-11801373.450000001,4654239.87,2181.44
-11801375.03,4654239.19,2181.47
-11801376.66,4654238.48,2181.54
-11801378.26,4654237.78,2181.65
-11801379.83,4654237.09,2181.69
-11801381.42,4654236.41,2181.67
-11801383.0,4654235.7,2181.61
-11801384.620000001,4654234.99,2181.67
-11801386.23,4654234.32,2181.74
-11801387.8,4654233.62,2181.69
-11801389.39,4654232.94,2181.69
-11801390.97,4654232.24,2181.67
-11801392.53,4654231.55,2181.71
-11801394.120000001,4654230.87,2181.72
-11801395.73,4654230.16,2181.74
-11801397.33,4654229.45,2181.79
-11801398.89,4654228.79,2181.77
-11801400.46,4654228.11,2181.78
-11801402.08,4654227.4,2181.79
-11801403.66,4654226.7,2181.82
-11801405.25,4654226.0,2181.84
-11801406.84,4654225.32,2181.88
-11801408.43,4654224.63,2181.9
-11801410.02,4654223.94,2181.94
-11801411.61,4654223.25,2181.9
-11801413.200000001,4654222.54,2181.98
-11801414.790000001,4654221.86,2181.99
-11801416.36,4654221.17,2181.98
-11801417.94,4654220.49,2182.01
-11801418.25,4654222.49,2181.99
-11801416.700000001,4654223.18,2181.99
-11801415.13,4654223.850000001,2181.99
-11801413.53,4654224.58,2181.99
-11801411.92,4654225.2700000005,2181.92
-11801410.34,4654225.97,2181.9
-11801408.73,4654226.66,2181.88
-11801407.16,4654227.37,2181.86
-11801405.58,4654228.05,2181.85
-11801403.97,4654228.76,2181.81
-11801402.370000001,4654229.45,2181.79
-11801400.790000001,4654230.16,2181.79
-11801399.21,4654230.84,2181.78
-11801397.65,4654231.5200000005,2181.76
-11801396.06,4654232.22,2181.78
-11801394.46,4654232.91,2181.75
-11801392.88,4654233.62,2181.75
-11801391.3,4654234.3100000005,2181.8
-11801389.69,4654235.01,2181.73
-11801388.11,4654235.69,2181.69
-11801386.5,4654236.4,2181.72
-11801384.93,4654237.100000001,2181.73
-11801383.34,4654237.79,2181.8
-11801381.700000001,4654238.5,2181.61
-11801380.1,4654239.21,2181.58
-11801378.5,4654239.92,2181.52
-11801376.9,4654240.61,2181.52
-11801375.32,4654241.3100000005,2181.46
-11801373.73,4654242.0,2181.44
-11801372.13,4654242.71,2181.46
-11801370.55,4654243.38,2181.5
-11801368.97,4654244.09,2181.61
-11801367.34,4654244.8,2181.46
-11801365.74,4654245.5,2181.35
-11801364.16,4654246.19,2181.4
-11801362.55,4654246.9,2181.42
-11801360.93,4654247.600000001,2181.38
-11801359.33,4654248.3100000005,2181.36
-11801357.72,4654249.0200000005,2181.3
-11801356.14,4654249.71,2181.3
-11801354.51,4654250.42,2181.3
-11801356.450000001,4654250.3,2181.26
-11801358.040000001,4654249.61,2181.29
-11801359.64,4654248.91,2181.33
-11801361.25,4654248.21,2181.33
-11801362.86,4654247.51,2181.38
-11801364.46,4654246.8,2181.44
-11801366.06,4654246.12,2181.42
-11801367.64,4654245.44,2181.38
-11801369.24,4654244.73,2181.49
-11801370.85,4654244.0200000005,2181.57
-11801372.44,4654243.34,2181.51
-11801374.03,4654242.65,2181.48
-11801375.65,4654241.95,2181.46
-11801377.21,4654241.25,2181.49
-11801378.8,4654240.55,2181.53
-11801380.43,4654239.84,2181.52
-11801382.01,4654239.16,2181.56
-11801383.63,4654238.46,2181.63
-11801385.200000001,4654237.7700000005,2181.74
-11801386.81,4654237.08,2181.84
-11801388.39,4654236.38,2181.76
-11801389.97,4654235.7,2181.69
-11801391.56,4654235.0,2181.73
-11801393.16,4654234.3,2181.82
-11801394.74,4654233.62,2181.78
-11801396.33,4654232.94,2181.79
-11801397.91,4654232.23,2181.78
-11801399.5,4654231.54,2181.78
-11801401.07,4654230.86,2181.79
-11801402.67,4654230.17,2181.79
-11801404.26,4654229.48,2181.82
-11801405.86,4654228.7700000005,2181.85
-11801407.46,4654228.08,2181.86
-11801409.040000001,4654227.4,2181.86
-11801410.61,4654226.71,2181.88
-11801412.23,4654226.0,2181.96
-11801413.84,4654225.3,2181.98
-11801415.43,4654224.61,2182.03
-11801416.98,4654223.92,2182.01
-11801417.44,4654226.0600000005,2182.0
-11801415.85,4654226.76,2182.0
-11801414.26,4654227.45,2181.94
-11801412.67,4654228.15,2181.94
-11801411.08,4654228.850000001,2181.92
-11801409.48,4654229.53,2181.9
-11801407.92,4654230.23,2181.88
-11801406.34,4654230.93,2181.85
-11801404.75,4654231.61,2181.82
-11801403.15,4654232.32,2181.83
-11801401.55,4654233.0200000005,2181.81
-11801399.96,4654233.72,2181.81
-11801398.38,4654234.4,2181.88
-11801396.78,4654235.11,2181.85
-11801395.22,4654235.78,2181.88
-11801393.63,4654236.49,2181.83
-11801392.07,4654237.18,2181.9
-11801390.42,4654237.89,2181.75
-11801388.790000001,4654238.61,2181.65
-11801387.19,4654239.3100000005,2181.61
-11801385.620000001,4654239.99,2181.6
-11801384.06,4654240.66,2181.59
-11801382.46,4654241.37,2181.55
-11801380.85,4654242.08,2181.57
-11801379.24,4654242.79,2181.57
-11801377.67,4654243.48,2181.6
-11801376.08,4654244.16,2181.63
-11801374.450000001,4654244.89,2181.49
-11801372.85,4654245.58,2181.44
-11801371.26,4654246.28,2181.56
-11801369.67,4654246.97,2181.55
-11801368.09,4654247.68,2181.44
-11801366.47,4654248.39,2181.36
-11801364.84,4654249.100000001,2181.35
-11801363.24,4654249.79,2181.34
-11801361.65,4654250.49,2181.31
-11801363.16,4654250.54,2181.3
-11801364.78,4654249.84,2181.33
-11801366.38,4654249.14,2181.36
-11801367.97,4654248.46,2181.38
-11801369.55,4654247.76,2181.44
-11801371.17,4654247.05,2181.55
-11801372.78,4654246.34,2181.56
-11801374.370000001,4654245.67,2181.51
-11801375.93,4654244.97,2181.5
-11801377.57,4654244.26,2181.63
-11801379.19,4654243.5600000005,2181.63
-11801380.790000001,4654242.87,2181.57
-11801382.39,4654242.17,2181.58
-11801383.94,4654241.5,2181.57
-11801385.51,4654240.8,2181.55
-11801387.11,4654240.12,2181.6
-11801388.71,4654239.42,2181.59
-11801390.31,4654238.72,2181.65
-11801391.9,4654238.01,2181.73
-11801393.51,4654237.33,2181.84
-11801395.09,4654236.63,2181.83
-11801396.68,4654235.95,2181.79
-11801398.27,4654235.25,2181.82
-11801399.84,4654234.55,2181.81
-11801401.43,4654233.87,2181.86
-11801403.01,4654233.18,2181.83
-11801404.6,4654232.5,2181.83
-11801406.200000001,4654231.79,2181.84
-11801407.77,4654231.100000001,2181.86
-11801409.34,4654230.42,2181.86
-11801410.93,4654229.74,2181.9
-11801412.540000001,4654229.04,2181.9
-11801414.14,4654228.34,2181.92
-11801415.73,4654227.64,2181.94
-11801417.32,4654226.93,2182.01
-11801418.3,4654228.88,2182.01
-11801416.71,4654229.58,2181.97
-11801415.11,4654230.2700000005,2181.92
-11801413.540000001,4654230.96,2181.92
-11801411.99,4654231.65,2181.94
-11801410.38,4654232.36,2181.9
-11801408.78,4654233.05,2181.9
-11801407.18,4654233.75,2181.88
-11801405.61,4654234.44,2181.9
-11801404.01,4654235.15,2181.88
-11801402.39,4654235.86,2181.78
-11801400.81,4654236.55,2181.83
-11801399.26,4654237.23,2181.92
-11801397.64,4654237.94,2181.8
-11801396.040000001,4654238.63,2181.72
-11801394.44,4654239.32,2181.69
-11801392.870000001,4654240.03,2181.71
-11801391.24,4654240.74,2181.65
-11801389.64,4654241.44,2181.63
-11801388.09,4654242.11,2181.61
-11801386.5,4654242.82,2181.63
-11801384.88,4654243.53,2181.61
-11801383.31,4654244.2,2181.67
-11801381.950000001,4654244.8,2182.58
-11801381.72,4654244.91,2181.49
-11801380.11,4654245.62,2181.48
-11801378.52,4654246.32,2181.61
-11801376.94,4654246.99,2181.63
-11801375.33,4654247.7,2181.54
-11801373.73,4654248.42,2181.5
-11801372.15,4654249.100000001,2181.44
-11801370.55,4654249.79,2181.44
-11801368.91,4654250.53,2181.4
-11801371.64,4654250.15,2181.44
-11801373.25,4654249.44,2181.46
-11801374.85,4654248.74,2181.5
-11801376.44,4654248.0600000005,2181.55
-11801378.02,4654247.37,2181.56
-11801379.63,4654246.66,2181.59
-11801381.23,4654245.97,2181.56
-11801382.82,4654245.2700000005,2181.47
-11801384.4,4654244.58,2181.55
-11801386.01,4654243.89,2181.69
-11801387.59,4654243.19,2181.65
-11801389.18,4654242.5,2181.65
-11801390.78,4654241.8100000005,2181.63
-11801392.370000001,4654241.100000001,2181.63
-11801393.94,4654240.43,2181.67
-11801395.53,4654239.73,2181.67
-11801397.15,4654239.0200000005,2181.69
-11801398.77,4654238.3100000005,2181.74
-11801400.35,4654237.64,2181.83
-11801401.9,4654236.94,2181.85
-11801403.49,4654236.2700000005,2181.83
-11801405.1,4654235.5600000005,2181.82
-11801406.68,4654234.87,2181.84
-11801408.27,4654234.19,2181.9
-11801409.86,4654233.48,2181.92
-11801411.43,4654232.79,2181.94
-11801413.02,4654232.11,2181.92
-11801414.61,4654231.4,2181.92
-11801416.19,4654230.73,2181.94
-11801417.76,4654230.03,2181.99
-11801417.200000001,4654232.63,2181.97
-11801415.59,4654233.3100000005,2181.92
-11801414.01,4654234.0200000005,2181.88
-11801412.450000001,4654234.71,2181.92
-11801410.83,4654235.42,2181.9
-11801409.25,4654236.100000001,2181.88
-11801407.700000001,4654236.8,2181.96
-11801406.09,4654237.5,2181.84
-11801404.49,4654238.19,2181.81
-11801402.89,4654238.9,2181.78
-11801401.3,4654239.59,2181.76
-11801399.69,4654240.3,2181.74
-11801398.09,4654240.98,2181.71
-11801396.51,4654241.69,2181.69
-11801394.94,4654242.39,2181.69
-11801393.370000001,4654243.07,2181.69
-11801391.8,4654243.76,2181.74
-11801390.16,4654244.48,2181.65
-11801388.55,4654245.18,2181.55
-11801386.99,4654245.86,2181.63
-11801385.39,4654246.57,2181.65
-11801383.790000001,4654247.2700000005,2181.6
-11801382.19,4654247.97,2181.57
-11801380.59,4654248.68,2181.52
-11801378.98,4654249.38,2181.51
-11801377.370000001,4654250.09,2181.53
-11801378.24,4654250.59,2181.48
-11801379.83,4654249.89,2181.49
-11801381.46,4654249.18,2181.51
-11801383.040000001,4654248.5,2181.53
-11801384.64,4654247.8,2181.57
-11801386.26,4654247.09,2181.63
-11801387.84,4654246.39,2181.69
-11801389.44,4654245.71,2181.63
-11801391.040000001,4654245.01,2181.61
-11801392.64,4654244.3,2181.74
-11801394.25,4654243.62,2181.78
-11801395.85,4654242.92,2181.74
-11801397.450000001,4654242.22,2181.71
-11801399.06,4654241.51,2181.71
-11801400.65,4654240.8,2181.75
-11801402.27,4654240.12,2181.75
-11801403.870000001,4654239.42,2181.76
-11801405.49,4654238.71,2181.82
-11801407.08,4654238.0,2181.85
-11801408.66,4654237.33,2181.88
-11801410.26,4654236.63,2181.88
-11801411.89,4654235.92,2181.9
-11801413.49,4654235.21,2181.9
-11801415.1,4654234.5200000005,2181.98
-11801416.69,4654233.83,2181.94
-11801418.27,4654233.14,2181.97
-11801417.76,4654235.850000001,2182.01
-11801416.16,4654236.5600000005,2181.92
-11801414.58,4654237.26,2181.97
-11801412.98,4654237.96,2181.92
-11801411.43,4654238.64,2181.86
-11801409.82,4654239.350000001,2181.88
-11801408.200000001,4654240.0600000005,2181.83
-11801406.620000001,4654240.76,2181.83
-11801405.06,4654241.44,2181.81
-11801403.48,4654242.14,2181.81
-11801401.870000001,4654242.84,2181.83
-11801400.3,4654243.5200000005,2181.92
-11801398.700000001,4654244.23,2181.82
-11801397.1,4654244.94,2181.69
-11801395.53,4654245.63,2181.79
-11801393.93,4654246.32,2181.77
-11801392.35,4654247.01,2181.74
-11801390.77,4654247.72,2181.67
-11801389.16,4654248.4,2181.65
-11801387.56,4654249.11,2181.61
-11801385.97,4654249.82,2181.57
-11801384.36,4654250.5200000005,2181.55
-11801386.48,4654250.5200000005,2181.56
-11801388.07,4654249.83,2181.6
-11801389.67,4654249.13,2181.61
-11801391.26,4654248.43,2181.63
-11801392.870000001,4654247.72,2181.65
-11801394.46,4654247.04,2181.74
-11801396.040000001,4654246.350000001,2181.77
-11801397.63,4654245.64,2181.81
-11801399.22,4654244.96,2181.69
-11801400.83,4654244.26,2181.74
-11801402.43,4654243.55,2181.9
-11801404.01,4654242.88,2181.84
-11801405.58,4654242.18,2181.8
-11801407.17,4654241.5,2181.81
-11801408.76,4654240.8,2181.83
-11801410.32,4654240.100000001,2181.84
-11801411.93,4654239.42,2181.86
-11801413.53,4654238.72,2181.92
-11801415.120000001,4654238.0200000005,2181.99
-11801416.68,4654237.34,2181.99
-11801418.28,4654236.64,2182.03
-11801417.290000001,4654239.8100000005,2182.22
-11801415.71,4654240.5200000005,2182.13
-11801414.120000001,4654241.22,2182.06
-11801412.52,4654241.93,2182.03
-11801410.950000001,4654242.61,2181.98
-11801409.38,4654243.3100000005,2181.99
-11801407.75,4654244.0200000005,2181.88
-11801406.14,4654244.73,2181.79
-11801404.58,4654245.4,2181.83
-11801402.98,4654246.11,2181.85
-11801401.38,4654246.82,2181.82
-11801399.81,4654247.5,2181.76
-11801398.200000001,4654248.2,2181.75
-11801396.6,4654248.91,2181.73
-11801395.0,4654249.62,2181.69
-11801393.41,4654250.32,2181.69
-11801395.25,4654250.53,2181.65
-11801396.8,4654249.850000001,2181.69
-11801398.39,4654249.15,2181.72
-11801400.01,4654248.45,2181.73
-11801401.6,4654247.75,2181.73
-11801403.19,4654247.0600000005,2181.8
-11801404.77,4654246.36,2181.83
-11801406.35,4654245.67,2181.85
-11801407.94,4654244.98,2181.8
-11801409.540000001,4654244.28,2181.84
-11801411.15,4654243.57,2182.06
-11801412.72,4654242.89,2182.02
-11801414.290000001,4654242.2,2182.04
-11801415.92,4654241.48,2182.11
-11801417.51,4654240.79,2182.15
-11801418.24,4654243.38,2182.1
-11801416.68,4654244.07,2181.98
-11801415.11,4654244.7700000005,2181.92
-11801413.51,4654245.47,2181.94
-11801411.950000001,4654246.15,2181.97
-11801410.36,4654246.84,2181.97
-11801408.76,4654247.55,2181.85
-11801407.18,4654248.26,2181.81
-11801405.56,4654248.97,2181.77
-11801403.94,4654249.68,2181.76
-11801402.34,4654250.39,2181.71
-11801405.55,4654250.03,2181.73
-11801407.16,4654249.33,2181.77
-11801408.73,4654248.64,2181.82
-11801410.33,4654247.94,2181.9
-11801411.91,4654247.24,2181.86
-11801413.52,4654246.53,2181.9
-11801415.1,4654245.86,2181.9
-11801416.69,4654245.16,2181.92
-11801418.28,4654244.45,2181.92
-11801417.950000001,4654247.42,2181.92
-11801416.36,4654248.100000001,2181.92
-11801414.790000001,4654248.8100000005,2181.88
-11801413.19,4654249.51,2181.96
-11801411.56,4654250.22,2181.78
-11801414.44,4654250.14,2181.85
-11801416.03,4654249.44,2181.86
-11801417.6,4654248.76,2181.85
-11801345.77,4654250.46,2181.27
-11801339.950000001,4654250.64,2181.22
-11801341.55,4654250.16,2181.21
-11801343.17,4654249.69,2181.25
-11801344.78,4654249.22,2181.26
-11801344.51,4654248.45,2181.19
-11801342.88,4654248.92,2181.28
-11801341.3,4654249.39,2181.21
-11801339.71,4654249.86,2181.17
-11801338.1,4654250.33,2181.15
-11801331.78,4654250.63,2181.15
-11801333.39,4654250.16,2181.15
-11801334.98,4654249.68,2181.15
-11801336.6,4654249.2,2181.17
-11801338.17,4654248.74,2181.19
-11801339.77,4654248.26,2181.19
-11801341.38,4654247.79,2181.21
-11801343.01,4654247.3100000005,2181.22
-11801344.6,4654246.84,2181.28
-11801344.66,4654245.99,2181.31
-11801343.07,4654246.45,2181.27
-11801341.49,4654246.9,2181.22
-11801339.9,4654247.38,2181.21
-11801338.25,4654247.86,2181.19
-11801336.65,4654248.33,2181.17
-11801335.06,4654248.78,2181.17
-11801333.46,4654249.28,2181.15
-11801331.86,4654249.73,2181.13
-11801330.27,4654250.21,2181.1
-11801323.64,4654250.65,2181.07
-11801325.25,4654250.18,2181.08
-11801326.86,4654249.68,2181.1
-11801328.450000001,4654249.23,2181.1
-11801330.05,4654248.76,2181.11
-11801331.64,4654248.3,2181.17
-11801333.22,4654247.83,2181.17
-11801334.81,4654247.350000001,2181.21
-11801336.43,4654246.88,2181.23
-11801338.03,4654246.4,2181.22
-11801339.63,4654245.94,2181.24
-11801341.200000001,4654245.46,2181.23
-11801342.81,4654245.01,2181.24
-11801344.41,4654244.51,2181.29
-11801344.64,4654243.61,2181.4
-11801343.040000001,4654244.09,2181.36
-11801341.42,4654244.55,2181.26
-11801339.85,4654245.0,2181.17
-11801338.290000001,4654245.47,2181.19
-11801336.68,4654245.95,2181.19
-11801335.05,4654246.42,2181.26
-11801333.43,4654246.88,2181.21
-11801331.84,4654247.36,2181.19
-11801330.26,4654247.82,2181.15
-11801328.67,4654248.29,2181.11
-11801327.08,4654248.76,2181.1
-11801325.47,4654249.21,2181.08
-11801323.89,4654249.69,2181.06
-11801322.3,4654250.16,2181.07
-11801320.67,4654250.62,2181.07
-11801316.89,4654250.19,2181.04
-11801318.48,4654249.72,2181.06
-11801320.07,4654249.24,2181.04
-11801321.69,4654248.78,2181.04
-11801323.290000001,4654248.3100000005,2181.1
-11801324.870000001,4654247.83,2181.15
-11801326.46,4654247.38,2181.13
-11801328.040000001,4654246.91,2181.17
-11801329.66,4654246.43,2181.22
-11801331.27,4654245.94,2181.17
-11801332.86,4654245.49,2181.17
-11801334.47,4654245.0200000005,2181.13
-11801336.06,4654244.55,2181.21
-11801337.64,4654244.09,2181.28
-11801339.22,4654243.61,2181.3
-11801340.81,4654243.16,2181.27
-11801342.42,4654242.68,2181.26
-11801344.040000001,4654242.21,2181.28
-11801345.66,4654241.73,2181.27
-11801344.77,4654241.18,2181.26
-11801343.17,4654241.64,2181.23
-11801341.56,4654242.100000001,2181.23
-11801339.950000001,4654242.59,2181.26
-11801338.36,4654243.05,2181.23
-11801336.76,4654243.5200000005,2181.25
-11801335.15,4654243.97,2181.25
-11801333.540000001,4654244.45,2181.21
-11801331.950000001,4654244.92,2181.15
-11801330.36,4654245.39,2181.13
-11801328.76,4654245.850000001,2181.17
-11801327.15,4654246.3100000005,2181.19
-11801325.55,4654246.8,2181.15
-11801323.96,4654247.25,2181.17
-11801322.38,4654247.72,2181.13
-11801320.78,4654248.19,2181.09
-11801319.13,4654248.67,2181.03
-11801317.55,4654249.12,2180.96
-11801315.99,4654249.59,2181.04
-11801314.4,4654250.05,2181.02
-11801312.82,4654250.5200000005,2181.03
-11801308.5,4654250.26,2181.06
-11801310.1,4654249.8,2181.07
-11801311.69,4654249.34,2181.09
-11801313.290000001,4654248.86,2181.02
-11801314.89,4654248.39,2181.04
-11801316.48,4654247.93,2181.05
-11801318.07,4654247.46,2181.07
-11801319.66,4654246.98,2181.11
-11801321.24,4654246.53,2181.17
-11801322.85,4654246.0600000005,2181.15
-11801324.46,4654245.58,2181.11
-11801326.07,4654245.11,2181.11
-11801327.66,4654244.65,2181.17
-11801329.24,4654244.18,2181.21
-11801330.83,4654243.7,2181.19
-11801332.43,4654243.25,2181.19
-11801334.01,4654242.78,2181.17
-11801335.63,4654242.3,2181.17
-11801337.23,4654241.82,2181.17
-11801338.83,4654241.37,2181.19
-11801340.43,4654240.9,2181.22
-11801342.0,4654240.44,2181.24
-11801343.620000001,4654239.96,2181.23
-11801345.24,4654239.49,2181.25
-11801344.61,4654238.89,2181.27
-11801343.0,4654239.350000001,2181.22
-11801341.41,4654239.83,2181.19
-11801339.790000001,4654240.29,2181.17
-11801338.200000001,4654240.76,2181.15
-11801336.620000001,4654241.23,2181.15
-11801335.02,4654241.68,2181.13
-11801333.42,4654242.16,2181.15
-11801331.81,4654242.63,2181.17
-11801330.22,4654243.09,2181.13
-11801328.59,4654243.57,2181.17
-11801327.0,4654244.01,2181.19
-11801325.41,4654244.49,2181.15
-11801323.8,4654244.96,2181.13
-11801322.21,4654245.43,2181.13
-11801320.61,4654245.89,2181.1
-11801318.98,4654246.37,2181.13
-11801317.4,4654246.83,2181.1
-11801315.82,4654247.29,2181.06
-11801314.22,4654247.76,2181.04
-11801312.63,4654248.22,2181.04
-11801311.040000001,4654248.68,2181.07
-11801309.42,4654249.16,2181.09
-11801307.83,4654249.62,2181.02
-11801306.21,4654250.09,2180.92
-11801304.620000001,4654250.5600000005,2180.92
-11801300.24,4654250.2700000005,2180.9
-11801301.82,4654249.79,2180.9
-11801303.41,4654249.34,2180.94
-11801305.02,4654248.87,2180.94
-11801306.61,4654248.41,2180.97
-11801308.19,4654247.94,2181.05
-11801309.78,4654247.46,2181.04
-11801311.36,4654247.0200000005,2181.11
-11801312.97,4654246.54,2181.08
-11801314.58,4654246.07,2181.05
-11801316.200000001,4654245.58,2181.04
-11801317.75,4654245.13,2181.07
-11801319.33,4654244.69,2181.13
-11801320.92,4654244.22,2181.17
-11801322.53,4654243.74,2181.17
-11801324.13,4654243.28,2181.13
-11801325.75,4654242.8,2181.13
-11801327.34,4654242.33,2181.13
-11801328.94,4654241.86,2181.1
-11801330.52,4654241.4,2181.11
-11801332.11,4654240.92,2181.13
-11801333.72,4654240.46,2181.17
-11801335.32,4654240.0,2181.17
-11801336.91,4654239.53,2181.17
-11801338.53,4654239.0600000005,2181.22
-11801340.15,4654238.58,2181.24
-11801341.75,4654238.12,2181.3
-11801343.33,4654237.66,2181.42
-11801344.92,4654237.19,2181.34
-11801344.58,4654236.5,2181.33
-11801342.99,4654236.98,2181.36
-11801341.36,4654237.44,2181.32
-11801339.77,4654237.91,2181.27
-11801338.18,4654238.38,2181.25
-11801336.6,4654238.83,2181.17
-11801334.98,4654239.28,2181.15
-11801333.36,4654239.76,2181.13
-11801331.8,4654240.23,2181.13
-11801330.19,4654240.7,2181.13
-11801328.58,4654241.16,2181.1
-11801327.0,4654241.62,2181.09
-11801325.41,4654242.08,2181.08
-11801323.790000001,4654242.5600000005,2181.09
-11801322.19,4654243.03,2181.11
-11801320.58,4654243.49,2181.1
-11801318.99,4654243.95,2181.11
-11801317.39,4654244.41,2181.08
-11801315.81,4654244.88,2181.03
-11801314.22,4654245.33,2181.0
-11801312.64,4654245.8,2181.03
-11801311.05,4654246.2700000005,2181.11
-11801309.42,4654246.75,2181.13
-11801307.81,4654247.21,2181.07
-11801306.24,4654247.67,2180.94
-11801304.66,4654248.11,2180.92
-11801303.040000001,4654248.600000001,2180.94
-11801301.44,4654249.05,2180.9
-11801299.85,4654249.5200000005,2180.92
-11801298.27,4654249.99,2180.9
-11801296.66,4654250.44,2180.86
-11801291.81,4654250.43,2180.86
-11801293.38,4654249.96,2180.86
-11801294.98,4654249.5,2180.86
-11801296.57,4654249.03,2180.88
-11801298.16,4654248.55,2180.92
-11801299.75,4654248.11,2180.92
-11801301.34,4654247.64,2180.97
-11801302.94,4654247.16,2180.98
-11801304.51,4654246.71,2181.01
-11801306.08,4654246.26,2181.08
-11801307.68,4654245.78,2181.02
-11801309.290000001,4654245.32,2181.02
-11801310.88,4654244.86,2181.04
-11801312.47,4654244.39,2181.1
-11801314.09,4654243.91,2181.06
-11801315.700000001,4654243.45,2181.04
-11801317.31,4654242.98,2181.05
-11801318.9,4654242.5,2181.07
-11801320.5,4654242.05,2181.04
-11801322.11,4654241.58,2181.08
-11801323.67,4654241.11,2181.08
-11801325.25,4654240.66,2181.11
-11801326.870000001,4654240.17,2181.11
-11801328.47,4654239.71,2181.13
-11801330.06,4654239.25,2181.17
-11801331.67,4654238.78,2181.23
-11801333.26,4654238.3100000005,2181.26
-11801334.82,4654237.86,2181.29
-11801336.43,4654237.39,2181.32
-11801338.05,4654236.93,2181.31
-11801339.66,4654236.45,2181.28
-11801341.24,4654235.98,2181.22
-11801342.84,4654235.5,2181.31
-11801344.44,4654235.0600000005,2181.34
-11801344.49,4654234.15,2181.35
-11801342.9,4654234.63,2181.34
-11801341.290000001,4654235.08,2181.27
-11801339.700000001,4654235.54,2181.24
-11801338.1,4654236.0200000005,2181.21
-11801336.5,4654236.48,2181.26
-11801334.9,4654236.95,2181.29
-11801333.27,4654237.43,2181.32
-11801331.68,4654237.87,2181.27
-11801330.1,4654238.34,2181.22
-11801328.49,4654238.8,2181.17
-11801326.870000001,4654239.26,2181.13
-11801325.28,4654239.74,2181.08
-11801323.700000001,4654240.19,2181.05
-11801322.14,4654240.64,2181.05
-11801320.540000001,4654241.100000001,2181.05
-11801318.950000001,4654241.58,2181.01
-11801317.35,4654242.04,2181.02
-11801315.72,4654242.51,2181.01
-11801314.1,4654242.98,2180.98
-11801312.5,4654243.43,2181.0
-11801310.92,4654243.91,2181.02
-11801309.33,4654244.38,2181.08
-11801307.72,4654244.84,2181.06
-11801306.16,4654245.28,2180.94
-11801304.57,4654245.75,2180.97
-11801302.96,4654246.2,2181.03
-11801301.35,4654246.69,2181.02
-11801299.74,4654247.15,2180.94
-11801298.16,4654247.61,2180.9
-11801296.6,4654248.07,2180.86
-11801294.98,4654248.53,2180.84
-11801293.34,4654249.01,2180.84
-11801291.76,4654249.47,2180.86
-11801290.21,4654249.92,2180.86
-11801288.6,4654250.38,2180.84
-11801283.43,4654250.43,2180.81
-11801285.01,4654249.98,2180.83
-11801286.6,4654249.51,2180.85
-11801288.18,4654249.05,2180.88
-11801289.78,4654248.58,2180.86
-11801291.36,4654248.13,2180.83
-11801292.93,4654247.65,2180.85
-11801294.52,4654247.21,2180.9
-11801296.11,4654246.74,2180.94
-11801297.74,4654246.26,2180.88
-11801299.35,4654245.79,2180.81
-11801300.91,4654245.34,2180.88
-11801302.51,4654244.87,2181.0
-11801304.11,4654244.41,2181.03
-11801305.71,4654243.93,2181.01
-11801307.33,4654243.46,2180.92
-11801308.91,4654243.01,2180.94
-11801310.48,4654242.54,2180.94
-11801312.07,4654242.08,2180.96
-11801313.69,4654241.600000001,2180.96
-11801315.31,4654241.14,2181.0
-11801316.870000001,4654240.69,2181.02
-11801318.450000001,4654240.21,2181.01
-11801320.09,4654239.74,2181.07
-11801321.700000001,4654239.26,2181.13
-11801323.3,4654238.8100000005,2181.13
-11801324.86,4654238.36,2181.17
-11801326.43,4654237.9,2181.22
-11801328.03,4654237.44,2181.25
-11801329.64,4654236.97,2181.31
-11801331.26,4654236.49,2181.27
-11801332.86,4654236.0200000005,2181.19
-11801334.450000001,4654235.54,2181.19
-11801336.05,4654235.09,2181.24
-11801337.65,4654234.64,2181.27
-11801339.24,4654234.16,2181.3
-11801340.82,4654233.7,2181.31
-11801342.44,4654233.24,2181.33
-11801344.040000001,4654232.7700000005,2181.35
-11801345.64,4654232.3,2181.35
-11801344.32,4654231.88,2181.35
-11801342.72,4654232.350000001,2181.32
-11801341.13,4654232.8,2181.31
-11801339.51,4654233.28,2181.3
-11801337.92,4654233.74,2181.28
-11801336.32,4654234.19,2181.29
-11801334.700000001,4654234.67,2181.25
-11801333.1,4654235.14,2181.25
-11801331.53,4654235.58,2181.17
-11801329.950000001,4654236.04,2181.13
-11801328.32,4654236.5200000005,2181.22
-11801326.71,4654236.99,2181.22
-11801325.08,4654237.46,2181.22
-11801323.48,4654237.91,2181.19
-11801321.92,4654238.38,2181.19
-11801320.34,4654238.83,2181.13
-11801318.72,4654239.3,2181.06
-11801317.13,4654239.75,2180.99
-11801315.55,4654240.22,2180.94
-11801313.96,4654240.67,2180.94
-11801312.370000001,4654241.14,2180.94
-11801310.77,4654241.600000001,2180.96
-11801309.18,4654242.0600000005,2180.9
-11801307.56,4654242.5200000005,2180.92
-11801305.96,4654242.99,2180.94
-11801304.36,4654243.46,2180.9
-11801302.790000001,4654243.91,2180.92
-11801301.18,4654244.38,2180.98
-11801299.58,4654244.84,2180.92
-11801298.0,4654245.3,2180.86
-11801296.39,4654245.76,2180.78
-11801294.790000001,4654246.23,2180.81
-11801293.22,4654246.68,2180.9
-11801291.63,4654247.14,2180.9
-11801290.040000001,4654247.600000001,2180.88
-11801288.44,4654248.07,2180.86
-11801286.82,4654248.55,2180.86
-11801285.22,4654249.0,2180.82
-11801283.64,4654249.47,2180.83
-11801282.05,4654249.91,2180.83
-11801280.47,4654250.39,2180.83
-11801274.93,4654250.55,2180.86
-11801276.51,4654250.07,2180.85
-11801278.1,4654249.63,2180.85
-11801279.700000001,4654249.15,2180.85
-11801281.31,4654248.69,2180.85
-11801282.870000001,4654248.23,2180.86
-11801284.46,4654247.7700000005,2180.84
-11801286.08,4654247.3,2180.88
-11801287.65,4654246.850000001,2180.9
-11801289.24,4654246.38,2180.83
-11801290.83,4654245.91,2180.79
-11801292.43,4654245.45,2180.81
-11801294.06,4654244.97,2180.8
-11801295.64,4654244.53,2180.9
-11801297.26,4654244.05,2180.86
-11801298.85,4654243.58,2180.83
-11801300.4,4654243.13,2180.84
-11801302.01,4654242.66,2180.88
-11801303.620000001,4654242.19,2180.94
-11801305.23,4654241.73,2180.97
-11801306.790000001,4654241.2700000005,2180.97
-11801308.370000001,4654240.82,2181.01
-11801309.99,4654240.350000001,2180.97
-11801311.58,4654239.89,2181.01
-11801313.18,4654239.41,2180.99
-11801314.790000001,4654238.95,2181.02
-11801316.36,4654238.49,2181.09
-11801317.94,4654238.0200000005,2181.22
-11801319.55,4654237.57,2181.19
-11801321.14,4654237.11,2181.17
-11801322.73,4654236.64,2181.17
-11801324.32,4654236.18,2181.13
-11801325.93,4654235.72,2181.13
-11801327.540000001,4654235.25,2181.19
-11801329.120000001,4654234.8,2181.25
-11801330.71,4654234.33,2181.25
-11801332.32,4654233.86,2181.26
-11801333.92,4654233.4,2181.26
-11801335.51,4654232.92,2181.28
-11801337.14,4654232.46,2181.29
-11801338.76,4654231.97,2181.29
-11801340.35,4654231.53,2181.31
-11801341.94,4654231.0600000005,2181.32
-11801343.56,4654230.58,2181.34
-11801345.17,4654230.13,2181.35
-11801344.16,4654229.600000001,2181.32
-11801342.57,4654230.0600000005,2181.3
-11801340.94,4654230.54,2181.3
-11801339.32,4654231.0,2181.29
-11801337.73,4654231.47,2181.28
-11801336.14,4654231.92,2181.26
-11801334.52,4654232.39,2181.24
-11801332.92,4654232.86,2181.25
-11801331.33,4654233.32,2181.22
-11801329.72,4654233.78,2181.21
-11801328.13,4654234.23,2181.22
-11801326.57,4654234.7,2181.21
-11801324.94,4654235.16,2181.19
-11801323.33,4654235.62,2181.13
-11801321.75,4654236.08,2181.07
-11801320.15,4654236.55,2181.19
-11801318.53,4654237.0,2181.1
-11801316.92,4654237.48,2181.11
-11801315.31,4654237.95,2181.11
-11801313.73,4654238.39,2181.08
-11801312.14,4654238.86,2181.05
-11801310.55,4654239.32,2181.05
-11801308.950000001,4654239.78,2181.03
-11801307.36,4654240.23,2180.98
-11801305.78,4654240.7,2180.96
-11801304.19,4654241.16,2180.92
-11801302.58,4654241.62,2180.9
-11801300.98,4654242.08,2180.86
-11801299.4,4654242.54,2180.82
-11801297.81,4654243.0,2180.81
-11801296.22,4654243.44,2180.81
-11801294.6,4654243.92,2180.84
-11801293.0,4654244.39,2180.83
-11801291.4,4654244.86,2180.92
-11801289.81,4654245.3100000005,2180.8
-11801288.21,4654245.78,2180.78
-11801286.6,4654246.23,2180.79
-11801285.01,4654246.7,2180.8
-11801283.41,4654247.16,2180.85
-11801281.84,4654247.62,2180.84
-11801280.25,4654248.08,2180.84
-11801278.66,4654248.54,2180.84
-11801277.06,4654249.0,2180.84
-11801275.48,4654249.47,2180.85
-11801273.870000001,4654249.92,2180.84
-11801272.28,4654250.39,2180.84
-11801267.9,4654250.24,2180.82
-11801269.52,4654249.78,2180.83
-11801271.08,4654249.3100000005,2180.83
-11801272.65,4654248.86,2180.83
-11801274.27,4654248.39,2180.84
-11801275.84,4654247.94,2180.83
-11801277.44,4654247.47,2180.85
-11801279.05,4654247.01,2180.82
-11801280.66,4654246.54,2180.76
-11801282.26,4654246.0600000005,2180.69
-11801283.86,4654245.59,2180.69
-11801285.43,4654245.14,2180.77
-11801287.01,4654244.67,2180.86
-11801288.6,4654244.23,2180.82
-11801290.19,4654243.7700000005,2180.79
-11801291.8,4654243.29,2180.78
-11801293.4,4654242.83,2180.77
-11801295.02,4654242.37,2180.8
-11801296.58,4654241.91,2180.81
-11801298.16,4654241.45,2180.83
-11801299.76,4654240.98,2180.84
-11801301.34,4654240.53,2180.9
-11801302.92,4654240.0600000005,2180.97
-11801304.5,4654239.62,2181.0
-11801306.08,4654239.15,2181.09
-11801307.71,4654238.67,2181.11
-11801309.34,4654238.22,2181.13
-11801310.92,4654237.75,2181.1
-11801312.49,4654237.29,2181.04
-11801314.11,4654236.82,2181.0
-11801315.73,4654236.34,2180.98
-11801317.290000001,4654235.9,2181.05
-11801318.870000001,4654235.45,2181.13
-11801320.48,4654234.98,2181.17
-11801322.09,4654234.5,2181.19
-11801323.700000001,4654234.05,2181.15
-11801325.290000001,4654233.58,2181.15
-11801326.870000001,4654233.11,2181.15
-11801328.47,4654232.66,2181.17
-11801330.08,4654232.19,2181.17
-11801331.67,4654231.73,2181.21
-11801333.28,4654231.26,2181.23
-11801334.9,4654230.78,2181.24
-11801336.49,4654230.33,2181.25
-11801338.08,4654229.87,2181.28
-11801339.69,4654229.4,2181.31
-11801341.290000001,4654228.94,2181.31
-11801342.88,4654228.48,2181.34
-11801344.47,4654228.01,2181.36
-11801345.48,4654226.93,2181.35
-11801343.89,4654227.4,2181.35
-11801342.28,4654227.87,2181.32
-11801340.67,4654228.32,2181.29
-11801339.05,4654228.79,2181.28
-11801337.48,4654229.25,2181.27
-11801335.9,4654229.69,2181.24
-11801334.31,4654230.15,2181.24
-11801332.66,4654230.63,2181.21
-11801331.06,4654231.09,2181.17
-11801329.48,4654231.53,2181.19
-11801327.89,4654232.01,2181.17
-11801326.290000001,4654232.47,2181.17
-11801324.69,4654232.93,2181.13
-11801323.09,4654233.37,2181.11
-11801321.47,4654233.850000001,2181.13
-11801319.870000001,4654234.32,2181.13
-11801318.290000001,4654234.76,2181.11
-11801316.67,4654235.24,2181.1
-11801315.06,4654235.71,2181.07
-11801313.47,4654236.15,2180.96
-11801311.870000001,4654236.63,2180.94
-11801310.3,4654237.08,2181.0
-11801308.72,4654237.53,2181.07
-11801307.1,4654237.99,2181.1
-11801305.48,4654238.47,2181.07
-11801303.89,4654238.93,2181.04
-11801302.33,4654239.37,2180.96
-11801300.74,4654239.84,2180.92
-11801299.14,4654240.29,2180.85
-11801297.53,4654240.76,2180.8
-11801295.94,4654241.2,2180.79
-11801294.36,4654241.66,2180.76
-11801292.77,4654242.13,2180.76
-11801291.17,4654242.59,2180.76
-11801289.57,4654243.04,2180.74
-11801287.99,4654243.51,2180.72
-11801286.39,4654243.98,2180.74
-11801284.78,4654244.43,2180.8
-11801283.21,4654244.9,2180.75
-11801281.59,4654245.36,2180.71
-11801280.0,4654245.82,2180.65
-11801278.42,4654246.2700000005,2180.69
-11801276.8,4654246.74,2180.79
-11801275.19,4654247.2,2180.81
-11801273.57,4654247.68,2180.81
-11801271.98,4654248.14,2180.79
-11801270.42,4654248.59,2180.8
-11801268.85,4654249.04,2180.8
-11801267.24,4654249.48,2180.8
-11801265.77,4654248.46,2180.8
-11801267.34,4654248.01,2180.77
-11801268.93,4654247.54,2180.79
-11801270.52,4654247.09,2180.78
-11801272.11,4654246.62,2180.77
-11801273.73,4654246.15,2180.73
-11801275.33,4654245.69,2180.69
-11801276.93,4654245.23,2180.77
-11801278.5,4654244.7700000005,2180.83
-11801280.11,4654244.3,2180.73
-11801281.71,4654243.82,2180.69
-11801283.290000001,4654243.38,2180.67
-11801284.88,4654242.93,2180.69
-11801286.49,4654242.46,2180.71
-11801288.07,4654241.99,2180.71
-11801289.66,4654241.54,2180.73
-11801291.25,4654241.07,2180.76
-11801292.86,4654240.600000001,2180.77
-11801294.48,4654240.14,2180.78
-11801296.03,4654239.7,2180.84
-11801297.6,4654239.25,2180.9
-11801299.18,4654238.79,2180.9
-11801300.77,4654238.33,2180.97
-11801302.370000001,4654237.87,2181.05
-11801303.98,4654237.41,2181.02
-11801305.58,4654236.93,2180.96
-11801307.17,4654236.47,2180.96
-11801308.76,4654236.0200000005,2181.04
-11801310.36,4654235.54,2181.06
-11801311.96,4654235.09,2181.08
-11801313.55,4654234.63,2181.09
-11801315.14,4654234.15,2181.1
-11801316.77,4654233.7,2181.1
-11801318.39,4654233.23,2181.11
-11801319.97,4654232.7700000005,2181.11
-11801321.55,4654232.3100000005,2181.13
-11801323.14,4654231.86,2181.13
-11801324.77,4654231.38,2181.13
-11801326.36,4654230.93,2181.17
-11801327.92,4654230.47,2181.19
-11801329.52,4654230.01,2181.19
-11801331.13,4654229.54,2181.23
-11801332.74,4654229.07,2181.23
-11801334.31,4654228.62,2181.24
-11801335.89,4654228.15,2181.27
-11801337.51,4654227.7,2181.28
-11801339.13,4654227.23,2181.3
-11801340.76,4654226.75,2181.31
-11801342.36,4654226.3,2181.33
-11801343.94,4654225.82,2181.33
-11801345.56,4654225.37,2181.35
-11801345.18,4654224.74,2181.34
-11801343.57,4654225.22,2181.35
-11801342.0,4654225.68,2181.34
-11801340.38,4654226.13,2181.31
-11801338.75,4654226.600000001,2181.28
-11801337.15,4654227.0600000005,2181.28
-11801335.55,4654227.5200000005,2181.26
-11801333.96,4654227.98,2181.23
-11801332.38,4654228.44,2181.24
-11801330.790000001,4654228.89,2181.23
-11801329.19,4654229.36,2181.21
-11801327.6,4654229.8,2181.17
-11801325.99,4654230.28,2181.17
-11801324.38,4654230.74,2181.15
-11801322.77,4654231.19,2181.13
-11801321.18,4654231.66,2181.13
-11801319.56,4654232.12,2181.11
-11801317.97,4654232.57,2181.08
-11801316.38,4654233.04,2181.09
-11801314.76,4654233.51,2181.06
-11801313.16,4654233.96,2181.09
-11801311.57,4654234.41,2181.08
-11801309.99,4654234.88,2181.06
-11801308.4,4654235.350000001,2181.08
-11801306.8,4654235.8,2181.04
-11801305.200000001,4654236.24,2180.94
-11801303.6,4654236.72,2180.9
-11801302.01,4654237.17,2180.94
-11801300.42,4654237.63,2180.98
-11801298.81,4654238.08,2180.92
-11801297.22,4654238.55,2180.92
-11801295.620000001,4654239.01,2180.88
-11801294.040000001,4654239.47,2180.81
-11801292.46,4654239.91,2180.8
-11801290.88,4654240.37,2180.78
-11801289.27,4654240.84,2180.73
-11801287.65,4654241.29,2180.72
-11801286.07,4654241.75,2180.69
-11801284.49,4654242.21,2180.69
-11801282.9,4654242.67,2180.69
-11801281.32,4654243.12,2180.69
-11801279.700000001,4654243.57,2180.67
-11801278.13,4654244.05,2180.69
-11801276.5,4654244.5200000005,2180.8
-11801274.88,4654244.99,2180.82
-11801273.3,4654245.44,2180.69
-11801271.74,4654245.89,2180.65
-11801270.14,4654246.350000001,2180.65
-11801268.51,4654246.8,2180.73
-11801266.94,4654247.2700000005,2180.77
-11801266.700000001,4654245.83,2180.61
-11801268.32,4654245.350000001,2180.67
-11801269.92,4654244.91,2180.74
-11801271.5,4654244.46,2180.78
-11801273.08,4654243.99,2180.83
-11801274.67,4654243.53,2180.85
-11801276.28,4654243.07,2180.74
-11801277.89,4654242.61,2180.73
-11801279.47,4654242.14,2180.73
-11801281.040000001,4654241.69,2180.82
-11801282.63,4654241.23,2180.72
-11801284.26,4654240.75,2180.67
-11801285.86,4654240.29,2180.71
-11801287.44,4654239.83,2180.77
-11801289.03,4654239.38,2180.79
-11801290.64,4654238.91,2180.82
-11801292.23,4654238.46,2180.9
-11801293.81,4654237.99,2180.88
-11801295.370000001,4654237.55,2180.9
-11801296.98,4654237.09,2180.88
-11801298.61,4654236.61,2180.85
-11801300.200000001,4654236.14,2180.92
-11801301.790000001,4654235.69,2180.97
-11801303.35,4654235.25,2181.0
-11801304.97,4654234.78,2181.02
-11801306.56,4654234.3,2181.03
-11801308.14,4654233.86,2181.05
-11801309.73,4654233.39,2181.06
-11801311.34,4654232.94,2181.06
-11801312.97,4654232.46,2181.08
-11801314.6,4654231.99,2181.09
-11801316.17,4654231.53,2181.1
-11801317.75,4654231.09,2181.09
-11801319.33,4654230.62,2181.11
-11801320.950000001,4654230.14,2181.15
-11801322.55,4654229.69,2181.15
-11801324.14,4654229.23,2181.17
-11801325.75,4654228.78,2181.19
-11801327.34,4654228.3,2181.21
-11801328.94,4654227.850000001,2181.24
-11801330.51,4654227.39,2181.25
-11801332.14,4654226.91,2181.27
-11801333.74,4654226.46,2181.26
-11801335.32,4654226.01,2181.29
-11801336.94,4654225.53,2181.29
-11801338.540000001,4654225.07,2181.31
-11801340.120000001,4654224.62,2181.34
-11801341.72,4654224.14,2181.35
-11801343.31,4654223.69,2181.42
-11801344.93,4654223.23,2181.38
-11801344.950000001,4654222.45,2181.36
-11801343.34,4654222.92,2181.36
-11801341.74,4654223.37,2181.35
-11801340.14,4654223.84,2181.33
-11801338.55,4654224.28,2181.3
-11801336.94,4654224.76,2181.3
-11801335.35,4654225.21,2181.28
-11801333.75,4654225.67,2181.26
-11801332.14,4654226.13,2181.25
-11801330.540000001,4654226.59,2181.25
-11801328.93,4654227.05,2181.22
-11801327.34,4654227.51,2181.19
-11801325.75,4654227.95,2181.19
-11801324.16,4654228.41,2181.17
-11801322.540000001,4654228.88,2181.15
-11801320.94,4654229.33,2181.15
-11801319.33,4654229.8,2181.1
-11801317.72,4654230.2700000005,2181.1
-11801316.13,4654230.72,2181.09
-11801314.52,4654231.17,2181.09
-11801312.94,4654231.64,2181.06
-11801311.35,4654232.09,2181.06
-11801309.76,4654232.5600000005,2181.03
-11801308.14,4654233.0,2181.01
-11801306.540000001,4654233.48,2181.0
-11801304.950000001,4654233.93,2181.0
-11801303.33,4654234.39,2180.98
-11801301.75,4654234.84,2180.92
-11801300.16,4654235.3100000005,2180.92
-11801298.57,4654235.76,2180.9
-11801296.97,4654236.23,2180.86
-11801295.38,4654236.67,2180.83
-11801293.8,4654237.14,2180.85
-11801292.19,4654237.600000001,2180.86
-11801290.59,4654238.0600000005,2180.86
-11801289.0,4654238.51,2180.82
-11801287.38,4654238.98,2180.84
-11801285.8,4654239.43,2180.79
-11801284.22,4654239.88,2180.69
-11801282.61,4654240.34,2180.69
-11801281.0,4654240.82,2180.76
-11801279.41,4654241.2700000005,2180.81
-11801277.81,4654241.72,2180.76
-11801276.23,4654242.18,2180.72
-11801274.64,4654242.64,2180.92
-11801273.06,4654243.100000001,2180.75
-11801271.450000001,4654243.55,2180.8
-11801269.89,4654244.0,2180.65
-11801268.3,4654244.46,2180.61
-11801266.71,4654244.92,2180.71
-11801266.120000001,4654243.62,2180.57
-11801267.73,4654243.16,2180.61
-11801269.33,4654242.7,2180.67
-11801270.89,4654242.26,2180.79
-11801272.5,4654241.78,2180.82
-11801274.09,4654241.33,2180.82
-11801275.67,4654240.89,2180.92
-11801277.24,4654240.43,2180.96
-11801278.82,4654239.96,2180.92
-11801280.41,4654239.51,2180.86
-11801282.02,4654239.05,2180.88
-11801283.620000001,4654238.57,2180.8
-11801285.24,4654238.11,2180.86
-11801286.83,4654237.65,2180.81
-11801288.4,4654237.21,2180.79
-11801290.01,4654236.73,2180.82
-11801291.620000001,4654236.2700000005,2180.86
-11801293.18,4654235.82,2180.88
-11801294.76,4654235.37,2180.86
-11801296.39,4654234.9,2180.88
-11801298.01,4654234.43,2180.9
-11801299.59,4654233.98,2180.92
-11801301.18,4654233.53,2180.94
-11801302.78,4654233.0600000005,2180.97
-11801304.36,4654232.61,2181.0
-11801305.93,4654232.15,2181.0
-11801307.540000001,4654231.67,2181.02
-11801309.16,4654231.22,2181.04
-11801310.74,4654230.7700000005,2181.05
-11801312.32,4654230.3100000005,2181.07
-11801313.91,4654229.86,2181.09
-11801315.52,4654229.38,2181.1
-11801317.13,4654228.93,2181.13
-11801318.71,4654228.47,2181.11
-11801320.32,4654228.01,2181.15
-11801321.94,4654227.54,2181.15
-11801323.52,4654227.09,2181.19
-11801325.1,4654226.62,2181.19
-11801326.69,4654226.17,2181.23
-11801328.290000001,4654225.71,2181.24
-11801329.88,4654225.23,2181.26
-11801331.5,4654224.78,2181.26
-11801333.11,4654224.33,2181.29
-11801334.71,4654223.86,2181.29
-11801336.27,4654223.39,2181.32
-11801337.89,4654222.94,2181.32
-11801339.52,4654222.47,2181.35
-11801341.13,4654222.01,2181.36
-11801342.700000001,4654221.55,2181.36
-11801344.32,4654221.100000001,2181.4
-11801344.57,4654220.22,2181.4
-11801342.96,4654220.69,2181.38
-11801341.4,4654221.13,2181.36
-11801339.790000001,4654221.600000001,2181.35
-11801338.18,4654222.04,2181.32
-11801336.56,4654222.5200000005,2181.33
-11801334.94,4654222.98,2181.27
-11801333.35,4654223.43,2181.28
-11801331.76,4654223.89,2181.28
-11801330.16,4654224.36,2181.25
-11801328.55,4654224.8100000005,2181.24
-11801326.950000001,4654225.2700000005,2181.23
-11801325.38,4654225.71,2181.19
-11801323.78,4654226.17,2181.19
-11801322.15,4654226.64,2181.17
-11801320.57,4654227.09,2181.13
-11801318.99,4654227.55,2181.13
-11801317.41,4654227.99,2181.11
-11801315.78,4654228.47,2181.11
-11801314.15,4654228.93,2181.08
-11801312.56,4654229.37,2181.06
-11801310.96,4654229.84,2181.04
-11801309.38,4654230.29,2181.03
-11801307.77,4654230.76,2181.02
-11801306.17,4654231.22,2181.01
-11801304.58,4654231.66,2180.99
-11801302.98,4654232.14,2180.97
-11801301.42,4654232.58,2180.94
-11801299.82,4654233.04,2180.92
-11801298.19,4654233.48,2180.9
-11801296.6,4654233.96,2180.88
-11801295.01,4654234.42,2180.86
-11801293.43,4654234.87,2180.85
-11801291.81,4654235.32,2180.88
-11801290.21,4654235.79,2180.86
-11801288.63,4654236.24,2180.85
-11801287.040000001,4654236.7,2180.8
-11801285.43,4654237.15,2180.75
-11801283.85,4654237.600000001,2180.73
-11801282.26,4654238.07,2180.84
-11801280.65,4654238.54,2180.99
-11801279.07,4654238.99,2180.88
-11801277.46,4654239.43,2180.9
-11801275.870000001,4654239.9,2180.9
-11801274.28,4654240.350000001,2180.82
-11801272.66,4654240.82,2180.84
-11801271.08,4654241.2700000005,2180.74
-11801269.51,4654241.71,2180.65
-11801267.9,4654242.18,2180.59
-11801266.31,4654242.63,2180.6
-11801266.96,4654240.97,2180.65
-11801268.55,4654240.5200000005,2180.65
-11801270.11,4654240.05,2180.78
-11801271.68,4654239.61,2180.78
-11801273.27,4654239.16,2180.85
-11801274.89,4654238.69,2180.88
-11801276.31,4654238.350000001,2182.8
-11801276.48,4654238.24,2180.88
-11801278.05,4654237.8,2181.05
-11801279.69,4654237.3,2180.61
-11801281.27,4654236.86,2180.92
-11801282.86,4654236.38,2180.88
-11801284.46,4654235.93,2180.83
-11801286.040000001,4654235.48,2180.82
-11801287.64,4654235.0200000005,2180.86
-11801289.25,4654234.54,2180.88
-11801290.84,4654234.100000001,2180.85
-11801292.43,4654233.64,2180.84
-11801294.01,4654233.18,2180.88
-11801295.63,4654232.72,2180.86
-11801297.22,4654232.26,2180.9
-11801298.8,4654231.8100000005,2180.92
-11801300.4,4654231.33,2180.92
-11801302.02,4654230.88,2180.96
-11801303.58,4654230.44,2181.0
-11801305.17,4654229.97,2181.0
-11801306.78,4654229.5200000005,2181.02
-11801308.370000001,4654229.05,2181.04
-11801309.950000001,4654228.61,2181.07
-11801311.540000001,4654228.14,2181.07
-11801313.16,4654227.66,2181.09
-11801314.77,4654227.21,2181.11
-11801316.39,4654226.75,2181.15
-11801317.98,4654226.29,2181.13
-11801319.57,4654225.82,2181.15
-11801321.18,4654225.38,2181.19
-11801322.75,4654224.91,2181.19
-11801324.35,4654224.46,2181.23
-11801325.94,4654223.99,2181.3
-11801327.53,4654223.54,2181.27
-11801329.09,4654223.100000001,2181.29
-11801330.74,4654222.62,2181.3
-11801332.370000001,4654222.15,2181.31
-11801333.93,4654221.7,2181.32
-11801335.52,4654221.25,2181.33
-11801337.15,4654220.7700000005,2181.35
-11801338.76,4654220.3100000005,2181.35
-11801340.35,4654219.86,2181.38
-11801341.96,4654219.38,2181.38
-11801343.56,4654218.94,2181.38
-11801345.15,4654218.49,2181.4
-11801344.200000001,4654217.97,2181.38
-11801342.61,4654218.41,2181.36
-11801341.0,4654218.89,2181.36
-11801339.4,4654219.34,2181.35
-11801337.790000001,4654219.8,2181.34
-11801336.16,4654220.2700000005,2181.33
-11801334.55,4654220.73,2181.31
-11801332.97,4654221.19,2181.3
-11801331.38,4654221.64,2181.31
-11801329.790000001,4654222.08,2181.29
-11801328.17,4654222.5600000005,2181.27
-11801326.540000001,4654223.01,2181.27
-11801324.950000001,4654223.47,2181.27
-11801323.370000001,4654223.91,2181.22
-11801321.77,4654224.39,2181.21
-11801320.16,4654224.84,2181.17
-11801318.540000001,4654225.29,2181.15
-11801316.97,4654225.75,2181.15
-11801315.39,4654226.19,2181.11
-11801313.8,4654226.66,2181.1
-11801312.18,4654227.12,2181.09
-11801310.56,4654227.58,2181.04
-11801308.98,4654228.03,2181.02
-11801307.39,4654228.47,2181.02
-11801305.790000001,4654228.95,2181.02
-11801304.200000001,4654229.4,2180.98
-11801302.58,4654229.86,2180.96
-11801300.98,4654230.3100000005,2180.92
-11801299.38,4654230.78,2180.9
-11801297.790000001,4654231.23,2180.88
-11801296.19,4654231.68,2180.86
-11801294.61,4654232.14,2180.85
-11801293.040000001,4654232.58,2180.84
-11801291.43,4654233.03,2180.81
-11801289.82,4654233.5,2180.81
-11801288.23,4654233.97,2180.81
-11801286.620000001,4654234.42,2180.81
-11801285.01,4654234.89,2180.85
-11801283.41,4654235.34,2180.82
-11801281.790000001,4654235.8100000005,2181.01
-11801280.22,4654236.25,2180.86
-11801278.66,4654236.7,2180.75
-11801277.08,4654237.14,2180.79
-11801275.32,4654237.72,2182.61
-11801275.46,4654237.62,2180.9
-11801273.85,4654238.09,2180.94
-11801272.26,4654238.53,2180.86
-11801270.69,4654238.98,2180.77
-11801269.11,4654239.42,2180.73
-11801267.49,4654239.89,2180.73
-11801265.88,4654240.350000001,2180.78
-11801266.23,4654238.76,2180.79
-11801267.81,4654238.3100000005,2180.92
-11801269.370000001,4654237.87,2180.81
-11801270.98,4654237.4,2180.69
-11801272.57,4654236.95,2180.75
-11801274.16,4654236.48,2180.75
-11801275.77,4654236.03,2180.79
-11801277.34,4654235.57,2180.83
-11801278.91,4654235.13,2181.11
-11801280.51,4654234.68,2181.04
-11801282.11,4654234.2,2180.82
-11801283.700000001,4654233.75,2180.79
-11801285.3,4654233.29,2180.79
-11801286.9,4654232.8100000005,2180.8
-11801288.51,4654232.37,2180.8
-11801290.11,4654231.91,2180.83
-11801291.74,4654231.43,2180.84
-11801293.3,4654231.0,2180.84
-11801294.89,4654230.53,2180.88
-11801296.5,4654230.08,2180.88
-11801298.11,4654229.61,2180.88
-11801299.700000001,4654229.15,2180.9
-11801301.28,4654228.7,2180.94
-11801302.870000001,4654228.25,2180.97
-11801304.46,4654227.78,2180.99
-11801306.040000001,4654227.33,2181.02
-11801307.63,4654226.86,2181.04
-11801309.22,4654226.42,2181.05
-11801310.81,4654225.97,2181.05
-11801312.43,4654225.5,2181.08
-11801314.02,4654225.05,2181.11
-11801315.61,4654224.58,2181.13
-11801317.200000001,4654224.14,2181.15
-11801318.81,4654223.68,2181.21
-11801320.44,4654223.2,2181.22
-11801322.02,4654222.76,2181.25
-11801323.61,4654222.3,2181.24
-11801325.21,4654221.84,2181.27
-11801326.83,4654221.38,2181.3
-11801328.43,4654220.92,2181.3
-11801330.040000001,4654220.46,2181.31
-11801331.65,4654219.99,2181.3
-11801333.24,4654219.53,2181.32
-11801334.82,4654219.09,2181.32
-11801336.41,4654218.62,2181.35
-11801338.040000001,4654218.14,2181.35
-11801339.64,4654217.7,2181.38
-11801341.200000001,4654217.25,2181.38
-11801342.8,4654216.79,2181.38
-11801344.42,4654216.33,2181.4
-11801345.27,4654215.32,2181.44
-11801343.67,4654215.7700000005,2181.42
-11801342.1,4654216.21,2181.4
-11801340.5,4654216.67,2181.38
-11801338.89,4654217.12,2181.36
-11801337.27,4654217.600000001,2181.35
-11801335.65,4654218.05,2181.34
-11801334.06,4654218.51,2181.34
-11801332.46,4654218.95,2181.32
-11801330.84,4654219.43,2181.3
-11801329.21,4654219.89,2181.31
-11801327.61,4654220.33,2181.29
-11801326.0,4654220.79,2181.29
-11801324.43,4654221.25,2181.27
-11801322.83,4654221.71,2181.24
-11801321.200000001,4654222.17,2181.22
-11801319.6,4654222.62,2181.21
-11801318.03,4654223.08,2181.17
-11801316.46,4654223.51,2181.13
-11801314.84,4654223.99,2181.11
-11801313.22,4654224.44,2181.1
-11801311.620000001,4654224.9,2181.06
-11801310.040000001,4654225.34,2181.04
-11801308.46,4654225.79,2181.04
-11801306.86,4654226.26,2181.01
-11801305.24,4654226.72,2181.0
-11801303.64,4654227.18,2180.96
-11801302.040000001,4654227.62,2180.94
-11801300.47,4654228.09,2180.94
-11801298.89,4654228.51,2180.92
-11801297.25,4654228.99,2180.88
-11801295.67,4654229.45,2180.86
-11801294.11,4654229.89,2180.86
-11801292.52,4654230.34,2180.83
-11801290.91,4654230.79,2180.85
-11801289.31,4654231.26,2180.83
-11801287.700000001,4654231.73,2180.81
-11801286.08,4654232.18,2180.79
-11801284.48,4654232.62,2180.79
-11801282.88,4654233.100000001,2180.82
-11801281.290000001,4654233.55,2180.81
-11801279.66,4654234.01,2180.99
-11801278.1,4654234.46,2180.96
-11801276.53,4654234.9,2180.86
-11801274.93,4654235.37,2180.81
-11801273.32,4654235.82,2180.77
-11801271.75,4654236.28,2180.69
-11801270.14,4654236.73,2180.69
-11801268.58,4654237.17,2180.67
-11801266.97,4654237.62,2180.61
-11801266.89,4654236.19,2180.65
-11801268.47,4654235.76,2180.67
-11801270.07,4654235.29,2180.71
-11801271.48,4654235.0,2183.11
-11801271.67,4654234.84,2180.77
-11801273.26,4654234.39,2180.85
-11801274.85,4654233.93,2180.9
-11801276.43,4654233.48,2180.9
-11801278.02,4654233.01,2181.08
-11801279.64,4654232.5600000005,2180.83
-11801281.21,4654232.11,2180.79
-11801282.82,4654231.63,2180.79
-11801284.43,4654231.17,2180.79
-11801286.03,4654230.72,2180.8
-11801287.620000001,4654230.2700000005,2180.82
-11801289.21,4654229.8100000005,2180.84
-11801290.83,4654229.350000001,2180.86
-11801292.42,4654228.89,2180.86
-11801294.0,4654228.44,2180.86
-11801295.57,4654227.99,2180.88
-11801297.19,4654227.5200000005,2180.9
-11801298.790000001,4654227.0600000005,2180.94
-11801300.39,4654226.61,2180.96
-11801301.98,4654226.16,2180.98
-11801303.56,4654225.7,2180.97
-11801305.13,4654225.24,2180.98
-11801306.74,4654224.78,2181.01
-11801308.34,4654224.33,2181.02
-11801309.950000001,4654223.88,2181.06
-11801311.540000001,4654223.4,2181.09
-11801313.16,4654222.96,2181.13
-11801314.77,4654222.49,2181.15
-11801316.36,4654222.04,2181.15
-11801317.93,4654221.57,2181.17
-11801319.52,4654221.13,2181.21
-11801321.120000001,4654220.68,2181.23
-11801322.73,4654220.21,2181.27
-11801324.35,4654219.76,2181.29
-11801325.92,4654219.29,2181.28
-11801327.53,4654218.84,2181.31
-11801329.17,4654218.37,2181.31
-11801330.74,4654217.9,2181.35
-11801332.33,4654217.46,2181.34
-11801333.93,4654217.01,2181.35
-11801335.52,4654216.55,2181.38
-11801337.15,4654216.09,2181.38
-11801338.77,4654215.62,2181.38
-11801340.36,4654215.17,2181.42
-11801341.94,4654214.71,2181.48
-11801343.540000001,4654214.23,2181.44
-11801345.16,4654213.79,2181.4
-11801344.83,4654213.03,2181.47
-11801343.23,4654213.48,2181.38
-11801341.620000001,4654213.93,2181.44
-11801340.02,4654214.4,2181.42
-11801338.42,4654214.850000001,2181.42
-11801336.81,4654215.3100000005,2181.38
-11801335.21,4654215.76,2181.36
-11801333.620000001,4654216.22,2181.34
-11801332.0,4654216.66,2181.35
-11801330.38,4654217.14,2181.31
-11801328.78,4654217.59,2181.3
-11801327.19,4654218.04,2181.28
-11801325.58,4654218.5,2181.26
-11801324.02,4654218.94,2181.24
-11801322.43,4654219.38,2181.25
-11801320.82,4654219.86,2181.23
-11801319.22,4654220.3100000005,2181.19
-11801317.6,4654220.7700000005,2181.15
-11801316.0,4654221.22,2181.15
-11801314.39,4654221.69,2181.13
-11801312.790000001,4654222.14,2181.1
-11801311.18,4654222.59,2181.09
-11801309.58,4654223.05,2181.05
-11801307.99,4654223.5,2181.03
-11801306.4,4654223.94,2181.0
-11801304.790000001,4654224.41,2180.98
-11801303.200000001,4654224.86,2180.97
-11801301.59,4654225.32,2180.96
-11801300.01,4654225.7700000005,2180.94
-11801298.43,4654226.22,2180.92
-11801296.84,4654226.66,2180.9
-11801295.22,4654227.13,2180.86
-11801293.620000001,4654227.58,2180.88
-11801292.02,4654228.04,2180.85
-11801290.42,4654228.49,2180.85
-11801288.84,4654228.94,2180.83
-11801287.21,4654229.41,2180.81
-11801285.620000001,4654229.87,2180.8
-11801284.03,4654230.32,2180.78
-11801282.43,4654230.7700000005,2180.77
-11801280.85,4654231.21,2180.78
-11801279.27,4654231.67,2180.8
-11801277.65,4654232.13,2180.94
-11801276.06,4654232.59,2180.86
-11801274.47,4654233.04,2180.88
-11801272.69,4654233.64,2183.13
-11801272.88,4654233.49,2180.78
-11801271.11,4654234.08,2182.84
-11801271.27,4654233.95,2180.79
-11801269.67,4654234.39,2180.74
-11801268.09,4654234.850000001,2180.69
-11801266.51,4654235.28,2180.63
-11801266.0,4654234.01,2180.65
-11801267.6,4654233.55,2180.69
-11801269.18,4654233.100000001,2180.73
-11801270.790000001,4654232.64,2180.8
-11801272.38,4654232.19,2180.82
-11801273.97,4654231.72,2180.86
-11801275.52,4654231.28,2181.11
-11801277.15,4654230.83,2180.88
-11801278.74,4654230.36,2180.85
-11801280.35,4654229.91,2180.81
-11801281.94,4654229.44,2180.81
-11801283.5,4654229.0,2180.79
-11801285.11,4654228.55,2180.83
-11801286.72,4654228.08,2180.85
-11801288.32,4654227.62,2180.86
-11801289.92,4654227.16,2180.85
-11801291.49,4654226.72,2180.86
-11801293.06,4654226.2700000005,2180.88
-11801294.67,4654225.82,2180.9
-11801296.26,4654225.36,2180.9
-11801297.88,4654224.9,2180.94
-11801299.46,4654224.44,2180.96
-11801301.02,4654224.0,2180.99
-11801302.63,4654223.55,2180.99
-11801304.25,4654223.05,2181.0
-11801305.86,4654222.61,2181.01
-11801307.44,4654222.16,2181.03
-11801309.05,4654221.71,2181.05
-11801310.65,4654221.25,2181.06
-11801312.25,4654220.7700000005,2181.09
-11801313.84,4654220.33,2181.09
-11801315.43,4654219.88,2181.11
-11801317.02,4654219.43,2181.17
-11801318.64,4654218.97,2181.17
-11801320.24,4654218.49,2181.19
-11801321.84,4654218.05,2181.24
-11801323.43,4654217.600000001,2181.24
-11801325.01,4654217.14,2181.27
-11801326.61,4654216.69,2181.3
-11801328.21,4654216.24,2181.33
-11801329.81,4654215.7700000005,2181.35
-11801331.38,4654215.33,2181.36
-11801332.99,4654214.88,2181.42
-11801334.61,4654214.41,2181.42
-11801336.25,4654213.94,2181.42
-11801337.85,4654213.48,2181.42
-11801339.43,4654213.0200000005,2181.38
-11801341.02,4654212.58,2181.48
-11801342.64,4654212.100000001,2181.48
-11801344.26,4654211.66,2181.49
-11801344.09,4654210.92,2181.49
-11801342.49,4654211.36,2181.47
-11801340.91,4654211.83,2181.49
-11801339.31,4654212.28,2181.46
-11801337.700000001,4654212.73,2181.38
-11801336.06,4654213.19,2181.42
-11801334.44,4654213.64,2181.42
-11801332.84,4654214.11,2181.4
-11801331.25,4654214.5600000005,2181.38
-11801329.66,4654215.0200000005,2181.34
-11801328.05,4654215.47,2181.34
-11801326.44,4654215.92,2181.32
-11801324.83,4654216.36,2181.28
-11801323.25,4654216.83,2181.24
-11801321.65,4654217.28,2181.24
-11801320.06,4654217.74,2181.19
-11801318.450000001,4654218.19,2181.17
-11801316.86,4654218.65,2181.13
-11801315.26,4654219.09,2181.11
-11801313.65,4654219.55,2181.11
-11801312.06,4654220.01,2181.1
-11801310.46,4654220.46,2181.06
-11801308.870000001,4654220.91,2181.05
-11801307.26,4654221.37,2181.04
-11801305.66,4654221.8100000005,2181.01
-11801304.07,4654222.2700000005,2181.02
-11801302.450000001,4654222.73,2180.98
-11801300.85,4654223.18,2180.99
-11801299.27,4654223.64,2180.94
-11801297.68,4654224.09,2180.92
-11801296.09,4654224.53,2180.92
-11801294.48,4654224.98,2180.9
-11801292.89,4654225.42,2180.86
-11801291.290000001,4654225.89,2180.86
-11801289.69,4654226.34,2180.85
-11801288.09,4654226.8,2180.86
-11801286.5,4654227.25,2180.81
-11801284.92,4654227.71,2180.82
-11801283.33,4654228.15,2180.84
-11801281.700000001,4654228.63,2180.79
-11801280.09,4654229.08,2180.79
-11801278.49,4654229.53,2180.83
-11801276.89,4654229.99,2180.92
-11801275.31,4654230.43,2180.97
-11801273.73,4654230.89,2180.86
-11801272.14,4654231.32,2180.82
-11801270.52,4654231.8,2180.81
-11801268.92,4654232.26,2180.75
-11801267.34,4654232.7,2180.65
-11801265.75,4654233.15,2180.65
-11801266.6,4654231.38,2180.69
-11801268.16,4654230.96,2180.74
-11801269.74,4654230.49,2180.8
-11801271.36,4654230.05,2180.83
-11801272.950000001,4654229.59,2180.88
-11801274.51,4654229.15,2180.97
-11801276.14,4654228.67,2180.83
-11801277.74,4654228.21,2180.79
-11801279.31,4654227.7700000005,2180.81
-11801280.89,4654227.3100000005,2180.8
-11801282.47,4654226.87,2180.79
-11801284.08,4654226.41,2180.81
-11801285.69,4654225.95,2180.85
-11801287.3,4654225.49,2180.86
-11801288.89,4654225.03,2180.86
-11801290.47,4654224.59,2180.88
-11801292.06,4654224.14,2180.88
-11801293.67,4654223.67,2180.9
-11801295.28,4654223.21,2180.92
-11801296.84,4654222.76,2180.92
-11801298.41,4654222.32,2180.96
-11801300.01,4654221.87,2181.0
-11801301.66,4654221.38,2181.01
-11801303.26,4654220.92,2181.04
-11801304.85,4654220.48,2181.03
-11801306.43,4654220.03,2181.05
-11801308.01,4654219.59,2181.07
-11801309.6,4654219.14,2181.1
-11801311.22,4654218.67,2181.11
-11801312.83,4654218.2,2181.11
-11801314.44,4654217.75,2181.13
-11801316.040000001,4654217.3,2181.15
-11801317.63,4654216.84,2181.19
-11801319.25,4654216.37,2181.24
-11801320.86,4654215.92,2181.24
-11801322.42,4654215.48,2181.28
-11801324.0,4654215.03,2181.31
-11801325.63,4654214.5600000005,2181.32
-11801327.23,4654214.09,2181.3
-11801328.82,4654213.65,2181.36
-11801330.42,4654213.2,2181.4
-11801332.01,4654212.75,2181.42
-11801333.64,4654212.28,2181.36
-11801335.24,4654211.8100000005,2181.4
-11801336.83,4654211.37,2181.49
-11801338.42,4654210.92,2181.48
-11801340.03,4654210.46,2181.48
-11801341.63,4654210.0,2181.47
-11801343.25,4654209.53,2181.5
-11801344.88,4654209.08,2181.48
-11801345.11,4654208.18,2181.49
-11801343.48,4654208.66,2181.49
-11801341.88,4654209.11,2181.47
-11801340.27,4654209.5600000005,2181.47
-11801338.68,4654210.0200000005,2181.46
-11801337.09,4654210.46,2181.44
-11801335.46,4654210.93,2181.44
-11801333.86,4654211.38,2181.38
-11801332.27,4654211.83,2181.3
-11801330.65,4654212.29,2181.4
-11801329.03,4654212.74,2181.38
-11801327.43,4654213.21,2181.33
-11801325.82,4654213.66,2181.31
-11801324.22,4654214.100000001,2181.28
-11801322.65,4654214.55,2181.3
-11801321.06,4654215.01,2181.26
-11801319.46,4654215.46,2181.23
-11801317.870000001,4654215.9,2181.19
-11801316.25,4654216.37,2181.15
-11801314.66,4654216.8,2181.15
-11801313.07,4654217.26,2181.13
-11801311.450000001,4654217.72,2181.11
-11801309.83,4654218.18,2181.09
-11801308.23,4654218.63,2181.07
-11801306.65,4654219.08,2181.06
-11801305.03,4654219.5200000005,2181.02
-11801303.44,4654219.99,2181.03
-11801301.88,4654220.44,2181.04
-11801300.26,4654220.89,2180.98
-11801298.68,4654221.33,2180.94
-11801297.09,4654221.79,2180.94
-11801295.49,4654222.24,2180.92
-11801293.870000001,4654222.7,2180.9
-11801292.24,4654223.16,2180.88
-11801290.65,4654223.62,2180.88
-11801289.08,4654224.0600000005,2180.84
-11801287.49,4654224.51,2180.86
-11801285.89,4654224.96,2180.84
-11801284.290000001,4654225.42,2180.83
-11801282.69,4654225.86,2180.8
-11801281.1,4654226.32,2180.79
-11801279.51,4654226.75,2180.79
-11801277.9,4654227.22,2180.77
-11801276.31,4654227.67,2180.78
-11801274.72,4654228.13,2180.84
-11801273.1,4654228.58,2180.94
-11801271.47,4654229.05,2180.86
-11801269.88,4654229.5,2180.77
-11801268.290000001,4654229.94,2180.73
-11801266.71,4654230.39,2180.69
-11801267.03,4654228.76,2180.72
-11801268.620000001,4654228.3100000005,2180.78
-11801270.21,4654227.86,2180.82
-11801271.59,4654227.57,2183.27
-11801271.83,4654227.36,2180.35
-11801273.16,4654227.12,2183.23
-11801273.35,4654226.96,2180.86
-11801274.76,4654226.66,2183.3
-11801274.97,4654226.51,2180.8
-11801276.58,4654226.03,2180.8
-11801278.17,4654225.59,2180.79
-11801279.78,4654225.13,2180.81
-11801281.36,4654224.68,2180.8
-11801282.93,4654224.24,2180.82
-11801284.53,4654223.79,2180.82
-11801286.120000001,4654223.3100000005,2180.84
-11801287.700000001,4654222.87,2180.88
-11801289.290000001,4654222.43,2180.86
-11801290.91,4654221.96,2180.88
-11801292.5,4654221.51,2180.9
-11801294.120000001,4654221.05,2180.92
-11801295.72,4654220.58,2180.92
-11801297.28,4654220.14,2180.94
-11801298.870000001,4654219.69,2180.97
-11801300.48,4654219.24,2180.98
-11801302.09,4654218.78,2181.02
-11801303.68,4654218.33,2181.04
-11801305.28,4654217.86,2181.08
-11801306.88,4654217.42,2181.09
-11801308.450000001,4654216.97,2181.11
-11801310.03,4654216.53,2181.11
-11801311.620000001,4654216.07,2181.11
-11801313.23,4654215.62,2181.15
-11801314.83,4654215.17,2181.17
-11801316.42,4654214.71,2181.19
-11801318.040000001,4654214.25,2181.22
-11801319.66,4654213.79,2181.26
-11801321.25,4654213.34,2181.3
-11801322.84,4654212.89,2181.29
-11801324.44,4654212.43,2181.34
-11801326.040000001,4654211.97,2181.35
-11801327.64,4654211.5200000005,2181.38
-11801329.24,4654211.0600000005,2181.34
-11801330.870000001,4654210.600000001,2181.38
-11801332.46,4654210.14,2181.44
-11801334.07,4654209.68,2181.47
-11801335.67,4654209.24,2181.47
-11801337.28,4654208.78,2181.49
-11801338.870000001,4654208.32,2181.48
-11801340.450000001,4654207.88,2181.48
-11801342.06,4654207.42,2181.49
-11801343.67,4654206.96,2181.53
-11801345.26,4654206.51,2181.54
-11801344.28,4654206.04,2181.53
-11801342.65,4654206.5,2181.52
-11801341.05,4654206.96,2181.49
-11801339.47,4654207.41,2181.47
-11801337.870000001,4654207.86,2181.46
-11801336.24,4654208.3100000005,2181.44
-11801334.66,4654208.7700000005,2181.44
-11801333.05,4654209.22,2181.44
-11801331.42,4654209.66,2181.44
-11801329.83,4654210.13,2181.42
-11801328.25,4654210.5600000005,2181.32
-11801326.63,4654211.04,2181.38
-11801325.02,4654211.49,2181.34
-11801323.43,4654211.94,2181.31
-11801321.83,4654212.38,2181.28
-11801320.22,4654212.84,2181.25
-11801318.64,4654213.28,2181.23
-11801317.040000001,4654213.74,2181.19
-11801315.42,4654214.2,2181.17
-11801313.82,4654214.65,2181.15
-11801312.23,4654215.11,2181.13
-11801310.61,4654215.5600000005,2181.13
-11801308.99,4654216.0,2181.1
-11801307.43,4654216.45,2181.1
-11801305.83,4654216.9,2181.09
-11801304.24,4654217.36,2181.06
-11801302.61,4654217.82,2181.03
-11801300.98,4654218.2700000005,2180.99
-11801299.41,4654218.72,2181.0
-11801297.83,4654219.16,2180.97
-11801296.22,4654219.62,2180.96
-11801294.620000001,4654220.0600000005,2180.94
-11801293.03,4654220.51,2180.92
-11801291.41,4654220.98,2180.9
-11801289.82,4654221.43,2180.92
-11801288.23,4654221.89,2180.92
-11801286.64,4654222.33,2180.86
-11801285.06,4654222.78,2180.82
-11801283.47,4654223.23,2180.82
-11801281.86,4654223.67,2180.81
-11801280.25,4654224.14,2180.79
-11801278.65,4654224.59,2180.8
-11801277.05,4654225.04,2180.78
-11801275.46,4654225.49,2180.76
-11801273.66,4654226.100000001,2183.38
-11801273.89,4654225.93,2180.73
-11801272.0,4654226.62,2184.27
-11801272.28,4654226.4,2180.85
-11801270.42,4654227.0600000005,2184.17
-11801270.72,4654226.82,2180.46
-11801269.08,4654227.29,2180.76
-11801267.48,4654227.73,2180.74
-11801265.88,4654228.19,2180.72
-11801265.96,4654226.5600000005,2180.74
-11801267.53,4654226.100000001,2180.76
-11801268.870000001,4654225.87,2184.25
-11801269.0,4654225.7700000005,2182.63
-11801269.15,4654225.64,2180.83
-11801270.450000001,4654225.4,2184.34
-11801272.02,4654224.99,2184.56
-11801272.32,4654224.74,2180.86
-11801273.6,4654224.55,2184.72
-11801273.93,4654224.29,2180.78
-11801275.52,4654223.83,2180.81
-11801277.13,4654223.38,2180.82
-11801278.72,4654222.91,2180.81
-11801280.32,4654222.46,2180.82
-11801281.93,4654222.01,2180.84
-11801283.51,4654221.57,2180.85
-11801285.09,4654221.11,2180.85
-11801286.69,4654220.66,2180.88
-11801288.290000001,4654220.21,2180.92
-11801289.85,4654219.76,2180.9
-11801291.48,4654219.3,2180.92
-11801293.11,4654218.84,2180.97
-11801294.68,4654218.39,2180.98
-11801296.24,4654217.95,2180.97
-11801297.82,4654217.5,2181.02
-11801299.43,4654217.04,2181.01
-11801301.06,4654216.58,2181.03
-11801302.65,4654216.12,2181.05
-11801304.23,4654215.68,2181.08
-11801305.82,4654215.23,2181.11
-11801307.450000001,4654214.76,2181.11
-11801309.05,4654214.29,2181.13
-11801310.63,4654213.850000001,2181.15
-11801312.23,4654213.4,2181.17
-11801313.84,4654212.95,2181.17
-11801315.450000001,4654212.49,2181.19
-11801317.07,4654212.01,2181.22
-11801318.61,4654211.600000001,2181.23
-11801320.19,4654211.15,2181.27
-11801321.83,4654210.68,2181.29
-11801323.44,4654210.22,2181.35
-11801325.01,4654209.7700000005,2181.31
-11801326.620000001,4654209.32,2181.36
-11801328.19,4654208.88,2181.42
-11801329.81,4654208.4,2181.42
-11801331.41,4654207.96,2181.42
-11801333.0,4654207.5200000005,2181.42
-11801334.64,4654207.05,2181.44
-11801336.23,4654206.600000001,2181.44
-11801337.81,4654206.14,2181.49
-11801339.39,4654205.7,2181.52
-11801340.99,4654205.23,2181.51
-11801342.61,4654204.78,2181.53
-11801344.21,4654204.33,2181.6
-11801345.06,4654203.34,2181.58
-11801343.47,4654203.78,2181.57
-11801341.85,4654204.24,2181.54
-11801340.25,4654204.69,2181.53
-11801338.620000001,4654205.15,2181.48
-11801337.0,4654205.600000001,2181.48
-11801335.42,4654206.04,2181.44
-11801333.82,4654206.51,2181.42
-11801332.200000001,4654206.96,2181.42
-11801330.6,4654207.41,2181.4
-11801329.0,4654207.87,2181.38
-11801327.4,4654208.32,2181.4
-11801325.78,4654208.76,2181.35
-11801324.18,4654209.23,2181.3
-11801322.6,4654209.66,2181.33
-11801321.0,4654210.12,2181.31
-11801319.38,4654210.58,2181.27
-11801317.78,4654211.03,2181.23
-11801316.200000001,4654211.48,2181.19
-11801314.6,4654211.93,2181.19
-11801312.99,4654212.38,2181.19
-11801311.4,4654212.82,2181.15
-11801309.81,4654213.2700000005,2181.15
-11801308.18,4654213.74,2181.15
-11801306.58,4654214.19,2181.13
-11801305.01,4654214.63,2181.09
-11801303.39,4654215.09,2181.07
-11801301.78,4654215.54,2181.05
-11801300.18,4654216.0,2181.03
-11801298.6,4654216.44,2181.02
-11801297.05,4654216.88,2180.99
-11801295.43,4654217.33,2180.99
-11801293.81,4654217.8,2180.94
-11801292.19,4654218.25,2180.94
-11801290.58,4654218.71,2180.92
-11801289.01,4654219.15,2180.9
-11801287.450000001,4654219.59,2180.9
-11801285.83,4654220.04,2180.86
-11801284.23,4654220.49,2180.85
-11801282.64,4654220.95,2180.88
-11801281.03,4654221.39,2180.83
-11801279.42,4654221.850000001,2180.81
-11801277.81,4654222.3100000005,2180.85
-11801276.23,4654222.76,2180.9
-11801274.64,4654223.2,2180.81
-11801272.81,4654223.83,2183.67
-11801273.05,4654223.66,2180.74
-11801271.13,4654224.36,2184.86
-11801269.63,4654224.76,2184.13
-11801269.89,4654224.55,2180.94
-11801268.28,4654225.0,2180.86
-11801266.67,4654225.45,2180.75
-11801266.290000001,4654223.99,2180.76
-11801267.86,4654223.53,2180.74
-11801269.44,4654223.09,2180.86
-11801270.78,4654222.84,2183.88
-11801271.02,4654222.64,2180.88
-11801272.63,4654222.17,2180.81
-11801274.19,4654221.76,2181.11
-11801275.8,4654221.29,2180.85
-11801277.39,4654220.84,2180.9
-11801279.03,4654220.37,2180.81
-11801280.63,4654219.92,2180.83
-11801282.24,4654219.45,2180.88
-11801283.83,4654219.01,2180.84
-11801285.42,4654218.5600000005,2180.86
-11801287.0,4654218.12,2180.92
-11801288.6,4654217.65,2180.92
-11801290.17,4654217.21,2180.96
-11801291.77,4654216.76,2180.94
-11801293.38,4654216.3,2180.97
-11801294.97,4654215.84,2181.01
-11801296.55,4654215.39,2181.03
-11801298.14,4654214.95,2181.04
-11801299.72,4654214.5,2181.05
-11801301.35,4654214.05,2181.06
-11801302.96,4654213.58,2181.09
-11801304.58,4654213.11,2181.11
-11801306.18,4654212.67,2181.15
-11801307.76,4654212.22,2181.17
-11801309.35,4654211.7700000005,2181.17
-11801310.96,4654211.3100000005,2181.22
-11801312.56,4654210.86,2181.22
-11801314.15,4654210.39,2181.19
-11801315.76,4654209.95,2181.26
-11801317.34,4654209.5,2181.27
-11801318.92,4654209.0600000005,2181.31
-11801320.53,4654208.600000001,2181.28
-11801322.15,4654208.15,2181.3
-11801323.74,4654207.69,2181.36
-11801325.36,4654207.24,2181.38
-11801326.950000001,4654206.7700000005,2181.4
-11801328.540000001,4654206.33,2181.42
-11801330.16,4654205.88,2181.44
-11801331.77,4654205.41,2181.47
-11801333.4,4654204.96,2181.47
-11801334.98,4654204.49,2181.51
-11801336.55,4654204.05,2181.52
-11801338.13,4654203.61,2181.52
-11801339.74,4654203.16,2181.53
-11801341.35,4654202.7,2181.58
-11801342.96,4654202.25,2181.6
-11801344.540000001,4654201.8,2181.63
-11801344.14,4654201.11,2181.6
-11801342.540000001,4654201.5600000005,2181.63
-11801340.96,4654202.0,2181.57
-11801339.35,4654202.46,2181.54
-11801337.74,4654202.91,2181.52
-11801336.13,4654203.36,2181.5
-11801334.540000001,4654203.8100000005,2181.49
-11801332.91,4654204.2700000005,2181.48
-11801331.31,4654204.73,2181.44
-11801329.72,4654205.17,2181.44
-11801328.120000001,4654205.62,2181.4
-11801326.52,4654206.07,2181.42
-11801324.93,4654206.51,2181.36
-11801323.32,4654206.97,2181.35
-11801321.71,4654207.42,2181.35
-11801320.1,4654207.86,2181.28
-11801318.49,4654208.33,2181.23
-11801316.870000001,4654208.78,2181.28
-11801315.28,4654209.24,2181.23
-11801313.67,4654209.68,2181.22
-11801312.11,4654210.12,2181.17
-11801310.52,4654210.57,2181.19
-11801308.91,4654211.03,2181.15
-11801307.32,4654211.48,2181.15
-11801305.700000001,4654211.92,2181.11
-11801304.1,4654212.37,2181.11
-11801302.5,4654212.82,2181.1
-11801300.9,4654213.28,2181.09
-11801299.3,4654213.74,2181.07
-11801297.71,4654214.18,2181.04
-11801296.1,4654214.63,2181.04
-11801294.5,4654215.08,2181.01
-11801292.91,4654215.5200000005,2180.98
-11801291.3,4654215.98,2180.96
-11801289.71,4654216.43,2180.94
-11801288.11,4654216.87,2180.94
-11801286.52,4654217.33,2180.9
-11801284.91,4654217.7700000005,2180.86
-11801283.28,4654218.23,2180.85
-11801281.71,4654218.69,2180.85
-11801280.13,4654219.13,2180.85
-11801278.53,4654219.58,2180.82
-11801276.93,4654220.04,2180.9
-11801275.33,4654220.49,2180.94
-11801273.72,4654220.93,2181.11
-11801272.14,4654221.38,2180.83
-11801270.55,4654221.82,2180.78
-11801268.96,4654222.2700000005,2180.9
-11801267.370000001,4654222.72,2180.88
-11801265.77,4654223.16,2180.79
-11801266.59,4654221.41,2180.96
-11801268.19,4654220.94,2180.82
-11801269.76,4654220.5,2180.78
-11801271.34,4654220.05,2180.84
-11801272.950000001,4654219.59,2180.85
-11801274.57,4654219.11,2180.83
-11801276.15,4654218.69,2180.96
-11801277.74,4654218.22,2180.88
-11801279.35,4654217.78,2180.85
-11801280.94,4654217.32,2180.86
-11801282.55,4654216.87,2180.9
-11801284.16,4654216.42,2180.9
-11801285.76,4654215.96,2180.9
-11801287.370000001,4654215.5,2180.92
-11801288.93,4654215.0600000005,2180.92
-11801290.51,4654214.600000001,2180.98
-11801292.1,4654214.16,2181.0
-11801293.69,4654213.71,2181.03
-11801295.31,4654213.25,2181.03
-11801296.91,4654212.8,2181.06
-11801298.49,4654212.36,2181.09
-11801300.07,4654211.91,2181.1
-11801301.66,4654211.47,2181.11
-11801303.290000001,4654210.99,2181.13
-11801304.88,4654210.55,2181.15
-11801306.49,4654210.09,2181.17
-11801308.08,4654209.65,2181.19
-11801309.68,4654209.2,2181.21
-11801311.25,4654208.74,2181.28
-11801312.85,4654208.29,2181.24
-11801314.5,4654207.82,2181.22
-11801316.07,4654207.38,2181.29
-11801317.64,4654206.93,2181.28
-11801319.23,4654206.49,2181.3
-11801320.82,4654206.03,2181.34
-11801322.450000001,4654205.58,2181.36
-11801324.07,4654205.100000001,2181.38
-11801325.65,4654204.67,2181.44
-11801327.25,4654204.21,2181.44
-11801328.86,4654203.7700000005,2181.46
-11801330.46,4654203.3100000005,2181.47
-11801332.07,4654202.86,2181.51
-11801333.66,4654202.4,2181.52
-11801335.25,4654201.96,2181.53
-11801336.84,4654201.51,2181.54
-11801338.47,4654201.04,2181.56
-11801340.07,4654200.59,2181.57
-11801341.65,4654200.15,2181.61
-11801343.28,4654199.68,2181.63
-11801344.89,4654199.23,2181.65
-11801344.74,4654198.41,2181.63
-11801343.13,4654198.850000001,2181.63
-11801341.5,4654199.32,2181.63
-11801339.89,4654199.7700000005,2181.61
-11801338.26,4654200.24,2181.56
-11801336.64,4654200.68,2181.54
-11801335.05,4654201.13,2181.53
-11801333.47,4654201.57,2181.52
-11801331.88,4654202.01,2181.51
-11801330.27,4654202.47,2181.5
-11801328.66,4654202.93,2181.47
-11801327.06,4654203.38,2181.46
-11801325.47,4654203.83,2181.44
-11801323.870000001,4654204.2700000005,2181.4
-11801322.26,4654204.72,2181.36
-11801320.66,4654205.18,2181.32
-11801319.06,4654205.63,2181.33
-11801317.47,4654206.07,2181.33
-11801315.86,4654206.53,2181.26
-11801314.24,4654206.97,2181.26
-11801312.64,4654207.43,2181.26
-11801311.07,4654207.86,2181.21
-11801309.44,4654208.33,2181.19
-11801307.81,4654208.79,2181.24
-11801306.24,4654209.24,2181.19
-11801304.64,4654209.68,2181.15
-11801303.05,4654210.13,2181.15
-11801301.49,4654210.57,2181.11
-11801299.870000001,4654211.0200000005,2181.11
-11801298.24,4654211.48,2181.1
-11801296.65,4654211.92,2181.06
-11801295.040000001,4654212.36,2181.04
-11801293.450000001,4654212.8100000005,2181.03
-11801291.870000001,4654213.25,2180.99
-11801290.3,4654213.69,2180.98
-11801288.68,4654214.15,2180.94
-11801287.08,4654214.61,2180.94
-11801285.5,4654215.0600000005,2180.92
-11801283.91,4654215.51,2180.9
-11801282.290000001,4654215.96,2180.9
-11801280.68,4654216.42,2180.92
-11801279.11,4654216.86,2180.94
-11801277.5,4654217.3100000005,2180.88
-11801275.86,4654217.78,2181.13
-11801274.28,4654218.21,2180.82
-11801272.69,4654218.65,2180.85
-11801271.07,4654219.13,2181.0
-11801269.49,4654219.54,2180.83
-11801267.91,4654219.98,2180.78
-11801266.31,4654220.46,2180.86
-11801266.870000001,4654218.76,2180.72
-11801268.48,4654218.3100000005,2180.79
-11801270.09,4654217.850000001,2180.86
-11801271.67,4654217.41,2180.86
-11801273.26,4654216.96,2180.85
-11801274.870000001,4654216.51,2180.85
-11801276.49,4654216.04,2180.86
-11801278.1,4654215.600000001,2180.88
-11801279.66,4654215.16,2180.92
-11801281.28,4654214.69,2180.92
-11801282.9,4654214.24,2180.97
-11801284.5,4654213.78,2180.94
-11801286.07,4654213.34,2180.94
-11801287.64,4654212.88,2180.98
-11801289.22,4654212.45,2180.97
-11801290.790000001,4654212.01,2181.01
-11801292.41,4654211.54,2181.0
-11801293.98,4654211.09,2181.04
-11801295.59,4654210.65,2181.07
-11801297.18,4654210.21,2181.11
-11801298.77,4654209.75,2181.13
-11801300.38,4654209.3,2181.17
-11801301.97,4654208.850000001,2181.19
-11801303.57,4654208.39,2181.19
-11801305.17,4654207.93,2181.13
-11801306.77,4654207.5,2181.21
-11801308.38,4654207.03,2181.27
-11801310.0,4654206.58,2181.28
-11801311.59,4654206.14,2181.29
-11801313.17,4654205.68,2181.29
-11801314.76,4654205.23,2181.3
-11801316.39,4654204.78,2181.32
-11801318.01,4654204.3100000005,2181.33
-11801319.61,4654203.87,2181.33
-11801321.19,4654203.41,2181.36
-11801322.74,4654202.97,2181.38
-11801324.32,4654202.53,2181.4
-11801325.94,4654202.08,2181.44
-11801327.57,4654201.63,2181.48
-11801329.16,4654201.17,2181.51
-11801330.75,4654200.72,2181.54
-11801332.36,4654200.25,2181.54
-11801333.96,4654199.82,2181.56
-11801335.540000001,4654199.36,2181.59
-11801337.14,4654198.92,2181.63
-11801338.73,4654198.46,2181.65
-11801340.36,4654198.01,2181.67
-11801341.98,4654197.5600000005,2181.71
-11801343.59,4654197.100000001,2181.73
-11801345.200000001,4654196.63,2181.69
-11801343.74,4654196.28,2181.72
-11801342.14,4654196.72,2181.69
-11801340.53,4654197.19,2181.65
-11801338.92,4654197.64,2181.65
-11801337.31,4654198.09,2181.65
-11801335.72,4654198.53,2181.67
-11801334.1,4654198.99,2181.57
-11801332.49,4654199.44,2181.55
-11801330.88,4654199.9,2181.53
-11801329.28,4654200.34,2181.51
-11801327.71,4654200.78,2181.48
-11801326.08,4654201.23,2181.44
-11801324.47,4654201.67,2181.42
-11801322.86,4654202.14,2181.38
-11801321.27,4654202.57,2181.36
-11801319.67,4654203.03,2181.35
-11801318.05,4654203.49,2181.34
-11801316.450000001,4654203.94,2181.3
-11801314.870000001,4654204.38,2181.3
-11801313.26,4654204.84,2181.3
-11801311.66,4654205.28,2181.27
-11801310.07,4654205.73,2181.26
-11801308.46,4654206.18,2181.26
-11801306.86,4654206.62,2181.24
-11801305.28,4654207.07,2181.21
-11801303.69,4654207.5200000005,2181.15
-11801302.07,4654207.96,2181.15
-11801300.44,4654208.43,2181.17
-11801298.85,4654208.88,2181.13
-11801297.28,4654209.32,2181.13
-11801295.68,4654209.76,2181.08
-11801294.05,4654210.22,2181.05
-11801292.450000001,4654210.67,2181.02
-11801290.86,4654211.12,2181.01
-11801289.28,4654211.5600000005,2180.97
-11801287.67,4654212.0,2180.99
-11801286.11,4654212.45,2180.94
-11801284.5,4654212.9,2180.94
-11801282.89,4654213.350000001,2180.97
-11801281.28,4654213.79,2180.94
-11801279.69,4654214.25,2180.9
-11801278.09,4654214.69,2180.92
-11801276.46,4654215.17,2181.09
-11801274.88,4654215.58,2180.86
-11801273.31,4654216.0200000005,2180.79
-11801271.67,4654216.5200000005,2181.19
-11801270.1,4654216.94,2180.96
-11801268.51,4654217.38,2180.8
-11801266.93,4654217.83,2180.72
-11801266.99,4654216.2,2180.81
-11801268.6,4654215.74,2180.97
-11801270.200000001,4654215.29,2180.86
-11801271.790000001,4654214.84,2180.94
-11801273.4,4654214.37,2180.9
-11801274.99,4654213.94,2180.94
-11801276.58,4654213.47,2180.98
-11801278.16,4654213.03,2180.94
-11801279.75,4654212.59,2180.92
-11801281.36,4654212.13,2180.94
-11801282.97,4654211.69,2180.99
-11801284.56,4654211.23,2180.97
-11801286.16,4654210.78,2180.98
-11801287.76,4654210.3100000005,2181.03
-11801289.35,4654209.88,2181.0
-11801290.950000001,4654209.42,2181.06
-11801292.56,4654208.98,2181.05
-11801294.16,4654208.5200000005,2181.07
-11801295.74,4654208.08,2181.1
-11801297.33,4654207.63,2181.17
-11801298.93,4654207.17,2181.11
-11801300.53,4654206.72,2181.15
-11801302.120000001,4654206.28,2181.19
-11801303.71,4654205.83,2181.22
-11801305.33,4654205.36,2181.25
-11801306.93,4654204.92,2181.24
-11801308.52,4654204.47,2181.24
-11801310.11,4654204.0200000005,2181.26
-11801311.68,4654203.57,2181.29
-11801313.28,4654203.13,2181.3
-11801314.89,4654202.68,2181.3
-11801316.5,4654202.21,2181.31
-11801318.120000001,4654201.74,2181.36
-11801319.72,4654201.3,2181.36
-11801321.3,4654200.850000001,2181.38
-11801322.91,4654200.41,2181.42
-11801324.52,4654199.95,2181.47
-11801326.120000001,4654199.5,2181.47
-11801327.69,4654199.0600000005,2181.49
-11801329.3,4654198.61,2181.52
-11801330.92,4654198.15,2181.54
-11801332.52,4654197.69,2181.57
-11801334.07,4654197.26,2181.61
-11801335.68,4654196.79,2181.61
-11801337.32,4654196.350000001,2181.61
-11801334.59,4654196.28,2181.57
-11801332.98,4654196.72,2181.59
-11801331.38,4654197.19,2181.58
-11801329.77,4654197.63,2181.54
-11801328.18,4654198.08,2181.53
-11801326.56,4654198.5200000005,2181.48
-11801324.950000001,4654198.99,2181.47
-11801323.33,4654199.43,2181.46
-11801321.74,4654199.88,2181.42
-11801320.14,4654200.32,2181.4
-11801318.53,4654200.78,2181.35
-11801316.950000001,4654201.22,2181.31
-11801315.35,4654201.67,2181.31
-11801313.73,4654202.11,2181.3
-11801312.14,4654202.55,2181.3
-11801310.55,4654203.01,2181.27
-11801308.93,4654203.47,2181.25
-11801307.3,4654203.93,2181.26
-11801305.71,4654204.37,2181.24
-11801304.13,4654204.82,2181.22
-11801302.53,4654205.26,2181.23
-11801300.92,4654205.72,2181.21
-11801299.31,4654206.17,2181.19
-11801297.71,4654206.61,2181.08
-11801296.120000001,4654207.0600000005,2181.15
-11801294.51,4654207.51,2181.11
-11801292.89,4654207.96,2181.09
-11801291.290000001,4654208.4,2181.07
-11801289.71,4654208.84,2181.06
-11801288.15,4654209.29,2181.05
-11801286.56,4654209.73,2181.01
-11801284.94,4654210.18,2180.99
-11801283.33,4654210.64,2180.94
-11801281.74,4654211.100000001,2180.92
-11801280.15,4654211.54,2180.94
-11801278.55,4654211.98,2180.94
-11801276.96,4654212.43,2180.94
-11801275.36,4654212.88,2180.9
-11801273.77,4654213.33,2180.86
-11801272.16,4654213.7700000005,2180.85
-11801270.57,4654214.22,2180.84
-11801268.97,4654214.67,2180.94
-11801267.36,4654215.13,2180.9
-11801265.77,4654215.57,2180.76
-11801267.13,4654213.55,2180.85
-11801268.72,4654213.11,2180.88
-11801270.32,4654212.66,2180.84
-11801271.89,4654212.19,2180.86
-11801273.48,4654211.75,2180.88
-11801275.06,4654211.3,2180.9
-11801276.61,4654210.88,2180.9
-11801278.24,4654210.42,2180.9
-11801279.86,4654209.96,2180.92
-11801281.43,4654209.5200000005,2180.96
-11801283.040000001,4654209.07,2180.96
-11801284.620000001,4654208.61,2180.98
-11801286.23,4654208.17,2181.01
-11801287.84,4654207.71,2181.05
-11801289.43,4654207.2700000005,2181.04
-11801291.01,4654206.8,2181.07
-11801292.620000001,4654206.37,2181.13
-11801294.22,4654205.91,2181.17
-11801295.85,4654205.45,2181.11
-11801297.44,4654205.01,2181.22
-11801299.02,4654204.5600000005,2181.21
-11801300.59,4654204.12,2181.21
-11801302.18,4654203.68,2181.19
-11801303.790000001,4654203.22,2181.22
-11801305.41,4654202.74,2181.26
-11801307.02,4654202.3100000005,2181.27
-11801308.59,4654201.850000001,2181.24
-11801310.200000001,4654201.41,2181.28
-11801311.78,4654200.95,2181.29
-11801313.370000001,4654200.51,2181.31
-11801314.99,4654200.0600000005,2181.32
-11801316.59,4654199.61,2181.35
-11801318.19,4654199.16,2181.38
-11801319.790000001,4654198.71,2181.4
-11801321.42,4654198.26,2181.42
-11801323.02,4654197.79,2181.46
-11801324.6,4654197.350000001,2181.48
-11801326.200000001,4654196.9,2181.5
-11801327.790000001,4654196.46,2181.52
-11801323.57,4654196.75,2181.47
-11801321.950000001,4654197.2,2181.44
-11801320.36,4654197.64,2181.42
-11801318.76,4654198.09,2181.38
-11801317.17,4654198.53,2181.38
-11801315.57,4654198.99,2181.35
-11801313.94,4654199.44,2181.33
-11801312.35,4654199.88,2181.32
-11801310.76,4654200.32,2181.27
-11801309.17,4654200.78,2181.27
-11801307.540000001,4654201.22,2181.25
-11801305.94,4654201.66,2181.23
-11801304.34,4654202.11,2181.23
-11801302.75,4654202.55,2181.21
-11801301.16,4654203.0200000005,2181.21
-11801299.540000001,4654203.47,2181.19
-11801297.92,4654203.93,2181.15
-11801296.32,4654204.37,2181.17
-11801294.75,4654204.8100000005,2181.11
-11801293.13,4654205.26,2181.13
-11801291.52,4654205.72,2181.13
-11801289.950000001,4654206.16,2181.07
-11801288.33,4654206.600000001,2181.04
-11801286.72,4654207.05,2181.03
-11801285.15,4654207.49,2181.0
-11801283.57,4654207.93,2180.98
-11801281.98,4654208.39,2180.97
-11801280.35,4654208.84,2180.96
-11801278.72,4654209.28,2180.92
-11801277.120000001,4654209.74,2180.88
-11801275.55,4654210.18,2180.88
-11801273.950000001,4654210.62,2180.9
-11801272.36,4654211.07,2180.92
-11801270.77,4654211.51,2180.85
-11801269.18,4654211.95,2180.86
-11801267.59,4654212.41,2180.81
-11801265.98,4654212.850000001,2180.77
-11801266.8,4654211.17,2180.8
-11801268.4,4654210.72,2180.88
-11801270.02,4654210.26,2180.9
-11801271.620000001,4654209.8100000005,2180.85
-11801273.200000001,4654209.37,2180.9
-11801274.790000001,4654208.9,2180.9
-11801276.38,4654208.48,2180.92
-11801277.97,4654208.01,2180.94
-11801279.57,4654207.57,2180.96
-11801281.18,4654207.13,2180.99
-11801282.77,4654206.67,2180.97
-11801284.35,4654206.23,2181.01
-11801285.96,4654205.78,2181.04
-11801287.55,4654205.33,2181.05
-11801289.16,4654204.87,2181.06
-11801290.74,4654204.43,2181.09
-11801292.32,4654203.98,2181.05
-11801293.9,4654203.55,2181.15
-11801295.49,4654203.100000001,2181.17
-11801297.120000001,4654202.64,2181.17
-11801298.74,4654202.18,2181.19
-11801300.3,4654201.72,2181.19
-11801301.91,4654201.28,2181.19
-11801303.53,4654200.83,2181.24
-11801305.14,4654200.37,2181.24
-11801306.75,4654199.93,2181.28
-11801308.33,4654199.48,2181.29
-11801309.89,4654199.04,2181.3
-11801311.5,4654198.58,2181.33
-11801313.13,4654198.13,2181.36
-11801314.700000001,4654197.69,2181.36
-11801316.31,4654197.22,2181.38
-11801317.9,4654196.8,2181.42
-11801314.13,4654196.84,2181.36
-11801312.53,4654197.29,2181.33
-11801310.91,4654197.73,2181.31
-11801309.32,4654198.19,2181.3
-11801307.73,4654198.63,2181.28
-11801306.120000001,4654199.08,2181.26
-11801304.55,4654199.5200000005,2181.26
-11801302.94,4654199.96,2181.25
-11801301.34,4654200.42,2181.23
-11801299.75,4654200.86,2181.21
-11801298.14,4654201.3100000005,2181.21
-11801296.53,4654201.76,2181.21
-11801294.91,4654202.2,2181.15
-11801293.32,4654202.66,2181.15
-11801291.75,4654203.09,2181.11
-11801290.16,4654203.53,2181.0
-11801288.53,4654203.99,2181.09
-11801286.93,4654204.43,2181.06
-11801285.36,4654204.88,2181.04
-11801283.76,4654205.33,2181.02
-11801282.16,4654205.7700000005,2181.0
-11801280.53,4654206.22,2180.98
-11801278.93,4654206.66,2180.97
-11801277.34,4654207.11,2180.94
-11801275.75,4654207.5600000005,2180.92
-11801274.16,4654208.0,2180.88
-11801272.55,4654208.44,2180.88
-11801270.950000001,4654208.89,2180.85
-11801269.36,4654209.34,2180.83
-11801267.76,4654209.78,2180.82
-11801266.16,4654210.23,2180.77
-11801266.66,4654208.45,2180.78
-11801268.26,4654208.01,2180.8
-11801269.870000001,4654207.5600000005,2180.83
-11801271.46,4654207.11,2180.85
-11801273.040000001,4654206.67,2180.88
-11801274.63,4654206.21,2180.92
-11801276.23,4654205.7700000005,2180.97
-11801277.84,4654205.32,2180.98
-11801279.450000001,4654204.86,2181.0
-11801281.03,4654204.42,2181.0
-11801282.620000001,4654203.96,2181.01
-11801284.21,4654203.53,2181.06
-11801285.82,4654203.0600000005,2181.1
-11801287.42,4654202.62,2181.1
-11801288.99,4654202.17,2181.09
-11801290.6,4654201.73,2181.13
-11801292.19,4654201.29,2181.13
-11801293.790000001,4654200.83,2181.15
-11801295.39,4654200.39,2181.15
-11801296.99,4654199.94,2181.19
-11801298.58,4654199.48,2181.22
-11801300.19,4654199.04,2181.23
-11801301.8,4654198.58,2181.23
-11801303.39,4654198.14,2181.27
-11801304.96,4654197.7,2181.26
-11801306.56,4654197.24,2181.3
-11801308.19,4654196.7700000005,2181.32
-11801304.56,4654196.96,2181.28
-11801302.96,4654197.41,2181.27
-11801301.35,4654197.86,2181.24
-11801299.76,4654198.3,2181.22
-11801298.14,4654198.75,2181.21
-11801296.51,4654199.2,2181.19
-11801294.93,4654199.65,2181.15
-11801293.34,4654200.09,2181.15
-11801291.74,4654200.53,2181.11
-11801290.13,4654200.99,2181.11
-11801288.540000001,4654201.43,2181.08
-11801286.94,4654201.87,2180.98
-11801285.33,4654202.32,2181.07
-11801283.73,4654202.76,2181.05
-11801282.120000001,4654203.21,2181.01
-11801280.53,4654203.66,2181.0
-11801278.950000001,4654204.100000001,2181.01
-11801277.35,4654204.54,2180.98
-11801275.77,4654204.99,2180.94
-11801274.17,4654205.43,2180.92
-11801272.540000001,4654205.9,2180.88
-11801270.96,4654206.33,2180.86
-11801269.370000001,4654206.7700000005,2180.82
-11801267.77,4654207.21,2180.81
-11801266.17,4654207.66,2180.77
-11801266.34,4654205.92,2180.79
-11801267.92,4654205.48,2180.82
-11801269.51,4654205.0200000005,2180.84
-11801271.13,4654204.5600000005,2180.86
-11801272.73,4654204.12,2180.9
-11801274.34,4654203.68,2180.9
-11801275.94,4654203.22,2180.97
-11801277.55,4654202.78,2181.0
-11801279.11,4654202.34,2181.02
-11801280.69,4654201.89,2181.04
-11801282.27,4654201.45,2181.04
-11801283.89,4654200.99,2181.0
-11801285.48,4654200.55,2181.08
-11801287.08,4654200.100000001,2181.11
-11801288.67,4654199.64,2181.11
-11801290.25,4654199.2,2181.11
-11801291.870000001,4654198.75,2181.13
-11801293.47,4654198.3100000005,2181.15
-11801295.06,4654197.86,2181.19
-11801296.67,4654197.39,2181.19
-11801298.25,4654196.96,2181.22
-11801295.0,4654196.87,2181.21
-11801293.41,4654197.3100000005,2181.17
-11801291.82,4654197.76,2181.13
-11801290.200000001,4654198.2,2181.13
-11801288.59,4654198.65,2181.11
-11801286.98,4654199.100000001,2181.09
-11801285.42,4654199.54,2181.08
-11801283.84,4654199.98,2181.07
-11801282.26,4654200.42,2181.01
-11801280.63,4654200.88,2181.05
-11801279.01,4654201.32,2181.02
-11801277.43,4654201.7700000005,2181.01
-11801275.84,4654202.21,2180.94
-11801274.24,4654202.65,2180.9
-11801272.65,4654203.100000001,2180.88
-11801271.03,4654203.55,2180.88
-11801269.44,4654203.99,2180.82
-11801267.83,4654204.44,2180.81
-11801266.25,4654204.88,2180.78
-11801265.94,4654203.44,2180.8
-11801267.55,4654202.99,2180.8
-11801269.18,4654202.54,2180.85
-11801270.76,4654202.09,2180.85
-11801272.32,4654201.65,2180.88
-11801273.94,4654201.21,2180.9
-11801275.56,4654200.75,2180.94
-11801277.15,4654200.3,2181.0
-11801278.73,4654199.86,2181.02
-11801280.31,4654199.42,2180.96
-11801281.91,4654198.96,2181.06
-11801283.51,4654198.5200000005,2181.09
-11801285.09,4654198.07,2181.09
-11801286.68,4654197.63,2181.1
-11801288.28,4654197.16,2181.11
-11801285.25,4654197.0200000005,2181.08
-11801283.66,4654197.47,2181.09
-11801282.06,4654197.91,2181.08
-11801280.46,4654198.350000001,2181.07
-11801278.870000001,4654198.79,2180.94
-11801277.26,4654199.25,2180.99
-11801275.69,4654199.67,2180.96
-11801274.08,4654200.13,2180.9
-11801272.48,4654200.57,2180.88
-11801270.870000001,4654201.0200000005,2180.88
-11801269.26,4654201.46,2180.86
-11801267.68,4654201.9,2180.83
-11801266.1,4654202.34,2180.81
-11801267.02,4654200.49,2180.83
-11801268.63,4654200.05,2180.86
-11801270.19,4654199.61,2180.88
-11801271.8,4654199.15,2180.9
-11801273.38,4654198.71,2180.92
-11801274.99,4654198.26,2180.99
-11801276.61,4654197.8,2180.98
-11801278.19,4654197.36,2181.01
-11801279.78,4654196.92,2181.05
-11801275.450000001,4654197.11,2180.94
-11801273.86,4654197.5600000005,2181.0
-11801272.28,4654198.01,2180.92
-11801270.68,4654198.45,2180.9
-11801269.09,4654198.89,2180.86
-11801267.47,4654199.34,2180.85
-11801265.88,4654199.78,2180.84
-11801266.57,4654197.95,2180.88
-11801268.17,4654197.49,2180.88
-11801269.77,4654197.05,2180.92
-11801265.700000001,4654197.19,2180.86
-11801266.06,4654197.38,2180.88
-11801273.18,4654197.01,2181.0
-11801271.540000001,4654197.74,2180.94
-11801269.91,4654198.47,2180.92
-11801268.27,4654199.19,2180.88
-11801266.65,4654199.91,2180.86
-11801265.9,4654200.96,2180.81
-11801267.56,4654200.24,2180.84
-11801269.17,4654199.53,2180.85
-11801270.73,4654198.83,2180.88
-11801272.34,4654198.12,2180.92
-11801273.94,4654197.42,2180.98
-11801281.620000001,4654196.86,2181.06
-11801279.99,4654197.57,2181.05
-11801278.370000001,4654198.3100000005,2181.0
-11801276.790000001,4654198.99,2181.02
-11801275.14,4654199.74,2180.96
-11801273.49,4654200.48,2180.92
-11801271.88,4654201.19,2180.9
-11801270.28,4654201.9,2180.88
-11801268.66,4654202.61,2180.86
-11801267.03,4654203.350000001,2180.81
-11801265.92,4654204.5,2180.79
-11801267.51,4654203.8,2180.79
-11801269.13,4654203.08,2180.81
-11801270.75,4654202.37,2180.83
-11801272.32,4654201.66,2180.86
-11801273.92,4654200.95,2180.88
-11801275.55,4654200.24,2180.92
-11801277.18,4654199.53,2180.97
-11801278.74,4654198.83,2180.92
-11801280.39,4654198.100000001,2181.05
-11801282.02,4654197.38,2181.05
-11801288.49,4654197.16,2181.13
-11801286.89,4654197.87,2181.1
-11801285.28,4654198.61,2181.1
-11801283.66,4654199.33,2181.11
-11801282.02,4654200.05,2181.0
-11801280.42,4654200.76,2181.06
-11801278.8,4654201.49,2181.03
-11801277.19,4654202.2,2181.01
-11801275.57,4654202.91,2180.94
-11801273.93,4654203.66,2180.92
-11801272.31,4654204.38,2180.88
-11801270.700000001,4654205.09,2180.85
-11801269.06,4654205.8100000005,2180.81
-11801267.450000001,4654206.5200000005,2180.81
-11801265.8,4654207.2700000005,2180.78
-11801266.01,4654207.87,2180.76
-11801267.620000001,4654207.16,2180.78
-11801269.21,4654206.45,2180.8
-11801270.81,4654205.7700000005,2180.83
-11801272.42,4654205.03,2180.88
-11801274.01,4654204.350000001,2180.9
-11801275.61,4654203.64,2180.92
-11801277.24,4654202.91,2180.96
-11801278.86,4654202.2,2180.99
-11801280.47,4654201.49,2181.02
-11801282.05,4654200.8,2181.01
-11801283.66,4654200.07,2181.08
-11801285.27,4654199.36,2181.07
-11801286.89,4654198.65,2181.08
-11801288.46,4654197.95,2181.11
-11801290.06,4654197.24,2181.13
-11801297.06,4654196.78,2181.24
-11801295.42,4654197.51,2181.21
-11801293.790000001,4654198.24,2181.19
-11801292.18,4654198.95,2181.15
-11801290.58,4654199.66,2181.13
-11801288.96,4654200.39,2181.1
-11801287.35,4654201.11,2181.09
-11801285.71,4654201.83,2180.97
-11801284.11,4654202.54,2181.06
-11801282.48,4654203.28,2181.05
-11801280.870000001,4654203.98,2181.02
-11801279.24,4654204.71,2181.0
-11801277.61,4654205.44,2180.98
-11801276.0,4654206.16,2180.97
-11801274.4,4654206.87,2180.92
-11801272.77,4654207.59,2180.9
-11801271.14,4654208.3,2180.86
-11801269.51,4654209.05,2180.82
-11801267.870000001,4654209.7700000005,2180.81
-11801266.24,4654210.5,2180.77
-11801266.08,4654211.22,2180.75
-11801267.71,4654210.49,2180.79
-11801269.32,4654209.78,2180.79
-11801270.92,4654209.07,2180.82
-11801272.5,4654208.38,2180.85
-11801274.11,4654207.67,2180.9
-11801275.71,4654206.96,2180.92
-11801277.32,4654206.25,2180.94
-11801278.96,4654205.51,2180.97
-11801280.58,4654204.8,2180.98
-11801282.16,4654204.100000001,2181.0
-11801283.76,4654203.39,2181.05
-11801285.36,4654202.68,2181.06
-11801286.94,4654201.99,2180.96
-11801288.56,4654201.26,2181.08
-11801290.19,4654200.55,2181.08
-11801291.8,4654199.83,2181.13
-11801293.41,4654199.12,2181.13
-11801295.02,4654198.41,2181.17
-11801296.61,4654197.7,2181.17
-11801298.18,4654197.0,2181.22
-11801303.790000001,4654196.98,2181.31
-11801302.19,4654197.69,2181.26
-11801300.55,4654198.41,2181.25
-11801298.94,4654199.15,2181.24
-11801297.33,4654199.86,2181.19
-11801295.72,4654200.58,2181.17
-11801294.11,4654201.29,2181.17
-11801292.48,4654202.01,2181.15
-11801290.870000001,4654202.74,2181.15
-11801289.26,4654203.45,2181.03
-11801287.68,4654204.16,2181.09
-11801286.040000001,4654204.88,2181.07
-11801284.4,4654205.62,2181.03
-11801282.77,4654206.34,2181.01
-11801281.17,4654207.05,2181.0
-11801279.540000001,4654207.7700000005,2180.98
-11801277.9,4654208.5,2180.96
-11801276.28,4654209.23,2180.92
-11801274.66,4654209.94,2180.92
-11801273.05,4654210.67,2180.9
-11801271.42,4654211.39,2180.88
-11801269.81,4654212.100000001,2180.9
-11801268.17,4654212.82,2180.83
-11801266.540000001,4654213.5600000005,2180.81
-11801266.17,4654214.37,2180.76
-11801267.78,4654213.66,2180.9
-11801269.370000001,4654212.96,2180.83
-11801270.98,4654212.24,2180.84
-11801272.61,4654211.5200000005,2180.86
-11801274.21,4654210.82,2180.86
-11801275.81,4654210.11,2180.88
-11801277.41,4654209.4,2180.88
-11801278.99,4654208.69,2180.9
-11801280.6,4654207.98,2180.94
-11801282.22,4654207.2700000005,2180.97
-11801283.83,4654206.5600000005,2180.98
-11801285.46,4654205.84,2181.0
-11801287.06,4654205.13,2181.05
-11801288.65,4654204.42,2181.08
-11801290.21,4654203.73,2180.97
-11801291.85,4654203.0,2181.13
-11801293.450000001,4654202.29,2181.11
-11801295.05,4654201.57,2181.15
-11801296.69,4654200.86,2181.15
-11801298.31,4654200.14,2181.19
-11801299.9,4654199.43,2181.19
-11801301.49,4654198.75,2181.21
-11801303.06,4654198.05,2181.25
-11801304.64,4654197.34,2181.26
-11801306.28,4654196.62,2181.3
-11801310.61,4654197.0,2181.34
-11801309.01,4654197.71,2181.34
-11801307.370000001,4654198.44,2181.32
-11801305.76,4654199.16,2181.29
-11801304.15,4654199.87,2181.26
-11801302.540000001,4654200.58,2181.24
-11801300.93,4654201.29,2181.22
-11801299.31,4654202.03,2181.23
-11801297.71,4654202.75,2181.19
-11801296.08,4654203.46,2181.17
-11801294.46,4654204.18,2181.19
-11801292.82,4654204.91,2181.06
-11801291.24,4654205.62,2181.17
-11801289.6,4654206.350000001,2181.07
-11801288.0,4654207.0600000005,2181.06
-11801286.36,4654207.8,2181.04
-11801284.72,4654208.5200000005,2181.02
-11801283.1,4654209.23,2180.99
-11801281.49,4654209.94,2180.97
-11801279.89,4654210.68,2180.94
-11801278.27,4654211.4,2180.92
-11801276.64,4654212.13,2180.92
-11801275.040000001,4654212.84,2180.92
-11801273.42,4654213.5600000005,2180.86
-11801271.8,4654214.28,2180.85
-11801270.15,4654215.0200000005,2180.83
-11801268.53,4654215.73,2180.86
-11801266.89,4654216.47,2180.86
-11801265.92,4654217.57,2180.69
-11801267.59,4654216.83,2180.8
-11801269.21,4654216.12,2180.86
-11801270.76,4654215.41,2180.82
-11801272.39,4654214.7,2180.85
-11801274.0,4654213.99,2180.85
-11801275.63,4654213.2700000005,2180.88
-11801277.23,4654212.5600000005,2180.94
-11801278.8,4654211.87,2180.92
-11801280.4,4654211.16,2180.9
-11801282.02,4654210.43,2180.92
-11801283.65,4654209.72,2180.94
-11801285.23,4654209.0200000005,2180.98
-11801286.81,4654208.32,2181.01
-11801288.44,4654207.600000001,2181.04
-11801290.040000001,4654206.89,2181.04
-11801291.64,4654206.18,2181.11
-11801293.26,4654205.47,2181.09
-11801294.870000001,4654204.74,2181.15
-11801296.52,4654204.01,2181.15
-11801298.1,4654203.32,2181.15
-11801299.69,4654202.61,2181.19
-11801301.32,4654201.9,2181.19
-11801302.92,4654201.19,2181.21
-11801304.51,4654200.48,2181.23
-11801306.09,4654199.79,2181.25
-11801307.71,4654199.0600000005,2181.27
-11801309.33,4654198.350000001,2181.29
-11801310.94,4654197.64,2181.34
-11801312.540000001,4654196.93,2181.34
-11801317.34,4654197.05,2181.4
-11801315.73,4654197.76,2181.42
-11801314.14,4654198.47,2181.36
-11801312.56,4654199.16,2181.34
-11801310.92,4654199.9,2181.29
-11801309.3,4654200.61,2181.28
-11801307.68,4654201.32,2181.29
-11801306.11,4654202.04,2181.24
-11801304.5,4654202.75,2181.22
-11801302.9,4654203.46,2181.21
-11801301.28,4654204.17,2181.19
-11801299.64,4654204.92,2181.21
-11801298.040000001,4654205.63,2181.22
-11801296.41,4654206.36,2181.08
-11801294.82,4654207.07,2181.15
-11801293.19,4654207.79,2181.11
-11801291.57,4654208.5,2181.04
-11801289.950000001,4654209.24,2181.07
-11801288.34,4654209.95,2181.05
-11801286.71,4654210.67,2180.99
-11801285.07,4654211.41,2180.98
-11801283.46,4654212.12,2180.96
-11801281.870000001,4654212.83,2180.96
-11801280.27,4654213.54,2180.94
-11801278.66,4654214.26,2181.03
-11801277.02,4654215.0,2180.96
-11801275.4,4654215.71,2180.92
-11801273.76,4654216.43,2180.8
-11801272.24,4654217.100000001,2181.17
-11801270.57,4654217.86,2180.97
-11801268.89,4654218.59,2180.79
-11801267.26,4654219.33,2180.73
-11801266.14,4654220.37,2180.82
-11801267.74,4654219.66,2180.72
-11801269.36,4654218.95,2180.76
-11801270.97,4654218.24,2180.83
-11801272.6,4654217.53,2180.94
-11801274.18,4654216.83,2180.81
-11801275.8,4654216.100000001,2180.88
-11801277.4,4654215.39,2180.92
-11801279.0,4654214.68,2180.96
-11801280.59,4654213.97,2180.92
-11801282.22,4654213.26,2180.94
-11801283.81,4654212.5600000005,2180.94
-11801285.41,4654211.850000001,2180.94
-11801287.0,4654211.15,2180.96
-11801288.6,4654210.44,2180.98
-11801290.23,4654209.72,2181.05
-11801291.83,4654209.01,2181.04
-11801293.46,4654208.3,2181.08
-11801295.040000001,4654207.59,2181.11
-11801296.63,4654206.89,2181.07
-11801298.27,4654206.16,2181.19
-11801299.870000001,4654205.45,2181.17
-11801301.5,4654204.74,2181.17
-11801303.1,4654204.0200000005,2181.19
-11801304.68,4654203.32,2181.19
-11801306.27,4654202.62,2181.22
-11801307.89,4654201.89,2181.24
-11801309.51,4654201.18,2181.26
-11801311.1,4654200.47,2181.26
-11801312.700000001,4654199.76,2181.28
-11801314.3,4654199.05,2181.32
-11801315.91,4654198.34,2181.34
-11801317.5,4654197.63,2181.38
-11801319.09,4654196.92,2181.4
-11801324.09,4654196.89,2181.47
-11801322.48,4654197.62,2181.46
-11801320.870000001,4654198.34,2181.42
-11801319.25,4654199.05,2181.4
-11801317.65,4654199.7700000005,2181.36
-11801316.040000001,4654200.48,2181.35
-11801314.450000001,4654201.19,2181.31
-11801312.86,4654201.9,2181.3
-11801311.23,4654202.63,2181.28
-11801309.63,4654203.34,2181.24
-11801308.040000001,4654204.05,2181.28
-11801306.38,4654204.78,2181.25
-11801304.78,4654205.49,2181.23
-11801303.19,4654206.2,2181.19
-11801301.58,4654206.93,2181.17
-11801299.92,4654207.66,2181.09
-11801298.32,4654208.37,2181.17
-11801296.72,4654209.08,2181.13
-11801295.09,4654209.79,2181.08
-11801293.48,4654210.53,2181.04
-11801291.83,4654211.2700000005,2181.01
-11801290.21,4654211.98,2181.02
-11801288.61,4654212.7,2180.98
-11801286.99,4654213.41,2180.96
-11801285.36,4654214.15,2180.94
-11801283.73,4654214.87,2180.9
-11801282.13,4654215.58,2180.9
-11801280.53,4654216.29,2180.92
-11801278.9,4654217.01,2180.94
-11801277.26,4654217.75,2180.86
-11801275.74,4654218.42,2181.19
-11801274.040000001,4654219.17,2180.83
-11801272.42,4654219.91,2180.82
-11801270.82,4654220.62,2180.86
-11801269.16,4654221.350000001,2180.8
-11801267.55,4654222.0600000005,2180.96
-11801265.89,4654222.8100000005,2180.82
-11801266.1,4654223.3,2180.78
-11801267.76,4654222.55,2181.0
-11801269.34,4654221.86,2180.77
-11801270.93,4654221.17,2180.75
-11801272.53,4654220.46,2180.82
-11801274.11,4654219.76,2180.77
-11801275.72,4654219.04,2180.86
-11801277.35,4654218.3100000005,2180.92
-11801278.97,4654217.600000001,2180.92
-11801280.55,4654216.91,2180.86
-11801282.14,4654216.2,2180.88
-11801283.73,4654215.49,2180.86
-11801285.34,4654214.7700000005,2180.88
-11801286.98,4654214.05,2180.92
-11801288.59,4654213.34,2180.92
-11801290.21,4654212.62,2180.94
-11801291.82,4654211.91,2180.96
-11801293.4,4654211.21,2181.01
-11801295.01,4654210.49,2181.03
-11801296.65,4654209.76,2181.06
-11801298.27,4654209.05,2181.13
-11801299.870000001,4654208.34,2181.13
-11801301.46,4654207.63,2181.07
-11801303.07,4654206.92,2181.17
-11801304.67,4654206.21,2181.17
-11801306.27,4654205.5,2181.19
-11801307.86,4654204.79,2181.24
-11801309.46,4654204.08,2181.22
-11801311.08,4654203.37,2181.24
-11801312.66,4654202.66,2181.26
-11801314.27,4654201.97,2181.27
-11801315.88,4654201.23,2181.29
-11801317.47,4654200.54,2181.33
-11801319.09,4654199.8100000005,2181.33
-11801320.700000001,4654199.12,2181.36
-11801322.26,4654198.43,2181.42
-11801323.89,4654197.7,2181.46
-11801325.49,4654196.99,2181.47
-11801331.22,4654196.49,2181.58
-11801329.59,4654197.22,2181.54
-11801327.96,4654197.94,2181.52
-11801326.35,4654198.66,2181.51
-11801324.76,4654199.36,2181.46
-11801323.17,4654200.07,2181.42
-11801321.57,4654200.79,2181.4
-11801319.97,4654201.5,2181.36
-11801318.36,4654202.21,2181.36
-11801316.77,4654202.92,2181.32
-11801315.17,4654203.64,2181.29
-11801313.540000001,4654204.36,2181.3
-11801311.950000001,4654205.07,2181.27
-11801310.34,4654205.78,2181.25
-11801308.72,4654206.5,2181.29
-11801307.11,4654207.21,2181.24
-11801305.49,4654207.92,2181.19
-11801303.870000001,4654208.66,2181.13
-11801302.28,4654209.37,2181.19
-11801300.65,4654210.09,2181.13
-11801299.05,4654210.8,2181.1
-11801297.42,4654211.53,2181.1
-11801295.8,4654212.25,2181.07
-11801294.200000001,4654212.96,2181.03
-11801292.58,4654213.67,2181.01
-11801290.96,4654214.41,2180.97
-11801289.33,4654215.13,2180.94
-11801287.69,4654215.86,2180.94
-11801286.06,4654216.58,2180.9
-11801284.46,4654217.29,2180.88
-11801282.870000001,4654218.01,2180.86
-11801281.26,4654218.72,2180.85
-11801279.620000001,4654219.43,2180.85
-11801277.98,4654220.18,2180.85
-11801276.35,4654220.9,2180.86
-11801274.75,4654221.61,2180.98
-11801273.11,4654222.33,2180.92
-11801271.49,4654223.05,2180.83
-11801270.53,4654223.48,2183.23
-11801269.91,4654223.76,2180.9
-11801269.06,4654224.14,2183.85
-11801268.26,4654224.5,2180.8
-11801266.620000001,4654225.23,2180.73
-11801266.57,4654225.75,2180.73
-11801269.040000001,4654224.66,2183.88
-11801268.22,4654225.03,2180.84
-11801270.66,4654223.94,2184.02
-11801269.83,4654224.32,2180.85
-11801272.18,4654223.2700000005,2183.63
-11801271.47,4654223.600000001,2180.92
-11801273.0,4654222.91,2180.77
-11801274.68,4654222.18,2181.07
-11801276.23,4654221.48,2180.84
-11801277.83,4654220.7700000005,2180.83
-11801279.4,4654220.07,2180.81
-11801281.0,4654219.36,2180.85
-11801282.59,4654218.67,2180.82
-11801284.21,4654217.95,2180.86
-11801285.83,4654217.22,2180.86
-11801287.450000001,4654216.51,2180.9
-11801289.05,4654215.8,2180.92
-11801290.66,4654215.09,2180.94
-11801292.27,4654214.39,2180.97
-11801293.88,4654213.65,2181.01
-11801295.5,4654212.94,2181.05
-11801297.1,4654212.23,2181.05
-11801298.71,4654211.5200000005,2181.09
-11801300.33,4654210.8100000005,2181.08
-11801301.950000001,4654210.09,2181.13
-11801303.56,4654209.38,2181.15
-11801305.13,4654208.67,2181.13
-11801306.71,4654207.99,2181.19
-11801308.3,4654207.29,2181.23
-11801309.94,4654206.57,2181.24
-11801311.55,4654205.84,2181.25
-11801313.18,4654205.13,2181.28
-11801314.77,4654204.42,2181.27
-11801316.370000001,4654203.71,2181.31
-11801317.96,4654203.01,2181.32
-11801319.53,4654202.3,2181.31
-11801321.15,4654201.59,2181.36
-11801322.78,4654200.87,2181.4
-11801324.39,4654200.16,2181.42
-11801326.0,4654199.44,2181.44
-11801327.59,4654198.74,2181.47
-11801329.18,4654198.04,2181.5
-11801330.790000001,4654197.32,2181.57
-11801332.38,4654196.62,2181.56
-11801338.200000001,4654196.26,2181.63
-11801336.59,4654196.97,2181.58
-11801335.0,4654197.68,2181.61
-11801333.4,4654198.39,2181.58
-11801331.78,4654199.12,2181.54
-11801330.18,4654199.83,2181.52
-11801328.55,4654200.55,2181.49
-11801326.93,4654201.2700000005,2181.46
-11801325.34,4654201.98,2181.42
-11801323.74,4654202.69,2181.4
-11801322.120000001,4654203.4,2181.4
-11801320.53,4654204.13,2181.34
-11801318.93,4654204.84,2181.34
-11801317.32,4654205.55,2181.32
-11801315.72,4654206.26,2181.31
-11801314.1,4654206.97,2181.27
-11801312.49,4654207.7,2181.29
-11801310.86,4654208.41,2181.19
-11801309.290000001,4654209.11,2181.24
-11801307.67,4654209.82,2181.21
-11801306.05,4654210.57,2181.15
-11801304.43,4654211.28,2181.15
-11801302.81,4654212.0,2181.13
-11801301.19,4654212.73,2181.09
-11801299.59,4654213.44,2181.07
-11801297.96,4654214.15,2181.05
-11801296.35,4654214.86,2181.04
-11801294.74,4654215.59,2181.03
-11801293.13,4654216.32,2180.97
-11801291.49,4654217.04,2180.94
-11801289.86,4654217.76,2180.94
-11801288.23,4654218.47,2180.92
-11801286.64,4654219.18,2180.9
-11801285.040000001,4654219.91,2180.86
-11801283.41,4654220.62,2180.86
-11801281.81,4654221.33,2180.83
-11801280.17,4654222.08,2180.82
-11801278.52,4654222.8,2180.8
-11801276.94,4654223.51,2180.81
-11801275.33,4654224.23,2180.82
-11801273.69,4654224.94,2180.8
-11801273.05,4654225.22,2184.6
-11801271.61,4654225.88,2185.22
-11801269.98,4654226.59,2185.11
-11801269.370000001,4654226.86,2182.86
-11801268.81,4654227.13,2180.75
-11801267.200000001,4654227.850000001,2180.76
-11801266.67,4654228.64,2180.69
-11801268.28,4654227.93,2180.73
-11801271.040000001,4654226.68,2184.97
-11801269.88,4654227.22,2180.61
-11801272.700000001,4654225.96,2185.19
-11801273.870000001,4654225.44,2183.65
-11801273.120000001,4654225.78,2180.84
-11801274.69,4654225.09,2180.77
-11801276.290000001,4654224.38,2180.77
-11801277.9,4654223.67,2180.79
-11801279.5,4654222.96,2180.78
-11801281.13,4654222.25,2180.81
-11801282.73,4654221.54,2180.83
-11801284.35,4654220.8100000005,2180.82
-11801285.93,4654220.100000001,2180.83
-11801287.55,4654219.39,2180.88
-11801289.14,4654218.68,2180.88
-11801290.73,4654217.97,2180.92
-11801292.34,4654217.28,2180.92
-11801293.98,4654216.54,2180.94
-11801295.61,4654215.83,2181.0
-11801297.18,4654215.12,2181.01
-11801298.77,4654214.43,2181.03
-11801300.370000001,4654213.72,2181.05
-11801302.0,4654213.0,2181.08
-11801303.61,4654212.29,2181.09
-11801305.23,4654211.55,2181.11
-11801306.8,4654210.87,2181.15
-11801308.4,4654210.16,2181.17
-11801310.02,4654209.45,2181.21
-11801311.620000001,4654208.74,2181.21
-11801313.22,4654208.03,2181.19
-11801314.82,4654207.32,2181.22
-11801316.450000001,4654206.61,2181.27
-11801318.05,4654205.9,2181.3
-11801319.65,4654205.19,2181.3
-11801321.24,4654204.48,2181.35
-11801322.82,4654203.78,2181.38
-11801324.42,4654203.0600000005,2181.38
-11801326.040000001,4654202.350000001,2181.42
-11801327.66,4654201.64,2181.44
-11801329.25,4654200.93,2181.48
-11801330.82,4654200.22,2181.49
-11801332.44,4654199.5200000005,2181.53
-11801334.05,4654198.8100000005,2181.55
-11801335.65,4654198.100000001,2181.61
-11801337.27,4654197.36,2181.61
-11801338.86,4654196.68,2181.61
-11801343.52,4654196.58,2181.69
-11801341.93,4654197.29,2181.67
-11801340.34,4654197.97,2181.67
-11801338.75,4654198.68,2181.65
-11801337.15,4654199.39,2181.63
-11801335.53,4654200.13,2181.59
-11801333.92,4654200.850000001,2181.55
-11801332.33,4654201.53,2181.53
-11801330.74,4654202.24,2181.51
-11801329.13,4654202.98,2181.48
-11801327.5,4654203.7,2181.5
-11801325.89,4654204.41,2181.44
-11801324.290000001,4654205.12,2181.4
-11801322.69,4654205.850000001,2181.36
-11801321.05,4654206.57,2181.35
-11801319.42,4654207.28,2181.28
-11801317.83,4654207.99,2181.25
-11801316.24,4654208.71,2181.19
-11801314.64,4654209.41,2181.25
-11801313.05,4654210.12,2181.24
-11801311.44,4654210.84,2181.17
-11801309.82,4654211.55,2181.19
-11801308.200000001,4654212.28,2181.15
-11801306.57,4654212.99,2181.15
-11801304.94,4654213.72,2181.11
-11801303.34,4654214.43,2181.09
-11801301.74,4654215.16,2181.07
-11801300.120000001,4654215.87,2181.06
-11801298.5,4654216.59,2181.04
-11801296.89,4654217.3100000005,2181.02
-11801295.27,4654218.0200000005,2180.99
-11801293.66,4654218.74,2180.97
-11801292.06,4654219.45,2180.94
-11801290.46,4654220.17,2180.94
-11801288.8,4654220.9,2180.9
-11801287.19,4654221.62,2180.92
-11801285.58,4654222.34,2180.84
-11801283.98,4654223.05,2180.84
-11801282.34,4654223.78,2180.83
-11801280.71,4654224.5,2180.81
-11801279.09,4654225.21,2180.81
-11801277.48,4654225.94,2180.79
-11801275.85,4654226.66,2180.8
-11801274.23,4654227.39,2180.8
-11801273.25,4654227.8100000005,2183.21
-11801272.63,4654228.100000001,2180.86
-11801270.96,4654228.82,2180.76
-11801269.32,4654229.5600000005,2180.79
-11801267.700000001,4654230.28,2180.73
-11801266.09,4654231.0,2180.69
-11801266.94,4654231.21,2180.67
-11801268.53,4654230.5,2180.71
-11801270.14,4654229.79,2180.74
-11801271.77,4654229.07,2180.77
-11801273.4,4654228.350000001,2180.98
-11801274.950000001,4654227.67,2180.77
-11801276.55,4654226.94,2180.76
-11801278.17,4654226.23,2180.76
-11801279.77,4654225.5200000005,2180.79
-11801281.36,4654224.83,2180.8
-11801282.97,4654224.12,2180.82
-11801284.57,4654223.41,2180.8
-11801286.21,4654222.69,2180.83
-11801287.82,4654221.95,2180.88
-11801289.42,4654221.2700000005,2180.86
-11801291.02,4654220.5600000005,2180.9
-11801292.64,4654219.850000001,2180.9
-11801294.26,4654219.13,2180.97
-11801295.84,4654218.43,2180.94
-11801297.43,4654217.72,2180.98
-11801299.03,4654217.01,2180.99
-11801300.66,4654216.3,2181.03
-11801302.26,4654215.59,2181.04
-11801303.85,4654214.88,2181.08
-11801305.450000001,4654214.17,2181.11
-11801307.07,4654213.46,2181.15
-11801308.700000001,4654212.73,2181.13
-11801310.33,4654212.01,2181.15
-11801311.92,4654211.3100000005,2181.19
-11801313.48,4654210.62,2181.19
-11801315.08,4654209.89,2181.23
-11801316.69,4654209.18,2181.26
-11801318.28,4654208.5,2181.19
-11801319.9,4654207.76,2181.24
-11801321.5,4654207.08,2181.3
-11801323.11,4654206.36,2181.34
-11801324.71,4654205.65,2181.38
-11801326.34,4654204.93,2181.42
-11801327.93,4654204.22,2181.42
-11801329.540000001,4654203.51,2181.46
-11801331.16,4654202.8,2181.47
-11801332.73,4654202.09,2181.51
-11801334.33,4654201.38,2181.53
-11801335.950000001,4654200.67,2181.55
-11801337.540000001,4654199.98,2181.55
-11801339.14,4654199.2700000005,2181.6
-11801340.74,4654198.5600000005,2181.63
-11801342.33,4654197.850000001,2181.67
-11801343.92,4654197.15,2181.69
-11801343.9,4654199.21,2181.63
-11801342.3,4654199.95,2181.63
-11801340.69,4654200.66,2181.59
-11801339.09,4654201.37,2181.56
-11801337.46,4654202.09,2181.53
-11801335.86,4654202.8,2181.51
-11801334.27,4654203.51,2181.5
-11801332.65,4654204.24,2181.47
-11801331.03,4654204.95,2181.44
-11801329.41,4654205.67,2181.46
-11801327.81,4654206.38,2181.4
-11801326.26,4654207.08,2181.4
-11801324.65,4654207.79,2181.35
-11801323.03,4654208.51,2181.3
-11801321.41,4654209.23,2181.31
-11801319.81,4654209.94,2181.33
-11801318.22,4654210.64,2181.26
-11801316.620000001,4654211.36,2181.19
-11801314.99,4654212.09,2181.22
-11801313.36,4654212.8,2181.21
-11801311.75,4654213.5200000005,2181.17
-11801310.15,4654214.23,2181.13
-11801308.53,4654214.94,2181.11
-11801306.92,4654215.65,2181.11
-11801305.28,4654216.39,2181.09
-11801303.67,4654217.11,2181.07
-11801302.06,4654217.82,2181.03
-11801300.450000001,4654218.54,2181.02
-11801298.84,4654219.25,2180.99
-11801297.21,4654219.98,2180.97
-11801295.6,4654220.69,2180.96
-11801294.01,4654221.4,2180.92
-11801292.39,4654222.12,2180.9
-11801290.73,4654222.86,2180.9
-11801289.1,4654223.58,2180.86
-11801287.5,4654224.29,2180.88
-11801285.9,4654225.0,2180.83
-11801284.26,4654225.74,2180.81
-11801282.66,4654226.45,2180.8
-11801281.03,4654227.16,2180.81
-11801279.39,4654227.89,2180.8
-11801277.78,4654228.62,2180.78
-11801276.19,4654229.32,2180.83
-11801274.61,4654230.01,2181.0
-11801272.950000001,4654230.76,2180.88
-11801271.31,4654231.49,2180.83
-11801269.71,4654232.2,2180.81
-11801268.06,4654232.93,2180.73
-11801266.4,4654233.67,2180.65
-11801266.91,4654234.0,2180.63
-11801268.540000001,4654233.26,2180.69
-11801270.16,4654232.55,2180.82
-11801271.76,4654231.84,2180.79
-11801273.4,4654231.12,2180.85
-11801275.01,4654230.41,2181.03
-11801276.56,4654229.72,2180.86
-11801278.15,4654229.01,2180.75
-11801279.78,4654228.29,2180.76
-11801281.39,4654227.58,2180.76
-11801283.01,4654226.87,2180.77
-11801284.61,4654226.16,2180.79
-11801286.21,4654225.45,2180.81
-11801287.84,4654224.74,2180.85
-11801289.44,4654224.03,2180.83
-11801291.03,4654223.3,2180.84
-11801292.63,4654222.62,2180.88
-11801294.22,4654221.91,2180.88
-11801295.83,4654221.2,2180.9
-11801297.46,4654220.46,2180.94
-11801299.03,4654219.78,2180.96
-11801300.64,4654219.07,2180.98
-11801302.26,4654218.36,2181.02
-11801303.88,4654217.63,2181.03
-11801305.49,4654216.92,2181.05
-11801307.09,4654216.21,2181.09
-11801308.69,4654215.5,2181.1
-11801310.290000001,4654214.8100000005,2181.11
-11801311.88,4654214.100000001,2181.13
-11801313.48,4654213.39,2181.15
-11801315.1,4654212.68,2181.15
-11801316.71,4654211.97,2181.17
-11801318.3,4654211.26,2181.23
-11801319.92,4654210.55,2181.26
-11801321.53,4654209.82,2181.32
-11801323.11,4654209.14,2181.28
-11801324.73,4654208.4,2181.33
-11801326.35,4654207.69,2181.34
-11801327.93,4654206.98,2181.36
-11801329.52,4654206.3,2181.38
-11801331.120000001,4654205.59,2181.42
-11801332.71,4654204.88,2181.44
-11801334.33,4654204.17,2181.44
-11801335.92,4654203.47,2181.49
-11801337.5,4654202.76,2181.51
-11801339.120000001,4654202.05,2181.51
-11801340.73,4654201.34,2181.55
-11801342.35,4654200.62,2181.6
-11801343.92,4654199.93,2181.61
-11801344.75,4654201.9,2181.61
-11801343.13,4654202.61,2181.59
-11801341.51,4654203.33,2181.56
-11801339.89,4654204.05,2181.55
-11801338.31,4654204.75,2181.51
-11801336.74,4654205.44,2181.51
-11801335.14,4654206.15,2181.44
-11801333.5,4654206.88,2181.42
-11801331.9,4654207.600000001,2181.4
-11801330.27,4654208.32,2181.4
-11801328.66,4654209.04,2181.36
-11801327.08,4654209.74,2181.38
-11801325.48,4654210.45,2181.28
-11801323.89,4654211.16,2181.31
-11801322.25,4654211.88,2181.31
-11801320.63,4654212.600000001,2181.26
-11801319.040000001,4654213.3100000005,2181.23
-11801317.450000001,4654214.0200000005,2181.22
-11801315.84,4654214.73,2181.19
-11801314.21,4654215.46,2181.17
-11801312.6,4654216.18,2181.13
-11801310.98,4654216.89,2181.13
-11801309.39,4654217.600000001,2181.1
-11801307.78,4654218.3100000005,2181.09
-11801306.14,4654219.05,2181.05
-11801304.540000001,4654219.74,2181.03
-11801302.94,4654220.45,2181.02
-11801301.3,4654221.19,2180.99
-11801299.68,4654221.91,2180.96
-11801298.07,4654222.62,2180.94
-11801296.44,4654223.350000001,2180.92
-11801294.83,4654224.07,2180.9
-11801293.21,4654224.78,2180.88
-11801291.59,4654225.49,2180.86
-11801289.99,4654226.2,2180.86
-11801288.370000001,4654226.94,2180.84
-11801286.76,4654227.63,2180.85
-11801285.13,4654228.37,2180.8
-11801283.52,4654229.09,2180.82
-11801281.88,4654229.82,2180.81
-11801280.26,4654230.53,2180.8
-11801278.65,4654231.25,2180.82
-11801277.05,4654231.96,2180.96
-11801275.47,4654232.66,2180.94
-11801273.83,4654233.38,2180.88
-11801272.19,4654234.12,2180.82
-11801271.200000001,4654234.54,2183.21
-11801270.55,4654234.84,2180.78
-11801268.89,4654235.58,2180.67
-11801267.24,4654236.3100000005,2180.67
-11801265.91,4654237.46,2180.63
-11801267.540000001,4654236.73,2180.65
-11801269.15,4654236.0200000005,2180.65
-11801271.44,4654235.0,2183.19
-11801270.75,4654235.3100000005,2180.63
-11801272.89,4654234.350000001,2182.61
-11801272.42,4654234.58,2180.81
-11801274.0,4654233.87,2180.86
-11801275.620000001,4654233.17,2180.88
-11801277.22,4654232.46,2180.94
-11801278.81,4654231.76,2180.79
-11801280.4,4654231.05,2180.76
-11801282.01,4654230.34,2180.81
-11801283.61,4654229.63,2180.77
-11801285.21,4654228.92,2180.79
-11801286.82,4654228.21,2180.81
-11801288.42,4654227.5,2180.84
-11801290.02,4654226.79,2180.83
-11801291.63,4654226.08,2180.84
-11801293.25,4654225.37,2180.84
-11801294.86,4654224.66,2180.88
-11801296.450000001,4654223.95,2180.9
-11801298.06,4654223.23,2180.9
-11801299.66,4654222.54,2180.96
-11801301.25,4654221.83,2180.97
-11801302.89,4654221.100000001,2181.0
-11801304.49,4654220.38,2181.01
-11801306.1,4654219.7,2181.02
-11801307.700000001,4654218.99,2181.05
-11801309.3,4654218.28,2181.08
-11801310.89,4654217.57,2181.09
-11801312.48,4654216.87,2181.11
-11801314.09,4654216.16,2181.13
-11801315.72,4654215.44,2181.19
-11801317.290000001,4654214.74,2181.17
-11801318.93,4654214.0200000005,2181.21
-11801320.55,4654213.3100000005,2181.25
-11801322.120000001,4654212.600000001,2181.26
-11801323.700000001,4654211.91,2181.3
-11801325.31,4654211.2,2181.32
-11801326.91,4654210.49,2181.33
-11801328.53,4654209.78,2181.38
-11801330.15,4654209.0600000005,2181.38
-11801331.74,4654208.350000001,2181.38
-11801333.33,4654207.65,2181.4
-11801334.93,4654206.94,2181.42
-11801336.53,4654206.23,2181.44
-11801338.16,4654205.5200000005,2181.48
-11801339.77,4654204.8100000005,2181.51
-11801341.34,4654204.100000001,2181.52
-11801342.93,4654203.42,2181.55
-11801344.53,4654202.71,2181.58
-11801343.76,4654205.0600000005,2181.54
-11801342.17,4654205.7700000005,2181.53
-11801340.57,4654206.48,2181.5
-11801338.98,4654207.18,2181.48
-11801337.370000001,4654207.89,2181.46
-11801335.76,4654208.63,2181.44
-11801334.18,4654209.3100000005,2181.44
-11801332.58,4654210.0200000005,2181.44
-11801330.98,4654210.74,2181.42
-11801329.34,4654211.48,2181.32
-11801327.72,4654212.19,2181.38
-11801326.120000001,4654212.9,2181.34
-11801324.52,4654213.61,2181.33
-11801322.88,4654214.33,2181.31
-11801321.290000001,4654215.04,2181.28
-11801319.69,4654215.75,2181.24
-11801318.08,4654216.46,2181.19
-11801316.48,4654217.19,2181.17
-11801314.86,4654217.9,2181.15
-11801313.25,4654218.61,2181.11
-11801311.65,4654219.33,2181.08
-11801310.03,4654220.04,2181.09
-11801308.41,4654220.76,2181.06
-11801306.82,4654221.47,2181.02
-11801305.19,4654222.19,2181.0
-11801303.59,4654222.91,2181.01
-11801301.98,4654223.62,2180.99
-11801300.34,4654224.33,2180.97
-11801298.72,4654225.07,2180.96
-11801297.120000001,4654225.78,2180.92
-11801295.52,4654226.49,2180.9
-11801293.88,4654227.21,2180.88
-11801292.24,4654227.95,2180.85
-11801290.61,4654228.66,2180.86
-11801289.0,4654229.37,2180.83
-11801287.39,4654230.08,2180.84
-11801285.77,4654230.8100000005,2180.81
-11801284.13,4654231.54,2180.79
-11801282.49,4654232.26,2180.79
-11801280.89,4654232.97,2180.82
-11801279.3,4654233.68,2180.88
-11801277.74,4654234.38,2181.11
-11801276.05,4654235.13,2180.86
-11801274.42,4654235.84,2180.82
-11801272.77,4654236.57,2180.73
-11801271.17,4654237.28,2180.76
-11801269.57,4654238.01,2180.73
-11801268.0,4654238.69,2180.9
-11801266.33,4654239.43,2180.73
-11801266.18,4654240.100000001,2180.67
-11801267.81,4654239.37,2180.75
-11801269.46,4654238.65,2180.92
-11801270.97,4654237.98,2180.69
-11801272.61,4654237.24,2180.71
-11801274.24,4654236.53,2180.69
-11801275.83,4654235.82,2180.79
-11801277.44,4654235.11,2180.88
-11801279.11,4654234.39,2181.13
-11801280.63,4654233.72,2180.77
-11801282.25,4654233.01,2180.76
-11801283.82,4654232.3100000005,2180.77
-11801285.42,4654231.600000001,2180.77
-11801287.040000001,4654230.89,2180.77
-11801288.68,4654230.16,2180.81
-11801290.28,4654229.45,2180.82
-11801291.88,4654228.74,2180.81
-11801293.47,4654228.03,2180.83
-11801295.07,4654227.32,2180.88
-11801296.700000001,4654226.61,2180.88
-11801298.28,4654225.9,2180.92
-11801299.89,4654225.22,2180.94
-11801301.49,4654224.51,2180.94
-11801303.1,4654223.8,2180.97
-11801304.71,4654223.08,2180.97
-11801306.3,4654222.38,2181.01
-11801307.89,4654221.68,2181.03
-11801309.49,4654220.97,2181.04
-11801311.11,4654220.26,2181.07
-11801312.72,4654219.54,2181.07
-11801314.34,4654218.83,2181.1
-11801315.94,4654218.12,2181.11
-11801317.56,4654217.41,2181.15
-11801319.14,4654216.7,2181.22
-11801320.73,4654216.01,2181.23
-11801322.34,4654215.29,2181.25
-11801323.97,4654214.58,2181.27
-11801325.55,4654213.88,2181.31
-11801327.16,4654213.17,2181.33
-11801328.77,4654212.46,2181.36
-11801330.35,4654211.76,2181.3
-11801331.98,4654211.04,2181.38
-11801333.620000001,4654210.32,2181.44
-11801335.23,4654209.61,2181.42
-11801336.83,4654208.9,2181.42
-11801338.41,4654208.2,2181.44
-11801339.98,4654207.49,2181.44
-11801341.58,4654206.79,2181.47
-11801343.17,4654206.100000001,2181.51
-11801344.76,4654205.4,2181.51
-11801344.27,4654207.47,2181.52
-11801342.66,4654208.18,2181.5
-11801341.03,4654208.9,2181.48
-11801339.44,4654209.600000001,2181.46
-11801337.86,4654210.3100000005,2181.44
-11801336.23,4654211.03,2181.46
-11801334.63,4654211.74,2181.44
-11801332.99,4654212.47,2181.35
-11801331.4,4654213.18,2181.36
-11801329.81,4654213.87,2181.38
-11801328.21,4654214.58,2181.34
-11801326.58,4654215.3100000005,2181.33
-11801324.98,4654216.0200000005,2181.29
-11801323.39,4654216.7,2181.26
-11801321.8,4654217.41,2181.26
-11801320.19,4654218.15,2181.19
-11801318.56,4654218.86,2181.15
-11801316.96,4654219.57,2181.15
-11801315.35,4654220.29,2181.13
-11801313.75,4654221.0,2181.11
-11801312.120000001,4654221.72,2181.07
-11801310.49,4654222.43,2181.07
-11801308.85,4654223.16,2181.06
-11801307.21,4654223.88,2181.02
-11801305.61,4654224.59,2181.01
-11801304.02,4654225.3,2180.98
-11801302.42,4654226.01,2180.94
-11801300.8,4654226.72,2180.96
-11801299.14,4654227.46,2180.92
-11801297.56,4654228.16,2180.9
-11801295.950000001,4654228.87,2180.86
-11801294.35,4654229.58,2180.86
-11801292.700000001,4654230.33,2180.82
-11801291.09,4654231.04,2180.84
-11801289.47,4654231.75,2180.84
-11801287.83,4654232.48,2180.81
-11801286.22,4654233.19,2180.8
-11801284.6,4654233.9,2180.78
-11801283.03,4654234.61,2180.81
-11801281.450000001,4654235.3100000005,2180.98
-11801279.85,4654236.01,2181.13
-11801278.120000001,4654236.78,2180.77
-11801276.52,4654237.49,2180.82
-11801275.38,4654237.99,2182.72
-11801274.91,4654238.2,2180.92
-11801273.28,4654238.93,2180.88
-11801271.65,4654239.65,2180.76
-11801270.040000001,4654240.36,2180.73
-11801268.39,4654241.08,2180.65
-11801266.74,4654241.82,2180.61
-11801266.17,4654242.49,2180.56
-11801267.78,4654241.78,2180.59
-11801269.4,4654241.07,2180.73
-11801271.040000001,4654240.350000001,2180.76
-11801272.65,4654239.64,2180.79
-11801274.33,4654238.9,2181.0
-11801275.92,4654238.19,2181.07
-11801277.43,4654237.53,2180.8
-11801279.06,4654236.8,2180.92
-11801280.72,4654236.07,2181.15
-11801282.26,4654235.4,2180.86
-11801283.86,4654234.69,2180.77
-11801285.46,4654233.98,2180.76
-11801287.06,4654233.2700000005,2180.79
-11801288.66,4654232.5600000005,2180.8
-11801290.28,4654231.850000001,2180.8
-11801291.9,4654231.14,2180.81
-11801293.49,4654230.44,2180.83
-11801295.08,4654229.73,2180.85
-11801296.700000001,4654229.01,2180.86
-11801298.32,4654228.3,2180.86
-11801299.91,4654227.59,2180.88
-11801301.49,4654226.91,2180.92
-11801303.09,4654226.21,2180.94
-11801304.73,4654225.49,2180.97
-11801306.33,4654224.78,2181.0
-11801307.96,4654224.05,2181.02
-11801309.56,4654223.34,2181.05
-11801311.15,4654222.65,2181.07
-11801312.74,4654221.95,2181.08
-11801314.35,4654221.24,2181.11
-11801315.96,4654220.51,2181.11
-11801317.55,4654219.8,2181.15
-11801319.17,4654219.09,2181.15
-11801320.78,4654218.38,2181.19
-11801322.41,4654217.67,2181.24
-11801324.01,4654216.96,2181.26
-11801325.620000001,4654216.25,2181.28
-11801327.22,4654215.53,2181.29
-11801328.8,4654214.850000001,2181.32
-11801330.41,4654214.14,2181.36
-11801332.03,4654213.43,2181.38
-11801333.620000001,4654212.73,2181.36
-11801335.19,4654212.03,2181.4
-11801336.78,4654211.32,2181.44
-11801338.38,4654210.62,2181.44
-11801340.0,4654209.91,2181.46
-11801341.59,4654209.2,2181.48
-11801343.17,4654208.51,2181.48
-11801344.78,4654207.8,2181.48
-11801344.34,4654210.15,2181.48
-11801342.75,4654210.84,2181.48
-11801341.14,4654211.57,2181.46
-11801339.55,4654212.26,2181.48
-11801337.94,4654212.96,2181.44
-11801336.35,4654213.67,2181.38
-11801334.73,4654214.38,2181.4
-11801333.13,4654215.09,2181.4
-11801331.540000001,4654215.8,2181.36
-11801329.950000001,4654216.53,2181.33
-11801328.370000001,4654217.22,2181.3
-11801326.74,4654217.95,2181.26
-11801325.13,4654218.66,2181.24
-11801323.51,4654219.37,2181.23
-11801321.91,4654220.08,2181.25
-11801320.33,4654220.79,2181.21
-11801318.72,4654221.5,2181.17
-11801317.11,4654222.21,2181.15
-11801315.52,4654222.92,2181.13
-11801313.9,4654223.63,2181.1
-11801312.290000001,4654224.350000001,2181.09
-11801310.68,4654225.0600000005,2181.05
-11801309.07,4654225.7700000005,2181.04
-11801307.47,4654226.48,2181.0
-11801305.870000001,4654227.19,2181.0
-11801304.27,4654227.9,2180.98
-11801302.67,4654228.61,2180.94
-11801301.05,4654229.32,2180.92
-11801299.43,4654230.05,2180.9
-11801297.85,4654230.74,2180.86
-11801296.28,4654231.43,2180.86
-11801294.65,4654232.16,2180.83
-11801293.05,4654232.87,2180.82
-11801291.46,4654233.58,2180.82
-11801289.85,4654234.29,2180.81
-11801288.24,4654234.99,2180.82
-11801286.67,4654235.7,2180.82
-11801285.08,4654236.41,2180.82
-11801283.44,4654237.12,2180.78
-11801281.85,4654237.83,2180.82
-11801280.33,4654238.5200000005,2181.02
-11801278.700000001,4654239.23,2180.9
-11801277.1,4654239.92,2180.94
-11801275.47,4654240.66,2180.88
-11801273.84,4654241.38,2180.8
-11801272.26,4654242.08,2180.76
-11801270.65,4654242.79,2180.79
-11801269.03,4654243.51,2180.63
-11801267.43,4654244.22,2180.61
-11801265.83,4654244.93,2180.63
-11801266.19,4654245.26,2180.65
-11801267.790000001,4654244.55,2180.65
-11801269.36,4654243.86,2180.63
-11801270.99,4654243.13,2180.76
-11801272.59,4654242.42,2180.81
-11801274.19,4654241.71,2180.81
-11801275.85,4654240.99,2180.92
-11801277.46,4654240.28,2180.9
-11801279.05,4654239.58,2180.92
-11801280.65,4654238.87,2180.96
-11801282.21,4654238.19,2180.81
-11801283.790000001,4654237.49,2180.72
-11801285.43,4654236.7700000005,2180.84
-11801287.03,4654236.0600000005,2180.81
-11801288.64,4654235.350000001,2180.82
-11801290.26,4654234.64,2180.8
-11801291.86,4654233.93,2180.81
-11801293.47,4654233.21,2180.84
-11801295.06,4654232.5,2180.83
-11801296.64,4654231.82,2180.86
-11801298.24,4654231.11,2180.86
-11801299.88,4654230.37,2180.88
-11801301.51,4654229.68,2180.92
-11801303.08,4654228.98,2180.96
-11801304.700000001,4654228.2700000005,2180.96
-11801306.31,4654227.55,2181.0
-11801307.92,4654226.84,2181.0
-11801309.55,4654226.13,2181.03
-11801311.13,4654225.43,2181.03
-11801312.71,4654224.72,2181.08
-11801314.33,4654224.01,2181.11
-11801315.94,4654223.3,2181.11
-11801317.53,4654222.59,2181.13
-11801319.120000001,4654221.9,2181.17
-11801320.73,4654221.17,2181.22
-11801322.35,4654220.47,2181.25
-11801323.98,4654219.76,2181.23
-11801325.58,4654219.05,2181.23
-11801327.14,4654218.350000001,2181.26
-11801328.75,4654217.65,2181.3
-11801330.36,4654216.94,2181.3
-11801331.96,4654216.23,2181.36
-11801333.56,4654215.5200000005,2181.38
-11801335.16,4654214.8,2181.4
-11801336.76,4654214.12,2181.38
-11801338.34,4654213.42,2181.33
-11801339.96,4654212.7,2181.44
-11801341.540000001,4654212.0,2181.44
-11801343.120000001,4654211.3,2181.44
-11801344.72,4654210.600000001,2181.47
-11801344.620000001,4654212.5,2181.5
-11801343.01,4654213.23,2181.47
-11801341.38,4654213.94,2181.36
-11801339.82,4654214.63,2181.42
-11801338.23,4654215.33,2181.4
-11801336.620000001,4654216.05,2181.38
-11801335.0,4654216.76,2181.34
-11801333.41,4654217.47,2181.34
-11801331.81,4654218.18,2181.32
-11801330.21,4654218.87,2181.3
-11801328.61,4654219.58,2181.28
-11801326.98,4654220.32,2181.28
-11801325.38,4654221.03,2181.28
-11801323.78,4654221.74,2181.26
-11801322.17,4654222.46,2181.25
-11801320.55,4654223.17,2181.22
-11801318.92,4654223.89,2181.17
-11801317.290000001,4654224.62,2181.15
-11801315.700000001,4654225.3100000005,2181.13
-11801314.1,4654226.0200000005,2181.09
-11801312.48,4654226.75,2181.05
-11801310.88,4654227.44,2181.04
-11801309.27,4654228.17,2181.03
-11801307.64,4654228.89,2181.03
-11801306.03,4654229.600000001,2181.0
-11801304.42,4654230.3100000005,2180.99
-11801302.78,4654231.03,2180.96
-11801301.14,4654231.75,2180.92
-11801299.540000001,4654232.46,2180.92
-11801297.92,4654233.19,2180.9
-11801296.32,4654233.9,2180.88
-11801294.700000001,4654234.600000001,2180.85
-11801293.06,4654235.350000001,2180.86
-11801291.450000001,4654236.0600000005,2180.88
-11801289.85,4654236.7700000005,2180.86
-11801288.23,4654237.48,2180.79
-11801286.620000001,4654238.2,2180.79
-11801284.98,4654238.93,2180.88
-11801283.31,4654239.66,2180.79
-11801281.71,4654240.37,2180.79
-11801280.11,4654241.08,2180.85
-11801278.48,4654241.79,2180.76
-11801276.86,4654242.5200000005,2180.71
-11801275.23,4654243.24,2180.78
-11801273.63,4654243.95,2180.81
-11801272.0,4654244.67,2180.77
-11801270.36,4654245.4,2180.77
-11801268.700000001,4654246.13,2180.61
-11801267.07,4654246.86,2180.65
-11801265.99,4654247.92,2180.78
-11801267.59,4654247.22,2180.74
-11801269.18,4654246.51,2180.61
-11801270.78,4654245.8100000005,2180.65
-11801272.43,4654245.09,2180.94
-11801273.99,4654244.39,2180.78
-11801275.58,4654243.7,2180.77
-11801277.14,4654243.01,2180.72
-11801278.76,4654242.3,2180.74
-11801280.4,4654241.58,2180.84
-11801282.0,4654240.87,2180.69
-11801283.63,4654240.16,2180.69
-11801285.24,4654239.45,2180.86
-11801286.83,4654238.74,2180.85
-11801288.42,4654238.03,2180.77
-11801290.03,4654237.32,2180.75
-11801291.67,4654236.61,2180.84
-11801293.25,4654235.9,2180.85
-11801294.85,4654235.21,2180.86
-11801296.46,4654234.5,2180.88
-11801298.08,4654233.79,2180.88
-11801299.69,4654233.08,2180.9
-11801301.28,4654232.37,2180.92
-11801302.870000001,4654231.67,2180.94
-11801304.49,4654230.96,2180.98
-11801306.1,4654230.25,2181.01
-11801307.700000001,4654229.53,2181.0
-11801309.32,4654228.82,2181.04
-11801310.93,4654228.11,2181.05
-11801312.51,4654227.43,2181.04
-11801314.13,4654226.72,2181.08
-11801315.76,4654225.99,2181.1
-11801317.34,4654225.3,2181.1
-11801318.97,4654224.58,2181.17
-11801320.58,4654223.87,2181.19
-11801322.17,4654223.16,2181.24
-11801323.77,4654222.47,2181.23
-11801325.38,4654221.76,2181.27
-11801326.96,4654221.0600000005,2181.28
-11801328.57,4654220.350000001,2181.29
-11801330.19,4654219.64,2181.29
-11801331.790000001,4654218.93,2181.28
-11801333.370000001,4654218.23,2181.31
-11801334.950000001,4654217.53,2181.32
-11801336.55,4654216.82,2181.35
-11801338.17,4654216.11,2181.36
-11801339.8,4654215.39,2181.4
-11801341.39,4654214.71,2181.44
-11801342.94,4654214.0200000005,2181.35
-11801344.55,4654213.3,2181.46
-11801344.6,4654215.17,2181.46
-11801342.99,4654215.88,2181.42
-11801341.39,4654216.59,2181.42
-11801339.78,4654217.3,2181.38
-11801338.200000001,4654218.0,2181.34
-11801336.57,4654218.72,2181.35
-11801334.950000001,4654219.43,2181.33
-11801333.370000001,4654220.14,2181.33
-11801331.76,4654220.83,2181.31
-11801330.18,4654221.54,2181.32
-11801328.55,4654222.2700000005,2181.31
-11801326.92,4654222.98,2181.29
-11801325.35,4654223.68,2181.29
-11801323.75,4654224.39,2181.24
-11801322.13,4654225.100000001,2181.19
-11801320.52,4654225.8100000005,2181.17
-11801318.9,4654226.5200000005,2181.15
-11801317.3,4654227.24,2181.13
-11801315.69,4654227.96,2181.13
-11801314.07,4654228.67,2181.09
-11801312.46,4654229.38,2181.07
-11801310.82,4654230.11,2181.07
-11801309.22,4654230.82,2181.01
-11801307.64,4654231.5200000005,2181.01
-11801306.02,4654232.23,2181.01
-11801304.38,4654232.97,2180.98
-11801302.75,4654233.69,2180.97
-11801301.14,4654234.4,2180.94
-11801299.51,4654235.12,2180.94
-11801297.88,4654235.83,2180.92
-11801296.27,4654236.5600000005,2180.9
-11801294.64,4654237.2700000005,2180.81
-11801293.05,4654237.98,2180.88
-11801291.41,4654238.69,2180.86
-11801289.790000001,4654239.42,2180.82
-11801288.17,4654240.12,2180.78
-11801286.55,4654240.86,2180.72
-11801284.91,4654241.58,2180.69
-11801283.28,4654242.3,2180.69
-11801281.65,4654243.01,2180.72
-11801280.03,4654243.74,2180.69
-11801278.42,4654244.45,2180.67
-11801276.82,4654245.16,2180.82
-11801275.17,4654245.87,2180.72
-11801273.53,4654246.600000001,2180.71
-11801271.94,4654247.32,2180.78
-11801270.34,4654248.01,2180.78
-11801268.73,4654248.72,2180.8
-11801267.09,4654249.46,2180.78
-11801267.18,4654249.97,2180.78
-11801268.76,4654249.29,2180.77
-11801270.36,4654248.58,2180.77
-11801271.99,4654247.850000001,2180.76
-11801273.58,4654247.17,2180.76
-11801275.18,4654246.46,2180.69
-11801276.8,4654245.75,2180.71
-11801278.77,4654244.87,2182.19
-11801278.41,4654245.04,2180.79
-11801279.96,4654244.350000001,2180.67
-11801281.56,4654243.64,2180.67
-11801283.17,4654242.93,2180.67
-11801284.790000001,4654242.22,2180.67
-11801286.370000001,4654241.53,2180.67
-11801287.98,4654240.82,2180.74
-11801289.6,4654240.11,2180.73
-11801291.22,4654239.4,2180.8
-11801292.84,4654238.67,2180.85
-11801294.46,4654237.96,2180.86
-11801296.03,4654237.28,2180.81
-11801297.65,4654236.57,2180.9
-11801299.26,4654235.86,2180.9
-11801300.89,4654235.13,2180.9
-11801302.49,4654234.44,2180.92
-11801304.09,4654233.73,2180.99
-11801305.71,4654233.0200000005,2181.0
-11801307.32,4654232.3100000005,2180.98
-11801308.92,4654231.59,2181.01
-11801310.51,4654230.9,2181.03
-11801312.1,4654230.2,2181.04
-11801313.71,4654229.49,2181.08
-11801315.33,4654228.78,2181.11
-11801316.94,4654228.07,2181.1
-11801318.540000001,4654227.36,2181.11
-11801320.14,4654226.66,2181.13
-11801321.74,4654225.95,2181.15
-11801323.32,4654225.25,2181.17
-11801324.950000001,4654224.53,2181.22
-11801326.56,4654223.82,2181.27
-11801328.120000001,4654223.15,2181.26
-11801329.71,4654222.45,2181.27
-11801331.35,4654221.73,2181.27
-11801332.93,4654221.03,2181.29
-11801334.52,4654220.34,2181.3
-11801336.13,4654219.62,2181.31
-11801337.75,4654218.91,2181.33
-11801339.32,4654218.22,2181.33
-11801340.92,4654217.5200000005,2181.35
-11801342.52,4654216.8100000005,2181.38
-11801344.14,4654216.100000001,2181.42
-11801344.76,4654217.84,2181.4
-11801343.13,4654218.55,2181.36
-11801341.57,4654219.24,2181.36
-11801340.02,4654219.93,2181.36
-11801338.4,4654220.64,2181.34
-11801336.76,4654221.36,2181.34
-11801335.15,4654222.07,2181.31
-11801333.52,4654222.78,2181.29
-11801331.93,4654223.49,2181.27
-11801330.33,4654224.2,2181.28
-11801328.72,4654224.93,2181.26
-11801327.1,4654225.64,2181.21
-11801325.52,4654226.33,2181.21
-11801323.9,4654227.0600000005,2181.19
-11801322.28,4654227.7700000005,2181.15
-11801320.69,4654228.48,2181.11
-11801319.07,4654229.19,2181.13
-11801317.46,4654229.9,2181.11
-11801315.83,4654230.61,2181.08
-11801314.24,4654231.32,2181.06
-11801312.64,4654232.03,2181.06
-11801311.040000001,4654232.74,2181.03
-11801309.41,4654233.45,2181.0
-11801307.790000001,4654234.17,2181.01
-11801306.16,4654234.88,2181.02
-11801304.53,4654235.61,2181.0
-11801302.92,4654236.32,2180.96
-11801301.31,4654237.04,2180.9
-11801299.72,4654237.74,2180.9
-11801298.120000001,4654238.45,2180.94
-11801296.48,4654239.17,2180.92
-11801294.84,4654239.88,2180.81
-11801293.21,4654240.59,2180.78
-11801291.58,4654241.33,2180.74
-11801289.97,4654242.0200000005,2180.74
-11801288.33,4654242.76,2180.69
-11801286.73,4654243.47,2180.69
-11801285.1,4654244.19,2180.67
-11801283.5,4654244.9,2180.78
-11801281.89,4654245.61,2180.74
-11801280.25,4654246.34,2180.65
-11801278.63,4654247.05,2180.76
-11801277.02,4654247.76,2180.83
-11801275.39,4654248.48,2180.83
-11801273.76,4654249.19,2180.84
-11801272.14,4654249.92,2180.85
-11801270.540000001,4654250.63,2180.81
-11801271.91,4654250.48,2180.84
-11801273.52,4654249.7700000005,2180.81
-11801275.120000001,4654249.08,2180.82
-11801276.74,4654248.350000001,2180.84
-11801278.33,4654247.65,2180.8
-11801279.9,4654246.97,2180.73
-11801281.48,4654246.2700000005,2180.65
-11801283.11,4654245.55,2180.71
-11801284.72,4654244.84,2180.75
-11801286.3,4654244.14,2180.67
-11801287.9,4654243.43,2180.69
-11801289.52,4654242.72,2180.74
-11801291.1,4654242.04,2180.71
-11801292.73,4654241.33,2180.74
-11801294.33,4654240.62,2180.77
-11801295.92,4654239.92,2180.84
-11801297.56,4654239.2,2180.9
-11801299.18,4654238.49,2180.94
-11801300.790000001,4654237.78,2180.92
-11801302.370000001,4654237.08,2180.88
-11801303.98,4654236.37,2180.97
-11801305.620000001,4654235.65,2181.02
-11801307.23,4654234.93,2181.03
-11801308.82,4654234.22,2181.0
-11801310.42,4654233.54,2181.01
-11801312.040000001,4654232.83,2181.03
-11801313.64,4654232.12,2181.06
-11801315.27,4654231.41,2181.1
-11801316.85,4654230.71,2181.09
-11801318.43,4654230.0,2181.09
-11801320.03,4654229.32,2181.11
-11801321.66,4654228.58,2181.15
-11801323.27,4654227.87,2181.15
-11801324.86,4654227.19,2181.17
-11801326.46,4654226.48,2181.19
-11801328.05,4654225.78,2181.19
-11801329.65,4654225.07,2181.25
-11801331.27,4654224.36,2181.27
-11801332.870000001,4654223.65,2181.26
-11801334.48,4654222.94,2181.28
-11801336.05,4654222.2700000005,2181.32
-11801337.66,4654221.5600000005,2181.34
-11801339.290000001,4654220.83,2181.34
-11801340.870000001,4654220.14,2181.36
-11801342.46,4654219.43,2181.35
-11801344.05,4654218.74,2181.38
-11801344.77,4654220.58,2181.38
-11801343.15,4654221.29,2181.36
-11801341.55,4654222.0,2181.35
-11801339.96,4654222.7,2181.35
-11801338.36,4654223.41,2181.32
-11801336.76,4654224.12,2181.32
-11801335.13,4654224.84,2181.29
-11801333.5,4654225.55,2181.29
-11801331.93,4654226.25,2181.24
-11801330.32,4654226.96,2181.25
-11801328.71,4654227.67,2181.22
-11801327.1,4654228.38,2181.19
-11801325.48,4654229.100000001,2181.21
-11801323.88,4654229.79,2181.19
-11801322.27,4654230.5,2181.15
-11801320.65,4654231.23,2181.13
-11801319.05,4654231.94,2181.11
-11801317.42,4654232.66,2181.11
-11801315.81,4654233.37,2181.11
-11801314.200000001,4654234.09,2181.07
-11801312.61,4654234.7700000005,2181.06
-11801311.02,4654235.48,2181.06
-11801309.41,4654236.19,2181.03
-11801307.790000001,4654236.9,2181.07
-11801306.16,4654237.63,2180.99
-11801304.58,4654238.32,2181.08
-11801302.92,4654239.05,2181.06
-11801301.27,4654239.8,2180.94
-11801299.64,4654240.51,2180.88
-11801298.02,4654241.23,2180.81
-11801296.39,4654241.94,2180.79
-11801294.790000001,4654242.65,2180.76
-11801293.18,4654243.36,2180.77
-11801291.55,4654244.08,2180.79
-11801289.950000001,4654244.79,2180.85
-11801288.33,4654245.51,2180.8
-11801286.69,4654246.23,2180.71
-11801285.08,4654246.94,2180.76
-11801283.52,4654247.62,2180.83
-11801281.9,4654248.33,2180.82
-11801280.25,4654249.07,2180.85
-11801278.6,4654249.8100000005,2180.85
-11801276.97,4654250.5,2180.85
-11801277.92,4654250.65,2180.82
-11801279.51,4654249.94,2180.81
-11801281.120000001,4654249.23,2180.82
-11801282.72,4654248.54,2180.81
-11801284.32,4654247.83,2180.81
-11801285.94,4654247.12,2180.84
-11801287.51,4654246.42,2180.76
-11801289.13,4654245.71,2180.76
-11801290.78,4654245.0,2180.86
-11801292.36,4654244.29,2180.8
-11801293.93,4654243.61,2180.78
-11801295.52,4654242.91,2180.79
-11801297.13,4654242.2,2180.78
-11801298.77,4654241.48,2180.8
-11801300.4,4654240.7700000005,2180.83
-11801302.0,4654240.0600000005,2180.96
-11801303.63,4654239.350000001,2181.06
-11801305.26,4654238.64,2181.04
-11801306.870000001,4654237.93,2181.04
-11801308.46,4654237.22,2180.94
-11801310.05,4654236.53,2180.99
-11801311.66,4654235.82,2181.07
-11801313.28,4654235.11,2181.07
-11801314.89,4654234.4,2181.07
-11801316.49,4654233.7,2181.07
-11801318.07,4654233.01,2181.09
-11801319.66,4654232.3100000005,2181.11
-11801321.26,4654231.600000001,2181.11
-11801322.88,4654230.89,2181.11
-11801324.5,4654230.18,2181.13
-11801326.07,4654229.48,2181.17
-11801327.68,4654228.78,2181.19
-11801329.28,4654228.07,2181.22
-11801330.88,4654227.38,2181.22
-11801332.5,4654226.64,2181.23
-11801334.120000001,4654225.93,2181.25
-11801335.72,4654225.25,2181.27
-11801337.33,4654224.54,2181.29
-11801338.950000001,4654223.83,2181.31
-11801340.55,4654223.13,2181.34
-11801342.15,4654222.42,2181.33
-11801343.77,4654221.71,2181.36
-11801345.38,4654221.0,2181.38
-11801345.15,4654223.2700000005,2181.38
-11801343.55,4654223.98,2181.38
-11801341.93,4654224.69,2181.35
-11801340.36,4654225.39,2181.31
-11801338.72,4654226.100000001,2181.28
-11801337.08,4654226.83,2181.28
-11801335.48,4654227.54,2181.27
-11801333.88,4654228.23,2181.25
-11801332.290000001,4654228.94,2181.23
-11801330.69,4654229.65,2181.22
-11801329.05,4654230.37,2181.19
-11801327.46,4654231.07,2181.17
-11801325.870000001,4654231.78,2181.15
-11801324.24,4654232.49,2181.15
-11801322.63,4654233.2,2181.11
-11801321.03,4654233.91,2181.11
-11801319.450000001,4654234.61,2181.13
-11801317.86,4654235.3,2181.11
-11801316.21,4654236.04,2181.08
-11801314.56,4654236.76,2180.96
-11801312.99,4654237.44,2181.0
-11801311.42,4654238.15,2181.11
-11801309.790000001,4654238.87,2181.08
-11801308.18,4654239.58,2181.07
-11801306.540000001,4654240.29,2181.01
-11801304.870000001,4654241.04,2180.94
-11801303.28,4654241.74,2180.92
-11801301.67,4654242.45,2180.85
-11801300.040000001,4654243.17,2180.84
-11801298.44,4654243.850000001,2180.8
-11801296.84,4654244.5600000005,2180.88
-11801295.23,4654245.28,2180.88
-11801293.61,4654245.99,2180.81
-11801291.99,4654246.72,2180.85
-11801290.36,4654247.43,2180.88
-11801288.72,4654248.16,2180.86
-11801287.11,4654248.87,2180.86
-11801285.49,4654249.58,2180.83
-11801283.88,4654250.3,2180.82
-11801284.38,4654250.58,2180.83
-11801285.98,4654249.87,2180.82
-11801287.57,4654249.18,2180.86
-11801289.18,4654248.47,2180.86
-11801290.81,4654247.76,2180.88
-11801292.41,4654247.05,2180.9
-11801295.75,4654245.58,2187.63
-11801294.0,4654246.350000001,2180.8
-11801295.6,4654245.64,2180.81
-11801297.23,4654244.93,2180.9
-11801298.8,4654244.25,2180.84
-11801300.42,4654243.54,2180.84
-11801302.06,4654242.83,2180.86
-11801303.67,4654242.12,2180.92
-11801305.26,4654241.42,2180.92
-11801306.86,4654240.71,2180.97
-11801308.5,4654240.0,2181.05
-11801310.13,4654239.28,2181.06
-11801311.73,4654238.58,2181.11
-11801313.28,4654237.89,2181.03
-11801314.89,4654237.18,2180.98
-11801316.52,4654236.47,2181.01
-11801318.15,4654235.76,2181.15
-11801319.72,4654235.07,2181.11
-11801321.34,4654234.36,2181.1
-11801322.94,4654233.65,2181.11
-11801324.52,4654232.96,2181.15
-11801326.14,4654232.25,2181.15
-11801327.74,4654231.54,2181.17
-11801329.32,4654230.84,2181.19
-11801330.92,4654230.13,2181.22
-11801332.55,4654229.42,2181.21
-11801334.16,4654228.71,2181.25
-11801335.73,4654228.03,2181.28
-11801337.31,4654227.33,2181.26
-11801338.94,4654226.62,2181.28
-11801340.58,4654225.91,2181.3
-11801342.19,4654225.19,2181.31
-11801343.78,4654224.49,2181.36
-11801345.33,4654223.82,2181.38
-11801345.41,4654226.13,2181.34
-11801343.82,4654226.84,2181.33
-11801342.18,4654227.55,2181.32
-11801340.58,4654228.2700000005,2181.3
-11801338.97,4654228.98,2181.29
-11801337.38,4654229.68,2181.28
-11801335.78,4654230.39,2181.25
-11801334.18,4654231.100000001,2181.22
-11801332.56,4654231.8100000005,2181.21
-11801330.950000001,4654232.5200000005,2181.17
-11801329.35,4654233.22,2181.17
-11801327.76,4654233.91,2181.15
-11801326.16,4654234.62,2181.17
-11801324.57,4654235.32,2181.19
-11801322.97,4654236.03,2181.15
-11801321.33,4654236.75,2181.11
-11801319.74,4654237.45,2181.15
-11801318.15,4654238.16,2181.22
-11801316.48,4654238.88,2181.09
-11801314.84,4654239.61,2181.01
-11801313.22,4654240.32,2180.94
-11801311.6,4654241.03,2180.94
-11801309.99,4654241.75,2180.94
-11801308.39,4654242.46,2180.94
-11801306.76,4654243.17,2180.94
-11801305.17,4654243.87,2180.92
-11801303.6,4654244.57,2180.98
-11801301.96,4654245.29,2180.96
-11801300.290000001,4654246.03,2180.84
-11801298.67,4654246.74,2180.86
-11801297.06,4654247.45,2180.98
-11801295.44,4654248.16,2180.86
-11801293.81,4654248.87,2180.82
-11801292.200000001,4654249.58,2180.85
-11801290.57,4654250.3,2180.85
-11801292.32,4654250.12,2180.85
-11801293.94,4654249.41,2180.85
-11801295.58,4654248.7,2180.84
-11801297.17,4654248.0,2180.88
-11801298.8,4654247.26,2180.96
-11801300.41,4654246.58,2180.92
-11801302.0,4654245.88,2180.86
-11801303.64,4654245.16,2180.98
-11801305.23,4654244.46,2181.02
-11801306.81,4654243.76,2180.92
-11801308.41,4654243.0600000005,2180.92
-11801310.01,4654242.37,2180.92
-11801311.6,4654241.67,2180.94
-11801313.21,4654240.96,2180.92
-11801314.83,4654240.25,2180.92
-11801316.450000001,4654239.54,2181.03
-11801318.11,4654238.82,2181.17
-11801319.69,4654238.12,2181.19
-11801321.27,4654237.43,2181.13
-11801322.9,4654236.71,2181.13
-11801324.5,4654236.01,2181.13
-11801326.1,4654235.3,2181.17
-11801327.700000001,4654234.61,2181.19
-11801329.290000001,4654233.9,2181.19
-11801330.89,4654233.21,2181.19
-11801332.51,4654232.5,2181.21
-11801334.11,4654231.8,2181.21
-11801335.71,4654231.09,2181.21
-11801337.3,4654230.38,2181.27
-11801338.91,4654229.67,2181.3
-11801340.51,4654228.99,2181.3
-11801342.13,4654228.28,2181.32
-11801343.72,4654227.58,2181.33
-11801345.290000001,4654226.87,2181.36
-11801344.08,4654229.76,2181.32
-11801342.48,4654230.45,2181.29
-11801340.870000001,4654231.16,2181.3
-11801339.24,4654231.89,2181.29
-11801337.64,4654232.57,2181.28
-11801336.040000001,4654233.28,2181.27
-11801334.44,4654233.99,2181.23
-11801332.85,4654234.7,2181.26
-11801331.25,4654235.4,2181.27
-11801329.61,4654236.12,2181.11
-11801327.99,4654236.83,2181.17
-11801326.39,4654237.54,2181.23
-11801324.790000001,4654238.24,2181.26
-11801323.15,4654238.96,2181.13
-11801321.52,4654239.69,2181.11
-11801319.92,4654240.39,2181.05
-11801318.32,4654241.100000001,2181.02
-11801316.700000001,4654241.8100000005,2181.02
-11801315.06,4654242.53,2180.97
-11801313.44,4654243.24,2180.97
-11801311.870000001,4654243.94,2180.99
-11801310.3,4654244.63,2181.04
-11801308.69,4654245.34,2181.07
-11801307.02,4654246.0600000005,2180.97
-11801305.450000001,4654246.7700000005,2181.06
-11801303.83,4654247.48,2180.97
-11801302.23,4654248.17,2180.92
-11801300.61,4654248.9,2180.9
-11801298.93,4654249.62,2180.9
-11801297.3,4654250.36,2180.88
-11801298.85,4654250.29,2180.88
-11801300.450000001,4654249.59,2180.9
-11801302.06,4654248.88,2180.92
-11801303.700000001,4654248.17,2180.96
-11801305.3,4654247.46,2180.94
-11801306.89,4654246.7700000005,2181.07
-11801308.49,4654246.0600000005,2181.06
-11801310.08,4654245.37,2181.0
-11801311.71,4654244.66,2181.05
-11801313.31,4654243.96,2181.0
-11801314.88,4654243.26,2180.98
-11801316.51,4654242.55,2180.99
-11801318.13,4654241.84,2180.98
-11801319.73,4654241.14,2181.02
-11801321.32,4654240.45,2181.06
-11801322.9,4654239.74,2181.11
-11801324.51,4654239.05,2181.13
-11801326.15,4654238.33,2181.21
-11801327.76,4654237.63,2181.24
-11801329.370000001,4654236.92,2181.23
-11801330.96,4654236.22,2181.13
-11801332.6,4654235.5,2181.22
-11801334.22,4654234.79,2181.24
-11801335.790000001,4654234.11,2181.26
-11801337.36,4654233.42,2181.25
-11801338.96,4654232.71,2181.27
-11801340.53,4654232.03,2181.28
-11801342.15,4654231.32,2181.3
-11801343.790000001,4654230.61,2181.31
-11801345.36,4654229.91,2181.32
-11801344.68,4654232.600000001,2181.35
-11801343.08,4654233.3100000005,2181.33
-11801341.47,4654234.0,2181.31
-11801339.85,4654234.73,2181.3
-11801338.23,4654235.44,2181.25
-11801336.64,4654236.14,2181.17
-11801335.07,4654236.82,2181.28
-11801333.450000001,4654237.53,2181.33
-11801331.83,4654238.24,2181.27
-11801330.23,4654238.96,2181.21
-11801328.61,4654239.66,2181.15
-11801327.0,4654240.38,2181.08
-11801325.370000001,4654241.09,2181.07
-11801323.78,4654241.79,2181.07
-11801322.18,4654242.5,2181.06
-11801320.57,4654243.21,2181.08
-11801318.950000001,4654243.91,2181.09
-11801317.35,4654244.61,2181.09
-11801315.700000001,4654245.34,2181.05
-11801314.09,4654246.05,2181.02
-11801312.51,4654246.74,2181.07
-11801310.91,4654247.45,2181.11
-11801309.290000001,4654248.16,2181.03
-11801307.68,4654248.87,2181.03
-11801306.01,4654249.59,2180.96
-11801304.39,4654250.33,2180.94
-11801305.49,4654250.51,2180.9
-11801307.120000001,4654249.8100000005,2180.96
-11801308.77,4654249.08,2181.1
-11801310.36,4654248.39,2181.04
-11801312.0,4654247.68,2181.13
-11801313.56,4654247.0,2181.06
-11801315.15,4654246.29,2181.03
-11801316.76,4654245.58,2181.02
-11801318.39,4654244.88,2181.13
-11801319.98,4654244.18,2181.09
-11801321.59,4654243.48,2181.15
-11801323.16,4654242.8,2181.09
-11801324.76,4654242.09,2181.06
-11801326.4,4654241.38,2181.09
-11801328.0,4654240.68,2181.08
-11801329.59,4654239.98,2181.11
-11801331.21,4654239.2700000005,2181.19
-11801332.81,4654238.58,2181.24
-11801334.43,4654237.87,2181.32
-11801336.02,4654237.17,2181.27
-11801337.58,4654236.47,2181.17
-11801339.19,4654235.76,2181.23
-11801340.81,4654235.08,2181.29
-11801342.42,4654234.37,2181.33
-11801344.040000001,4654233.66,2181.32
-11801345.65,4654232.96,2181.32
-11801345.41,4654235.47,2181.34
-11801343.76,4654236.21,2181.21
-11801342.17,4654236.91,2181.31
-11801340.58,4654237.61,2181.35
-11801338.97,4654238.32,2181.26
-11801337.38,4654239.01,2181.19
-11801335.78,4654239.7,2181.17
-11801334.14,4654240.43,2181.13
-11801332.52,4654241.14,2181.13
-11801330.92,4654241.850000001,2181.11
-11801329.31,4654242.55,2181.1
-11801327.71,4654243.26,2181.13
-11801326.11,4654243.97,2181.15
-11801324.48,4654244.68,2181.15
-11801322.89,4654245.38,2181.19
-11801321.28,4654246.09,2181.06
-11801319.69,4654246.79,2181.13
-11801318.06,4654247.48,2181.09
-11801316.450000001,4654248.2,2181.05
-11801314.82,4654248.91,2181.01
-11801313.19,4654249.64,2181.0
-11801311.59,4654250.33,2181.05
-11801312.44,4654250.59,2181.02
-11801314.06,4654249.88,2180.99
-11801315.66,4654249.19,2180.99
-11801317.27,4654248.49,2181.02
-11801318.870000001,4654247.78,2181.09
-11801320.47,4654247.09,2181.11
-11801322.05,4654246.39,2181.09
-11801323.65,4654245.69,2181.11
-11801325.27,4654244.98,2181.13
-11801326.870000001,4654244.28,2181.17
-11801328.46,4654243.600000001,2181.17
-11801330.07,4654242.89,2181.11
-11801331.67,4654242.19,2181.13
-11801333.24,4654241.49,2181.15
-11801334.84,4654240.8,2181.15
-11801336.48,4654240.09,2181.15
-11801338.09,4654239.39,2181.17
-11801339.69,4654238.68,2181.25
-11801341.3,4654237.98,2181.3
-11801342.9,4654237.2700000005,2181.33
-11801344.49,4654236.59,2181.29
-11801344.700000001,4654239.01,2181.3
-11801343.08,4654239.71,2181.23
-11801341.46,4654240.43,2181.22
-11801339.85,4654241.13,2181.19
-11801338.290000001,4654241.8100000005,2181.17
-11801336.66,4654242.5200000005,2181.15
-11801335.05,4654243.23,2181.19
-11801333.450000001,4654243.94,2181.19
-11801331.85,4654244.64,2181.25
-11801330.22,4654245.350000001,2181.13
-11801328.64,4654246.05,2181.13
-11801327.040000001,4654246.74,2181.17
-11801325.4,4654247.45,2181.17
-11801323.790000001,4654248.17,2181.15
-11801322.17,4654248.88,2181.06
-11801320.56,4654249.59,2181.04
-11801318.93,4654250.3100000005,2181.05
-11801320.89,4654250.12,2181.06
-11801322.5,4654249.41,2181.03
-11801324.14,4654248.7,2181.09
-11801325.77,4654247.99,2181.13
-11801327.35,4654247.29,2181.15
-11801328.96,4654246.59,2181.21
-11801330.52,4654245.9,2181.13
-11801332.15,4654245.19,2181.17
-11801333.76,4654244.5,2181.25
-11801335.36,4654243.79,2181.22
-11801336.950000001,4654243.11,2181.19
-11801338.57,4654242.4,2181.17
-11801340.17,4654241.7,2181.19
-11801341.77,4654241.0,2181.22
-11801343.38,4654240.29,2181.22
-11801344.96,4654239.600000001,2181.23
-11801345.51,4654241.89,2181.25
-11801343.91,4654242.600000001,2181.27
-11801342.33,4654243.29,2181.28
-11801340.77,4654243.98,2181.29
-11801339.16,4654244.67,2181.26
-11801337.51,4654245.4,2181.13
-11801335.9,4654246.11,2181.22
-11801334.28,4654246.82,2181.23
-11801332.68,4654247.5200000005,2181.19
-11801331.07,4654248.23,2181.15
-11801329.44,4654248.94,2181.09
-11801327.81,4654249.65,2181.1
-11801326.19,4654250.37,2181.09
-11801327.91,4654250.29,2181.08
-11801329.53,4654249.58,2181.09
-11801331.11,4654248.88,2181.11
-11801332.72,4654248.17,2181.17
-11801334.33,4654247.48,2181.17
-11801335.96,4654246.7700000005,2181.22
-11801337.55,4654246.08,2181.17
-11801339.15,4654245.38,2181.17
-11801340.75,4654244.67,2181.31
-11801342.35,4654243.98,2181.42
-11801343.93,4654243.29,2181.32
-11801345.53,4654242.58,2181.26
-11801344.6,4654245.51,2181.25
-11801343.0,4654246.21,2181.27
-11801341.39,4654246.91,2181.25
-11801339.78,4654247.62,2181.21
-11801338.18,4654248.33,2181.21
-11801336.56,4654249.04,2181.17
-11801334.93,4654249.75,2181.15
-11801333.32,4654250.46,2181.15
-11801334.56,4654250.65,2181.13
-11801336.16,4654249.95,2181.15
-11801337.76,4654249.24,2181.17
-11801339.36,4654248.5600000005,2181.19
-11801340.96,4654247.86,2181.22
-11801342.540000001,4654247.18,2181.25
-11801344.15,4654246.47,2181.32
-11801345.75,4654245.7700000005,2181.25
-11801345.22,4654248.39,2181.22
-11801343.620000001,4654249.09,2181.24
-11801342.02,4654249.78,2181.19
-11801340.39,4654250.49,2181.17
-11801342.88,4654250.03,2181.21
-11801344.48,4654249.32,2181.21
-11801418.44,4654195.12,2182.25
-11801417.790000001,4654194.65,2182.22
-11801416.15,4654195.13,2182.21
-11801409.46,4654195.38,2182.17
-11801411.07,4654194.93,2182.21
-11801412.700000001,4654194.46,2182.22
-11801414.33,4654194.0,2182.26
-11801415.97,4654193.53,2182.26
-11801417.6,4654193.05,2182.26
-11801417.32,4654192.41,2182.24
-11801415.71,4654192.89,2182.25
-11801414.09,4654193.350000001,2182.25
-11801412.51,4654193.8,2182.22
-11801410.89,4654194.25,2182.21
-11801409.26,4654194.72,2182.17
-11801407.620000001,4654195.19,2182.19
-11801402.09,4654195.15,2182.17
-11801403.68,4654194.69,2182.21
-11801405.3,4654194.24,2182.17
-11801406.94,4654193.76,2182.19
-11801408.57,4654193.3,2182.19
-11801410.18,4654192.850000001,2182.21
-11801411.77,4654192.4,2182.23
-11801413.36,4654191.93,2182.26
-11801415.03,4654191.46,2182.27
-11801416.66,4654190.98,2182.27
-11801418.26,4654190.54,2182.28
-11801418.23,4654189.9,2182.28
-11801416.61,4654190.34,2182.27
-11801414.97,4654190.82,2182.26
-11801413.34,4654191.29,2182.25
-11801411.73,4654191.73,2182.25
-11801410.13,4654192.2,2182.23
-11801408.49,4654192.66,2182.19
-11801406.870000001,4654193.12,2182.17
-11801405.28,4654193.57,2182.15
-11801403.66,4654194.01,2182.19
-11801402.06,4654194.49,2182.17
-11801400.43,4654194.95,2182.19
-11801398.8,4654195.4,2182.17
-11801393.06,4654195.350000001,2182.08
-11801394.66,4654194.89,2182.13
-11801396.26,4654194.44,2182.15
-11801397.88,4654193.97,2182.19
-11801399.51,4654193.5200000005,2182.21
-11801401.120000001,4654193.05,2182.19
-11801402.700000001,4654192.600000001,2182.19
-11801404.32,4654192.13,2182.19
-11801405.94,4654191.68,2182.19
-11801407.55,4654191.23,2182.21
-11801409.18,4654190.75,2182.23
-11801410.81,4654190.29,2182.25
-11801412.43,4654189.84,2182.27
-11801414.03,4654189.36,2182.3
-11801415.69,4654188.9,2182.31
-11801417.3,4654188.44,2182.32
-11801417.64,4654187.68,2182.32
-11801416.05,4654188.13,2182.3
-11801414.42,4654188.59,2182.29
-11801412.790000001,4654189.05,2182.27
-11801411.21,4654189.49,2182.25
-11801409.58,4654189.96,2182.22
-11801407.950000001,4654190.41,2182.21
-11801406.32,4654190.88,2182.17
-11801404.66,4654191.350000001,2182.19
-11801403.06,4654191.8,2182.17
-11801401.47,4654192.25,2182.21
-11801399.84,4654192.71,2182.15
-11801398.21,4654193.16,2182.17
-11801396.61,4654193.63,2182.17
-11801394.99,4654194.08,2182.13
-11801393.38,4654194.54,2182.13
-11801391.77,4654194.99,2182.07
-11801390.14,4654195.44,2182.04
-11801383.82,4654195.55,2181.97
-11801385.44,4654195.09,2182.0
-11801387.07,4654194.62,2182.03
-11801388.67,4654194.17,2182.06
-11801390.28,4654193.71,2182.13
-11801391.870000001,4654193.2700000005,2182.17
-11801393.450000001,4654192.82,2182.13
-11801395.08,4654192.34,2182.15
-11801396.700000001,4654191.88,2182.17
-11801398.35,4654191.42,2182.17
-11801399.98,4654190.95,2182.22
-11801401.56,4654190.51,2182.25
-11801403.15,4654190.07,2182.26
-11801404.790000001,4654189.59,2182.21
-11801406.42,4654189.12,2182.23
-11801408.02,4654188.67,2182.24
-11801409.63,4654188.21,2182.28
-11801411.24,4654187.76,2182.28
-11801412.870000001,4654187.28,2182.32
-11801414.5,4654186.84,2182.32
-11801416.11,4654186.37,2182.34
-11801417.71,4654185.92,2182.36
-11801418.44,4654185.100000001,2182.35
-11801416.84,4654185.5600000005,2182.35
-11801415.200000001,4654186.0200000005,2182.31
-11801413.55,4654186.48,2182.31
-11801411.94,4654186.95,2182.3
-11801410.35,4654187.4,2182.27
-11801408.700000001,4654187.850000001,2182.25
-11801407.07,4654188.3100000005,2182.22
-11801405.46,4654188.7700000005,2182.21
-11801403.870000001,4654189.23,2182.21
-11801402.24,4654189.68,2182.19
-11801400.61,4654190.15,2182.21
-11801399.0,4654190.59,2182.19
-11801397.36,4654191.0600000005,2182.15
-11801395.76,4654191.51,2182.15
-11801394.15,4654191.96,2182.11
-11801392.56,4654192.42,2182.15
-11801390.94,4654192.87,2182.11
-11801389.33,4654193.34,2182.13
-11801387.72,4654193.78,2182.06
-11801386.11,4654194.23,2182.03
-11801384.49,4654194.69,2181.98
-11801382.870000001,4654195.15,2181.94
-11801381.25,4654195.59,2181.94
-11801374.73,4654195.67,2181.88
-11801376.35,4654195.2,2181.9
-11801377.98,4654194.75,2181.9
-11801379.59,4654194.28,2181.92
-11801381.18,4654193.83,2181.94
-11801382.76,4654193.39,2181.96
-11801384.370000001,4654192.93,2182.02
-11801386.0,4654192.46,2182.11
-11801387.61,4654192.0,2182.08
-11801389.23,4654191.5600000005,2182.11
-11801390.83,4654191.09,2182.11
-11801392.450000001,4654190.64,2182.11
-11801394.07,4654190.17,2182.11
-11801395.67,4654189.72,2182.17
-11801397.3,4654189.26,2182.21
-11801398.91,4654188.8100000005,2182.21
-11801400.51,4654188.350000001,2182.24
-11801402.11,4654187.89,2182.24
-11801403.74,4654187.43,2182.27
-11801405.370000001,4654186.97,2182.26
-11801406.99,4654186.51,2182.27
-11801408.59,4654186.05,2182.27
-11801410.200000001,4654185.61,2182.32
-11801411.82,4654185.14,2182.32
-11801413.43,4654184.68,2182.35
-11801415.09,4654184.22,2182.36
-11801416.69,4654183.76,2182.4
-11801418.28,4654183.3100000005,2182.4
-11801417.68,4654182.87,2182.4
-11801416.040000001,4654183.32,2182.38
-11801414.39,4654183.79,2182.36
-11801412.76,4654184.24,2182.33
-11801411.120000001,4654184.71,2182.31
-11801409.53,4654185.16,2182.28
-11801407.950000001,4654185.600000001,2182.27
-11801406.31,4654186.07,2182.25
-11801404.68,4654186.53,2182.25
-11801403.07,4654186.97,2182.25
-11801401.450000001,4654187.45,2182.23
-11801399.83,4654187.9,2182.21
-11801398.24,4654188.34,2182.19
-11801396.620000001,4654188.79,2182.23
-11801394.99,4654189.25,2182.13
-11801393.4,4654189.69,2182.09
-11801391.77,4654190.17,2182.08
-11801390.11,4654190.64,2182.1
-11801388.52,4654191.08,2182.11
-11801386.92,4654191.53,2182.05
-11801385.31,4654192.0,2182.1
-11801383.69,4654192.45,2182.1
-11801382.07,4654192.91,2181.97
-11801380.46,4654193.36,2181.94
-11801378.85,4654193.8,2181.9
-11801377.26,4654194.25,2181.9
-11801375.63,4654194.72,2181.88
-11801374.01,4654195.17,2181.86
-11801372.41,4654195.63,2181.85
-11801365.42,4654195.87,2181.82
-11801367.01,4654195.43,2181.85
-11801368.620000001,4654194.98,2181.86
-11801370.22,4654194.5200000005,2181.88
-11801371.85,4654194.04,2181.9
-11801373.47,4654193.600000001,2181.9
-11801375.01,4654193.15,2181.9
-11801376.63,4654192.71,2181.94
-11801378.28,4654192.24,2181.94
-11801379.88,4654191.79,2181.99
-11801381.5,4654191.32,2182.06
-11801383.09,4654190.87,2182.13
-11801384.71,4654190.41,2182.05
-11801386.33,4654189.96,2182.11
-11801387.96,4654189.51,2182.11
-11801389.55,4654189.04,2182.11
-11801391.14,4654188.600000001,2182.11
-11801392.76,4654188.15,2182.11
-11801394.36,4654187.69,2182.15
-11801395.98,4654187.22,2182.19
-11801397.58,4654186.76,2182.23
-11801399.19,4654186.32,2182.26
-11801400.8,4654185.86,2182.29
-11801402.46,4654185.4,2182.26
-11801404.06,4654184.94,2182.29
-11801405.700000001,4654184.48,2182.31
-11801407.31,4654184.0200000005,2182.33
-11801408.91,4654183.57,2182.35
-11801410.540000001,4654183.09,2182.35
-11801412.15,4654182.65,2182.4
-11801413.78,4654182.19,2182.4
-11801415.370000001,4654181.74,2182.42
-11801417.0,4654181.29,2182.44
-11801418.38,4654180.22,2182.47
-11801416.77,4654180.67,2182.46
-11801415.14,4654181.14,2182.42
-11801413.5,4654181.61,2182.38
-11801411.870000001,4654182.0600000005,2182.38
-11801410.25,4654182.5,2182.38
-11801408.66,4654182.97,2182.34
-11801407.05,4654183.42,2182.33
-11801405.43,4654183.88,2182.29
-11801403.81,4654184.33,2182.29
-11801402.16,4654184.78,2182.25
-11801400.53,4654185.25,2182.26
-11801398.94,4654185.68,2182.21
-11801397.34,4654186.15,2182.19
-11801395.73,4654186.600000001,2182.17
-11801394.1,4654187.05,2182.17
-11801392.48,4654187.51,2182.11
-11801390.86,4654187.96,2182.11
-11801389.26,4654188.4,2182.1
-11801387.620000001,4654188.88,2182.11
-11801385.99,4654189.34,2182.1
-11801384.38,4654189.79,2182.09
-11801382.78,4654190.23,2182.02
-11801381.16,4654190.68,2182.06
-11801379.56,4654191.15,2182.04
-11801377.97,4654191.59,2181.92
-11801376.35,4654192.05,2181.9
-11801374.73,4654192.5,2181.9
-11801373.120000001,4654192.97,2181.9
-11801371.51,4654193.41,2181.88
-11801369.9,4654193.850000001,2181.88
-11801368.25,4654194.33,2181.86
-11801366.65,4654194.78,2181.85
-11801365.06,4654195.22,2181.82
-11801363.450000001,4654195.68,2181.8
-11801357.67,4654195.61,2181.79
-11801359.27,4654195.15,2181.79
-11801360.94,4654194.69,2181.81
-11801362.53,4654194.24,2181.83
-11801364.13,4654193.78,2181.85
-11801365.74,4654193.33,2181.85
-11801367.34,4654192.86,2181.88
-11801368.99,4654192.41,2181.9
-11801370.58,4654191.97,2181.92
-11801372.18,4654191.51,2181.92
-11801373.8,4654191.05,2181.92
-11801375.4,4654190.58,2181.94
-11801376.98,4654190.14,2182.02
-11801378.58,4654189.7,2181.96
-11801380.18,4654189.25,2182.05
-11801381.790000001,4654188.79,2182.06
-11801383.41,4654188.34,2182.04
-11801385.01,4654187.86,2182.06
-11801386.64,4654187.42,2182.08
-11801388.24,4654186.96,2182.11
-11801389.85,4654186.51,2182.13
-11801391.47,4654186.0600000005,2182.13
-11801393.09,4654185.600000001,2182.22
-11801394.74,4654185.14,2182.19
-11801396.34,4654184.68,2182.21
-11801397.950000001,4654184.23,2182.22
-11801399.540000001,4654183.7700000005,2182.28
-11801401.16,4654183.32,2182.32
-11801402.77,4654182.850000001,2182.31
-11801404.4,4654182.4,2182.31
-11801405.98,4654181.96,2182.38
-11801407.6,4654181.51,2182.44
-11801409.22,4654181.04,2182.4
-11801410.85,4654180.57,2182.44
-11801412.450000001,4654180.13,2182.48
-11801414.07,4654179.68,2182.53
-11801415.700000001,4654179.21,2182.51
-11801417.33,4654178.74,2182.52
-11801417.290000001,4654178.05,2182.58
-11801415.69,4654178.49,2182.55
-11801414.07,4654178.93,2182.57
-11801412.450000001,4654179.4,2182.48
-11801410.84,4654179.850000001,2182.49
-11801409.22,4654180.3100000005,2182.44
-11801407.6,4654180.76,2182.4
-11801405.96,4654181.22,2182.38
-11801404.370000001,4654181.66,2182.35
-11801402.75,4654182.11,2182.32
-11801401.120000001,4654182.58,2182.31
-11801399.52,4654183.03,2182.26
-11801397.9,4654183.48,2182.23
-11801396.26,4654183.94,2182.17
-11801394.66,4654184.39,2182.19
-11801393.05,4654184.83,2182.15
-11801391.450000001,4654185.3,2182.13
-11801389.83,4654185.75,2182.13
-11801388.200000001,4654186.21,2182.09
-11801386.61,4654186.65,2182.09
-11801384.97,4654187.12,2182.04
-11801383.34,4654187.5600000005,2181.99
-11801381.76,4654188.0,2181.99
-11801380.14,4654188.48,2182.04
-11801378.5,4654188.93,2182.05
-11801376.9,4654189.37,2181.94
-11801375.290000001,4654189.83,2182.01
-11801373.67,4654190.28,2181.94
-11801372.06,4654190.73,2181.92
-11801370.450000001,4654191.17,2181.9
-11801368.84,4654191.64,2181.88
-11801367.25,4654192.09,2181.88
-11801365.64,4654192.55,2181.85
-11801364.02,4654192.99,2181.85
-11801362.39,4654193.46,2181.83
-11801360.78,4654193.9,2181.81
-11801359.17,4654194.36,2181.81
-11801357.57,4654194.79,2181.78
-11801355.94,4654195.2700000005,2181.78
-11801354.34,4654195.73,2181.76
-11801348.41,4654195.74,2181.72
-11801350.0,4654195.29,2181.75
-11801351.61,4654194.83,2181.76
-11801353.200000001,4654194.38,2181.77
-11801354.8,4654193.94,2181.78
-11801356.38,4654193.48,2181.79
-11801358.0,4654193.0200000005,2181.81
-11801359.6,4654192.58,2181.86
-11801361.19,4654192.12,2181.86
-11801362.82,4654191.67,2181.88
-11801364.450000001,4654191.19,2181.9
-11801366.07,4654190.74,2181.92
-11801367.65,4654190.3,2181.92
-11801369.25,4654189.850000001,2181.98
-11801370.870000001,4654189.4,2182.02
-11801372.540000001,4654188.93,2182.03
-11801374.15,4654188.47,2181.98
-11801375.72,4654188.01,2182.06
-11801377.32,4654187.57,2182.03
-11801378.950000001,4654187.12,2181.99
-11801380.58,4654186.65,2181.98
-11801382.21,4654186.18,2182.03
-11801383.790000001,4654185.73,2182.05
-11801385.39,4654185.29,2182.09
-11801387.01,4654184.84,2182.13
-11801388.65,4654184.38,2182.13
-11801390.23,4654183.93,2182.25
-11801391.8,4654183.49,2182.28
-11801393.44,4654183.01,2182.21
-11801395.06,4654182.57,2182.24
-11801396.67,4654182.11,2182.27
-11801398.290000001,4654181.66,2182.29
-11801399.870000001,4654181.22,2182.34
-11801401.47,4654180.7700000005,2182.36
-11801403.1,4654180.29,2182.4
-11801404.75,4654179.84,2182.44
-11801406.38,4654179.39,2182.48
-11801407.97,4654178.94,2182.52
-11801409.57,4654178.48,2182.49
-11801411.200000001,4654178.0,2182.48
-11801412.86,4654177.55,2182.5
-11801414.46,4654177.09,2182.5
-11801416.08,4654176.64,2182.54
-11801417.67,4654176.2,2182.57
-11801417.99,4654175.47,2182.54
-11801416.38,4654175.92,2182.52
-11801414.75,4654176.39,2182.5
-11801413.09,4654176.84,2182.46
-11801411.5,4654177.29,2182.44
-11801409.9,4654177.75,2182.49
-11801408.25,4654178.2,2182.48
-11801406.61,4654178.67,2182.5
-11801404.98,4654179.12,2182.52
-11801403.38,4654179.58,2182.51
-11801401.77,4654180.0200000005,2182.38
-11801400.16,4654180.47,2182.33
-11801398.540000001,4654180.93,2182.31
-11801396.93,4654181.37,2182.27
-11801395.36,4654181.82,2182.24
-11801393.74,4654182.26,2182.22
-11801392.120000001,4654182.73,2182.21
-11801390.5,4654183.17,2182.19
-11801388.86,4654183.64,2182.17
-11801387.25,4654184.09,2182.13
-11801385.63,4654184.54,2182.1
-11801384.01,4654184.98,2182.05
-11801382.41,4654185.43,2182.03
-11801380.790000001,4654185.88,2181.99
-11801379.19,4654186.350000001,2181.98
-11801377.57,4654186.8,2181.99
-11801375.94,4654187.25,2182.02
-11801374.35,4654187.71,2182.0
-11801372.74,4654188.15,2181.94
-11801371.13,4654188.600000001,2182.0
-11801369.52,4654189.04,2181.97
-11801367.89,4654189.51,2181.94
-11801366.3,4654189.96,2181.92
-11801364.67,4654190.42,2181.92
-11801363.040000001,4654190.87,2181.88
-11801361.450000001,4654191.3100000005,2181.86
-11801359.83,4654191.7700000005,2181.84
-11801358.22,4654192.22,2181.82
-11801356.63,4654192.66,2181.8
-11801355.02,4654193.100000001,2181.77
-11801353.43,4654193.5600000005,2181.77
-11801351.8,4654194.0200000005,2181.76
-11801350.16,4654194.49,2181.73
-11801348.540000001,4654194.94,2181.71
-11801346.96,4654195.38,2181.67
-11801345.370000001,4654195.82,2181.73
-11801345.33,4654194.07,2181.69
-11801346.94,4654193.63,2181.76
-11801348.57,4654193.17,2181.78
-11801350.14,4654192.73,2181.84
-11801351.72,4654192.28,2181.78
-11801353.35,4654191.83,2181.81
-11801354.96,4654191.37,2181.81
-11801356.540000001,4654190.92,2181.83
-11801358.13,4654190.48,2181.84
-11801359.75,4654190.01,2181.86
-11801361.370000001,4654189.5600000005,2181.88
-11801362.97,4654189.12,2181.9
-11801364.59,4654188.65,2181.96
-11801366.18,4654188.21,2181.99
-11801367.8,4654187.73,2181.92
-11801369.4,4654187.29,2181.96
-11801371.02,4654186.83,2182.0
-11801372.65,4654186.38,2181.99
-11801374.24,4654185.93,2182.03
-11801375.83,4654185.49,2182.0
-11801377.44,4654185.03,2182.01
-11801379.05,4654184.58,2182.05
-11801380.68,4654184.11,2182.04
-11801382.3,4654183.66,2182.06
-11801383.9,4654183.2,2182.08
-11801385.52,4654182.75,2182.11
-11801387.14,4654182.28,2182.13
-11801388.77,4654181.83,2182.17
-11801390.38,4654181.38,2182.17
-11801391.97,4654180.93,2182.21
-11801393.57,4654180.48,2182.21
-11801395.17,4654180.03,2182.27
-11801396.77,4654179.59,2182.36
-11801398.38,4654179.13,2182.42
-11801400.01,4654178.67,2182.48
-11801401.64,4654178.21,2182.44
-11801403.25,4654177.76,2182.44
-11801404.88,4654177.28,2182.44
-11801406.5,4654176.82,2182.44
-11801408.09,4654176.38,2182.44
-11801409.71,4654175.94,2182.47
-11801411.35,4654175.48,2182.47
-11801412.98,4654175.0,2182.5
-11801414.6,4654174.55,2182.52
-11801416.200000001,4654174.100000001,2182.53
-11801417.83,4654173.65,2182.55
-11801418.450000001,4654172.79,2182.6
-11801416.84,4654173.25,2182.54
-11801415.23,4654173.69,2182.51
-11801413.58,4654174.16,2182.5
-11801411.94,4654174.62,2182.46
-11801410.33,4654175.08,2182.44
-11801408.73,4654175.5200000005,2182.46
-11801407.13,4654175.97,2182.42
-11801405.49,4654176.41,2182.42
-11801403.86,4654176.88,2182.4
-11801402.27,4654177.3100000005,2182.36
-11801400.66,4654177.7700000005,2182.38
-11801399.05,4654178.23,2182.4
-11801397.43,4654178.68,2182.38
-11801395.8,4654179.14,2182.33
-11801394.16,4654179.600000001,2182.32
-11801392.56,4654180.03,2182.23
-11801390.99,4654180.47,2182.17
-11801389.370000001,4654180.94,2182.1
-11801387.71,4654181.39,2182.11
-11801386.11,4654181.850000001,2182.1
-11801384.51,4654182.3,2182.08
-11801382.9,4654182.74,2182.08
-11801381.28,4654183.19,2182.07
-11801379.66,4654183.65,2182.04
-11801378.03,4654184.11,2182.02
-11801376.42,4654184.5600000005,2182.02
-11801374.82,4654185.01,2181.99
-11801373.21,4654185.46,2181.97
-11801371.620000001,4654185.9,2181.94
-11801370.02,4654186.36,2181.98
-11801368.39,4654186.8100000005,2181.99
-11801366.78,4654187.2700000005,2181.88
-11801365.13,4654187.71,2181.97
-11801363.52,4654188.17,2181.92
-11801361.92,4654188.63,2181.92
-11801360.3,4654189.08,2181.88
-11801358.69,4654189.54,2181.86
-11801357.07,4654189.98,2181.84
-11801355.47,4654190.43,2181.82
-11801353.86,4654190.87,2181.81
-11801352.27,4654191.32,2181.79
-11801350.65,4654191.7700000005,2181.8
-11801349.05,4654192.23,2181.8
-11801347.43,4654192.69,2181.71
-11801345.83,4654193.13,2181.67
-11801345.41,4654191.49,2181.73
-11801347.03,4654191.04,2181.77
-11801348.63,4654190.58,2181.8
-11801350.28,4654190.12,2181.73
-11801351.88,4654189.67,2181.81
-11801353.46,4654189.22,2181.84
-11801355.06,4654188.78,2181.86
-11801356.67,4654188.33,2181.88
-11801358.28,4654187.86,2181.86
-11801359.86,4654187.42,2181.94
-11801361.47,4654186.97,2181.96
-11801363.11,4654186.5,2181.88
-11801364.700000001,4654186.0600000005,2181.97
-11801366.28,4654185.600000001,2181.98
-11801367.9,4654185.15,2181.99
-11801369.55,4654184.7,2182.0
-11801371.17,4654184.22,2182.0
-11801372.73,4654183.78,2182.04
-11801374.34,4654183.34,2182.05
-11801375.96,4654182.88,2182.05
-11801377.59,4654182.43,2182.06
-11801379.22,4654181.96,2182.07
-11801380.790000001,4654181.5200000005,2182.09
-11801382.39,4654181.08,2182.1
-11801384.0,4654180.62,2182.13
-11801385.63,4654180.16,2182.15
-11801387.25,4654179.7,2182.25
-11801388.85,4654179.25,2182.24
-11801390.46,4654178.8100000005,2182.26
-11801392.07,4654178.36,2182.28
-11801393.68,4654177.9,2182.28
-11801395.28,4654177.44,2182.26
-11801396.9,4654176.99,2182.29
-11801398.52,4654176.53,2182.3
-11801400.15,4654176.07,2182.35
-11801401.790000001,4654175.62,2182.36
-11801403.38,4654175.15,2182.36
-11801404.97,4654174.71,2182.4
-11801406.61,4654174.26,2182.44
-11801408.23,4654173.8,2182.46
-11801409.83,4654173.350000001,2182.47
-11801411.450000001,4654172.9,2182.47
-11801413.05,4654172.43,2182.5
-11801414.65,4654172.0,2182.56
-11801416.28,4654171.54,2182.61
-11801417.93,4654171.07,2182.61
-11801417.1,4654170.600000001,2182.61
-11801415.49,4654171.0600000005,2182.6
-11801413.86,4654171.51,2182.53
-11801412.25,4654171.95,2182.5
-11801410.63,4654172.41,2182.46
-11801408.99,4654172.87,2182.47
-11801407.38,4654173.33,2182.44
-11801405.790000001,4654173.7700000005,2182.4
-11801404.17,4654174.21,2182.36
-11801402.53,4654174.68,2182.35
-11801400.91,4654175.13,2182.33
-11801399.32,4654175.57,2182.32
-11801397.68,4654176.0200000005,2182.29
-11801396.05,4654176.49,2182.27
-11801394.42,4654176.94,2182.26
-11801392.83,4654177.39,2182.28
-11801391.23,4654177.84,2182.26
-11801389.61,4654178.29,2182.28
-11801387.98,4654178.75,2182.25
-11801386.31,4654179.21,2182.29
-11801384.71,4654179.66,2182.19
-11801383.120000001,4654180.08,2182.13
-11801381.51,4654180.55,2182.1
-11801379.89,4654181.0,2182.1
-11801378.28,4654181.44,2182.06
-11801376.67,4654181.9,2182.05
-11801375.06,4654182.350000001,2182.03
-11801373.44,4654182.8100000005,2182.01
-11801371.84,4654183.25,2182.0
-11801370.19,4654183.71,2182.03
-11801368.58,4654184.17,2181.98
-11801367.01,4654184.61,2181.97
-11801365.39,4654185.05,2181.98
-11801363.75,4654185.5200000005,2181.97
-11801362.11,4654185.97,2181.9
-11801360.53,4654186.41,2181.9
-11801358.94,4654186.87,2181.92
-11801357.31,4654187.3100000005,2181.88
-11801355.700000001,4654187.76,2181.88
-11801354.1,4654188.2,2181.82
-11801352.48,4654188.67,2181.77
-11801350.88,4654189.100000001,2181.8
-11801349.27,4654189.5600000005,2181.8
-11801347.66,4654190.0200000005,2181.78
-11801346.05,4654190.46,2181.74
-11801346.75,4654188.68,2181.77
-11801348.35,4654188.21,2181.77
-11801349.93,4654187.7700000005,2181.82
-11801351.540000001,4654187.32,2181.85
-11801353.17,4654186.86,2181.85
-11801354.76,4654186.42,2181.88
-11801356.36,4654185.97,2181.88
-11801357.99,4654185.5200000005,2181.86
-11801359.6,4654185.0600000005,2181.94
-11801361.200000001,4654184.600000001,2181.96
-11801362.82,4654184.16,2181.96
-11801364.42,4654183.7,2181.94
-11801366.02,4654183.26,2181.98
-11801367.64,4654182.8100000005,2182.03
-11801369.23,4654182.350000001,2182.03
-11801370.82,4654181.91,2182.04
-11801372.44,4654181.45,2182.07
-11801374.06,4654180.98,2182.09
-11801375.66,4654180.54,2182.13
-11801377.290000001,4654180.08,2182.15
-11801378.88,4654179.64,2182.19
-11801380.47,4654179.19,2182.17
-11801382.1,4654178.74,2182.21
-11801383.75,4654178.26,2182.19
-11801385.36,4654177.8100000005,2182.13
-11801386.97,4654177.36,2182.15
-11801388.57,4654176.92,2182.21
-11801390.200000001,4654176.45,2182.26
-11801391.82,4654176.0,2182.29
-11801393.41,4654175.5600000005,2182.29
-11801395.01,4654175.100000001,2182.26
-11801396.63,4654174.64,2182.28
-11801398.23,4654174.2,2182.32
-11801399.88,4654173.74,2182.33
-11801401.48,4654173.29,2182.38
-11801403.09,4654172.84,2182.38
-11801404.700000001,4654172.38,2182.42
-11801406.31,4654171.91,2182.46
-11801407.94,4654171.47,2182.48
-11801409.540000001,4654171.0200000005,2182.52
-11801411.16,4654170.57,2182.53
-11801412.76,4654170.12,2182.54
-11801414.38,4654169.67,2182.6
-11801415.97,4654169.22,2182.63
-11801417.59,4654168.76,2182.65
-11801417.27,4654168.05,2182.61
-11801415.64,4654168.5,2182.61
-11801414.05,4654168.94,2182.57
-11801412.41,4654169.41,2182.54
-11801410.790000001,4654169.86,2182.5
-11801409.17,4654170.32,2182.48
-11801407.53,4654170.7700000005,2182.48
-11801405.93,4654171.23,2182.44
-11801404.34,4654171.67,2182.4
-11801402.72,4654172.12,2182.38
-11801401.1,4654172.5600000005,2182.36
-11801399.5,4654173.0,2182.33
-11801397.88,4654173.47,2182.32
-11801396.28,4654173.9,2182.29
-11801394.64,4654174.36,2182.27
-11801393.01,4654174.83,2182.24
-11801391.36,4654175.29,2182.26
-11801389.76,4654175.73,2182.24
-11801388.17,4654176.18,2182.17
-11801386.55,4654176.62,2182.13
-11801384.93,4654177.0600000005,2182.1
-11801383.32,4654177.5200000005,2182.13
-11801381.700000001,4654177.98,2182.13
-11801380.06,4654178.44,2182.13
-11801378.44,4654178.89,2182.15
-11801376.81,4654179.350000001,2182.19
-11801375.22,4654179.8,2182.17
-11801373.620000001,4654180.24,2182.11
-11801371.99,4654180.68,2182.09
-11801370.38,4654181.15,2182.06
-11801368.74,4654181.600000001,2182.04
-11801367.13,4654182.04,2181.99
-11801365.540000001,4654182.5,2181.99
-11801363.93,4654182.94,2181.94
-11801362.31,4654183.39,2181.92
-11801360.69,4654183.850000001,2181.92
-11801359.08,4654184.3,2181.92
-11801357.47,4654184.74,2181.9
-11801355.870000001,4654185.19,2181.9
-11801354.25,4654185.63,2181.92
-11801352.65,4654186.08,2181.86
-11801351.040000001,4654186.53,2181.82
-11801349.450000001,4654186.97,2181.82
-11801347.83,4654187.44,2181.8
-11801346.22,4654187.87,2181.77
-11801346.64,4654185.99,2181.79
-11801348.27,4654185.53,2181.8
-11801349.86,4654185.08,2181.82
-11801351.43,4654184.65,2181.88
-11801353.03,4654184.2,2181.84
-11801354.65,4654183.75,2181.88
-11801356.28,4654183.29,2181.92
-11801357.88,4654182.84,2181.94
-11801359.5,4654182.37,2181.94
-11801361.09,4654181.93,2181.94
-11801362.700000001,4654181.48,2181.98
-11801364.28,4654181.04,2182.01
-11801365.91,4654180.58,2182.02
-11801367.52,4654180.13,2182.11
-11801369.1,4654179.69,2182.15
-11801370.71,4654179.25,2182.17
-11801372.34,4654178.78,2182.13
-11801373.99,4654178.3100000005,2182.08
-11801375.59,4654177.86,2182.08
-11801377.19,4654177.42,2182.07
-11801378.790000001,4654176.96,2182.07
-11801380.42,4654176.51,2182.07
-11801382.05,4654176.03,2182.09
-11801383.67,4654175.59,2182.1
-11801385.24,4654175.14,2182.13
-11801386.85,4654174.69,2182.15
-11801388.48,4654174.24,2182.17
-11801390.1,4654173.79,2182.23
-11801391.67,4654173.350000001,2182.28
-11801393.28,4654172.91,2182.29
-11801394.88,4654172.45,2182.33
-11801396.5,4654172.0,2182.32
-11801398.14,4654171.53,2182.34
-11801399.75,4654171.08,2182.38
-11801401.35,4654170.64,2182.4
-11801402.98,4654170.18,2182.4
-11801404.6,4654169.73,2182.44
-11801406.21,4654169.2700000005,2182.51
-11801407.83,4654168.82,2182.51
-11801409.41,4654168.38,2182.52
-11801411.040000001,4654167.91,2182.53
-11801412.68,4654167.46,2182.58
-11801414.3,4654167.0,2182.6
-11801415.91,4654166.55,2182.63
-11801417.52,4654166.100000001,2182.65
-11801417.32,4654165.5200000005,2182.65
-11801415.700000001,4654165.98,2182.63
-11801414.09,4654166.43,2182.58
-11801412.46,4654166.88,2182.56
-11801410.83,4654167.33,2182.53
-11801409.200000001,4654167.79,2182.5
-11801407.61,4654168.23,2182.48
-11801405.99,4654168.69,2182.48
-11801404.39,4654169.13,2182.44
-11801402.77,4654169.58,2182.42
-11801401.15,4654170.04,2182.42
-11801399.53,4654170.48,2182.38
-11801397.92,4654170.93,2182.35
-11801396.31,4654171.37,2182.34
-11801394.68,4654171.83,2182.31
-11801393.05,4654172.28,2182.27
-11801391.41,4654172.75,2182.26
-11801389.81,4654173.19,2182.22
-11801388.24,4654173.61,2182.17
-11801386.620000001,4654174.0600000005,2182.15
-11801385.0,4654174.5200000005,2182.13
-11801383.35,4654174.99,2182.08
-11801381.76,4654175.43,2182.07
-11801380.17,4654175.87,2182.08
-11801378.540000001,4654176.33,2182.05
-11801376.91,4654176.78,2182.02
-11801375.27,4654177.25,2182.04
-11801373.65,4654177.67,2182.02
-11801372.07,4654178.12,2182.03
-11801370.46,4654178.58,2182.07
-11801368.81,4654179.05,2182.13
-11801367.17,4654179.5,2182.11
-11801365.540000001,4654179.96,2182.11
-11801363.950000001,4654180.4,2182.02
-11801362.370000001,4654180.84,2181.98
-11801360.78,4654181.28,2181.97
-11801359.16,4654181.73,2181.94
-11801357.52,4654182.17,2181.94
-11801355.94,4654182.63,2181.92
-11801354.31,4654183.09,2181.92
-11801352.68,4654183.54,2181.84
-11801351.07,4654183.99,2181.88
-11801349.49,4654184.43,2181.84
-11801347.9,4654184.87,2181.81
-11801346.290000001,4654185.33,2181.78
-11801346.27,4654183.48,2181.86
-11801347.86,4654183.04,2181.85
-11801349.48,4654182.58,2181.82
-11801351.08,4654182.13,2181.9
-11801352.700000001,4654181.68,2181.94
-11801354.32,4654181.22,2181.94
-11801355.92,4654180.78,2181.97
-11801357.53,4654180.33,2182.02
-11801359.14,4654179.86,2182.09
-11801360.76,4654179.42,2182.1
-11801362.35,4654178.98,2182.1
-11801363.97,4654178.53,2182.06
-11801365.58,4654178.0600000005,2182.0
-11801367.21,4654177.600000001,2181.98
-11801368.81,4654177.16,2182.01
-11801370.38,4654176.7,2181.98
-11801372.01,4654176.24,2181.98
-11801373.64,4654175.8,2182.02
-11801375.25,4654175.350000001,2182.05
-11801376.84,4654174.9,2182.04
-11801378.44,4654174.45,2182.0
-11801380.07,4654173.99,2182.03
-11801381.700000001,4654173.5200000005,2182.09
-11801383.32,4654173.08,2182.11
-11801384.92,4654172.64,2182.13
-11801386.540000001,4654172.18,2182.15
-11801388.14,4654171.73,2182.22
-11801389.75,4654171.29,2182.22
-11801391.35,4654170.84,2182.28
-11801392.97,4654170.38,2182.27
-11801394.56,4654169.94,2182.32
-11801396.19,4654169.49,2182.38
-11801397.81,4654169.0200000005,2182.42
-11801399.41,4654168.57,2182.47
-11801401.040000001,4654168.13,2182.51
-11801402.66,4654167.67,2182.5
-11801404.26,4654167.22,2182.54
-11801405.88,4654166.76,2182.54
-11801407.48,4654166.3100000005,2182.55
-11801409.09,4654165.87,2182.58
-11801410.69,4654165.4,2182.6
-11801412.32,4654164.96,2182.6
-11801413.98,4654164.49,2182.63
-11801415.57,4654164.05,2182.65
-11801417.17,4654163.600000001,2182.76
-11801417.41,4654162.76,2182.69
-11801415.790000001,4654163.21,2182.67
-11801414.17,4654163.67,2182.65
-11801412.53,4654164.13,2182.61
-11801410.91,4654164.58,2182.59
-11801409.17,4654165.09,2183.17
-11801407.67,4654165.48,2182.55
-11801406.06,4654165.93,2182.53
-11801404.44,4654166.38,2182.54
-11801402.8,4654166.82,2182.52
-11801401.17,4654167.29,2182.52
-11801399.58,4654167.72,2182.49
-11801397.99,4654168.16,2182.46
-11801396.370000001,4654168.63,2182.4
-11801394.77,4654169.05,2182.35
-11801393.15,4654169.5200000005,2182.3
-11801391.55,4654169.96,2182.28
-11801389.93,4654170.42,2182.22
-11801388.3,4654170.87,2182.19
-11801386.66,4654171.32,2182.17
-11801385.040000001,4654171.78,2182.13
-11801383.450000001,4654172.22,2182.11
-11801381.870000001,4654172.66,2182.09
-11801380.27,4654173.100000001,2182.0
-11801378.620000001,4654173.55,2181.94
-11801377.0,4654174.01,2181.98
-11801375.35,4654174.48,2181.99
-11801373.74,4654174.93,2182.02
-11801372.16,4654175.37,2181.99
-11801370.53,4654175.82,2181.94
-11801368.91,4654176.2700000005,2181.9
-11801367.31,4654176.72,2181.88
-11801365.69,4654177.17,2181.9
-11801364.07,4654177.61,2181.94
-11801362.47,4654178.07,2181.99
-11801360.85,4654178.51,2182.01
-11801359.22,4654178.98,2182.04
-11801357.620000001,4654179.43,2182.05
-11801356.01,4654179.87,2182.06
-11801354.38,4654180.32,2182.01
-11801352.77,4654180.78,2181.94
-11801351.19,4654181.22,2181.94
-11801349.58,4654181.66,2181.9
-11801347.950000001,4654182.11,2181.82
-11801346.35,4654182.55,2181.81
-11801345.63,4654181.18,2183.84
-11801345.9,4654181.0200000005,2181.94
-11801347.5,4654180.58,2181.92
-11801349.13,4654180.13,2181.97
-11801350.74,4654179.67,2181.94
-11801352.33,4654179.23,2181.96
-11801353.96,4654178.76,2181.94
-11801355.57,4654178.32,2181.94
-11801357.17,4654177.86,2181.94
-11801358.77,4654177.42,2181.94
-11801360.36,4654176.96,2181.94
-11801361.98,4654176.5200000005,2181.92
-11801363.6,4654176.07,2181.92
-11801365.200000001,4654175.61,2181.92
-11801366.83,4654175.16,2181.9
-11801368.450000001,4654174.71,2181.9
-11801370.06,4654174.24,2181.94
-11801371.64,4654173.8,2182.0
-11801373.25,4654173.34,2182.04
-11801374.88,4654172.9,2182.05
-11801376.48,4654172.45,2182.0
-11801378.1,4654172.0,2182.0
-11801379.73,4654171.54,2182.03
-11801381.33,4654171.100000001,2182.1
-11801382.93,4654170.65,2182.13
-11801384.55,4654170.18,2182.17
-11801386.17,4654169.74,2182.17
-11801387.77,4654169.29,2182.23
-11801389.39,4654168.84,2182.27
-11801390.99,4654168.39,2182.3
-11801392.59,4654167.95,2182.38
-11801394.19,4654167.5,2182.44
-11801395.81,4654167.0600000005,2182.49
-11801397.41,4654166.600000001,2182.53
-11801399.040000001,4654166.15,2182.56
-11801400.66,4654165.69,2182.61
-11801402.290000001,4654165.23,2182.61
-11801403.93,4654164.7700000005,2182.61
-11801405.55,4654164.32,2182.61
-11801407.11,4654163.89,2182.75
-11801408.63,4654163.49,2183.26
-11801410.23,4654163.04,2183.32
-11801411.99,4654162.5,2182.63
-11801413.59,4654162.0600000005,2182.67
-11801415.21,4654161.61,2182.71
-11801416.8,4654161.17,2182.71
-11801418.42,4654160.71,2182.69
-11801417.290000001,4654160.29,2182.69
-11801415.66,4654160.74,2182.71
-11801414.06,4654161.19,2182.67
-11801412.43,4654161.64,2182.65
-11801410.48,4654162.25,2184.42
-11801410.81,4654162.09,2182.59
-11801409.06,4654162.59,2183.29
-11801407.24,4654163.15,2184.34
-11801407.42,4654163.07,2183.36
-11801405.93,4654163.44,2182.65
-11801404.3,4654163.9,2182.63
-11801402.69,4654164.350000001,2182.61
-11801401.08,4654164.8,2182.63
-11801399.46,4654165.25,2182.6
-11801397.85,4654165.7,2182.57
-11801396.23,4654166.14,2182.53
-11801394.6,4654166.59,2182.49
-11801392.98,4654167.04,2182.44
-11801391.35,4654167.49,2182.35
-11801389.76,4654167.93,2182.29
-11801388.17,4654168.37,2182.3
-11801386.540000001,4654168.83,2182.22
-11801384.92,4654169.2700000005,2182.17
-11801383.3,4654169.73,2182.15
-11801381.68,4654170.16,2182.11
-11801380.09,4654170.63,2182.1
-11801378.47,4654171.07,2182.03
-11801376.85,4654171.5200000005,2182.03
-11801375.22,4654171.98,2182.06
-11801373.61,4654172.43,2182.06
-11801372.03,4654172.86,2181.97
-11801370.4,4654173.3100000005,2181.96
-11801368.78,4654173.7700000005,2181.94
-11801367.15,4654174.22,2181.92
-11801365.51,4654174.66,2181.94
-11801363.93,4654175.12,2181.92
-11801362.31,4654175.5600000005,2181.94
-11801360.67,4654176.0200000005,2181.92
-11801359.08,4654176.48,2181.92
-11801357.49,4654176.92,2181.9
-11801355.9,4654177.36,2181.9
-11801354.27,4654177.8100000005,2181.9
-11801352.64,4654178.2700000005,2181.88
-11801351.01,4654178.72,2181.94
-11801349.39,4654179.17,2181.97
-11801347.75,4654179.62,2181.94
-11801345.89,4654180.23,2183.77
-11801346.14,4654180.0600000005,2181.9
-11801345.09,4654178.71,2183.84
-11801345.36,4654178.55,2181.94
-11801346.98,4654178.100000001,2181.84
-11801348.58,4654177.63,2181.85
-11801350.17,4654177.2,2181.85
-11801351.8,4654176.74,2181.84
-11801353.41,4654176.3,2181.86
-11801355.0,4654175.86,2181.88
-11801356.620000001,4654175.4,2181.88
-11801358.25,4654174.93,2181.9
-11801359.86,4654174.49,2181.9
-11801361.450000001,4654174.04,2181.92
-11801363.06,4654173.600000001,2181.96
-11801364.67,4654173.14,2181.97
-11801366.28,4654172.68,2181.99
-11801367.92,4654172.24,2181.98
-11801369.53,4654171.78,2182.01
-11801371.14,4654171.33,2182.05
-11801372.72,4654170.89,2182.05
-11801374.31,4654170.45,2182.09
-11801375.93,4654169.99,2182.07
-11801377.52,4654169.54,2182.07
-11801379.15,4654169.09,2182.11
-11801380.790000001,4654168.62,2182.15
-11801382.4,4654168.18,2182.17
-11801384.01,4654167.72,2182.22
-11801385.63,4654167.2700000005,2182.28
-11801387.200000001,4654166.84,2182.36
-11801388.8,4654166.39,2182.4
-11801390.41,4654165.95,2182.44
-11801392.02,4654165.49,2182.52
-11801393.63,4654165.05,2182.56
-11801395.26,4654164.59,2182.61
-11801396.89,4654164.13,2182.65
-11801398.35,4654163.7700000005,2183.54
-11801400.09,4654163.23,2182.69
-11801401.71,4654162.7700000005,2182.73
-11801403.34,4654162.33,2182.71
-11801404.96,4654161.88,2182.73
-11801406.55,4654161.44,2182.78
-11801407.870000001,4654161.14,2184.54
-11801408.19,4654160.97,2182.73
-11801409.82,4654160.51,2182.71
-11801411.44,4654160.05,2182.69
-11801413.07,4654159.61,2182.71
-11801414.66,4654159.17,2182.75
-11801416.290000001,4654158.71,2182.75
-11801417.88,4654158.26,2182.76
-11801417.08,4654157.74,2182.78
-11801415.450000001,4654158.2,2182.76
-11801413.84,4654158.64,2182.73
-11801412.19,4654159.100000001,2182.71
-11801410.59,4654159.54,2182.69
-11801408.96,4654160.0,2182.75
-11801407.33,4654160.45,2182.75
-11801405.71,4654160.91,2182.76
-11801404.07,4654161.36,2182.73
-11801402.47,4654161.8,2182.69
-11801400.85,4654162.26,2182.71
-11801399.03,4654162.8,2183.86
-11801399.23,4654162.7,2182.65
-11801397.46,4654163.23,2183.54
-11801395.99,4654163.59,2182.65
-11801394.38,4654164.0600000005,2182.61
-11801392.78,4654164.5,2182.56
-11801391.15,4654164.95,2182.51
-11801389.52,4654165.41,2182.46
-11801387.93,4654165.850000001,2182.42
-11801386.34,4654166.29,2182.36
-11801384.72,4654166.73,2182.29
-11801383.09,4654167.18,2182.19
-11801381.48,4654167.62,2182.15
-11801379.91,4654168.0600000005,2182.11
-11801378.26,4654168.5200000005,2182.11
-11801376.63,4654168.97,2182.07
-11801375.02,4654169.43,2182.06
-11801373.4,4654169.87,2182.04
-11801371.8,4654170.32,2182.05
-11801370.200000001,4654170.76,2182.02
-11801368.59,4654171.22,2182.02
-11801366.96,4654171.66,2182.0
-11801365.34,4654172.100000001,2181.99
-11801363.74,4654172.57,2181.96
-11801362.13,4654172.99,2181.97
-11801360.53,4654173.43,2181.92
-11801358.9,4654173.9,2181.92
-11801357.28,4654174.36,2181.88
-11801355.68,4654174.8100000005,2181.86
-11801354.07,4654175.25,2181.86
-11801352.49,4654175.69,2181.82
-11801350.86,4654176.14,2181.83
-11801349.22,4654176.600000001,2181.82
-11801347.63,4654177.04,2181.81
-11801346.03,4654177.49,2181.81
-11801346.540000001,4654175.5600000005,2181.8
-11801348.17,4654175.100000001,2181.82
-11801349.790000001,4654174.66,2181.84
-11801351.35,4654174.22,2181.84
-11801352.96,4654173.76,2181.86
-11801354.57,4654173.3100000005,2181.9
-11801356.19,4654172.87,2181.94
-11801357.78,4654172.4,2181.98
-11801359.39,4654171.96,2181.96
-11801360.97,4654171.51,2181.97
-11801362.6,4654171.0600000005,2181.98
-11801364.24,4654170.61,2181.97
-11801365.84,4654170.16,2181.99
-11801367.450000001,4654169.7,2182.01
-11801369.05,4654169.26,2182.0
-11801370.67,4654168.8100000005,2182.03
-11801372.27,4654168.34,2182.05
-11801373.89,4654167.89,2182.05
-11801375.48,4654167.45,2182.07
-11801377.11,4654167.01,2182.09
-11801378.73,4654166.55,2182.13
-11801380.33,4654166.100000001,2182.15
-11801381.96,4654165.64,2182.19
-11801383.55,4654165.2,2182.29
-11801385.16,4654164.76,2182.38
-11801386.73,4654164.32,2182.44
-11801388.33,4654163.88,2182.51
-11801389.94,4654163.43,2182.58
-11801391.59,4654162.97,2182.61
-11801393.200000001,4654162.5200000005,2182.65
-11801394.790000001,4654162.08,2182.69
-11801396.41,4654161.62,2182.73
-11801397.88,4654161.25,2183.61
-11801399.63,4654160.72,2182.71
-11801401.26,4654160.26,2182.75
-11801402.88,4654159.8100000005,2182.79
-11801404.5,4654159.37,2182.84
-11801406.13,4654158.9,2182.83
-11801407.72,4654158.46,2182.81
-11801409.16,4654158.09,2183.63
-11801410.75,4654157.66,2183.92
-11801412.61,4654157.09,2182.78
-11801414.22,4654156.63,2182.79
-11801415.83,4654156.19,2182.83
-11801417.44,4654155.74,2182.86
-11801418.52,4654154.74,2182.92
-11801416.91,4654155.18,2182.88
-11801415.28,4654155.63,2182.85
-11801413.68,4654156.07,2182.77
-11801412.06,4654156.51,2182.77
-11801410.28,4654157.0600000005,2183.65
-11801408.65,4654157.51,2183.67
-11801407.19,4654157.89,2182.83
-11801405.53,4654158.34,2182.85
-11801403.91,4654158.8,2182.83
-11801402.27,4654159.24,2182.79
-11801400.68,4654159.69,2182.77
-11801398.8,4654160.3,2184.7
-11801399.14,4654160.12,2182.69
-11801397.33,4654160.67,2183.73
-11801395.86,4654161.03,2182.71
-11801394.25,4654161.47,2182.67
-11801392.63,4654161.94,2182.65
-11801391.0,4654162.39,2182.6
-11801389.4,4654162.83,2182.57
-11801387.82,4654163.25,2182.48
-11801386.18,4654163.7,2182.4
-11801384.56,4654164.17,2182.36
-11801382.96,4654164.61,2182.25
-11801381.35,4654165.04,2182.19
-11801379.75,4654165.5,2182.15
-11801378.11,4654165.96,2182.11
-11801376.52,4654166.4,2182.08
-11801374.91,4654166.84,2182.08
-11801373.31,4654167.28,2182.05
-11801371.69,4654167.73,2182.06
-11801370.06,4654168.19,2182.07
-11801368.44,4654168.64,2182.02
-11801366.83,4654169.08,2182.01
-11801365.200000001,4654169.54,2181.99
-11801363.58,4654169.99,2181.98
-11801361.98,4654170.43,2181.97
-11801360.370000001,4654170.87,2181.94
-11801358.74,4654171.34,2181.94
-11801357.14,4654171.7700000005,2181.94
-11801355.53,4654172.23,2181.94
-11801353.94,4654172.67,2181.92
-11801352.35,4654173.100000001,2181.88
-11801350.71,4654173.57,2181.85
-11801349.1,4654174.01,2181.82
-11801347.200000001,4654174.63,2184.11
-11801347.51,4654174.44,2181.8
-11801345.91,4654174.9,2181.79
-11801345.94,4654173.2,2181.86
-11801347.16,4654172.98,2184.8
-11801348.5,4654172.68,2186.63
-11801349.17,4654172.28,2181.82
-11801350.35,4654172.09,2184.86
-11801350.75,4654171.84,2181.94
-11801352.370000001,4654171.41,2181.98
-11801353.97,4654170.94,2182.0
-11801355.6,4654170.5,2182.01
-11801357.22,4654170.05,2181.99
-11801358.84,4654169.59,2181.99
-11801360.44,4654169.14,2181.99
-11801362.06,4654168.69,2181.97
-11801363.66,4654168.24,2181.99
-11801365.27,4654167.78,2182.0
-11801366.71,4654167.43,2183.05
-11801368.49,4654166.88,2182.09
-11801370.11,4654166.44,2182.11
-11801371.71,4654165.99,2182.07
-11801373.33,4654165.53,2182.07
-11801374.96,4654165.08,2182.11
-11801376.55,4654164.64,2182.13
-11801378.13,4654164.2,2182.15
-11801379.72,4654163.75,2182.19
-11801381.32,4654163.3,2182.23
-11801382.93,4654162.86,2182.31
-11801384.53,4654162.41,2182.4
-11801386.13,4654161.97,2182.57
-11801387.78,4654161.51,2182.56
-11801389.18,4654161.15,2183.72
-11801390.97,4654160.62,2182.67
-11801392.59,4654160.15,2182.71
-11801394.21,4654159.71,2182.73
-11801395.8,4654159.26,2182.81
-11801397.1,4654158.98,2184.74
-11801398.74,4654158.5200000005,2184.54
-11801399.06,4654158.36,2182.74
-11801400.65,4654157.91,2182.85
-11801402.28,4654157.46,2182.88
-11801403.870000001,4654157.0200000005,2182.88
-11801405.46,4654156.57,2182.94
-11801406.42,4654156.46,2186.82
-11801407.1,4654156.09,2182.94
-11801408.47,4654155.8,2184.47
-11801408.73,4654155.64,2182.97
-11801410.05,4654155.37,2184.83
-11801412.02,4654154.73,2182.88
-11801413.61,4654154.29,2182.88
-11801415.21,4654153.84,2182.86
-11801416.82,4654153.4,2182.94
-11801418.46,4654152.92,2182.94
-11801418.34,4654152.16,2182.92
-11801416.68,4654152.62,2182.92
-11801415.08,4654153.07,2182.86
-11801413.42,4654153.51,2182.86
-11801411.78,4654153.99,2182.86
-11801409.82,4654154.62,2184.82
-11801408.33,4654154.99,2184.08
-11801408.52,4654154.9,2183.02
-11801406.21,4654155.71,2186.9
-11801404.41,4654156.23,2187.79
-11801405.27,4654155.79,2182.92
-11801403.620000001,4654156.26,2182.9
-11801402.05,4654156.68,2182.88
-11801400.450000001,4654157.13,2182.86
-11801398.58,4654157.72,2184.19
-11801398.81,4654157.57,2182.81
-11801396.950000001,4654158.17,2184.24
-11801395.56,4654158.49,2182.83
-11801393.94,4654158.95,2182.76
-11801392.34,4654159.39,2182.76
-11801390.76,4654159.83,2182.67
-11801388.93,4654160.37,2183.82
-11801387.5,4654160.72,2182.63
-11801385.64,4654161.29,2184.17
-11801384.08,4654161.72,2183.79
-11801384.3,4654161.600000001,2182.36
-11801382.67,4654162.0600000005,2182.3
-11801381.06,4654162.5,2182.24
-11801379.450000001,4654162.95,2182.19
-11801377.84,4654163.39,2182.17
-11801376.22,4654163.84,2182.11
-11801374.63,4654164.29,2182.1
-11801373.02,4654164.73,2182.05
-11801371.39,4654165.18,2182.05
-11801369.76,4654165.64,2182.13
-11801368.16,4654166.08,2182.06
-11801366.56,4654166.53,2182.05
-11801364.94,4654166.97,2181.98
-11801363.31,4654167.43,2181.99
-11801361.71,4654167.87,2181.98
-11801360.09,4654168.3100000005,2181.96
-11801358.46,4654168.78,2181.98
-11801356.84,4654169.23,2182.01
-11801355.22,4654169.67,2182.02
-11801353.65,4654170.11,2182.02
-11801352.05,4654170.54,2181.94
-11801349.98,4654171.26,2185.11
-11801350.42,4654171.0200000005,2181.99
-11801348.39,4654171.7,2184.84
-11801346.71,4654172.18,2185.21
-11801345.18,4654172.58,2184.71
-11801345.56,4654172.36,2181.92
-11801345.15,4654170.82,2183.44
-11801345.35,4654170.7,2181.94
-11801346.5,4654170.51,2185.32
-11801348.06,4654170.08,2185.44
-11801349.82,4654169.54,2184.34
-11801350.16,4654169.36,2181.96
-11801351.78,4654168.89,2182.02
-11801353.41,4654168.44,2182.03
-11801355.0,4654167.99,2182.02
-11801356.61,4654167.55,2182.04
-11801358.24,4654167.100000001,2182.0
-11801359.83,4654166.65,2182.0
-11801361.11,4654166.38,2184.13
-11801361.43,4654166.2,2182.0
-11801363.040000001,4654165.75,2182.03
-11801364.67,4654165.3,2182.04
-11801366.28,4654164.84,2182.05
-11801367.870000001,4654164.38,2182.06
-11801369.47,4654163.96,2182.26
-11801371.120000001,4654163.49,2182.1
-11801372.71,4654163.04,2182.09
-11801374.32,4654162.600000001,2182.11
-11801375.950000001,4654162.15,2182.17
-11801377.56,4654161.69,2182.19
-11801379.15,4654161.25,2182.25
-11801380.77,4654160.8,2182.32
-11801382.370000001,4654160.34,2182.36
-11801383.97,4654159.9,2182.4
-11801385.28,4654159.59,2184.15
-11801387.14,4654159.0200000005,2182.59
-11801388.450000001,4654158.74,2184.47
-11801390.07,4654158.28,2184.53
-11801390.370000001,4654158.13,2182.67
-11801391.97,4654157.67,2182.76
-11801393.6,4654157.21,2182.81
-11801395.22,4654156.78,2182.86
-11801396.63,4654156.42,2184.07
-11801396.83,4654156.3100000005,2182.92
-11801397.52,4654156.350000001,2188.34
-11801398.23,4654155.98,2184.21
-11801398.44,4654155.87,2182.94
-11801399.02,4654155.97,2189.11
-11801400.51,4654155.58,2189.84
-11801402.25,4654155.0600000005,2189.0
-11801404.02,4654154.53,2188.08
-11801405.8,4654153.99,2187.19
-11801407.53,4654153.47,2186.52
-11801408.18,4654153.15,2182.92
-11801409.540000001,4654152.82,2184.3
-11801411.16,4654152.36,2184.26
-11801411.42,4654152.25,2182.88
-11801413.02,4654151.8,2182.94
-11801414.66,4654151.34,2182.94
-11801416.290000001,4654150.89,2183.01
-11801417.92,4654150.44,2183.0
-11801418.02,4654149.69,2183.0
-11801416.39,4654150.14,2182.98
-11801414.74,4654150.600000001,2182.97
-11801413.1,4654151.05,2182.94
-11801411.47,4654151.51,2182.9
-11801409.61,4654152.08,2184.3
-11801408.22,4654152.41,2182.99
-11801405.88,4654153.22,2187.1
-11801404.09,4654153.7700000005,2188.0
-11801402.290000001,4654154.3,2188.9
-11801400.55,4654154.82,2189.8
-11801399.07,4654155.21,2189.13
-11801397.58,4654155.58,2188.36
-11801396.11,4654155.97,2187.61
-11801396.91,4654155.57,2182.98
-11801395.26,4654156.01,2182.9
-11801393.66,4654156.45,2182.82
-11801392.07,4654156.89,2182.76
-11801390.15,4654157.5,2184.52
-11801390.46,4654157.34,2182.67
-11801388.56,4654157.94,2184.51
-11801387.26,4654158.23,2182.6
-11801385.35,4654158.82,2184.13
-11801384.0,4654159.12,2182.4
-11801382.4,4654159.5600000005,2182.38
-11801380.8,4654160.01,2182.33
-11801379.17,4654160.46,2182.27
-11801377.58,4654160.9,2182.19
-11801375.98,4654161.350000001,2182.21
-11801374.35,4654161.79,2182.13
-11801372.74,4654162.25,2182.09
-11801371.120000001,4654162.69,2182.09
-11801369.47,4654163.15,2182.24
-11801367.88,4654163.58,2182.07
-11801366.26,4654164.0200000005,2182.04
-11801364.620000001,4654164.5,2182.04
-11801363.01,4654164.94,2182.05
-11801361.11,4654165.57,2184.19
-11801361.44,4654165.38,2182.02
-11801359.83,4654165.83,2182.01
-11801358.200000001,4654166.28,2181.99
-11801356.57,4654166.73,2182.02
-11801354.94,4654167.19,2182.04
-11801353.34,4654167.63,2182.02
-11801351.73,4654168.08,2182.04
-11801350.14,4654168.5200000005,2181.98
-11801348.07,4654169.23,2185.15
-11801348.27,4654169.11,2183.72
-11801346.49,4654169.64,2184.9
-11801346.9,4654169.42,2182.0
-11801345.3,4654169.86,2181.9
-11801346.52,4654167.75,2181.92
-11801348.120000001,4654167.3,2181.88
-11801349.700000001,4654166.87,2182.03
-11801351.32,4654166.42,2182.03
-11801352.92,4654165.97,2182.07
-11801354.540000001,4654165.51,2182.03
-11801356.13,4654165.07,2182.04
-11801357.74,4654164.62,2182.07
-11801359.34,4654164.18,2182.07
-11801360.790000001,4654163.8100000005,2183.22
-11801360.96,4654163.71,2182.08
-11801362.56,4654163.2700000005,2182.11
-11801364.18,4654162.8100000005,2182.08
-11801365.8,4654162.36,2182.08
-11801367.4,4654161.92,2182.1
-11801369.03,4654161.47,2182.15
-11801370.66,4654161.01,2182.15
-11801372.26,4654160.5600000005,2182.13
-11801373.85,4654160.12,2182.17
-11801375.450000001,4654159.65,2182.23
-11801377.09,4654159.2,2182.26
-11801378.71,4654158.76,2182.26
-11801380.28,4654158.32,2182.38
-11801381.9,4654157.86,2182.42
-11801383.53,4654157.42,2182.42
-11801384.93,4654157.07,2183.57
-11801386.700000001,4654156.53,2182.63
-11801388.3,4654156.08,2182.69
-11801389.950000001,4654155.63,2182.65
-11801391.59,4654155.16,2182.58
-11801393.17,4654154.74,2182.74
-11801394.14,4654154.61,2186.5
-11801394.72,4654154.3100000005,2183.04
-11801395.6,4654154.23,2187.27
-11801397.08,4654153.850000001,2188.02
-11801398.58,4654153.46,2188.78
-11801400.08,4654153.07,2189.54
-11801401.73,4654152.600000001,2189.38
-11801403.5,4654152.07,2188.42
-11801405.27,4654151.54,2187.51
-11801407.01,4654151.0200000005,2186.61
-11801409.26,4654150.24,2182.97
-11801410.9,4654149.78,2182.96
-11801412.52,4654149.33,2183.09
-11801414.19,4654148.850000001,2183.01
-11801415.790000001,4654148.41,2183.03
-11801417.4,4654147.97,2183.03
-11801417.86,4654147.05,2183.1
-11801416.28,4654147.48,2183.0
-11801414.66,4654147.93,2183.0
-11801412.6,4654148.600000001,2185.24
-11801413.01,4654148.39,2183.04
-11801411.39,4654148.83,2182.97
-11801409.790000001,4654149.28,2182.97
-11801407.51,4654150.05,2186.47
-11801408.14,4654149.72,2182.92
-11801405.74,4654150.58,2187.23
-11801403.950000001,4654151.100000001,2188.15
-11801402.18,4654151.65,2189.08
-11801400.44,4654152.15,2189.76
-11801398.98,4654152.54,2189.0
-11801397.47,4654152.93,2188.25
-11801395.97,4654153.3100000005,2187.48
-11801394.51,4654153.67,2186.7
-11801393.59,4654153.78,2182.77
-11801391.98,4654154.22,2182.61
-11801390.370000001,4654154.66,2182.5
-11801388.74,4654155.12,2182.44
-11801387.09,4654155.59,2182.56
-11801385.49,4654156.01,2182.52
-11801383.88,4654156.45,2182.44
-11801382.290000001,4654156.9,2182.4
-11801380.67,4654157.350000001,2182.42
-11801379.08,4654157.79,2182.28
-11801377.5,4654158.23,2182.26
-11801375.89,4654158.68,2182.24
-11801374.24,4654159.13,2182.22
-11801372.58,4654159.59,2182.15
-11801370.97,4654160.05,2182.15
-11801369.36,4654160.5,2182.33
-11801367.77,4654160.93,2182.1
-11801366.13,4654161.4,2182.09
-11801364.53,4654161.84,2182.08
-11801362.790000001,4654162.36,2182.92
-11801360.97,4654162.9,2184.3
-11801361.14,4654162.82,2183.17
-11801361.3,4654162.73,2182.1
-11801359.65,4654163.19,2182.22
-11801358.040000001,4654163.64,2182.03
-11801356.44,4654164.08,2182.03
-11801354.86,4654164.5200000005,2182.02
-11801353.26,4654164.96,2182.01
-11801351.65,4654165.42,2182.04
-11801350.02,4654165.86,2181.98
-11801348.42,4654166.3100000005,2181.81
-11801346.82,4654166.75,2181.83
-11801345.22,4654167.19,2181.9
-11801345.94,4654165.3100000005,2181.94
-11801347.55,4654164.86,2181.9
-11801349.18,4654164.4,2181.94
-11801350.78,4654163.96,2181.98
-11801352.39,4654163.51,2182.02
-11801354.0,4654163.0600000005,2182.0
-11801355.620000001,4654162.59,2182.05
-11801357.24,4654162.15,2182.05
-11801358.83,4654161.71,2182.03
-11801360.43,4654161.25,2182.05
-11801362.040000001,4654160.8100000005,2182.1
-11801363.44,4654160.48,2183.63
-11801363.67,4654160.36,2182.07
-11801365.28,4654159.9,2182.11
-11801366.9,4654159.45,2182.11
-11801368.5,4654159.0,2182.15
-11801370.1,4654158.5600000005,2182.19
-11801371.700000001,4654158.12,2182.22
-11801373.32,4654157.66,2182.19
-11801374.93,4654157.19,2182.22
-11801376.540000001,4654156.75,2182.23
-11801378.15,4654156.3,2182.29
-11801379.75,4654155.86,2182.4
-11801381.34,4654155.42,2182.57
-11801382.99,4654154.95,2182.4
-11801384.61,4654154.5,2182.35
-11801386.23,4654154.04,2182.36
-11801387.84,4654153.600000001,2182.4
-11801389.42,4654153.16,2182.46
-11801391.03,4654152.71,2182.57
-11801392.63,4654152.2700000005,2182.72
-11801394.22,4654151.83,2182.92
-11801395.14,4654151.74,2186.97
-11801396.6,4654151.36,2187.73
-11801398.09,4654150.98,2188.47
-11801399.6,4654150.59,2189.23
-11801401.11,4654150.17,2189.7
-11801402.88,4654149.65,2188.78
-11801404.69,4654149.11,2187.86
-11801406.47,4654148.5600000005,2186.96
-11801408.8,4654147.74,2182.97
-11801410.4,4654147.3100000005,2183.07
-11801411.64,4654147.04,2185.13
-11801411.92,4654146.9,2183.55
-11801413.24,4654146.600000001,2185.26
-11801413.65,4654146.4,2183.04
-11801415.28,4654145.94,2182.98
-11801416.870000001,4654145.51,2183.15
-11801418.49,4654145.04,2183.1
-11801417.73,4654144.53,2183.09
-11801416.1,4654144.98,2183.17
-11801414.52,4654145.41,2183.01
-11801412.51,4654146.07,2185.23
-11801411.25,4654146.32,2183.23
-11801409.64,4654146.7700000005,2183.03
-11801407.39,4654147.54,2186.48
-11801408.040000001,4654147.21,2182.9
-11801405.61,4654148.07,2187.34
-11801403.82,4654148.59,2188.29
-11801402.03,4654149.14,2189.19
-11801400.34,4654149.63,2189.63
-11801398.89,4654150.0,2188.88
-11801397.42,4654150.38,2188.11
-11801395.93,4654150.76,2187.35
-11801394.44,4654151.14,2186.59
-11801393.46,4654151.26,2182.8
-11801391.870000001,4654151.7,2182.65
-11801390.27,4654152.14,2182.54
-11801388.64,4654152.59,2182.44
-11801387.03,4654153.03,2182.38
-11801385.42,4654153.48,2182.35
-11801383.790000001,4654153.93,2182.34
-11801382.19,4654154.37,2182.35
-11801380.58,4654154.82,2182.36
-11801378.91,4654155.28,2182.5
-11801377.32,4654155.73,2182.28
-11801375.71,4654156.17,2182.28
-11801374.07,4654156.61,2182.23
-11801372.48,4654157.07,2182.19
-11801370.88,4654157.51,2182.23
-11801369.26,4654157.95,2182.21
-11801367.63,4654158.42,2182.11
-11801366.01,4654158.87,2182.11
-11801364.18,4654159.44,2183.61
-11801364.41,4654159.3100000005,2182.1
-11801362.33,4654160.0,2185.11
-11801362.6,4654159.87,2183.36
-11801362.75,4654159.78,2182.35
-11801361.17,4654160.21,2182.13
-11801359.57,4654160.66,2182.06
-11801357.950000001,4654161.100000001,2182.05
-11801356.34,4654161.5600000005,2182.05
-11801354.72,4654162.01,2182.05
-11801353.11,4654162.45,2182.01
-11801351.51,4654162.89,2182.01
-11801349.91,4654163.34,2181.97
-11801348.26,4654163.8,2181.92
-11801346.620000001,4654164.24,2181.9
-11801345.040000001,4654164.68,2181.9
-11801345.63,4654162.78,2181.92
-11801347.24,4654162.34,2181.9
-11801348.870000001,4654161.87,2181.94
-11801350.450000001,4654161.44,2182.02
-11801352.01,4654161.0,2182.03
-11801353.52,4654160.61,2182.85
-11801355.15,4654160.16,2182.86
-11801356.78,4654159.69,2182.92
-11801358.51,4654159.18,2182.08
-11801360.11,4654158.73,2182.09
-11801361.35,4654158.49,2184.53
-11801363.01,4654158.01,2184.17
-11801363.31,4654157.850000001,2182.23
-11801364.94,4654157.38,2182.15
-11801366.540000001,4654156.92,2182.13
-11801368.13,4654156.49,2182.19
-11801369.71,4654156.0600000005,2182.38
-11801371.33,4654155.61,2182.34
-11801372.89,4654155.17,2182.49
-11801374.540000001,4654154.69,2182.4
-11801376.18,4654154.23,2182.29
-11801377.790000001,4654153.79,2182.29
-11801379.41,4654153.34,2182.31
-11801381.03,4654152.88,2182.34
-11801382.65,4654152.43,2182.34
-11801384.24,4654151.99,2182.38
-11801385.85,4654151.5200000005,2182.38
-11801387.46,4654151.07,2182.42
-11801389.07,4654150.63,2182.48
-11801390.68,4654150.19,2182.59
-11801392.3,4654149.73,2182.69
-11801393.86,4654149.32,2182.86
-11801394.81,4654149.2,2186.75
-11801396.31,4654148.82,2187.5
-11801397.8,4654148.43,2188.25
-11801399.25,4654148.05,2189.03
-11801400.75,4654147.66,2189.78
-11801402.52,4654147.13,2189.01
-11801404.3,4654146.600000001,2188.11
-11801406.07,4654146.05,2187.19
-11801407.790000001,4654145.5600000005,2186.49
-11801408.43,4654145.23,2182.98
-11801410.06,4654144.78,2183.02
-11801411.53,4654144.39,2183.84
-11801412.91,4654144.05,2185.19
-11801414.93,4654143.42,2183.03
-11801416.51,4654142.99,2183.17
-11801418.15,4654142.51,2183.05
-11801417.620000001,4654141.86,2183.06
-11801416.02,4654142.3,2183.1
-11801414.4,4654142.75,2183.0
-11801412.39,4654143.41,2185.15
-11801411.14,4654143.65,2183.08
-11801409.53,4654144.09,2183.0
-11801407.26,4654144.87,2186.57
-11801405.48,4654145.42,2187.49
-11801403.700000001,4654145.95,2188.38
-11801401.92,4654146.48,2189.33
-11801400.23,4654146.96,2189.53
-11801398.76,4654147.34,2188.77
-11801397.28,4654147.7,2188.02
-11801395.8,4654148.09,2187.22
-11801394.31,4654148.48,2186.5
-11801394.91,4654148.18,2183.01
-11801393.32,4654148.600000001,2182.82
-11801391.73,4654149.05,2182.67
-11801390.15,4654149.49,2182.55
-11801388.540000001,4654149.93,2182.49
-11801386.91,4654150.38,2182.44
-11801385.3,4654150.82,2182.38
-11801383.68,4654151.28,2182.38
-11801382.06,4654151.72,2182.36
-11801380.450000001,4654152.17,2182.33
-11801378.84,4654152.61,2182.3
-11801377.200000001,4654153.05,2182.28
-11801375.57,4654153.5200000005,2182.28
-11801373.950000001,4654153.97,2182.3
-11801372.36,4654154.41,2182.26
-11801370.72,4654154.87,2182.27
-11801369.1,4654155.32,2182.23
-11801367.52,4654155.76,2182.15
-11801365.93,4654156.2,2182.13
-11801364.3,4654156.65,2182.11
-11801362.3,4654157.3100000005,2184.61
-11801362.46,4654157.23,2183.6
-11801362.67,4654157.11,2182.19
-11801360.81,4654157.67,2183.8
-11801361.07,4654157.55,2182.1
-11801359.46,4654157.99,2182.07
-11801357.86,4654158.43,2182.08
-11801356.1,4654158.95,2182.92
-11801354.47,4654159.42,2182.9
-11801352.97,4654159.78,2182.09
-11801351.39,4654160.24,2182.02
-11801349.790000001,4654160.68,2181.98
-11801348.16,4654161.12,2181.94
-11801346.57,4654161.57,2181.92
-11801344.96,4654162.01,2181.9
-11801345.290000001,4654160.23,2181.96
-11801346.89,4654159.7700000005,2181.96
-11801348.51,4654159.3100000005,2181.99
-11801350.11,4654158.850000001,2182.0
-11801351.72,4654158.41,2182.06
-11801353.3,4654157.97,2182.1
-11801354.8,4654157.600000001,2182.96
-11801356.540000001,4654157.08,2182.09
-11801358.15,4654156.62,2182.11
-11801359.76,4654156.17,2182.11
-11801361.34,4654155.73,2182.11
-11801362.96,4654155.28,2182.13
-11801364.59,4654154.82,2182.17
-11801366.19,4654154.350000001,2182.15
-11801367.81,4654153.93,2182.19
-11801369.43,4654153.46,2182.27
-11801371.02,4654153.0200000005,2182.22
-11801372.64,4654152.58,2182.25
-11801374.26,4654152.11,2182.27
-11801375.88,4654151.66,2182.28
-11801377.46,4654151.22,2182.3
-11801379.06,4654150.78,2182.32
-11801380.71,4654150.3,2182.34
-11801382.32,4654149.87,2182.36
-11801383.93,4654149.4,2182.4
-11801385.53,4654148.96,2182.42
-11801387.14,4654148.51,2182.44
-11801388.77,4654148.07,2182.5
-11801390.38,4654147.61,2182.57
-11801391.950000001,4654147.17,2182.69
-11801393.53,4654146.73,2182.85
-11801394.52,4654146.62,2186.52
-11801395.14,4654146.29,2182.96
-11801396.01,4654146.23,2187.28
-11801397.49,4654145.83,2188.05
-11801399.0,4654145.44,2188.82
-11801400.49,4654145.05,2189.59
-11801402.15,4654144.600000001,2189.31
-11801403.92,4654144.05,2188.4
-11801405.66,4654143.53,2187.48
-11801407.44,4654143.0,2186.57
-11801408.120000001,4654142.66,2182.88
-11801409.75,4654142.2,2182.98
-11801411.38,4654141.75,2182.98
-11801412.97,4654141.28,2183.02
-11801414.6,4654140.83,2183.02
-11801416.24,4654140.39,2183.05
-11801417.86,4654139.93,2183.02
-11801417.76,4654139.19,2183.0
-11801416.16,4654139.64,2182.99
-11801414.51,4654140.09,2183.07
-11801412.88,4654140.55,2183.07
-11801411.27,4654140.98,2183.0
-11801409.65,4654141.45,2182.98
-11801407.4,4654142.23,2186.59
-11801405.34,4654142.91,2189.09
-11801405.620000001,4654142.75,2187.54
-11801403.8,4654143.3,2188.4
-11801401.96,4654143.850000001,2189.33
-11801400.290000001,4654144.3100000005,2189.54
-11801398.84,4654144.7,2188.76
-11801397.39,4654145.07,2188.01
-11801395.93,4654145.45,2187.25
-11801394.450000001,4654145.8100000005,2186.51
-11801395.06,4654145.51,2182.99
-11801393.44,4654145.96,2182.83
-11801391.85,4654146.38,2182.71
-11801390.25,4654146.82,2182.56
-11801388.63,4654147.28,2182.47
-11801387.03,4654147.71,2182.42
-11801385.38,4654148.18,2182.42
-11801383.78,4654148.62,2182.38
-11801382.17,4654149.07,2182.35
-11801380.540000001,4654149.53,2182.35
-11801378.94,4654149.97,2182.31
-11801377.31,4654150.42,2182.29
-11801375.69,4654150.88,2182.3
-11801374.09,4654151.32,2182.28
-11801372.47,4654151.7700000005,2182.25
-11801370.86,4654152.21,2182.23
-11801369.23,4654152.67,2182.23
-11801367.63,4654153.11,2182.17
-11801366.03,4654153.55,2182.15
-11801364.39,4654154.0,2182.13
-11801362.77,4654154.47,2182.15
-11801361.17,4654154.91,2182.1
-11801359.58,4654155.34,2182.1
-11801357.96,4654155.8100000005,2182.1
-11801356.34,4654156.25,2182.1
-11801354.72,4654156.7,2182.08
-11801353.08,4654157.15,2182.08
-11801351.49,4654157.59,2182.06
-11801349.89,4654158.05,2181.99
-11801348.3,4654158.49,2182.0
-11801346.69,4654158.93,2181.97
-11801345.06,4654159.38,2181.96
-11801344.92,4654157.74,2181.98
-11801346.49,4654157.29,2182.0
-11801348.11,4654156.850000001,2181.99
-11801349.700000001,4654156.4,2182.02
-11801351.31,4654155.96,2182.06
-11801352.9,4654155.51,2182.11
-11801354.53,4654155.05,2182.11
-11801356.16,4654154.59,2182.11
-11801357.77,4654154.13,2182.11
-11801359.370000001,4654153.7,2182.09
-11801360.98,4654153.23,2182.11
-11801362.57,4654152.79,2182.17
-11801364.200000001,4654152.350000001,2182.15
-11801365.81,4654151.9,2182.15
-11801367.42,4654151.44,2182.17
-11801369.03,4654150.99,2182.24
-11801370.620000001,4654150.55,2182.24
-11801372.22,4654150.09,2182.29
-11801373.85,4654149.64,2182.31
-11801375.46,4654149.2,2182.31
-11801377.08,4654148.73,2182.31
-11801378.69,4654148.28,2182.33
-11801380.3,4654147.84,2182.35
-11801381.91,4654147.38,2182.36
-11801383.5,4654146.94,2182.38
-11801385.13,4654146.49,2182.4
-11801386.75,4654146.04,2182.42
-11801388.38,4654145.58,2182.44
-11801390.01,4654145.11,2182.55
-11801391.58,4654144.69,2182.65
-11801393.17,4654144.25,2182.8
-11801394.16,4654144.11,2186.4
-11801394.76,4654143.82,2182.97
-11801395.67,4654143.72,2187.05
-11801397.14,4654143.34,2187.82
-11801398.61,4654142.96,2188.57
-11801400.08,4654142.58,2189.38
-11801401.66,4654142.15,2189.56
-11801403.44,4654141.59,2188.67
-11801405.21,4654141.07,2187.75
-11801407.01,4654140.54,2186.79
-11801409.32,4654139.72,2182.98
-11801410.92,4654139.2700000005,2183.01
-11801412.56,4654138.83,2182.96
-11801414.19,4654138.37,2183.0
-11801415.82,4654137.92,2182.94
-11801417.43,4654137.46,2182.94
-11801417.67,4654136.58,2182.92
-11801416.040000001,4654137.04,2182.88
-11801414.38,4654137.51,2182.97
-11801412.78,4654137.95,2182.96
-11801411.15,4654138.41,2183.0
-11801409.51,4654138.86,2182.97
-11801407.200000001,4654139.67,2186.72
-11801405.41,4654140.19,2187.63
-11801403.61,4654140.73,2188.54
-11801401.84,4654141.2700000005,2189.45
-11801400.25,4654141.71,2189.44
-11801398.790000001,4654142.08,2188.65
-11801397.3,4654142.47,2187.9
-11801395.81,4654142.86,2187.11
-11801394.31,4654143.23,2186.38
-11801394.9,4654142.92,2182.94
-11801393.31,4654143.37,2182.78
-11801391.71,4654143.8100000005,2182.67
-11801390.13,4654144.24,2182.55
-11801388.51,4654144.7,2182.44
-11801386.88,4654145.15,2182.44
-11801385.27,4654145.59,2182.4
-11801383.65,4654146.04,2182.38
-11801382.07,4654146.49,2182.36
-11801380.450000001,4654146.93,2182.35
-11801378.82,4654147.38,2182.32
-11801377.19,4654147.82,2182.29
-11801375.55,4654148.3,2182.3
-11801373.950000001,4654148.74,2182.32
-11801372.34,4654149.18,2182.28
-11801370.73,4654149.64,2182.25
-11801369.13,4654150.08,2182.22
-11801367.540000001,4654150.5200000005,2182.19
-11801365.950000001,4654150.96,2182.17
-11801364.32,4654151.41,2182.17
-11801362.69,4654151.87,2182.15
-11801361.05,4654152.32,2182.11
-11801359.43,4654152.78,2182.1
-11801357.83,4654153.22,2182.1
-11801356.22,4654153.66,2182.1
-11801354.58,4654154.11,2182.1
-11801352.96,4654154.58,2182.1
-11801351.39,4654155.0200000005,2182.08
-11801349.790000001,4654155.45,2182.02
-11801348.18,4654155.91,2181.98
-11801346.56,4654156.350000001,2181.99
-11801344.94,4654156.8100000005,2181.99
-11801346.38,4654154.63,2182.03
-11801347.98,4654154.18,2182.01
-11801349.56,4654153.73,2182.04
-11801351.15,4654153.29,2182.09
-11801352.77,4654152.84,2182.11
-11801354.370000001,4654152.4,2182.11
-11801356.0,4654151.93,2182.1
-11801357.620000001,4654151.47,2182.11
-11801359.25,4654151.01,2182.11
-11801360.85,4654150.57,2182.15
-11801362.44,4654150.13,2182.15
-11801364.05,4654149.67,2182.19
-11801365.65,4654149.23,2182.19
-11801367.24,4654148.78,2182.21
-11801368.85,4654148.34,2182.24
-11801370.48,4654147.87,2182.28
-11801372.09,4654147.43,2182.34
-11801373.700000001,4654146.98,2182.4
-11801375.3,4654146.51,2182.38
-11801376.93,4654146.05,2182.34
-11801378.52,4654145.61,2182.34
-11801380.14,4654145.16,2182.35
-11801381.76,4654144.72,2182.36
-11801383.39,4654144.25,2182.4
-11801385.0,4654143.8100000005,2182.44
-11801386.620000001,4654143.33,2182.44
-11801388.24,4654142.89,2182.47
-11801389.83,4654142.45,2182.5
-11801391.43,4654142.0,2182.61
-11801393.02,4654141.5600000005,2182.78
-11801394.620000001,4654141.13,2182.92
-11801395.53,4654141.03,2186.9
-11801397.01,4654140.65,2187.67
-11801398.48,4654140.26,2188.45
-11801399.98,4654139.88,2189.21
-11801401.52,4654139.47,2189.75
-11801403.290000001,4654138.93,2188.86
-11801405.02,4654138.41,2187.9
-11801406.790000001,4654137.88,2187.0
-11801409.17,4654137.04,2183.03
-11801410.8,4654136.59,2182.97
-11801412.46,4654136.11,2182.83
-11801414.09,4654135.65,2182.76
-11801415.700000001,4654135.21,2182.86
-11801417.32,4654134.76,2182.88
-11801417.93,4654133.84,2182.88
-11801416.3,4654134.3,2182.86
-11801414.700000001,4654134.74,2182.8
-11801413.07,4654135.19,2182.76
-11801411.43,4654135.66,2182.84
-11801409.8,4654136.11,2182.92
-11801407.51,4654136.91,2186.61
-11801405.75,4654137.43,2187.52
-11801403.950000001,4654137.96,2188.44
-11801402.17,4654138.5,2189.36
-11801400.53,4654138.96,2189.53
-11801399.03,4654139.350000001,2188.75
-11801397.52,4654139.74,2187.99
-11801396.06,4654140.12,2187.22
-11801394.56,4654140.5,2186.46
-11801395.15,4654140.2,2183.03
-11801393.55,4654140.64,2182.81
-11801391.97,4654141.07,2182.67
-11801390.38,4654141.51,2182.5
-11801388.78,4654141.95,2182.46
-11801387.18,4654142.39,2182.44
-11801385.57,4654142.84,2182.42
-11801383.950000001,4654143.3,2182.4
-11801382.32,4654143.75,2182.38
-11801380.700000001,4654144.2,2182.36
-11801379.09,4654144.65,2182.35
-11801377.47,4654145.09,2182.34
-11801375.85,4654145.54,2182.35
-11801374.21,4654146.01,2182.4
-11801372.61,4654146.46,2182.38
-11801371.0,4654146.9,2182.32
-11801369.4,4654147.34,2182.27
-11801367.78,4654147.8,2182.23
-11801366.16,4654148.25,2182.19
-11801364.57,4654148.69,2182.19
-11801362.97,4654149.13,2182.17
-11801361.33,4654149.600000001,2182.15
-11801359.72,4654150.04,2182.15
-11801358.1,4654150.49,2182.13
-11801356.51,4654150.94,2182.11
-11801354.88,4654151.38,2182.09
-11801353.25,4654151.84,2182.1
-11801351.64,4654152.3,2182.09
-11801350.06,4654152.74,2182.04
-11801348.47,4654153.18,2182.02
-11801346.84,4654153.63,2182.03
-11801345.22,4654154.09,2182.02
-11801346.05,4654152.15,2182.03
-11801347.65,4654151.7,2182.01
-11801349.24,4654151.26,2182.03
-11801350.83,4654150.8100000005,2182.1
-11801352.46,4654150.34,2182.13
-11801354.08,4654149.9,2182.11
-11801355.65,4654149.44,2182.13
-11801357.25,4654149.0,2182.13
-11801358.88,4654148.55,2182.15
-11801360.5,4654148.100000001,2182.19
-11801362.13,4654147.64,2182.19
-11801363.74,4654147.19,2182.22
-11801365.34,4654146.72,2182.23
-11801366.96,4654146.28,2182.23
-11801368.56,4654145.83,2182.29
-11801370.17,4654145.39,2182.34
-11801371.76,4654144.94,2182.38
-11801373.36,4654144.49,2182.42
-11801374.98,4654144.04,2182.4
-11801376.620000001,4654143.57,2182.4
-11801378.24,4654143.100000001,2182.4
-11801379.84,4654142.66,2182.38
-11801381.47,4654142.21,2182.38
-11801383.09,4654141.75,2182.38
-11801384.68,4654141.3100000005,2182.44
-11801386.3,4654140.86,2182.4
-11801387.9,4654140.41,2182.46
-11801389.51,4654139.97,2182.5
-11801391.120000001,4654139.51,2182.59
-11801392.75,4654139.04,2182.72
-11801394.36,4654138.600000001,2182.88
-11801395.290000001,4654138.5,2186.72
-11801396.75,4654138.13,2187.5
-11801398.21,4654137.75,2188.27
-11801399.700000001,4654137.36,2189.02
-11801401.18,4654136.98,2189.78
-11801402.93,4654136.46,2189.1
-11801404.72,4654135.91,2188.13
-11801406.51,4654135.37,2187.25
-11801408.26,4654134.86,2186.52
-11801408.92,4654134.5200000005,2182.88
-11801410.55,4654134.0600000005,2182.85
-11801412.19,4654133.600000001,2182.77
-11801413.81,4654133.14,2182.76
-11801415.43,4654132.69,2182.81
-11801417.05,4654132.24,2182.88
-11801418.07,4654131.15,2182.94
-11801416.44,4654131.600000001,2182.88
-11801414.83,4654132.04,2182.81
-11801413.19,4654132.5,2182.76
-11801411.56,4654132.95,2182.76
-11801409.93,4654133.4,2182.84
-11801407.64,4654134.21,2186.61
-11801405.85,4654134.73,2187.54
-11801404.09,4654135.28,2188.44
-11801402.32,4654135.8100000005,2189.4
-11801400.68,4654136.26,2189.52
-11801399.19,4654136.65,2188.75
-11801397.66,4654137.05,2187.97
-11801396.17,4654137.43,2187.2
-11801394.67,4654137.82,2186.46
-11801395.27,4654137.5200000005,2183.06
-11801393.700000001,4654137.94,2182.8
-11801392.120000001,4654138.36,2182.65
-11801390.53,4654138.8,2182.52
-11801388.89,4654139.2700000005,2182.48
-11801387.3,4654139.72,2182.44
-11801385.68,4654140.16,2182.4
-11801384.06,4654140.62,2182.4
-11801382.46,4654141.0600000005,2182.38
-11801380.85,4654141.51,2182.36
-11801379.25,4654141.96,2182.36
-11801377.620000001,4654142.42,2182.38
-11801375.96,4654142.86,2182.38
-11801374.35,4654143.3100000005,2182.38
-11801372.73,4654143.78,2182.4
-11801371.15,4654144.22,2182.35
-11801369.52,4654144.67,2182.31
-11801367.9,4654145.12,2182.26
-11801366.3,4654145.57,2182.22
-11801364.68,4654146.0200000005,2182.22
-11801363.1,4654146.46,2182.21
-11801361.5,4654146.9,2182.17
-11801359.870000001,4654147.36,2182.15
-11801358.25,4654147.8100000005,2182.13
-11801356.65,4654148.25,2182.11
-11801355.03,4654148.71,2182.09
-11801353.43,4654149.15,2182.15
-11801351.85,4654149.600000001,2182.13
-11801350.23,4654150.04,2182.07
-11801348.63,4654150.48,2182.02
-11801347.040000001,4654150.94,2182.01
-11801345.42,4654151.38,2181.99
-11801346.17,4654149.43,2182.06
-11801347.77,4654148.99,2182.06
-11801349.370000001,4654148.54,2182.09
-11801350.98,4654148.09,2182.13
-11801352.58,4654147.63,2182.13
-11801354.22,4654147.17,2182.1
-11801355.83,4654146.72,2182.11
-11801357.41,4654146.2700000005,2182.15
-11801359.01,4654145.83,2182.15
-11801360.64,4654145.38,2182.19
-11801362.27,4654144.92,2182.24
-11801363.870000001,4654144.47,2182.25
-11801365.450000001,4654144.03,2182.27
-11801367.06,4654143.57,2182.27
-11801368.67,4654143.11,2182.3
-11801370.290000001,4654142.67,2182.33
-11801371.92,4654142.2,2182.38
-11801373.53,4654141.76,2182.4
-11801375.14,4654141.3,2182.38
-11801376.75,4654140.850000001,2182.38
-11801378.38,4654140.38,2182.38
-11801379.98,4654139.93,2182.38
-11801381.58,4654139.49,2182.38
-11801383.19,4654139.04,2182.42
-11801384.83,4654138.58,2182.44
-11801386.450000001,4654138.100000001,2182.44
-11801388.05,4654137.67,2182.47
-11801389.67,4654137.21,2182.56
-11801391.290000001,4654136.7700000005,2182.63
-11801392.89,4654136.32,2182.78
-11801394.47,4654135.87,2182.9
-11801395.41,4654135.76,2186.73
-11801396.89,4654135.4,2187.52
-11801398.370000001,4654135.01,2188.29
-11801399.84,4654134.62,2189.05
-11801401.33,4654134.23,2189.8
-11801403.08,4654133.7,2189.05
-11801404.870000001,4654133.17,2188.09
-11801406.65,4654132.63,2187.19
-11801408.39,4654132.11,2186.47
-11801409.06,4654131.76,2182.84
-11801410.68,4654131.32,2182.82
-11801412.33,4654130.850000001,2182.78
-11801413.93,4654130.41,2182.83
-11801415.540000001,4654129.96,2182.9
-11801417.17,4654129.5,2182.92
-11801418.35,4654129.25,2185.19
-11801417.99,4654128.65,2185.11
-11801418.43,4654128.42,2182.81
-11801416.38,4654129.100000001,2185.03
-11801416.78,4654128.89,2182.92
-11801415.16,4654129.350000001,2182.9
-11801413.540000001,4654129.79,2182.83
-11801411.92,4654130.25,2182.77
-11801410.27,4654130.71,2182.8
-11801407.97,4654131.5,2186.49
-11801408.66,4654131.16,2182.82
-11801406.19,4654132.04,2187.36
-11801404.42,4654132.5600000005,2188.3
-11801402.65,4654133.100000001,2189.19
-11801400.94,4654133.59,2189.65
-11801399.44,4654133.98,2188.86
-11801397.96,4654134.37,2188.11
-11801396.52,4654134.73,2187.33
-11801395.05,4654135.12,2186.57
-11801394.05,4654135.23,2182.86
-11801392.450000001,4654135.69,2182.74
-11801390.86,4654136.13,2182.61
-11801389.25,4654136.57,2182.54
-11801387.620000001,4654137.0200000005,2182.44
-11801386.01,4654137.47,2182.42
-11801384.39,4654137.93,2182.44
-11801382.75,4654138.39,2182.42
-11801381.14,4654138.84,2182.38
-11801379.540000001,4654139.28,2182.36
-11801377.92,4654139.73,2182.36
-11801376.3,4654140.19,2182.36
-11801374.66,4654140.66,2182.38
-11801373.06,4654141.08,2182.38
-11801371.450000001,4654141.5200000005,2182.33
-11801369.84,4654141.99,2182.3
-11801368.23,4654142.44,2182.29
-11801366.6,4654142.9,2182.27
-11801365.0,4654143.34,2182.24
-11801363.39,4654143.79,2182.25
-11801361.78,4654144.25,2182.22
-11801360.19,4654144.69,2182.17
-11801358.57,4654145.14,2182.15
-11801356.94,4654145.58,2182.13
-11801355.34,4654146.04,2182.13
-11801353.72,4654146.48,2182.09
-11801352.08,4654146.96,2182.11
-11801350.48,4654147.4,2182.1
-11801348.91,4654147.84,2182.06
-11801347.26,4654148.29,2182.02
-11801345.67,4654148.75,2182.04
-11801346.06,4654146.83,2182.03
-11801347.68,4654146.38,2182.04
-11801349.290000001,4654145.94,2182.08
-11801350.91,4654145.48,2182.1
-11801352.53,4654145.03,2182.09
-11801354.13,4654144.58,2182.13
-11801355.72,4654144.12,2182.17
-11801357.33,4654143.68,2182.22
-11801358.93,4654143.21,2182.19
-11801360.56,4654142.76,2182.25
-11801362.18,4654142.3100000005,2182.21
-11801363.76,4654141.87,2182.24
-11801365.35,4654141.41,2182.26
-11801366.99,4654140.96,2182.26
-11801368.620000001,4654140.49,2182.27
-11801370.22,4654140.04,2182.31
-11801371.82,4654139.600000001,2182.36
-11801373.42,4654139.14,2182.42
-11801375.05,4654138.69,2182.4
-11801376.700000001,4654138.21,2182.36
-11801378.3,4654137.78,2182.4
-11801379.870000001,4654137.32,2182.38
-11801381.48,4654136.87,2182.42
-11801383.120000001,4654136.42,2182.42
-11801384.76,4654135.95,2182.44
-11801386.38,4654135.49,2182.44
-11801387.96,4654135.0600000005,2182.49
-11801389.540000001,4654134.62,2182.55
-11801391.15,4654134.15,2182.63
-11801392.78,4654133.7,2182.8
-11801394.38,4654133.26,2182.9
-11801395.33,4654133.14,2186.65
-11801396.82,4654132.7700000005,2187.42
-11801398.3,4654132.38,2188.19
-11801399.790000001,4654131.99,2188.94
-11801401.24,4654131.62,2189.71
-11801402.92,4654131.12,2189.24
-11801404.73,4654130.5600000005,2188.24
-11801406.52,4654130.0200000005,2187.35
-11801408.290000001,4654129.47,2186.47
-11801408.97,4654129.15,2182.86
-11801410.58,4654128.69,2182.86
-11801411.77,4654128.46,2185.09
-11801412.19,4654128.25,2182.88
-11801413.4,4654127.99,2185.06
-11801415.040000001,4654127.53,2184.96
-11801416.69,4654127.0600000005,2184.88
-11801418.36,4654126.58,2184.78
-11801418.47,4654125.76,2184.7
-11801416.85,4654126.21,2184.74
-11801415.18,4654126.67,2184.84
-11801413.540000001,4654127.15,2184.9
-11801411.92,4654127.600000001,2185.01
-11801410.290000001,4654128.05,2185.08
-11801410.700000001,4654127.84,2182.86
-11801408.42,4654128.64,2186.49
-11801409.08,4654128.3100000005,2182.88
-11801406.67,4654129.16,2187.25
-11801404.870000001,4654129.7,2188.15
-11801403.09,4654130.22,2189.07
-11801401.36,4654130.76,2189.77
-11801399.86,4654131.14,2189.01
-11801398.38,4654131.51,2188.25
-11801396.9,4654131.89,2187.48
-11801395.41,4654132.28,2186.71
-11801394.47,4654132.4,2182.86
-11801392.86,4654132.84,2182.82
-11801391.26,4654133.29,2182.67
-11801389.620000001,4654133.73,2182.52
-11801388.03,4654134.19,2182.47
-11801386.42,4654134.63,2182.44
-11801384.790000001,4654135.09,2182.46
-11801383.200000001,4654135.5200000005,2182.44
-11801381.6,4654135.99,2182.42
-11801379.99,4654136.43,2182.4
-11801378.38,4654136.88,2182.38
-11801376.75,4654137.34,2182.35
-11801375.120000001,4654137.8,2182.4
-11801373.49,4654138.24,2182.4
-11801371.86,4654138.71,2182.36
-11801370.28,4654139.15,2182.32
-11801368.66,4654139.61,2182.26
-11801367.02,4654140.0600000005,2182.23
-11801365.43,4654140.5,2182.24
-11801363.84,4654140.95,2182.22
-11801362.21,4654141.41,2182.22
-11801360.56,4654141.86,2182.21
-11801358.950000001,4654142.3,2182.19
-11801357.34,4654142.7700000005,2182.17
-11801355.73,4654143.22,2182.17
-11801354.11,4654143.67,2182.11
-11801352.49,4654144.12,2182.11
-11801350.9,4654144.57,2182.11
-11801349.3,4654145.01,2182.08
-11801347.71,4654145.47,2182.03
-11801346.09,4654145.91,2182.05
-11801345.99,4654144.13,2182.06
-11801347.61,4654143.66,2182.09
-11801349.23,4654143.22,2182.1
-11801350.82,4654142.7700000005,2182.17
-11801352.36,4654142.36,2182.77
-11801354.03,4654141.86,2182.15
-11801355.620000001,4654141.42,2182.17
-11801357.26,4654140.94,2182.19
-11801358.85,4654140.48,2182.19
-11801360.450000001,4654140.04,2182.21
-11801362.06,4654139.600000001,2182.22
-11801363.68,4654139.15,2182.24
-11801365.32,4654138.68,2182.25
-11801366.92,4654138.23,2182.29
-11801368.540000001,4654137.76,2182.32
-11801370.13,4654137.32,2182.34
-11801371.75,4654136.87,2182.36
-11801373.36,4654136.41,2182.4
-11801374.98,4654135.96,2182.38
-11801376.6,4654135.5,2182.4
-11801378.19,4654135.04,2182.42
-11801379.82,4654134.600000001,2182.42
-11801381.44,4654134.13,2182.44
-11801383.05,4654133.68,2182.47
-11801384.68,4654133.22,2182.47
-11801386.27,4654132.76,2182.58
-11801387.9,4654132.3100000005,2182.49
-11801389.52,4654131.86,2182.53
-11801391.11,4654131.41,2182.65
-11801392.700000001,4654130.97,2182.82
-11801394.290000001,4654130.51,2182.76
-11801395.24,4654130.41,2186.57
-11801396.74,4654130.01,2187.32
-11801398.24,4654129.62,2188.08
-11801399.72,4654129.23,2188.84
-11801401.16,4654128.86,2189.6
-11801402.8,4654128.38,2189.27
-11801404.58,4654127.850000001,2188.36
-11801406.39,4654127.29,2187.46
-11801408.200000001,4654126.74,2186.56
-11801408.85,4654126.42,2183.03
-11801410.13,4654126.13,2184.86
-11801411.78,4654125.66,2184.8
-11801413.4,4654125.21,2184.77
-11801413.75,4654125.03,2182.9
-11801415.4,4654124.5600000005,2182.88
-11801417.03,4654124.11,2182.88
-11801417.32,4654123.24,2182.84
-11801415.69,4654123.71,2182.85
-11801414.040000001,4654124.16,2182.88
-11801412.08,4654124.78,2184.71
-11801412.43,4654124.62,2182.84
-11801410.44,4654125.26,2184.76
-11801408.48,4654125.87,2186.44
-11801408.98,4654125.62,2183.78
-11801406.71,4654126.41,2187.27
-11801404.93,4654126.95,2188.17
-11801403.14,4654127.48,2189.11
-11801401.44,4654127.98,2189.76
-11801399.97,4654128.37,2188.97
-11801398.48,4654128.76,2188.19
-11801396.97,4654129.15,2187.44
-11801395.48,4654129.54,2186.7
-11801394.58,4654129.63,2182.78
-11801392.96,4654130.07,2182.79
-11801391.36,4654130.53,2182.71
-11801389.74,4654130.96,2182.57
-11801388.14,4654131.43,2182.48
-11801386.48,4654131.89,2182.53
-11801384.86,4654132.34,2182.48
-11801383.27,4654132.79,2182.44
-11801381.67,4654133.23,2182.42
-11801380.05,4654133.68,2182.4
-11801378.450000001,4654134.12,2182.42
-11801376.82,4654134.59,2182.38
-11801375.19,4654135.05,2182.38
-11801373.6,4654135.5,2182.36
-11801371.98,4654135.95,2182.36
-11801370.36,4654136.41,2182.34
-11801368.76,4654136.850000001,2182.32
-11801367.13,4654137.3,2182.3
-11801365.47,4654137.7700000005,2182.27
-11801363.870000001,4654138.22,2182.22
-11801362.290000001,4654138.66,2182.22
-11801360.69,4654139.12,2182.19
-11801359.07,4654139.57,2182.17
-11801357.450000001,4654140.03,2182.19
-11801355.82,4654140.47,2182.19
-11801354.21,4654140.93,2182.15
-11801352.56,4654141.4,2182.38
-11801350.9,4654141.88,2182.75
-11801349.36,4654142.28,2182.09
-11801347.75,4654142.74,2182.07
-11801346.17,4654143.18,2182.07
-11801346.120000001,4654141.43,2182.07
-11801347.71,4654140.98,2182.11
-11801349.290000001,4654140.54,2182.1
-11801350.9,4654140.08,2182.3
-11801352.55,4654139.62,2182.15
-11801354.14,4654139.15,2182.17
-11801355.75,4654138.71,2182.15
-11801357.38,4654138.24,2182.15
-11801358.99,4654137.79,2182.17
-11801360.59,4654137.34,2182.17
-11801362.21,4654136.87,2182.19
-11801363.82,4654136.43,2182.27
-11801365.43,4654135.97,2182.3
-11801367.03,4654135.5200000005,2182.32
-11801368.620000001,4654135.08,2182.36
-11801370.23,4654134.63,2182.38
-11801371.85,4654134.17,2182.38
-11801373.46,4654133.71,2182.4
-11801375.07,4654133.25,2182.4
-11801376.67,4654132.8,2182.38
-11801378.27,4654132.34,2182.4
-11801379.9,4654131.89,2182.44
-11801381.53,4654131.42,2182.48
-11801383.14,4654130.97,2182.44
-11801384.74,4654130.5200000005,2182.48
-11801386.36,4654130.0600000005,2182.49
-11801387.96,4654129.61,2182.55
-11801389.57,4654129.17,2182.63
-11801390.97,4654128.8100000005,2184.03
-11801391.200000001,4654128.7,2182.71
-11801392.8,4654128.25,2182.82
-11801394.41,4654127.8100000005,2182.88
-11801395.35,4654127.68,2186.54
-11801395.98,4654127.37,2183.0
-11801396.84,4654127.29,2187.31
-11801398.33,4654126.9,2188.07
-11801399.790000001,4654126.5200000005,2188.85
-11801401.24,4654126.13,2189.61
-11801402.91,4654125.66,2189.31
-11801404.72,4654125.11,2188.4
-11801406.53,4654124.5600000005,2187.45
-11801408.3,4654124.0200000005,2186.6
-11801410.6,4654123.23,2182.92
-11801412.23,4654122.75,2182.9
-11801413.86,4654122.3100000005,2182.88
-11801415.5,4654121.84,2182.9
-11801417.120000001,4654121.39,2182.9
-11801417.74,4654120.33,2182.88
-11801416.15,4654120.78,2182.88
-11801414.49,4654121.25,2182.88
-11801412.84,4654121.7,2182.86
-11801411.23,4654122.16,2182.9
-11801409.620000001,4654122.61,2182.92
-11801407.23,4654123.45,2187.11
-11801407.99,4654123.0600000005,2182.98
-11801405.44,4654124.0,2188.04
-11801403.64,4654124.54,2188.88
-11801401.85,4654125.08,2189.81
-11801400.36,4654125.47,2189.13
-11801398.89,4654125.86,2188.36
-11801397.38,4654126.25,2187.6
-11801395.89,4654126.64,2186.83
-11801394.99,4654126.72,2182.88
-11801393.4,4654127.16,2182.83
-11801391.790000001,4654127.62,2182.69
-11801390.17,4654128.07,2182.63
-11801388.32,4654128.64,2184.06
-11801388.58,4654128.51,2182.63
-11801386.96,4654128.95,2182.63
-11801385.36,4654129.41,2182.52
-11801383.73,4654129.87,2182.5
-11801382.11,4654130.33,2182.47
-11801380.49,4654130.78,2182.46
-11801378.86,4654131.24,2182.44
-11801377.23,4654131.69,2182.42
-11801375.63,4654132.13,2182.35
-11801374.040000001,4654132.600000001,2182.38
-11801372.450000001,4654133.04,2182.38
-11801370.82,4654133.5,2182.38
-11801369.21,4654133.95,2182.36
-11801367.6,4654134.4,2182.36
-11801365.94,4654134.850000001,2182.31
-11801364.32,4654135.32,2182.27
-11801362.74,4654135.75,2182.23
-11801361.15,4654136.19,2182.17
-11801359.52,4654136.66,2182.15
-11801357.92,4654137.11,2182.13
-11801356.3,4654137.5600000005,2182.15
-11801354.67,4654138.03,2182.11
-11801353.07,4654138.47,2182.11
-11801351.46,4654138.91,2182.09
-11801349.85,4654139.38,2182.09
-11801348.18,4654139.86,2182.54
-11801346.64,4654140.29,2182.06
-11801345.05,4654140.73,2182.06
-11801345.96,4654138.7,2182.13
-11801347.55,4654138.25,2182.11
-11801349.15,4654137.8,2182.13
-11801350.76,4654137.34,2182.15
-11801352.36,4654136.88,2182.19
-11801353.97,4654136.43,2182.13
-11801355.6,4654135.97,2182.15
-11801357.23,4654135.51,2182.17
-11801358.82,4654135.0600000005,2182.15
-11801360.450000001,4654134.59,2182.17
-11801362.06,4654134.14,2182.22
-11801363.64,4654133.7,2182.3
-11801365.23,4654133.25,2182.33
-11801366.85,4654132.79,2182.36
-11801368.48,4654132.3100000005,2182.38
-11801370.1,4654131.87,2182.42
-11801371.700000001,4654131.42,2182.46
-11801373.3,4654130.96,2182.49
-11801374.91,4654130.51,2182.47
-11801376.53,4654130.0600000005,2182.44
-11801378.13,4654129.59,2182.51
-11801379.75,4654129.15,2182.57
-11801381.33,4654128.69,2182.59
-11801382.92,4654128.24,2182.63
-11801384.55,4654127.79,2182.65
-11801386.18,4654127.3100000005,2182.71
-11801387.82,4654126.850000001,2182.69
-11801389.450000001,4654126.4,2182.67
-11801391.05,4654125.95,2182.63
-11801392.66,4654125.48,2182.75
-11801394.22,4654125.0600000005,2183.04
-11801395.24,4654124.91,2186.46
-11801395.85,4654124.58,2183.02
-11801396.72,4654124.5200000005,2187.17
-11801398.18,4654124.14,2187.94
-11801399.66,4654123.75,2188.7
-11801401.14,4654123.350000001,2189.49
-11801402.290000001,4654122.7700000005,2183.08
-11801403.94,4654122.3,2183.0
-11801405.290000001,4654121.97,2184.59
-11801405.59,4654121.83,2182.9
-11801407.21,4654121.36,2182.9
-11801408.82,4654120.91,2182.88
-11801410.48,4654120.45,2182.86
-11801412.11,4654119.97,2182.85
-11801413.71,4654119.53,2182.9
-11801415.33,4654119.07,2182.94
-11801416.950000001,4654118.62,2183.0
-11801418.02,4654117.5,2182.86
-11801416.35,4654117.98,2182.92
-11801414.72,4654118.44,2182.94
-11801413.13,4654118.89,2182.92
-11801411.51,4654119.33,2182.85
-11801409.9,4654119.8,2182.8
-11801408.290000001,4654120.25,2182.79
-11801406.65,4654120.71,2182.82
-11801405.0,4654121.17,2182.86
-11801403.11,4654121.7700000005,2184.24
-11801403.35,4654121.64,2182.9
-11801401.700000001,4654122.12,2183.19
-11801399.19,4654123.05,2188.4
-11801400.18,4654122.54,2182.92
-11801397.700000001,4654123.44,2187.69
-11801398.55,4654122.99,2182.9
-11801396.18,4654123.84,2186.9
-11801395.26,4654123.92,2182.92
-11801393.64,4654124.38,2182.79
-11801392.06,4654124.82,2182.67
-11801390.48,4654125.26,2182.57
-11801388.85,4654125.73,2182.73
-11801387.24,4654126.18,2182.65
-11801385.59,4654126.62,2182.65
-11801384.0,4654127.09,2182.65
-11801382.39,4654127.54,2182.65
-11801380.73,4654128.01,2182.6
-11801379.14,4654128.45,2182.57
-11801377.52,4654128.9,2182.59
-11801375.93,4654129.34,2182.46
-11801374.3,4654129.8100000005,2182.48
-11801372.700000001,4654130.26,2182.48
-11801371.07,4654130.72,2182.46
-11801369.450000001,4654131.17,2182.42
-11801367.870000001,4654131.61,2182.36
-11801366.25,4654132.07,2182.38
-11801364.66,4654132.5200000005,2182.31
-11801363.05,4654132.96,2182.26
-11801361.4,4654133.43,2182.17
-11801359.790000001,4654133.88,2182.15
-11801358.17,4654134.350000001,2182.15
-11801356.57,4654134.79,2182.17
-11801354.950000001,4654135.24,2182.13
-11801353.31,4654135.71,2182.13
-11801351.73,4654136.16,2182.22
-11801350.14,4654136.61,2182.15
-11801348.51,4654137.07,2182.15
-11801346.89,4654137.53,2182.13
-11801345.290000001,4654137.97,2182.13
-11801346.08,4654135.87,2182.21
-11801347.71,4654135.4,2182.22
-11801349.3,4654134.93,2182.23
-11801350.89,4654134.51,2182.23
-11801352.5,4654134.04,2182.17
-11801354.14,4654133.57,2182.17
-11801355.74,4654133.12,2182.17
-11801357.33,4654132.65,2182.19
-11801358.96,4654132.2,2182.17
-11801360.58,4654131.75,2182.17
-11801362.17,4654131.29,2182.24
-11801363.76,4654130.850000001,2182.32
-11801365.370000001,4654130.4,2182.4
-11801366.98,4654129.93,2182.44
-11801368.6,4654129.48,2182.44
-11801369.99,4654129.14,2183.9
-11801370.21,4654129.0200000005,2182.51
-11801371.82,4654128.57,2182.53
-11801373.41,4654128.12,2182.51
-11801375.040000001,4654127.65,2182.57
-11801376.65,4654127.19,2182.63
-11801378.24,4654126.74,2182.65
-11801379.83,4654126.3,2182.74
-11801381.48,4654125.8100000005,2182.54
-11801382.870000001,4654125.47,2183.92
-11801384.69,4654124.91,2182.55
-11801386.31,4654124.45,2182.59
-11801387.950000001,4654123.98,2182.57
-11801389.540000001,4654123.53,2182.61
-11801391.16,4654123.07,2182.59
-11801392.78,4654122.62,2182.67
-11801394.38,4654122.16,2182.85
-11801395.82,4654121.8,2183.97
-11801396.02,4654121.7,2182.84
-11801397.63,4654121.24,2182.85
-11801399.24,4654120.79,2182.88
-11801400.86,4654120.34,2182.9
-11801402.15,4654120.03,2184.65
-11801402.48,4654119.87,2182.84
-11801404.07,4654119.42,2182.79
-11801405.700000001,4654118.95,2182.78
-11801407.34,4654118.47,2182.82
-11801409.01,4654118.01,2182.78
-11801410.61,4654117.5600000005,2182.79
-11801412.22,4654117.11,2182.88
-11801413.82,4654116.64,2183.02
-11801415.43,4654116.2,2183.1
-11801417.03,4654115.75,2183.15
-11801418.33,4654114.55,2182.97
-11801416.69,4654115.01,2183.03
-11801415.06,4654115.49,2183.15
-11801413.42,4654115.95,2183.15
-11801411.790000001,4654116.39,2183.04
-11801410.18,4654116.83,2182.88
-11801408.61,4654117.29,2182.76
-11801407.0,4654117.73,2182.78
-11801405.36,4654118.21,2182.81
-11801403.73,4654118.66,2182.8
-11801402.1,4654119.12,2182.84
-11801400.5,4654119.58,2182.78
-11801398.92,4654120.01,2182.75
-11801397.290000001,4654120.48,2182.79
-11801395.47,4654121.04,2183.82
-11801393.83,4654121.5,2183.86
-11801394.0,4654121.4,2182.86
-11801392.44,4654121.84,2182.61
-11801390.81,4654122.29,2182.63
-11801389.19,4654122.76,2182.6
-11801387.57,4654123.21,2182.57
-11801385.93,4654123.68,2182.59
-11801384.3,4654124.12,2182.56
-11801382.67,4654124.600000001,2182.65
-11801381.08,4654125.0600000005,2182.57
-11801379.06,4654125.72,2184.85
-11801377.81,4654125.96,2182.63
-11801376.22,4654126.4,2182.57
-11801374.63,4654126.87,2182.58
-11801373.01,4654127.32,2182.56
-11801371.41,4654127.78,2182.52
-11801369.790000001,4654128.23,2182.49
-11801368.18,4654128.69,2182.47
-11801366.57,4654129.13,2182.42
-11801364.950000001,4654129.59,2182.36
-11801363.33,4654130.05,2182.32
-11801361.73,4654130.5,2182.26
-11801360.13,4654130.96,2182.19
-11801358.55,4654131.4,2182.19
-11801356.96,4654131.850000001,2182.15
-11801355.31,4654132.3,2182.19
-11801353.67,4654132.7700000005,2182.17
-11801352.05,4654133.22,2182.15
-11801350.44,4654133.69,2182.22
-11801348.85,4654134.13,2182.29
-11801347.24,4654134.600000001,2182.29
-11801345.61,4654135.05,2182.19
-11801346.13,4654133.07,2182.25
-11801347.73,4654132.62,2182.31
-11801349.32,4654132.15,2182.26
-11801350.91,4654131.71,2182.28
-11801352.540000001,4654131.24,2182.24
-11801354.200000001,4654130.76,2182.24
-11801355.81,4654130.3100000005,2182.24
-11801357.41,4654129.86,2182.26
-11801359.0,4654129.4,2182.28
-11801360.63,4654128.95,2182.3
-11801362.23,4654128.48,2182.36
-11801363.85,4654128.03,2182.36
-11801365.46,4654127.57,2182.44
-11801367.040000001,4654127.12,2182.47
-11801368.620000001,4654126.68,2182.48
-11801370.26,4654126.2,2182.53
-11801371.69,4654125.850000001,2183.9
-11801373.540000001,4654125.28,2182.49
-11801374.96,4654124.91,2183.46
-11801376.72,4654124.37,2182.48
-11801378.31,4654123.92,2182.52
-11801379.91,4654123.47,2182.59
-11801381.540000001,4654123.0,2182.57
-11801383.15,4654122.53,2182.59
-11801384.75,4654122.08,2182.6
-11801386.39,4654121.62,2182.61
-11801388.01,4654121.14,2182.63
-11801389.63,4654120.7,2182.65
-11801391.27,4654120.24,2182.63
-11801392.870000001,4654119.76,2182.65
-11801394.49,4654119.32,2182.69
-11801396.08,4654118.86,2182.77
-11801397.700000001,4654118.4,2182.73
-11801399.32,4654117.94,2182.73
-11801400.89,4654117.48,2182.78
-11801402.52,4654117.03,2182.76
-11801404.13,4654116.58,2182.94
-11801405.77,4654116.11,2182.96
-11801407.39,4654115.66,2183.02
-11801409.0,4654115.19,2183.06
-11801410.620000001,4654114.74,2182.98
-11801412.25,4654114.25,2182.86
-11801413.870000001,4654113.8100000005,2182.88
-11801415.48,4654113.350000001,2182.97
-11801417.11,4654112.88,2183.03
-11801417.21,4654112.0200000005,2183.03
-11801415.59,4654112.48,2182.98
-11801413.99,4654112.93,2183.0
-11801412.36,4654113.4,2182.92
-11801410.71,4654113.84,2182.86
-11801409.120000001,4654114.3100000005,2182.81
-11801407.48,4654114.7700000005,2182.85
-11801405.86,4654115.23,2182.96
-11801404.23,4654115.69,2183.0
-11801402.6,4654116.15,2182.92
-11801400.97,4654116.62,2182.92
-11801399.34,4654117.07,2182.86
-11801397.700000001,4654117.54,2182.88
-11801396.11,4654117.98,2182.69
-11801394.51,4654118.43,2182.71
-11801392.92,4654118.88,2182.67
-11801391.3,4654119.34,2182.63
-11801389.67,4654119.79,2182.71
-11801387.84,4654120.36,2183.88
-11801388.06,4654120.26,2182.59
-11801386.450000001,4654120.71,2182.61
-11801384.82,4654121.17,2182.63
-11801383.200000001,4654121.62,2182.6
-11801381.6,4654122.07,2182.57
-11801379.94,4654122.55,2182.65
-11801378.33,4654123.01,2182.53
-11801376.73,4654123.45,2182.51
-11801375.16,4654123.9,2182.5
-11801373.51,4654124.37,2182.51
-11801371.69,4654124.94,2183.77
-11801371.91,4654124.82,2182.42
-11801370.290000001,4654125.28,2182.46
-11801368.69,4654125.73,2182.38
-11801367.03,4654126.19,2182.48
-11801365.4,4654126.67,2182.47
-11801363.790000001,4654127.12,2182.42
-11801362.18,4654127.57,2182.4
-11801360.59,4654128.03,2182.36
-11801358.99,4654128.47,2182.38
-11801357.38,4654128.91,2182.25
-11801355.78,4654129.37,2182.27
-11801354.15,4654129.84,2182.23
-11801352.56,4654130.3,2182.21
-11801350.94,4654130.75,2182.24
-11801349.01,4654131.37,2184.32
-11801349.32,4654131.19,2182.21
-11801347.58,4654131.72,2183.0
-11801346.06,4654132.14,2182.42
-11801345.76,4654130.4,2184.31
-11801346.03,4654130.24,2182.4
-11801347.64,4654129.7700000005,2182.28
-11801349.25,4654129.32,2182.28
-11801350.84,4654128.87,2182.47
-11801352.47,4654128.4,2182.29
-11801354.06,4654127.93,2182.26
-11801355.69,4654127.48,2182.27
-11801357.290000001,4654127.0200000005,2182.32
-11801358.89,4654126.54,2182.38
-11801360.540000001,4654126.09,2182.34
-11801362.14,4654125.64,2182.29
-11801363.540000001,4654125.29,2183.61
-11801365.34,4654124.7,2182.31
-11801366.94,4654124.26,2182.35
-11801368.56,4654123.8,2182.38
-11801370.18,4654123.34,2182.4
-11801371.790000001,4654122.88,2182.42
-11801373.38,4654122.43,2182.49
-11801374.98,4654121.98,2182.55
-11801376.59,4654121.51,2182.59
-11801378.200000001,4654121.0600000005,2182.63
-11801379.82,4654120.59,2182.58
-11801381.41,4654120.14,2182.61
-11801382.76,4654119.82,2184.15
-11801383.01,4654119.69,2182.65
-11801384.4,4654119.350000001,2184.02
-11801384.63,4654119.21,2182.67
-11801386.06,4654118.87,2183.92
-11801387.65,4654118.42,2184.03
-11801389.47,4654117.850000001,2182.74
-11801391.09,4654117.37,2182.76
-11801392.700000001,4654116.93,2182.75
-11801394.33,4654116.46,2182.85
-11801395.96,4654116.0,2182.94
-11801397.57,4654115.54,2182.94
-11801399.17,4654115.08,2182.85
-11801400.8,4654114.62,2182.8
-11801402.47,4654114.14,2182.69
-11801404.07,4654113.68,2182.81
-11801405.65,4654113.23,2182.9
-11801407.290000001,4654112.76,2182.9
-11801408.91,4654112.3100000005,2182.86
-11801410.5,4654111.86,2182.9
-11801412.14,4654111.39,2182.9
-11801413.76,4654110.92,2182.96
-11801415.38,4654110.45,2182.98
-11801416.99,4654110.0,2182.97
-11801417.42,4654109.0600000005,2182.98
-11801415.790000001,4654109.54,2182.98
-11801414.17,4654109.99,2182.92
-11801412.55,4654110.45,2182.9
-11801410.91,4654110.9,2182.88
-11801409.31,4654111.37,2182.86
-11801407.700000001,4654111.82,2182.86
-11801406.03,4654112.29,2182.88
-11801404.41,4654112.76,2182.88
-11801402.790000001,4654113.21,2182.85
-11801401.18,4654113.66,2182.79
-11801399.61,4654114.100000001,2182.65
-11801397.99,4654114.57,2182.69
-11801396.370000001,4654115.01,2182.79
-11801394.700000001,4654115.51,2182.92
-11801393.09,4654115.96,2182.85
-11801391.5,4654116.4,2182.76
-11801389.870000001,4654116.88,2182.81
-11801388.24,4654117.350000001,2182.8
-11801386.63,4654117.79,2182.65
-11801384.790000001,4654118.37,2184.05
-11801385.03,4654118.24,2182.61
-11801383.040000001,4654118.89,2184.81
-11801383.4,4654118.71,2182.71
-11801381.53,4654119.29,2184.32
-11801381.8,4654119.16,2182.67
-11801380.19,4654119.62,2182.6
-11801378.35,4654120.19,2183.88
-11801378.56,4654120.07,2182.55
-11801376.93,4654120.5200000005,2182.51
-11801375.33,4654120.99,2182.55
-11801373.72,4654121.44,2182.47
-11801372.11,4654121.9,2182.44
-11801370.5,4654122.350000001,2182.38
-11801368.91,4654122.8,2182.38
-11801367.290000001,4654123.25,2182.36
-11801365.66,4654123.73,2182.31
-11801364.06,4654124.18,2182.3
-11801362.43,4654124.63,2182.25
-11801360.81,4654125.100000001,2182.26
-11801359.21,4654125.55,2182.34
-11801357.58,4654126.0200000005,2182.32
-11801355.98,4654126.47,2182.26
-11801354.370000001,4654126.92,2182.21
-11801352.74,4654127.38,2182.23
-11801351.14,4654127.850000001,2182.25
-11801349.55,4654128.29,2182.26
-11801347.94,4654128.74,2182.24
-11801346.0,4654129.39,2184.35
-11801346.3,4654129.2,2182.27
-11801344.67,4654129.69,2182.36
-11801346.040000001,4654127.32,2182.9
-11801347.71,4654126.82,2182.31
-11801349.3,4654126.37,2182.34
-11801350.91,4654125.9,2182.31
-11801352.53,4654125.44,2182.25
-11801354.13,4654124.97,2182.25
-11801355.73,4654124.5200000005,2182.23
-11801357.34,4654124.05,2182.29
-11801358.97,4654123.59,2182.27
-11801360.58,4654123.13,2182.26
-11801362.21,4654122.66,2182.27
-11801363.81,4654122.21,2182.31
-11801365.39,4654121.75,2182.33
-11801366.99,4654121.2700000005,2182.36
-11801368.63,4654120.82,2182.36
-11801370.24,4654120.37,2182.38
-11801371.82,4654119.91,2182.42
-11801373.42,4654119.46,2182.49
-11801375.06,4654118.99,2182.55
-11801376.44,4654118.64,2183.84
-11801376.64,4654118.54,2182.63
-11801378.040000001,4654118.19,2183.92
-11801378.27,4654118.07,2182.57
-11801379.89,4654117.61,2182.63
-11801381.48,4654117.15,2182.69
-11801383.07,4654116.7,2182.78
-11801384.71,4654116.23,2182.69
-11801386.32,4654115.76,2182.72
-11801387.950000001,4654115.3100000005,2182.67
-11801389.59,4654114.82,2182.56
-11801391.19,4654114.38,2182.63
-11801392.8,4654113.92,2182.72
-11801394.38,4654113.47,2182.78
-11801395.98,4654112.99,2182.77
-11801397.620000001,4654112.54,2182.73
-11801399.25,4654112.07,2182.81
-11801400.88,4654111.600000001,2182.84
-11801402.5,4654111.14,2182.8
-11801404.13,4654110.68,2182.82
-11801405.74,4654110.22,2182.84
-11801407.36,4654109.75,2182.86
-11801409.0,4654109.2700000005,2182.88
-11801410.620000001,4654108.8100000005,2182.9
-11801412.200000001,4654108.37,2182.94
-11801413.82,4654107.91,2182.96
-11801415.44,4654107.43,2182.98
-11801417.06,4654106.97,2182.96
-11801417.82,4654105.94,2182.96
-11801416.200000001,4654106.39,2182.94
-11801414.58,4654106.850000001,2182.97
-11801412.97,4654107.3,2182.94
-11801411.32,4654107.78,2182.9
-11801409.68,4654108.25,2182.88
-11801408.08,4654108.69,2182.85
-11801406.5,4654109.16,2182.85
-11801404.870000001,4654109.61,2182.81
-11801403.23,4654110.08,2182.79
-11801401.61,4654110.54,2182.76
-11801399.99,4654111.0,2182.79
-11801398.38,4654111.46,2182.79
-11801396.77,4654111.92,2182.73
-11801395.14,4654112.36,2182.74
-11801393.51,4654112.84,2182.77
-11801391.88,4654113.3100000005,2182.73
-11801390.27,4654113.75,2182.69
-11801388.65,4654114.21,2182.63
-11801387.07,4654114.67,2182.54
-11801385.43,4654115.13,2182.56
-11801383.790000001,4654115.600000001,2182.61
-11801382.17,4654116.07,2182.69
-11801380.540000001,4654116.5200000005,2182.75
-11801378.92,4654116.98,2182.76
-11801377.33,4654117.44,2182.59
-11801375.73,4654117.9,2182.54
-11801374.120000001,4654118.350000001,2182.57
-11801372.55,4654118.8,2182.48
-11801370.76,4654119.350000001,2183.42
-11801370.9,4654119.2700000005,2182.52
-11801369.07,4654119.83,2183.67
-11801369.290000001,4654119.72,2182.35
-11801367.68,4654120.18,2182.34
-11801366.08,4654120.63,2182.32
-11801364.47,4654121.08,2182.32
-11801362.86,4654121.53,2182.28
-11801361.23,4654122.01,2182.3
-11801359.61,4654122.47,2182.26
-11801358.03,4654122.91,2182.26
-11801356.4,4654123.37,2182.19
-11801354.790000001,4654123.83,2182.23
-11801353.17,4654124.3,2182.24
-11801351.55,4654124.75,2182.26
-11801349.59,4654125.4,2184.42
-11801349.92,4654125.23,2182.29
-11801348.33,4654125.67,2182.28
-11801346.41,4654126.3100000005,2184.44
-11801346.73,4654126.14,2182.26
-11801345.03,4654126.63,2182.69
-11801344.52,4654124.88,2182.15
-11801345.78,4654124.600000001,2184.38
-11801346.07,4654124.44,2182.42
-11801347.38,4654124.16,2184.4
-11801347.700000001,4654123.98,2182.24
-11801348.97,4654123.71,2184.48
-11801349.28,4654123.54,2182.4
-11801350.950000001,4654123.04,2182.21
-11801352.540000001,4654122.59,2182.24
-11801354.09,4654122.14,2182.24
-11801355.72,4654121.67,2182.25
-11801357.34,4654121.21,2182.25
-11801358.94,4654120.75,2182.3
-11801360.39,4654120.39,2183.5
-11801360.58,4654120.2700000005,2182.3
-11801362.200000001,4654119.8100000005,2182.32
-11801363.6,4654119.47,2183.56
-11801363.8,4654119.350000001,2182.28
-11801365.19,4654119.01,2183.65
-11801365.41,4654118.88,2182.3
-11801367.040000001,4654118.43,2182.34
-11801368.65,4654117.96,2182.36
-11801370.23,4654117.49,2182.42
-11801371.82,4654117.05,2182.56
-11801373.43,4654116.600000001,2182.57
-11801375.02,4654116.15,2182.63
-11801376.6,4654115.69,2182.69
-11801378.25,4654115.21,2182.59
-11801379.91,4654114.72,2182.51
-11801381.5,4654114.2700000005,2182.54
-11801383.1,4654113.83,2182.63
-11801384.73,4654113.36,2182.61
-11801386.35,4654112.88,2182.6
-11801387.950000001,4654112.44,2182.63
-11801389.57,4654111.97,2182.61
-11801391.17,4654111.49,2182.63
-11801392.77,4654111.05,2182.71
-11801394.39,4654110.58,2182.69
-11801396.0,4654110.13,2182.79
-11801397.620000001,4654109.66,2182.76
-11801399.27,4654109.18,2182.75
-11801400.89,4654108.72,2182.78
-11801402.48,4654108.26,2182.8
-11801404.120000001,4654107.8,2182.81
-11801405.74,4654107.33,2182.85
-11801407.35,4654106.86,2182.84
-11801408.97,4654106.41,2182.86
-11801410.58,4654105.93,2182.92
-11801412.22,4654105.48,2182.92
-11801413.78,4654105.04,2182.96
-11801415.41,4654104.57,2182.96
-11801417.07,4654104.09,2182.96
-11801418.17,4654102.86,2182.94
-11801416.57,4654103.32,2182.92
-11801414.97,4654103.78,2182.92
-11801413.32,4654104.25,2182.97
-11801411.71,4654104.71,2182.9
-11801410.08,4654105.18,2182.94
-11801408.48,4654105.63,2182.86
-11801406.84,4654106.09,2182.82
-11801405.23,4654106.55,2182.8
-11801403.63,4654107.01,2182.77
-11801402.0,4654107.47,2182.76
-11801400.38,4654107.94,2182.76
-11801398.74,4654108.41,2182.74
-11801397.13,4654108.86,2182.72
-11801395.52,4654109.3,2182.74
-11801393.88,4654109.78,2182.69
-11801392.25,4654110.25,2182.69
-11801390.67,4654110.7,2182.63
-11801389.05,4654111.14,2182.6
-11801387.42,4654111.62,2182.57
-11801385.83,4654112.08,2182.55
-11801384.21,4654112.53,2182.53
-11801382.58,4654113.0,2182.56
-11801380.97,4654113.46,2182.56
-11801379.38,4654113.92,2182.56
-11801377.76,4654114.37,2182.5
-11801376.120000001,4654114.84,2182.5
-11801374.5,4654115.3100000005,2182.53
-11801372.870000001,4654115.76,2182.56
-11801371.27,4654116.23,2182.49
-11801369.66,4654116.68,2182.53
-11801368.03,4654117.15,2182.51
-11801366.39,4654117.61,2182.4
-11801364.8,4654118.07,2182.32
-11801363.22,4654118.51,2182.29
-11801361.620000001,4654118.97,2182.27
-11801359.97,4654119.43,2182.31
-11801358.36,4654119.91,2182.34
-11801356.78,4654120.350000001,2182.22
-11801355.17,4654120.8,2182.25
-11801353.540000001,4654121.26,2182.23
-11801351.9,4654121.74,2182.22
-11801350.31,4654122.19,2182.21
-11801348.43,4654122.8100000005,2184.28
-11801348.74,4654122.64,2182.21
-11801346.82,4654123.28,2184.34
-11801345.47,4654123.59,2182.48
-11801346.15,4654121.44,2182.31
-11801347.49,4654121.13,2184.17
-11801349.370000001,4654120.51,2182.33
-11801351.01,4654120.04,2182.24
-11801352.44,4654119.67,2183.31
-11801352.61,4654119.5600000005,2182.26
-11801354.17,4654119.13,2182.34
-11801355.81,4654118.65,2182.17
-11801357.43,4654118.17,2182.23
-11801359.05,4654117.72,2182.3
-11801360.63,4654117.28,2182.47
-11801362.23,4654116.8100000005,2182.49
-11801363.85,4654116.33,2182.42
-11801365.450000001,4654115.88,2182.48
-11801367.09,4654115.41,2182.4
-11801368.700000001,4654114.95,2182.44
-11801370.290000001,4654114.49,2182.49
-11801371.91,4654114.03,2182.49
-11801373.51,4654113.5600000005,2182.54
-11801375.14,4654113.09,2182.46
-11801376.72,4654112.64,2182.54
-11801378.35,4654112.17,2182.48
-11801379.96,4654111.71,2182.48
-11801381.59,4654111.23,2182.51
-11801383.200000001,4654110.7700000005,2182.56
-11801384.78,4654110.32,2182.57
-11801386.38,4654109.87,2182.61
-11801388.01,4654109.39,2182.65
-11801389.65,4654108.92,2182.69
-11801391.28,4654108.46,2182.75
-11801392.89,4654108.0,2182.71
-11801394.49,4654107.53,2182.69
-11801396.11,4654107.05,2182.72
-11801397.75,4654106.600000001,2182.73
-11801399.35,4654106.13,2182.78
-11801400.94,4654105.66,2182.76
-11801402.55,4654105.21,2182.77
-11801404.19,4654104.74,2182.81
-11801405.81,4654104.28,2182.85
-11801407.41,4654103.82,2182.9
-11801409.040000001,4654103.33,2182.88
-11801410.67,4654102.88,2182.94
-11801412.3,4654102.41,2182.9
-11801413.93,4654101.94,2182.94
-11801415.55,4654101.48,2182.94
-11801417.120000001,4654101.0200000005,2182.98
-11801418.53,4654099.83,2182.99
-11801416.91,4654100.29,2182.94
-11801415.290000001,4654100.75,2182.94
-11801413.68,4654101.2,2182.9
-11801412.06,4654101.68,2182.9
-11801410.44,4654102.14,2182.9
-11801408.81,4654102.59,2182.84
-11801407.17,4654103.08,2182.9
-11801405.57,4654103.54,2182.83
-11801403.96,4654103.98,2182.79
-11801402.35,4654104.46,2182.77
-11801400.73,4654104.91,2182.73
-11801399.09,4654105.36,2182.73
-11801397.450000001,4654105.86,2182.72
-11801395.870000001,4654106.3,2182.67
-11801394.26,4654106.75,2182.67
-11801392.61,4654107.23,2182.71
-11801390.98,4654107.7,2182.65
-11801389.36,4654108.17,2182.63
-11801387.76,4654108.62,2182.65
-11801386.14,4654109.09,2182.61
-11801384.540000001,4654109.54,2182.57
-11801382.92,4654110.01,2182.55
-11801381.33,4654110.45,2182.48
-11801379.73,4654110.91,2182.5
-11801378.08,4654111.37,2182.47
-11801376.450000001,4654111.850000001,2182.5
-11801374.86,4654112.3,2182.49
-11801373.23,4654112.76,2182.48
-11801371.63,4654113.23,2182.47
-11801370.02,4654113.69,2182.47
-11801368.41,4654114.15,2182.42
-11801366.8,4654114.600000001,2182.42
-11801365.19,4654115.08,2182.36
-11801363.57,4654115.53,2182.38
-11801361.97,4654115.98,2182.4
-11801360.32,4654116.46,2182.42
-11801358.71,4654116.93,2182.36
-11801357.09,4654117.37,2182.38
-11801355.5,4654117.84,2182.33
-11801353.93,4654118.26,2182.05
-11801352.290000001,4654118.74,2182.1
-11801350.65,4654119.21,2182.19
-11801348.84,4654119.8,2183.69
-11801349.06,4654119.68,2182.31
-11801347.19,4654120.29,2184.03
-11801347.450000001,4654120.14,2182.24
-11801345.620000001,4654120.73,2183.63
-11801345.81,4654120.600000001,2182.31
-11801344.5,4654119.05,2183.44
-11801344.69,4654118.94,2182.19
-11801346.120000001,4654118.58,2183.4
-11801346.32,4654118.45,2182.02
-11801347.93,4654118.0,2182.15
-11801349.540000001,4654117.54,2182.25
-11801351.11,4654117.09,2182.32
-11801352.71,4654116.62,2182.28
-11801354.34,4654116.16,2182.34
-11801355.97,4654115.68,2182.26
-11801357.540000001,4654115.24,2182.33
-11801359.14,4654114.7700000005,2182.31
-11801360.76,4654114.29,2182.35
-11801362.36,4654113.84,2182.4
-11801363.98,4654113.37,2182.36
-11801365.58,4654112.9,2182.38
-11801367.19,4654112.45,2182.4
-11801368.83,4654111.96,2182.42
-11801370.42,4654111.5,2182.46
-11801372.03,4654111.05,2182.48
-11801373.64,4654110.58,2182.54
-11801375.26,4654110.12,2182.51
-11801376.86,4654109.65,2182.49
-11801378.49,4654109.17,2182.49
-11801380.1,4654108.73,2182.53
-11801381.71,4654108.26,2182.55
-11801383.3,4654107.78,2182.57
-11801384.92,4654107.33,2182.58
-11801386.51,4654106.88,2182.63
-11801388.13,4654106.4,2182.69
-11801389.76,4654105.94,2182.63
-11801391.36,4654105.48,2182.72
-11801392.98,4654105.01,2182.71
-11801394.6,4654104.54,2182.69
-11801396.24,4654104.0600000005,2182.73
-11801397.88,4654103.600000001,2182.73
-11801399.49,4654103.12,2182.75
-11801401.08,4654102.68,2182.78
-11801402.69,4654102.21,2182.79
-11801404.31,4654101.73,2182.85
-11801405.91,4654101.28,2182.86
-11801407.53,4654100.8100000005,2182.92
-11801409.17,4654100.34,2182.88
-11801410.8,4654099.88,2182.92
-11801412.42,4654099.4,2182.94
-11801414.05,4654098.93,2182.94
-11801415.65,4654098.47,2182.94
-11801417.28,4654098.0,2182.97
-11801414.19,4654098.04,2182.9
-11801412.59,4654098.5200000005,2182.88
-11801410.96,4654098.99,2182.86
-11801409.33,4654099.46,2182.9
-11801407.74,4654099.91,2182.86
-11801406.120000001,4654100.38,2182.82
-11801404.49,4654100.84,2182.85
-11801402.9,4654101.3,2182.79
-11801401.28,4654101.76,2182.76
-11801399.65,4654102.23,2182.73
-11801398.0,4654102.7,2182.71
-11801396.39,4654103.15,2182.69
-11801394.78,4654103.62,2182.69
-11801393.16,4654104.08,2182.63
-11801391.52,4654104.54,2182.69
-11801389.94,4654104.99,2182.65
-11801388.32,4654105.47,2182.67
-11801386.71,4654105.92,2182.63
-11801385.1,4654106.38,2182.58
-11801383.49,4654106.86,2182.56
-11801381.84,4654107.33,2182.53
-11801380.200000001,4654107.79,2182.51
-11801378.61,4654108.25,2182.48
-11801376.99,4654108.71,2182.47
-11801375.39,4654109.18,2182.47
-11801373.76,4654109.63,2182.46
-11801372.16,4654110.100000001,2182.47
-11801370.55,4654110.57,2182.44
-11801368.950000001,4654111.0200000005,2182.4
-11801367.33,4654111.49,2182.4
-11801365.73,4654111.94,2182.35
-11801364.11,4654112.41,2182.34
-11801362.52,4654112.86,2182.34
-11801360.89,4654113.33,2182.34
-11801359.27,4654113.79,2182.33
-11801357.67,4654114.25,2182.29
-11801356.05,4654114.71,2182.26
-11801354.450000001,4654115.16,2182.23
-11801352.86,4654115.63,2182.21
-11801351.21,4654116.100000001,2182.27
-11801349.6,4654116.57,2182.24
-11801347.99,4654117.0200000005,2182.25
-11801346.39,4654117.49,2182.27
-11801344.81,4654117.94,2182.17
-11801344.76,4654115.96,2182.22
-11801346.39,4654115.49,2182.17
-11801348.01,4654115.0200000005,2182.15
-11801349.56,4654114.57,2182.27
-11801351.17,4654114.11,2182.25
-11801352.8,4654113.62,2182.24
-11801354.43,4654113.17,2182.26
-11801356.040000001,4654112.7,2182.25
-11801357.61,4654112.24,2182.27
-11801359.21,4654111.78,2182.27
-11801360.83,4654111.3100000005,2182.3
-11801362.43,4654110.850000001,2182.32
-11801364.040000001,4654110.38,2182.36
-11801365.63,4654109.9,2182.36
-11801367.26,4654109.45,2182.4
-11801368.870000001,4654108.98,2182.42
-11801370.47,4654108.5200000005,2182.49
-11801372.08,4654108.0600000005,2182.49
-11801373.66,4654107.600000001,2182.48
-11801375.28,4654107.13,2182.46
-11801376.950000001,4654106.65,2182.47
-11801378.56,4654106.18,2182.49
-11801380.14,4654105.73,2182.54
-11801381.73,4654105.26,2182.56
-11801383.370000001,4654104.78,2182.55
-11801385.0,4654104.32,2182.59
-11801386.620000001,4654103.850000001,2182.63
-11801388.24,4654103.38,2182.61
-11801389.83,4654102.93,2182.73
-11801391.450000001,4654102.45,2182.67
-11801393.06,4654101.98,2182.71
-11801394.68,4654101.5200000005,2182.69
-11801396.28,4654101.05,2182.76
-11801397.9,4654100.57,2182.71
-11801399.52,4654100.12,2182.75
-11801401.15,4654099.65,2182.77
-11801402.72,4654099.18,2182.84
-11801404.34,4654098.73,2182.82
-11801405.97,4654098.24,2182.88
-11801407.63,4654097.78,2182.86
-11801403.21,4654098.16,2182.78
-11801401.59,4654098.66,2182.85
-11801399.98,4654099.11,2182.75
-11801398.36,4654099.58,2182.69
-11801396.74,4654100.04,2182.69
-11801395.13,4654100.5,2182.67
-11801393.52,4654100.96,2182.67
-11801391.89,4654101.43,2182.65
-11801390.25,4654101.91,2182.61
-11801388.63,4654102.38,2182.6
-11801387.02,4654102.83,2182.61
-11801385.41,4654103.3,2182.63
-11801383.81,4654103.76,2182.56
-11801382.19,4654104.22,2182.52
-11801380.6,4654104.68,2182.5
-11801379.0,4654105.14,2182.47
-11801377.370000001,4654105.61,2182.48
-11801375.74,4654106.07,2182.44
-11801374.11,4654106.55,2182.42
-11801372.49,4654107.0200000005,2182.44
-11801370.88,4654107.47,2182.44
-11801369.26,4654107.94,2182.44
-11801367.66,4654108.41,2182.42
-11801366.05,4654108.87,2182.38
-11801364.42,4654109.33,2182.38
-11801362.82,4654109.78,2182.36
-11801361.21,4654110.26,2182.31
-11801359.6,4654110.71,2182.28
-11801357.99,4654111.17,2182.26
-11801356.36,4654111.65,2182.24
-11801354.76,4654112.11,2182.23
-11801353.18,4654112.55,2182.21
-11801351.58,4654113.03,2182.23
-11801349.950000001,4654113.5,2182.26
-11801348.33,4654113.97,2182.24
-11801346.73,4654114.42,2182.23
-11801345.120000001,4654114.89,2182.19
-11801345.06,4654112.9,2182.15
-11801346.63,4654112.45,2182.24
-11801348.24,4654111.97,2182.21
-11801349.870000001,4654111.51,2182.22
-11801351.47,4654111.05,2182.22
-11801353.06,4654110.58,2182.22
-11801354.65,4654110.11,2182.25
-11801356.28,4654109.63,2182.25
-11801357.89,4654109.18,2182.28
-11801359.47,4654108.71,2182.32
-11801361.1,4654108.25,2182.34
-11801362.71,4654107.78,2182.35
-11801364.32,4654107.3,2182.36
-11801365.93,4654106.850000001,2182.4
-11801367.52,4654106.38,2182.4
-11801369.15,4654105.91,2182.42
-11801370.75,4654105.45,2182.44
-11801372.370000001,4654104.97,2182.44
-11801373.97,4654104.51,2182.5
-11801375.55,4654104.05,2182.5
-11801377.15,4654103.58,2182.48
-11801378.8,4654103.11,2182.5
-11801380.41,4654102.63,2182.52
-11801382.02,4654102.18,2182.57
-11801383.61,4654101.71,2182.61
-11801385.24,4654101.24,2182.6
-11801386.88,4654100.7700000005,2182.63
-11801388.47,4654100.3,2182.61
-11801390.08,4654099.84,2182.67
-11801391.69,4654099.36,2182.65
-11801393.3,4654098.9,2182.67
-11801394.93,4654098.41,2182.69
-11801396.57,4654097.96,2182.74
-11801392.47,4654098.22,2182.65
-11801390.83,4654098.7,2182.61
-11801389.23,4654099.16,2182.65
-11801387.65,4654099.62,2182.63
-11801386.06,4654100.0600000005,2182.58
-11801384.43,4654100.54,2182.58
-11801382.8,4654101.01,2182.59
-11801381.15,4654101.49,2182.56
-11801379.56,4654101.94,2182.5
-11801377.93,4654102.42,2182.48
-11801376.32,4654102.89,2182.5
-11801374.71,4654103.34,2182.47
-11801373.1,4654103.8100000005,2182.46
-11801371.450000001,4654104.29,2182.44
-11801369.84,4654104.75,2182.42
-11801368.23,4654105.21,2182.4
-11801366.620000001,4654105.67,2182.4
-11801365.02,4654106.14,2182.38
-11801363.450000001,4654106.59,2182.35
-11801361.83,4654107.0600000005,2182.32
-11801360.21,4654107.53,2182.32
-11801358.56,4654108.01,2182.29
-11801356.950000001,4654108.45,2182.24
-11801355.36,4654108.93,2182.22
-11801353.76,4654109.38,2182.19
-11801352.17,4654109.850000001,2182.22
-11801350.55,4654110.3100000005,2182.22
-11801348.93,4654110.78,2182.19
-11801347.33,4654111.23,2182.17
-11801345.74,4654111.7,2182.23
-11801345.07,4654109.850000001,2182.13
-11801346.63,4654109.39,2182.21
-11801348.26,4654108.92,2182.19
-11801349.85,4654108.45,2182.21
-11801351.43,4654107.98,2182.19
-11801353.040000001,4654107.53,2182.22
-11801354.65,4654107.04,2182.22
-11801356.23,4654106.600000001,2182.23
-11801357.83,4654106.13,2182.25
-11801359.48,4654105.65,2182.3
-11801361.11,4654105.17,2182.33
-11801362.72,4654104.7,2182.36
-11801364.31,4654104.24,2182.36
-11801365.89,4654103.78,2182.38
-11801367.51,4654103.32,2182.4
-11801369.11,4654102.84,2182.42
-11801370.74,4654102.37,2182.44
-11801372.370000001,4654101.89,2182.46
-11801373.98,4654101.42,2182.47
-11801375.56,4654100.97,2182.5
-11801377.18,4654100.48,2182.47
-11801378.83,4654100.01,2182.51
-11801380.41,4654099.5600000005,2182.59
-11801382.01,4654099.09,2182.56
-11801383.61,4654098.62,2182.57
-11801385.22,4654098.14,2182.61
-11801383.16,4654097.82,2182.56
-11801381.540000001,4654098.3,2182.55
-11801379.94,4654098.74,2182.54
-11801378.33,4654099.22,2182.52
-11801376.74,4654099.69,2182.47
-11801375.11,4654100.15,2182.46
-11801373.48,4654100.62,2182.47
-11801371.88,4654101.08,2182.44
-11801370.27,4654101.55,2182.44
-11801368.67,4654102.0200000005,2182.42
-11801367.05,4654102.49,2182.38
-11801365.450000001,4654102.95,2182.36
-11801363.82,4654103.41,2182.36
-11801362.200000001,4654103.89,2182.35
-11801360.59,4654104.350000001,2182.32
-11801359.01,4654104.82,2182.28
-11801357.4,4654105.29,2182.26
-11801355.77,4654105.74,2182.25
-11801354.18,4654106.21,2182.21
-11801352.59,4654106.67,2182.15
-11801350.96,4654107.13,2182.17
-11801349.35,4654107.61,2182.17
-11801347.74,4654108.07,2182.15
-11801346.13,4654108.55,2182.19
-11801344.52,4654109.01,2182.15
-11801345.28,4654106.7700000005,2182.13
-11801346.870000001,4654106.3100000005,2182.13
-11801348.47,4654105.82,2182.17
-11801350.07,4654105.37,2182.19
-11801351.68,4654104.9,2182.24
-11801353.31,4654104.44,2182.26
-11801354.92,4654103.96,2182.28
-11801356.540000001,4654103.49,2182.31
-11801358.17,4654103.01,2182.31
-11801359.78,4654102.54,2182.35
-11801361.370000001,4654102.08,2182.36
-11801362.97,4654101.600000001,2182.38
-11801364.55,4654101.14,2182.38
-11801366.13,4654100.69,2182.42
-11801367.74,4654100.21,2182.4
-11801369.35,4654099.74,2182.44
-11801370.96,4654099.26,2182.53
-11801372.57,4654098.8,2182.47
-11801374.17,4654098.32,2182.49
-11801375.8,4654097.850000001,2182.49
-11801372.32,4654097.86,2182.46
-11801370.71,4654098.34,2182.51
-11801369.13,4654098.8,2182.42
-11801367.5,4654099.28,2182.42
-11801365.870000001,4654099.74,2182.38
-11801364.26,4654100.2,2182.36
-11801362.65,4654100.68,2182.35
-11801361.06,4654101.14,2182.33
-11801359.46,4654101.61,2182.33
-11801357.85,4654102.08,2182.32
-11801356.25,4654102.53,2182.28
-11801354.620000001,4654103.01,2182.26
-11801353.0,4654103.48,2182.25
-11801351.41,4654103.94,2182.24
-11801349.83,4654104.4,2182.19
-11801348.200000001,4654104.86,2182.22
-11801346.6,4654105.34,2182.19
-11801345.0,4654105.8100000005,2182.13
-11801345.48,4654103.71,2182.21
-11801347.08,4654103.26,2182.19
-11801348.71,4654102.79,2182.23
-11801350.32,4654102.3100000005,2182.25
-11801351.94,4654101.83,2182.26
-11801353.52,4654101.38,2182.27
-11801355.11,4654100.91,2182.27
-11801356.73,4654100.43,2182.32
-11801358.35,4654099.94,2182.33
-11801359.97,4654099.49,2182.34
-11801361.55,4654099.0200000005,2182.35
-11801363.14,4654098.5600000005,2182.38
-11801364.76,4654098.08,2182.4
-11801361.69,4654097.92,2182.35
-11801360.1,4654098.37,2182.35
-11801358.5,4654098.850000001,2182.31
-11801356.88,4654099.32,2182.34
-11801355.26,4654099.8,2182.28
-11801353.63,4654100.26,2182.26
-11801352.03,4654100.74,2182.24
-11801350.41,4654101.21,2182.23
-11801348.81,4654101.68,2182.22
-11801347.200000001,4654102.14,2182.17
-11801345.6,4654102.600000001,2182.19
-11801345.620000001,4654100.71,2182.24
-11801347.23,4654100.22,2182.22
-11801348.84,4654099.7700000005,2182.21
-11801350.46,4654099.29,2182.23
-11801352.05,4654098.82,2182.23
-11801353.64,4654098.34,2182.27
-11801355.25,4654097.87,2182.31
-11801350.91,4654098.13,2182.23
-11801349.34,4654098.59,2182.22
-11801347.72,4654099.07,2182.21
-11801346.06,4654099.54,2182.17
-11801344.46,4654100.0200000005,2182.15
-11801344.36,4654097.98,2182.15
-11801347.11,4654098.0200000005,2182.22
-11801345.51,4654098.71,2182.17
-11801344.450000001,4654100.100000001,2182.13
-11801346.040000001,4654099.42,2182.15
-11801347.64,4654098.73,2182.19
-11801349.23,4654098.03,2182.21
-11801354.82,4654098.14,2182.3
-11801353.23,4654098.82,2182.24
-11801351.66,4654099.5200000005,2182.22
-11801350.06,4654100.21,2182.19
-11801348.43,4654100.92,2182.17
-11801346.870000001,4654101.61,2182.19
-11801345.290000001,4654102.3100000005,2182.17
-11801345.67,4654103.0200000005,2182.17
-11801347.23,4654102.36,2182.17
-11801348.85,4654101.65,2182.19
-11801350.43,4654100.94,2182.19
-11801352.0,4654100.28,2182.22
-11801353.57,4654099.59,2182.24
-11801355.18,4654098.89,2182.28
-11801356.75,4654098.19,2182.27
-11801362.700000001,4654097.92,2182.36
-11801361.11,4654098.63,2182.36
-11801359.52,4654099.33,2182.34
-11801357.92,4654100.0200000005,2182.34
-11801356.33,4654100.71,2182.3
-11801354.76,4654101.42,2182.28
-11801353.14,4654102.12,2182.24
-11801351.55,4654102.8100000005,2182.23
-11801349.97,4654103.51,2182.22
-11801348.36,4654104.22,2182.22
-11801346.78,4654104.92,2182.19
-11801345.200000001,4654105.61,2182.17
-11801344.89,4654106.73,2182.09
-11801346.51,4654106.0200000005,2182.15
-11801348.1,4654105.34,2182.17
-11801349.72,4654104.63,2182.19
-11801351.31,4654103.92,2182.22
-11801352.870000001,4654103.25,2182.23
-11801354.48,4654102.55,2182.25
-11801356.09,4654101.84,2182.27
-11801357.65,4654101.17,2182.28
-11801359.22,4654100.48,2182.29
-11801360.790000001,4654099.8,2182.34
-11801362.39,4654099.09,2182.34
-11801363.98,4654098.41,2182.36
-11801370.3,4654098.09,2182.44
-11801368.75,4654098.78,2182.4
-11801367.14,4654099.47,2182.42
-11801365.52,4654100.18,2182.38
-11801363.96,4654100.88,2182.36
-11801362.38,4654101.58,2182.34
-11801360.790000001,4654102.26,2182.36
-11801359.21,4654102.97,2182.31
-11801357.59,4654103.67,2182.28
-11801356.01,4654104.37,2182.27
-11801354.44,4654105.0600000005,2182.25
-11801352.81,4654105.7700000005,2182.19
-11801351.21,4654106.47,2182.15
-11801349.63,4654107.17,2182.15
-11801348.05,4654107.850000001,2182.13
-11801346.48,4654108.55,2182.17
-11801344.870000001,4654109.26,2182.15
-11801344.48,4654110.25,2182.15
-11801346.07,4654109.55,2182.19
-11801347.65,4654108.87,2182.17
-11801349.21,4654108.19,2182.15
-11801350.8,4654107.49,2182.19
-11801352.39,4654106.79,2182.17
-11801353.950000001,4654106.12,2182.21
-11801355.55,4654105.41,2182.25
-11801357.19,4654104.7,2182.26
-11801358.790000001,4654104.0,2182.3
-11801360.38,4654103.3100000005,2182.31
-11801361.96,4654102.62,2182.3
-11801363.55,4654101.91,2182.36
-11801365.15,4654101.23,2182.36
-11801366.74,4654100.53,2182.38
-11801368.33,4654099.83,2182.42
-11801369.92,4654099.15,2182.44
-11801371.49,4654098.45,2182.47
-11801377.82,4654098.3,2182.54
-11801376.22,4654099.01,2182.48
-11801374.65,4654099.71,2182.46
-11801373.07,4654100.4,2182.46
-11801371.5,4654101.08,2182.44
-11801369.89,4654101.79,2182.42
-11801368.28,4654102.5,2182.38
-11801366.700000001,4654103.2,2182.38
-11801365.15,4654103.87,2182.38
-11801363.58,4654104.58,2182.36
-11801361.96,4654105.29,2182.34
-11801360.36,4654105.99,2182.3
-11801358.77,4654106.67,2182.26
-11801357.17,4654107.38,2182.24
-11801355.58,4654108.09,2182.23
-11801353.99,4654108.79,2182.23
-11801352.38,4654109.5,2182.19
-11801350.790000001,4654110.19,2182.21
-11801349.24,4654110.88,2182.21
-11801347.68,4654111.55,2182.19
-11801346.09,4654112.26,2182.22
-11801344.49,4654112.97,2182.15
-11801345.3,4654113.69,2182.13
-11801346.89,4654113.0,2182.19
-11801348.450000001,4654112.3100000005,2182.19
-11801350.040000001,4654111.61,2182.19
-11801351.64,4654110.92,2182.17
-11801353.21,4654110.23,2182.19
-11801354.78,4654109.55,2182.21
-11801356.38,4654108.850000001,2182.22
-11801358.01,4654108.14,2182.26
-11801359.6,4654107.44,2182.26
-11801361.17,4654106.75,2182.25
-11801362.76,4654106.0600000005,2182.29
-11801364.35,4654105.36,2182.38
-11801365.950000001,4654104.67,2182.38
-11801367.53,4654103.98,2182.36
-11801369.13,4654103.2700000005,2182.38
-11801370.69,4654102.59,2182.4
-11801372.26,4654101.9,2182.44
-11801373.86,4654101.21,2182.44
-11801375.450000001,4654100.5200000005,2182.44
-11801377.02,4654099.83,2182.46
-11801378.6,4654099.13,2182.51
-11801380.18,4654098.46,2182.51
-11801386.99,4654097.91,2182.6
-11801385.39,4654098.62,2182.6
-11801383.8,4654099.3100000005,2182.57
-11801382.22,4654100.0,2182.53
-11801380.66,4654100.7,2182.57
-11801379.07,4654101.39,2182.51
-11801377.47,4654102.100000001,2182.49
-11801375.89,4654102.79,2182.47
-11801374.32,4654103.48,2182.47
-11801372.74,4654104.18,2182.44
-11801371.15,4654104.88,2182.44
-11801369.57,4654105.58,2182.4
-11801367.96,4654106.29,2182.42
-11801366.39,4654106.98,2182.36
-11801364.81,4654107.67,2182.35
-11801363.21,4654108.38,2182.35
-11801361.61,4654109.09,2182.31
-11801360.05,4654109.7700000005,2182.32
-11801358.48,4654110.46,2182.26
-11801356.870000001,4654111.17,2182.24
-11801355.24,4654111.89,2182.23
-11801353.67,4654112.57,2182.22
-11801352.08,4654113.26,2182.22
-11801350.51,4654113.97,2182.23
-11801348.91,4654114.67,2182.27
-11801347.31,4654115.38,2182.22
-11801345.72,4654116.0600000005,2182.15
-11801344.620000001,4654117.65,2182.28
-11801346.17,4654116.98,2182.23
-11801347.74,4654116.28,2182.17
-11801349.36,4654115.58,2182.17
-11801350.950000001,4654114.87,2182.19
-11801352.55,4654114.19,2182.24
-11801354.15,4654113.48,2182.23
-11801355.72,4654112.79,2182.22
-11801357.290000001,4654112.11,2182.23
-11801358.88,4654111.41,2182.26
-11801360.5,4654110.7,2182.3
-11801362.09,4654110.0200000005,2182.31
-11801363.64,4654109.33,2182.34
-11801365.23,4654108.62,2182.36
-11801366.85,4654107.94,2182.42
-11801368.450000001,4654107.23,2182.4
-11801370.05,4654106.53,2182.4
-11801371.620000001,4654105.84,2182.42
-11801373.200000001,4654105.15,2182.44
-11801374.790000001,4654104.45,2182.46
-11801376.38,4654103.7700000005,2182.49
-11801377.97,4654103.07,2182.48
-11801379.53,4654102.38,2182.48
-11801381.14,4654101.69,2182.53
-11801382.74,4654100.98,2182.56
-11801384.35,4654100.28,2182.57
-11801385.9,4654099.59,2182.59
-11801387.47,4654098.92,2182.61
-11801389.06,4654098.22,2182.61
-11801395.93,4654097.83,2182.71
-11801394.34,4654098.53,2182.65
-11801392.790000001,4654099.22,2182.67
-11801391.24,4654099.9,2182.61
-11801389.65,4654100.600000001,2182.63
-11801388.05,4654101.3100000005,2182.6
-11801386.450000001,4654102.0,2182.61
-11801384.870000001,4654102.69,2182.61
-11801383.31,4654103.4,2182.59
-11801381.71,4654104.100000001,2182.5
-11801380.14,4654104.78,2182.5
-11801378.58,4654105.48,2182.47
-11801376.99,4654106.17,2182.46
-11801375.39,4654106.88,2182.44
-11801373.790000001,4654107.59,2182.46
-11801372.21,4654108.28,2182.48
-11801370.620000001,4654108.99,2182.49
-11801369.040000001,4654109.69,2182.42
-11801367.43,4654110.37,2182.38
-11801365.85,4654111.08,2182.36
-11801364.28,4654111.78,2182.33
-11801362.71,4654112.47,2182.3
-11801361.16,4654113.16,2182.33
-11801359.58,4654113.84,2182.29
-11801357.97,4654114.55,2182.32
-11801356.33,4654115.28,2182.28
-11801354.72,4654115.99,2182.22
-11801353.16,4654116.67,2182.29
-11801351.59,4654117.37,2182.27
-11801350.06,4654118.04,2182.38
-11801348.4,4654118.7700000005,2182.11
-11801346.790000001,4654119.46,2182.21
-11801345.540000001,4654120.04,2183.8
-11801345.22,4654120.17,2182.26
-11801345.25,4654121.17,2182.31
-11801347.17,4654120.34,2183.82
-11801346.84,4654120.47,2182.26
-11801348.69,4654119.66,2183.49
-11801348.43,4654119.76,2182.29
-11801350.02,4654119.09,2182.3
-11801351.56,4654118.39,2182.08
-11801353.52,4654117.5600000005,2184.09
-11801353.16,4654117.71,2182.29
-11801354.76,4654117.01,2182.3
-11801356.35,4654116.3100000005,2182.27
-11801357.950000001,4654115.600000001,2182.27
-11801359.540000001,4654114.92,2182.32
-11801361.120000001,4654114.22,2182.33
-11801362.69,4654113.54,2182.34
-11801364.27,4654112.850000001,2182.34
-11801365.84,4654112.14,2182.34
-11801367.46,4654111.43,2182.36
-11801369.07,4654110.75,2182.4
-11801370.66,4654110.05,2182.4
-11801372.21,4654109.36,2182.46
-11801373.8,4654108.68,2182.44
-11801375.4,4654107.97,2182.46
-11801377.0,4654107.26,2182.44
-11801378.59,4654106.58,2182.44
-11801380.16,4654105.89,2182.5
-11801381.76,4654105.18,2182.56
-11801383.31,4654104.51,2182.53
-11801384.9,4654103.82,2182.61
-11801386.48,4654103.11,2182.59
-11801388.06,4654102.43,2182.61
-11801389.67,4654101.72,2182.6
-11801391.26,4654101.01,2182.63
-11801392.84,4654100.34,2182.63
-11801394.42,4654099.65,2182.63
-11801395.99,4654098.96,2182.69
-11801397.57,4654098.26,2182.72
-11801404.41,4654098.100000001,2182.85
-11801402.85,4654098.8,2182.81
-11801401.27,4654099.47,2182.81
-11801399.700000001,4654100.18,2182.75
-11801398.120000001,4654100.87,2182.69
-11801396.53,4654101.57,2182.73
-11801394.94,4654102.26,2182.69
-11801393.370000001,4654102.97,2182.69
-11801391.790000001,4654103.66,2182.63
-11801390.21,4654104.350000001,2182.63
-11801388.61,4654105.0600000005,2182.59
-11801387.06,4654105.74,2182.74
-11801385.51,4654106.43,2182.58
-11801383.950000001,4654107.12,2182.59
-11801382.35,4654107.83,2182.52
-11801380.75,4654108.53,2182.51
-11801379.14,4654109.24,2182.47
-11801377.59,4654109.92,2182.47
-11801376.01,4654110.62,2182.46
-11801374.4,4654111.33,2182.5
-11801372.82,4654112.0200000005,2182.47
-11801371.25,4654112.73,2182.47
-11801369.63,4654113.44,2182.44
-11801368.08,4654114.12,2182.42
-11801366.5,4654114.82,2182.38
-11801364.9,4654115.51,2182.36
-11801363.32,4654116.21,2182.42
-11801361.73,4654116.9,2182.42
-11801360.17,4654117.61,2182.49
-11801358.51,4654118.34,2182.24
-11801356.92,4654119.03,2182.21
-11801355.52,4654119.66,2183.13
-11801353.8,4654120.41,2182.27
-11801352.23,4654121.100000001,2182.26
-11801350.63,4654121.8100000005,2182.19
-11801349.02,4654122.51,2182.24
-11801347.83,4654123.05,2184.26
-11801346.25,4654123.75,2184.38
-11801345.83,4654123.91,2182.4
-11801344.56,4654124.48,2183.69
-11801345.93,4654124.87,2184.53
-11801345.540000001,4654125.04,2182.61
-11801347.47,4654124.2,2184.36
-11801349.01,4654123.53,2184.13
-11801348.64,4654123.67,2182.36
-11801350.19,4654123.0,2182.26
-11801351.78,4654122.29,2182.21
-11801353.41,4654121.58,2182.21
-11801354.97,4654120.89,2182.17
-11801356.58,4654120.2,2182.23
-11801358.17,4654119.5,2182.26
-11801359.75,4654118.79,2182.23
-11801361.36,4654118.11,2182.33
-11801362.96,4654117.4,2182.44
-11801364.540000001,4654116.7,2182.44
-11801366.1,4654116.03,2182.42
-11801367.68,4654115.33,2182.4
-11801369.290000001,4654114.62,2182.44
-11801370.9,4654113.91,2182.49
-11801372.47,4654113.24,2182.48
-11801374.03,4654112.54,2182.49
-11801375.65,4654111.84,2182.51
-11801377.22,4654111.15,2182.46
-11801378.790000001,4654110.45,2182.48
-11801380.35,4654109.78,2182.5
-11801381.950000001,4654109.08,2182.53
-11801383.540000001,4654108.37,2182.55
-11801385.13,4654107.69,2182.57
-11801386.72,4654106.99,2182.63
-11801388.28,4654106.29,2182.71
-11801389.86,4654105.61,2182.61
-11801391.47,4654104.9,2182.65
-11801393.01,4654104.23,2182.63
-11801394.59,4654103.54,2182.67
-11801396.19,4654102.83,2182.69
-11801397.76,4654102.15,2182.69
-11801399.35,4654101.45,2182.8
-11801400.94,4654100.75,2182.75
-11801402.53,4654100.04,2182.84
-11801404.08,4654099.37,2182.76
-11801405.67,4654098.68,2182.85
-11801407.22,4654098.0,2182.84
-11801412.71,4654098.03,2182.9
-11801411.13,4654098.72,2182.9
-11801409.55,4654099.43,2182.88
-11801407.98,4654100.11,2182.88
-11801406.42,4654100.8,2182.85
-11801404.870000001,4654101.49,2182.86
-11801403.27,4654102.2,2182.8
-11801401.67,4654102.9,2182.77
-11801400.120000001,4654103.58,2182.76
-11801398.55,4654104.28,2182.72
-11801396.950000001,4654104.99,2182.71
-11801395.35,4654105.68,2182.69
-11801393.77,4654106.39,2182.67
-11801392.24,4654107.07,2182.67
-11801390.69,4654107.75,2182.67
-11801389.08,4654108.46,2182.65
-11801387.46,4654109.17,2182.63
-11801385.870000001,4654109.88,2182.61
-11801384.32,4654110.55,2182.55
-11801382.73,4654111.26,2182.52
-11801381.13,4654111.98,2182.49
-11801379.53,4654112.69,2182.49
-11801377.93,4654113.38,2182.5
-11801376.39,4654114.07,2182.57
-11801374.83,4654114.75,2182.54
-11801373.24,4654115.46,2182.5
-11801371.65,4654116.15,2182.52
-11801370.03,4654116.86,2182.51
-11801368.48,4654117.55,2182.54
-11801366.86,4654118.28,2182.35
-11801365.290000001,4654118.96,2182.31
-11801363.97,4654119.54,2183.67
-11801363.700000001,4654119.67,2182.29
-11801362.1,4654120.37,2182.3
-11801360.77,4654120.96,2183.52
-11801360.51,4654121.08,2182.26
-11801358.94,4654121.76,2182.3
-11801357.34,4654122.47,2182.22
-11801355.75,4654123.16,2182.23
-11801354.15,4654123.87,2182.22
-11801352.57,4654124.58,2182.23
-11801351.02,4654125.26,2182.28
-11801349.86,4654125.7700000005,2184.42
-11801349.42,4654125.96,2182.22
-11801347.82,4654126.67,2182.28
-11801346.26,4654127.36,2182.4
-11801344.77,4654128.0200000005,2182.82
-11801345.99,4654128.61,2184.4
-11801345.700000001,4654128.74,2182.99
-11801347.13,4654128.11,2182.25
-11801348.73,4654127.4,2182.24
-11801350.39,4654126.68,2182.54
-11801351.92,4654126.01,2182.21
-11801353.51,4654125.3100000005,2182.23
-11801355.1,4654124.61,2182.17
-11801356.68,4654123.93,2182.19
-11801358.25,4654123.23,2182.28
-11801359.82,4654122.55,2182.27
-11801361.42,4654121.850000001,2182.27
-11801363.01,4654121.15,2182.29
-11801364.86,4654120.34,2183.67
-11801366.200000001,4654119.76,2182.29
-11801367.77,4654119.0600000005,2182.35
-11801369.36,4654118.36,2182.38
-11801370.96,4654117.67,2182.47
-11801372.55,4654116.97,2182.52
-11801374.16,4654116.26,2182.56
-11801375.73,4654115.5600000005,2182.53
-11801377.28,4654114.89,2182.51
-11801378.870000001,4654114.19,2182.55
-11801380.47,4654113.48,2182.52
-11801382.06,4654112.8,2182.47
-11801383.65,4654112.100000001,2182.48
-11801385.23,4654111.4,2182.53
-11801386.81,4654110.71,2182.61
-11801388.370000001,4654110.0200000005,2182.63
-11801389.94,4654109.34,2182.67
-11801391.5,4654108.65,2182.67
-11801393.1,4654107.94,2182.73
-11801394.69,4654107.26,2182.67
-11801396.290000001,4654106.55,2182.69
-11801397.870000001,4654105.87,2182.71
-11801399.42,4654105.18,2182.73
-11801400.98,4654104.5,2182.72
-11801402.6,4654103.7700000005,2182.78
-11801404.17,4654103.09,2182.78
-11801405.73,4654102.41,2182.86
-11801407.3,4654101.72,2182.83
-11801408.92,4654101.01,2182.86
-11801410.5,4654100.33,2182.88
-11801412.05,4654099.64,2182.9
-11801413.61,4654098.96,2182.9
-11801415.200000001,4654098.26,2182.92
-11801417.42,4654099.71,2182.94
-11801415.85,4654100.42,2182.96
-11801414.26,4654101.12,2182.92
-11801412.700000001,4654101.82,2182.9
-11801411.13,4654102.51,2182.88
-11801409.56,4654103.2,2182.9
-11801407.97,4654103.91,2182.92
-11801406.370000001,4654104.59,2182.86
-11801404.81,4654105.3,2182.8
-11801403.23,4654106.0,2182.77
-11801401.63,4654106.7,2182.75
-11801400.07,4654107.39,2182.73
-11801398.51,4654108.09,2182.76
-11801396.9,4654108.79,2182.72
-11801395.34,4654109.47,2182.72
-11801393.78,4654110.17,2182.69
-11801392.19,4654110.88,2182.67
-11801390.56,4654111.59,2182.63
-11801388.97,4654112.3,2182.61
-11801387.41,4654112.98,2182.59
-11801385.83,4654113.68,2182.61
-11801384.27,4654114.350000001,2182.61
-11801382.68,4654115.0600000005,2182.55
-11801381.11,4654115.7700000005,2182.56
-11801379.57,4654116.43,2182.67
-11801377.98,4654117.14,2182.72
-11801376.38,4654117.850000001,2182.65
-11801374.78,4654118.5600000005,2182.54
-11801373.18,4654119.2700000005,2182.48
-11801371.61,4654119.97,2182.42
-11801370.290000001,4654120.55,2183.8
-11801370.01,4654120.65,2182.38
-11801368.42,4654121.36,2182.36
-11801366.82,4654122.07,2182.36
-11801365.22,4654122.78,2182.31
-11801363.66,4654123.48,2182.29
-11801362.07,4654124.18,2182.27
-11801360.48,4654124.87,2182.24
-11801358.88,4654125.58,2182.26
-11801357.32,4654126.28,2182.3
-11801355.71,4654126.98,2182.22
-11801354.14,4654127.66,2182.19
-11801352.52,4654128.37,2182.23
-11801350.96,4654129.08,2182.4
-11801349.790000001,4654129.61,2184.42
-11801349.35,4654129.79,2182.26
-11801347.77,4654130.49,2182.26
-11801346.21,4654131.17,2182.3
-11801344.63,4654131.88,2182.34
-11801345.02,4654132.7,2182.17
-11801347.03,4654131.8100000005,2184.31
-11801346.66,4654131.99,2182.51
-11801348.19,4654131.3100000005,2182.25
-11801350.16,4654130.44,2184.08
-11801349.76,4654130.62,2182.17
-11801351.35,4654129.92,2182.25
-11801353.290000001,4654129.08,2183.99
-11801352.93,4654129.23,2182.24
-11801354.52,4654128.5200000005,2182.25
-11801356.13,4654127.83,2182.25
-11801357.73,4654127.12,2182.32
-11801359.31,4654126.44,2182.36
-11801360.870000001,4654125.74,2182.24
-11801362.46,4654125.04,2182.26
-11801364.05,4654124.350000001,2182.26
-11801365.64,4654123.64,2182.31
-11801367.200000001,4654122.96,2182.32
-11801368.78,4654122.2700000005,2182.36
-11801370.39,4654121.5600000005,2182.42
-11801371.97,4654120.87,2182.38
-11801373.57,4654120.18,2182.51
-11801375.13,4654119.47,2182.54
-11801376.73,4654118.78,2182.54
-11801378.32,4654118.08,2182.57
-11801379.96,4654117.37,2182.84
-11801381.53,4654116.68,2182.72
-11801383.06,4654116.01,2182.6
-11801384.61,4654115.3100000005,2182.53
-11801386.27,4654114.600000001,2182.61
-11801387.84,4654113.91,2182.65
-11801389.38,4654113.22,2182.61
-11801390.97,4654112.53,2182.61
-11801392.56,4654111.84,2182.65
-11801394.13,4654111.14,2182.69
-11801395.71,4654110.45,2182.76
-11801397.32,4654109.74,2182.75
-11801398.89,4654109.0600000005,2182.74
-11801400.44,4654108.38,2182.75
-11801402.01,4654107.69,2182.76
-11801403.6,4654106.97,2182.76
-11801405.18,4654106.3,2182.81
-11801406.74,4654105.600000001,2182.81
-11801408.33,4654104.92,2182.88
-11801409.89,4654104.22,2182.84
-11801411.51,4654103.5200000005,2182.92
-11801413.1,4654102.8100000005,2182.88
-11801414.66,4654102.13,2182.92
-11801416.23,4654101.44,2182.94
-11801417.86,4654100.72,2182.97
-11801417.36,4654103.600000001,2182.97
-11801415.77,4654104.3,2182.94
-11801414.19,4654104.99,2182.94
-11801412.64,4654105.68,2182.94
-11801411.07,4654106.36,2182.92
-11801409.46,4654107.07,2182.86
-11801407.9,4654107.78,2182.82
-11801406.33,4654108.48,2182.83
-11801404.74,4654109.17,2182.84
-11801403.17,4654109.86,2182.81
-11801401.61,4654110.5600000005,2182.75
-11801400.03,4654111.2700000005,2182.77
-11801398.43,4654111.95,2182.8
-11801396.86,4654112.66,2182.72
-11801395.31,4654113.34,2182.75
-11801393.73,4654114.03,2182.75
-11801392.14,4654114.74,2182.67
-11801390.53,4654115.45,2182.6
-11801388.99,4654116.15,2182.77
-11801387.44,4654116.83,2182.76
-11801385.86,4654117.53,2182.73
-11801384.26,4654118.24,2182.65
-11801382.93,4654118.83,2184.01
-11801382.71,4654118.91,2182.81
-11801381.35,4654119.51,2184.11
-11801381.07,4654119.64,2182.57
-11801379.5,4654120.33,2182.57
-11801377.92,4654121.04,2182.52
-11801376.34,4654121.74,2182.57
-11801374.76,4654122.43,2182.53
-11801373.14,4654123.13,2182.49
-11801371.57,4654123.84,2182.42
-11801369.99,4654124.55,2182.42
-11801368.36,4654125.26,2182.36
-11801366.790000001,4654125.96,2182.4
-11801365.21,4654126.65,2182.44
-11801363.64,4654127.350000001,2182.4
-11801362.05,4654128.05,2182.38
-11801360.450000001,4654128.76,2182.36
-11801359.15,4654129.34,2183.88
-11801358.83,4654129.47,2182.31
-11801357.26,4654130.18,2182.23
-11801355.68,4654130.850000001,2182.24
-11801354.09,4654131.5600000005,2182.22
-11801352.5,4654132.2700000005,2182.25
-11801350.9,4654132.98,2182.31
-11801349.31,4654133.68,2182.38
-11801347.74,4654134.36,2182.44
-11801346.120000001,4654135.100000001,2182.28
-11801346.17,4654136.0600000005,2182.19
-11801347.77,4654135.36,2182.23
-11801349.35,4654134.66,2182.26
-11801350.9,4654133.98,2182.17
-11801352.49,4654133.28,2182.17
-11801354.08,4654132.59,2182.17
-11801355.69,4654131.86,2182.27
-11801357.27,4654131.19,2182.21
-11801358.870000001,4654130.48,2182.22
-11801360.47,4654129.78,2182.25
-11801362.08,4654129.07,2182.35
-11801363.66,4654128.36,2182.36
-11801365.25,4654127.68,2182.47
-11801366.82,4654126.98,2182.49
-11801368.39,4654126.3,2182.38
-11801369.99,4654125.600000001,2182.36
-11801371.620000001,4654124.88,2182.58
-11801373.17,4654124.19,2182.44
-11801374.74,4654123.51,2182.49
-11801376.32,4654122.8100000005,2182.51
-11801377.93,4654122.100000001,2182.55
-11801379.55,4654121.39,2182.61
-11801381.41,4654120.58,2184.15
-11801381.120000001,4654120.71,2182.58
-11801382.98,4654119.89,2184.19
-11801382.71,4654120.01,2182.72
-11801384.49,4654119.23,2183.81
-11801385.85,4654118.63,2182.65
-11801387.450000001,4654117.93,2182.73
-11801389.03,4654117.24,2182.77
-11801390.620000001,4654116.53,2182.82
-11801392.18,4654115.84,2182.71
-11801393.73,4654115.17,2182.65
-11801395.32,4654114.46,2182.74
-11801396.92,4654113.76,2182.76
-11801398.5,4654113.07,2182.73
-11801400.08,4654112.36,2182.78
-11801401.64,4654111.68,2182.76
-11801403.21,4654110.99,2182.78
-11801404.8,4654110.3,2182.8
-11801406.39,4654109.61,2182.82
-11801407.950000001,4654108.91,2182.83
-11801409.53,4654108.22,2182.86
-11801411.120000001,4654107.53,2182.86
-11801412.68,4654106.82,2182.86
-11801414.26,4654106.15,2182.97
-11801415.82,4654105.45,2182.94
-11801417.39,4654104.76,2182.94
-11801417.040000001,4654107.51,2182.96
-11801415.47,4654108.21,2182.94
-11801413.92,4654108.89,2182.98
-11801412.31,4654109.600000001,2182.9
-11801410.73,4654110.3100000005,2182.88
-11801409.15,4654111.01,2182.88
-11801407.6,4654111.68,2182.86
-11801406.040000001,4654112.38,2182.86
-11801404.47,4654113.08,2182.9
-11801402.9,4654113.7700000005,2182.85
-11801401.27,4654114.48,2182.74
-11801399.72,4654115.18,2182.75
-11801398.22,4654115.850000001,2182.9
-11801396.61,4654116.5600000005,2182.88
-11801394.99,4654117.2700000005,2182.85
-11801393.42,4654117.97,2182.88
-11801391.8,4654118.69,2182.67
-11801390.24,4654119.38,2182.67
-11801388.870000001,4654119.98,2183.92
-11801388.68,4654120.07,2182.84
-11801387.32,4654120.68,2184.06
-11801387.05,4654120.78,2182.61
-11801385.5,4654121.48,2182.67
-11801383.92,4654122.18,2182.69
-11801382.31,4654122.89,2182.55
-11801380.73,4654123.57,2182.59
-11801379.16,4654124.28,2182.55
-11801377.57,4654124.99,2182.53
-11801376.0,4654125.66,2182.6
-11801374.78,4654126.2,2184.53
-11801374.39,4654126.37,2182.48
-11801372.81,4654127.08,2182.54
-11801371.24,4654127.79,2182.53
-11801369.68,4654128.48,2182.48
-11801368.1,4654129.16,2182.46
-11801366.5,4654129.88,2182.4
-11801364.88,4654130.59,2182.36
-11801363.27,4654131.3100000005,2182.29
-11801361.66,4654132.0200000005,2182.22
-11801360.08,4654132.73,2182.15
-11801358.5,4654133.42,2182.15
-11801356.89,4654134.13,2182.17
-11801355.31,4654134.83,2182.17
-11801353.73,4654135.53,2182.15
-11801352.14,4654136.24,2182.24
-11801350.540000001,4654136.95,2182.15
-11801348.96,4654137.64,2182.15
-11801347.36,4654138.350000001,2182.13
-11801345.78,4654139.05,2182.11
-11801345.5,4654140.18,2182.06
-11801347.09,4654139.5,2182.07
-11801348.68,4654138.79,2182.09
-11801350.28,4654138.09,2182.11
-11801351.88,4654137.38,2182.15
-11801353.43,4654136.7,2182.13
-11801355.02,4654135.99,2182.13
-11801356.65,4654135.28,2182.15
-11801358.24,4654134.59,2182.13
-11801359.84,4654133.88,2182.13
-11801361.41,4654133.2,2182.15
-11801363.0,4654132.49,2182.24
-11801364.620000001,4654131.79,2182.32
-11801366.19,4654131.09,2182.38
-11801367.78,4654130.4,2182.42
-11801369.370000001,4654129.69,2182.44
-11801370.97,4654128.98,2182.53
-11801372.55,4654128.29,2182.51
-11801374.15,4654127.59,2182.56
-11801375.72,4654126.9,2182.59
-11801377.3,4654126.2,2182.6
-11801380.44,4654124.8100000005,2182.54
-11801382.040000001,4654124.12,2182.53
-11801383.64,4654123.41,2182.55
-11801385.22,4654122.73,2182.58
-11801386.790000001,4654122.0200000005,2182.59
-11801388.38,4654121.33,2182.63
-11801389.97,4654120.64,2182.63
-11801391.52,4654119.95,2182.63
-11801393.09,4654119.25,2182.67
-11801394.67,4654118.5600000005,2182.69
-11801396.290000001,4654117.850000001,2182.79
-11801397.9,4654117.14,2182.9
-11801399.450000001,4654116.45,2182.94
-11801401.0,4654115.7700000005,2182.88
-11801402.57,4654115.08,2182.74
-11801404.14,4654114.39,2182.71
-11801405.74,4654113.68,2182.88
-11801407.32,4654112.99,2182.86
-11801408.870000001,4654112.3100000005,2182.85
-11801410.48,4654111.600000001,2182.86
-11801412.09,4654110.89,2182.88
-11801413.64,4654110.22,2182.92
-11801415.200000001,4654109.5200000005,2182.98
-11801416.75,4654108.850000001,2182.98
-11801418.34,4654108.15,2182.97
-11801418.290000001,4654110.59,2182.98
-11801416.700000001,4654111.29,2182.99
-11801415.09,4654112.01,2182.98
-11801413.51,4654112.71,2182.94
-11801411.96,4654113.39,2182.94
-11801410.4,4654114.0600000005,2182.9
-11801408.8,4654114.8,2182.79
-11801407.22,4654115.48,2182.92
-11801405.67,4654116.18,2182.96
-11801404.09,4654116.88,2182.97
-11801402.5,4654117.5600000005,2182.8
-11801400.950000001,4654118.2700000005,2182.8
-11801399.35,4654118.98,2182.73
-11801397.76,4654119.68,2182.74
-11801396.21,4654120.36,2182.72
-11801394.84,4654120.97,2183.86
-11801394.65,4654121.0600000005,2182.82
-11801393.02,4654121.78,2182.67
-11801391.44,4654122.48,2182.61
-11801389.88,4654123.18,2182.61
-11801388.28,4654123.89,2182.6
-11801386.69,4654124.58,2182.58
-11801385.11,4654125.28,2182.57
-11801383.52,4654125.99,2182.63
-11801381.97,4654126.66,2182.69
-11801380.38,4654127.37,2182.61
-11801378.790000001,4654128.08,2182.61
-11801377.19,4654128.79,2182.52
-11801375.89,4654129.37,2183.98
-11801375.6,4654129.49,2182.47
-11801374.05,4654130.17,2182.49
-11801372.47,4654130.88,2182.47
-11801370.870000001,4654131.59,2182.44
-11801369.26,4654132.3,2182.38
-11801367.68,4654133.0,2182.35
-11801366.09,4654133.71,2182.36
-11801364.49,4654134.41,2182.31
-11801362.9,4654135.100000001,2182.24
-11801361.3,4654135.82,2182.17
-11801359.73,4654136.5200000005,2182.15
-11801358.14,4654137.22,2182.15
-11801356.52,4654137.95,2182.15
-11801354.950000001,4654138.64,2182.11
-11801353.370000001,4654139.34,2182.15
-11801351.78,4654140.04,2182.13
-11801350.22,4654140.73,2182.17
-11801348.58,4654141.46,2182.09
-11801346.99,4654142.17,2182.1
-11801345.39,4654142.86,2182.07
-11801346.16,4654143.51,2182.06
-11801347.74,4654142.83,2182.07
-11801349.34,4654142.13,2182.1
-11801351.06,4654141.37,2182.67
-11801352.56,4654140.71,2182.15
-11801354.13,4654140.01,2182.15
-11801355.71,4654139.33,2182.15
-11801357.28,4654138.63,2182.13
-11801358.89,4654137.92,2182.15
-11801360.49,4654137.21,2182.15
-11801362.08,4654136.5200000005,2182.17
-11801363.66,4654135.8100000005,2182.25
-11801365.25,4654135.12,2182.3
-11801366.82,4654134.42,2182.35
-11801368.42,4654133.74,2182.38
-11801370.01,4654133.03,2182.38
-11801371.61,4654132.33,2182.4
-11801373.21,4654131.62,2182.46
-11801374.82,4654130.91,2182.44
-11801376.36,4654130.22,2182.42
-11801377.94,4654129.54,2182.53
-11801379.53,4654128.83,2182.55
-11801381.14,4654128.13,2182.61
-11801382.73,4654127.44,2182.63
-11801384.290000001,4654126.74,2182.67
-11801385.870000001,4654126.03,2182.6
-11801387.46,4654125.34,2182.57
-11801389.06,4654124.65,2182.61
-11801390.61,4654123.95,2182.6
-11801392.17,4654123.28,2182.65
-11801393.99,4654122.46,2183.94
-11801393.76,4654122.57,2182.65
-11801395.540000001,4654121.79,2183.79
-11801396.94,4654121.17,2182.77
-11801398.53,4654120.48,2182.75
-11801400.09,4654119.78,2182.72
-11801401.67,4654119.100000001,2182.77
-11801403.23,4654118.4,2182.75
-11801404.790000001,4654117.7,2182.77
-11801406.42,4654116.99,2182.94
-11801408.03,4654116.29,2183.06
-11801409.6,4654115.600000001,2183.08
-11801411.15,4654114.9,2182.85
-11801412.74,4654114.22,2182.86
-11801414.34,4654113.5200000005,2182.98
-11801415.86,4654112.82,2182.98
-11801417.44,4654112.15,2183.03
-11801417.450000001,4654114.8,2182.88
-11801415.93,4654115.49,2183.06
-11801414.38,4654116.17,2183.17
-11801412.76,4654116.88,2183.0
-11801411.16,4654117.58,2182.86
-11801409.56,4654118.29,2182.78
-11801407.97,4654119.0,2182.79
-11801406.42,4654119.7,2182.78
-11801404.86,4654120.39,2182.79
-11801403.28,4654121.08,2182.88
-11801401.73,4654121.7700000005,2182.92
-11801400.370000001,4654122.38,2184.11
-11801400.16,4654122.47,2182.86
-11801398.61,4654123.16,2182.9
-11801397.040000001,4654123.850000001,2182.94
-11801396.14,4654124.26,2186.86
-11801393.84,4654125.2700000005,2182.81
-11801392.25,4654125.98,2182.69
-11801390.65,4654126.69,2182.65
-11801389.1,4654127.38,2182.69
-11801387.51,4654128.09,2182.63
-11801385.91,4654128.78,2182.59
-11801384.61,4654129.36,2184.15
-11801384.32,4654129.49,2182.61
-11801382.72,4654130.21,2182.49
-11801381.13,4654130.89,2182.47
-11801379.540000001,4654131.600000001,2182.47
-11801377.94,4654132.32,2182.42
-11801376.4,4654133.01,2182.35
-11801374.84,4654133.69,2182.38
-11801373.25,4654134.4,2182.4
-11801371.66,4654135.100000001,2182.38
-11801370.06,4654135.82,2182.35
-11801368.49,4654136.5200000005,2182.34
-11801366.9,4654137.21,2182.3
-11801365.3,4654137.93,2182.25
-11801363.73,4654138.62,2182.24
-11801362.15,4654139.32,2182.19
-11801360.57,4654140.0200000005,2182.19
-11801358.98,4654140.73,2182.19
-11801357.38,4654141.44,2182.19
-11801355.77,4654142.15,2182.17
-11801354.16,4654142.86,2182.13
-11801352.59,4654143.55,2182.13
-11801350.97,4654144.26,2182.11
-11801349.370000001,4654144.97,2182.07
-11801347.78,4654145.68,2182.02
-11801346.18,4654146.39,2182.02
-11801345.23,4654147.73,2182.05
-11801346.78,4654147.03,2182.01
-11801348.39,4654146.32,2182.03
-11801350.01,4654145.61,2182.09
-11801351.58,4654144.92,2182.1
-11801353.21,4654144.21,2182.13
-11801354.76,4654143.53,2182.13
-11801356.33,4654142.83,2182.17
-11801357.91,4654142.14,2182.17
-11801359.540000001,4654141.43,2182.17
-11801361.15,4654140.72,2182.17
-11801362.700000001,4654140.0200000005,2182.19
-11801364.290000001,4654139.33,2182.23
-11801365.91,4654138.62,2182.26
-11801367.49,4654137.91,2182.27
-11801369.08,4654137.22,2182.32
-11801370.65,4654136.53,2182.34
-11801372.22,4654135.84,2182.36
-11801373.84,4654135.12,2182.36
-11801375.42,4654134.43,2182.4
-11801377.0,4654133.72,2182.38
-11801378.56,4654133.03,2182.38
-11801380.18,4654132.32,2182.42
-11801381.77,4654131.63,2182.44
-11801383.34,4654130.92,2182.44
-11801384.92,4654130.23,2182.47
-11801386.790000001,4654129.42,2184.19
-11801386.48,4654129.55,2182.53
-11801388.08,4654128.84,2182.61
-11801389.68,4654128.13,2182.63
-11801391.26,4654127.44,2182.61
-11801392.86,4654126.73,2182.75
-11801395.09,4654125.76,2186.47
-11801394.46,4654126.04,2182.94
-11801396.8,4654125.0,2187.17
-11801398.55,4654124.22,2188.07
-11801399.23,4654123.93,2182.92
-11801400.8,4654123.23,2182.96
-11801402.39,4654122.5200000005,2183.13
-11801403.91,4654121.87,2182.86
-11801405.47,4654121.17,2182.83
-11801407.03,4654120.49,2182.76
-11801408.59,4654119.8,2182.71
-11801410.18,4654119.08,2182.81
-11801411.77,4654118.39,2182.82
-11801413.370000001,4654117.7,2182.83
-11801414.97,4654116.99,2183.02
-11801416.56,4654116.29,2183.13
-11801418.1,4654115.61,2183.05
-11801418.33,4654117.92,2182.88
-11801416.76,4654118.62,2182.94
-11801415.22,4654119.29,2182.96
-11801413.620000001,4654120.0,2182.88
-11801412.01,4654120.73,2182.84
-11801410.450000001,4654121.42,2182.86
-11801408.91,4654122.09,2182.9
-11801407.36,4654122.79,2182.92
-11801405.790000001,4654123.49,2182.92
-11801405.13,4654123.79,2188.2
-11801404.39,4654124.12,2183.92
-11801404.25,4654124.17,2183.15
-11801403.68,4654124.43,2188.94
-11801402.84,4654124.8,2184.13
-11801402.24,4654125.05,2189.67
-11801400.6,4654125.8,2189.27
-11801398.86,4654126.5600000005,2188.38
-11801397.120000001,4654127.34,2187.48
-11801395.39,4654128.100000001,2186.59
-11801394.71,4654128.39,2182.76
-11801393.17,4654129.09,2182.81
-11801391.57,4654129.8,2182.73
-11801389.950000001,4654130.5200000005,2182.61
-11801388.35,4654131.23,2182.5
-11801386.76,4654131.93,2182.48
-11801385.17,4654132.64,2182.57
-11801383.59,4654133.32,2182.47
-11801382.02,4654134.03,2182.42
-11801380.450000001,4654134.74,2182.44
-11801378.86,4654135.44,2182.4
-11801377.28,4654136.14,2182.4
-11801375.69,4654136.850000001,2182.38
-11801374.1,4654137.55,2182.38
-11801372.55,4654138.24,2182.38
-11801370.98,4654138.94,2182.32
-11801369.34,4654139.66,2182.31
-11801367.74,4654140.37,2182.25
-11801366.15,4654141.08,2182.25
-11801364.57,4654141.78,2182.26
-11801362.96,4654142.5,2182.24
-11801361.370000001,4654143.19,2182.24
-11801359.82,4654143.9,2182.21
-11801358.23,4654144.59,2182.17
-11801356.6,4654145.32,2182.15
-11801355.02,4654146.03,2182.13
-11801353.44,4654146.72,2182.11
-11801351.88,4654147.41,2182.11
-11801350.290000001,4654148.12,2182.11
-11801348.69,4654148.83,2182.06
-11801347.07,4654149.54,2182.06
-11801345.47,4654150.25,2182.07
-11801345.71,4654151.2,2182.0
-11801347.290000001,4654150.5,2182.02
-11801348.85,4654149.8100000005,2182.07
-11801350.44,4654149.12,2182.1
-11801352.05,4654148.39,2182.15
-11801353.64,4654147.7,2182.11
-11801355.21,4654147.01,2182.11
-11801356.78,4654146.32,2182.13
-11801358.4,4654145.61,2182.17
-11801360.0,4654144.9,2182.19
-11801361.57,4654144.2,2182.22
-11801363.15,4654143.49,2182.25
-11801364.74,4654142.8,2182.24
-11801366.33,4654142.11,2182.28
-11801367.9,4654141.41,2182.26
-11801369.52,4654140.69,2182.29
-11801371.11,4654140.0,2182.34
-11801372.67,4654139.3100000005,2182.4
-11801374.24,4654138.61,2182.4
-11801375.85,4654137.9,2182.36
-11801377.450000001,4654137.19,2182.36
-11801379.040000001,4654136.5,2182.4
-11801380.6,4654135.82,2182.42
-11801382.19,4654135.100000001,2182.44
-11801383.76,4654134.41,2182.46
-11801385.35,4654133.72,2182.48
-11801386.950000001,4654133.01,2182.54
-11801388.55,4654132.3100000005,2182.47
-11801390.14,4654131.600000001,2182.57
-11801391.73,4654130.9,2182.74
-11801393.31,4654130.2,2182.81
-11801395.57,4654129.22,2186.65
-11801397.3,4654128.45,2187.54
-11801399.03,4654127.69,2188.4
-11801400.74,4654126.93,2189.3
-11801402.38,4654126.2,2189.58
-11801403.83,4654125.5600000005,2188.86
-11801405.25,4654124.94,2188.13
-11801406.700000001,4654124.3,2187.38
-11801405.950000001,4654124.63,2183.02
-11801407.53,4654123.92,2183.0
-11801409.09,4654123.25,2182.96
-11801410.68,4654122.55,2182.88
-11801412.23,4654121.86,2182.85
-11801413.78,4654121.18,2182.84
-11801415.36,4654120.47,2182.88
-11801416.950000001,4654119.79,2182.9
-11801418.540000001,4654119.08,2183.03
-11801417.370000001,4654122.09,2182.88
-11801415.77,4654122.79,2182.86
-11801414.200000001,4654123.5,2182.86
-11801412.64,4654124.18,2182.88
-11801411.08,4654124.88,2182.88
-11801409.83,4654125.43,2184.72
-11801409.5,4654125.57,2182.84
-11801408.56,4654126.0,2186.42
-11801407.96,4654126.26,2182.99
-11801407.1,4654126.64,2187.11
-11801405.66,4654127.28,2187.84
-11801404.200000001,4654127.92,2188.57
-11801402.77,4654128.57,2189.32
-11801401.27,4654129.23,2189.65
-11801399.55,4654129.99,2188.77
-11801397.83,4654130.76,2187.9
-11801396.06,4654131.53,2186.99
-11801393.74,4654132.57,2182.83
-11801392.14,4654133.28,2182.75
-11801390.5,4654134.0200000005,2182.61
-11801388.93,4654134.7,2182.52
-11801387.36,4654135.41,2182.47
-11801385.8,4654136.11,2182.44
-11801384.200000001,4654136.82,2182.44
-11801382.6,4654137.53,2182.44
-11801381.01,4654138.21,2182.4
-11801379.450000001,4654138.92,2182.38
-11801377.89,4654139.61,2182.36
-11801376.32,4654140.29,2182.36
-11801374.73,4654141.01,2182.38
-11801373.120000001,4654141.72,2182.4
-11801371.53,4654142.43,2182.36
-11801369.950000001,4654143.14,2182.3
-11801368.36,4654143.84,2182.3
-11801366.77,4654144.55,2182.27
-11801365.17,4654145.26,2182.25
-11801363.61,4654145.95,2182.23
-11801362.03,4654146.66,2182.19
-11801360.43,4654147.37,2182.17
-11801358.82,4654148.08,2182.15
-11801357.22,4654148.79,2182.13
-11801355.63,4654149.5,2182.11
-11801354.05,4654150.19,2182.13
-11801352.49,4654150.89,2182.11
-11801350.9,4654151.59,2182.09
-11801349.26,4654152.32,2182.02
-11801347.69,4654153.01,2182.04
-11801346.120000001,4654153.72,2182.01
-11801345.94,4654154.72,2182.02
-11801347.52,4654154.0200000005,2182.02
-11801349.120000001,4654153.3100000005,2182.03
-11801350.72,4654152.600000001,2182.05
-11801352.31,4654151.89,2182.09
-11801353.9,4654151.21,2182.09
-11801355.46,4654150.5200000005,2182.1
-11801357.040000001,4654149.83,2182.11
-11801358.66,4654149.09,2182.15
-11801360.28,4654148.38,2182.15
-11801361.84,4654147.7,2182.17
-11801363.38,4654147.01,2182.21
-11801364.98,4654146.3,2182.24
-11801366.58,4654145.600000001,2182.22
-11801368.18,4654144.91,2182.27
-11801369.78,4654144.2,2182.3
-11801371.36,4654143.5,2182.36
-11801372.950000001,4654142.79,2182.38
-11801374.55,4654142.08,2182.38
-11801376.13,4654141.4,2182.36
-11801377.72,4654140.7,2182.38
-11801379.290000001,4654140.0,2182.38
-11801380.85,4654139.3,2182.38
-11801382.46,4654138.59,2182.42
-11801384.01,4654137.91,2182.46
-11801385.57,4654137.23,2182.42
-11801387.17,4654136.5200000005,2182.44
-11801388.78,4654135.8100000005,2182.5
-11801390.370000001,4654135.11,2182.57
-11801391.96,4654134.4,2182.71
-11801393.58,4654133.69,2182.85
-11801395.86,4654132.68,2186.88
-11801397.57,4654131.93,2187.75
-11801399.32,4654131.15,2188.65
-11801401.09,4654130.37,2189.57
-11801402.64,4654129.69,2189.38
-11801404.02,4654129.07,2188.67
-11801405.450000001,4654128.43,2187.94
-11801406.92,4654127.8,2187.2
-11801408.370000001,4654127.16,2186.47
-11801407.77,4654127.43,2183.02
-11801409.67,4654126.57,2184.92
-11801409.31,4654126.73,2182.82
-11801411.22,4654125.9,2184.76
-11801412.47,4654125.350000001,2182.88
-11801414.040000001,4654124.65,2182.88
-11801415.63,4654123.94,2182.86
-11801417.21,4654123.26,2182.83
-11801417.99,4654125.48,2182.85
-11801416.72,4654126.03,2184.65
-11801416.44,4654126.16,2182.92
-11801415.16,4654126.72,2184.8
-11801413.58,4654127.43,2184.9
-11801412.040000001,4654128.11,2185.02
-11801410.52,4654128.79,2185.2
-11801410.13,4654128.97,2182.9
-11801408.540000001,4654129.68,2182.9
-11801407.64,4654130.08,2186.73
-11801406.17,4654130.73,2187.49
-11801404.75,4654131.36,2188.22
-11801403.35,4654131.98,2189.11
-11801401.89,4654132.62,2189.7
-11801400.23,4654133.37,2189.25
-11801398.48,4654134.15,2188.33
-11801396.77,4654134.91,2187.44
-11801395.040000001,4654135.67,2186.56
-11801394.34,4654135.99,2182.72
-11801392.75,4654136.69,2182.75
-11801391.13,4654137.41,2182.63
-11801389.55,4654138.12,2182.52
-11801387.99,4654138.82,2182.48
-11801386.370000001,4654139.53,2182.44
-11801384.8,4654140.22,2182.44
-11801383.21,4654140.93,2182.38
-11801381.620000001,4654141.63,2182.38
-11801380.08,4654142.33,2182.4
-11801378.51,4654143.0200000005,2182.38
-11801376.92,4654143.71,2182.4
-11801375.34,4654144.42,2182.42
-11801373.74,4654145.13,2182.42
-11801372.15,4654145.850000001,2182.4
-11801370.53,4654146.5600000005,2182.34
-11801368.91,4654147.2700000005,2182.3
-11801367.31,4654147.98,2182.25
-11801365.75,4654148.69,2182.22
-11801364.17,4654149.39,2182.19
-11801362.58,4654150.100000001,2182.19
-11801360.99,4654150.8,2182.17
-11801359.42,4654151.49,2182.13
-11801357.86,4654152.2,2182.11
-11801356.25,4654152.9,2182.11
-11801354.65,4654153.62,2182.11
-11801353.06,4654154.33,2182.11
-11801351.49,4654155.03,2182.11
-11801349.89,4654155.74,2182.07
-11801348.3,4654156.42,2182.01
-11801346.71,4654157.13,2182.01
-11801345.1,4654157.87,2182.0
-11801346.120000001,4654158.33,2181.99
-11801347.71,4654157.64,2181.99
-11801349.3,4654156.93,2182.02
-11801350.9,4654156.22,2182.05
-11801352.53,4654155.51,2182.11
-11801354.1,4654154.8100000005,2182.11
-11801355.68,4654154.100000001,2182.11
-11801357.26,4654153.41,2182.09
-11801358.83,4654152.72,2182.08
-11801360.450000001,4654152.01,2182.1
-11801362.06,4654151.3,2182.13
-11801363.64,4654150.59,2182.15
-11801365.17,4654149.92,2182.17
-11801366.76,4654149.21,2182.21
-11801368.35,4654148.51,2182.22
-11801369.950000001,4654147.8100000005,2182.26
-11801371.540000001,4654147.100000001,2182.36
-11801373.14,4654146.39,2182.4
-11801374.74,4654145.69,2182.4
-11801376.32,4654145.0,2182.36
-11801377.92,4654144.29,2182.35
-11801379.51,4654143.58,2182.35
-11801381.03,4654142.91,2182.38
-11801382.61,4654142.21,2182.36
-11801384.200000001,4654141.51,2182.4
-11801385.77,4654140.8100000005,2182.4
-11801387.38,4654140.100000001,2182.42
-11801388.96,4654139.41,2182.47
-11801390.540000001,4654138.7,2182.54
-11801392.14,4654137.99,2182.67
-11801393.77,4654137.28,2182.83
-11801396.11,4654136.22,2187.06
-11801397.82,4654135.49,2187.95
-11801399.58,4654134.7,2188.84
-11801401.290000001,4654133.95,2189.75
-11801402.75,4654133.3,2189.25
-11801404.22,4654132.66,2188.5
-11801405.65,4654132.03,2187.77
-11801407.1,4654131.38,2187.03
-11801408.56,4654130.74,2186.36
-11801407.99,4654131.0,2183.0
-11801409.57,4654130.3100000005,2182.88
-11801411.1,4654129.62,2182.81
-11801413.05,4654128.7700000005,2185.13
-11801412.67,4654128.94,2182.88
-11801414.59,4654128.08,2184.97
-11801416.14,4654127.4,2184.86
-11801417.700000001,4654126.69,2184.72
-11801418.34,4654128.91,2182.94
-11801417.14,4654129.43,2185.15
-11801416.77,4654129.61,2182.9
-11801415.21,4654130.3100000005,2182.88
-11801413.61,4654131.0200000005,2182.82
-11801412.03,4654131.71,2182.77
-11801410.47,4654132.41,2182.83
-11801408.91,4654133.100000001,2182.9
-11801407.950000001,4654133.53,2186.52
-11801407.36,4654133.79,2183.07
-11801406.52,4654134.16,2187.22
-11801405.08,4654134.79,2187.96
-11801403.66,4654135.44,2188.7
-11801402.22,4654136.08,2189.42
-11801400.66,4654136.76,2189.53
-11801398.92,4654137.55,2188.61
-11801397.19,4654138.3,2187.73
-11801395.46,4654139.09,2186.84
-11801393.15,4654140.100000001,2182.78
-11801391.55,4654140.83,2182.61
-11801389.96,4654141.54,2182.5
-11801388.4,4654142.23,2182.49
-11801386.81,4654142.94,2182.44
-11801385.21,4654143.65,2182.42
-11801383.620000001,4654144.36,2182.4
-11801382.040000001,4654145.0600000005,2182.38
-11801380.450000001,4654145.7700000005,2182.36
-11801378.89,4654146.47,2182.35
-11801377.3,4654147.17,2182.32
-11801375.71,4654147.88,2182.36
-11801374.14,4654148.57,2182.35
-11801372.55,4654149.28,2182.32
-11801370.96,4654149.99,2182.27
-11801369.370000001,4654150.7,2182.24
-11801367.74,4654151.43,2182.19
-11801366.16,4654152.11,2182.17
-11801364.6,4654152.82,2182.17
-11801363.0,4654153.53,2182.15
-11801361.42,4654154.24,2182.13
-11801359.85,4654154.94,2182.09
-11801358.26,4654155.63,2182.11
-11801356.66,4654156.33,2182.11
-11801355.09,4654157.04,2182.11
-11801353.46,4654157.78,2182.09
-11801351.85,4654158.49,2182.09
-11801350.26,4654159.2,2182.01
-11801348.67,4654159.91,2181.99
-11801347.07,4654160.61,2181.97
-11801345.47,4654161.32,2181.94
-11801346.16,4654161.99,2181.94
-11801347.75,4654161.28,2181.96
-11801349.35,4654160.58,2181.97
-11801350.93,4654159.88,2182.04
-11801352.540000001,4654159.17,2182.05
-11801354.33,4654158.37,2182.92
-11801355.77,4654157.73,2182.13
-11801357.35,4654157.04,2182.11
-11801358.88,4654156.36,2182.11
-11801360.47,4654155.65,2182.09
-11801362.06,4654154.96,2182.11
-11801363.66,4654154.25,2182.13
-11801365.26,4654153.54,2182.17
-11801366.83,4654152.850000001,2182.17
-11801368.44,4654152.14,2182.21
-11801370.0,4654151.43,2182.21
-11801371.61,4654150.74,2182.26
-11801373.23,4654150.0200000005,2182.29
-11801374.81,4654149.32,2182.32
-11801376.36,4654148.63,2182.31
-11801377.94,4654147.94,2182.33
-11801379.51,4654147.24,2182.36
-11801381.11,4654146.53,2182.36
-11801382.700000001,4654145.84,2182.38
-11801384.28,4654145.13,2182.38
-11801385.84,4654144.44,2182.4
-11801387.44,4654143.73,2182.44
-11801389.06,4654143.0200000005,2182.47
-11801390.63,4654142.33,2182.53
-11801392.26,4654141.61,2182.69
-11801394.48,4654140.62,2186.42
-11801393.82,4654140.91,2182.79
-11801396.21,4654139.850000001,2187.15
-11801397.94,4654139.09,2188.06
-11801399.64,4654138.33,2188.92
-11801401.36,4654137.5600000005,2189.81
-11801402.81,4654136.93,2189.15
-11801404.27,4654136.29,2188.4
-11801405.74,4654135.64,2187.67
-11801407.18,4654135.01,2186.92
-11801408.61,4654134.37,2186.33
-11801408.120000001,4654134.59,2183.44
-11801409.61,4654133.93,2182.92
-11801411.17,4654133.25,2182.82
-11801412.72,4654132.57,2182.75
-11801414.28,4654131.86,2182.79
-11801415.86,4654131.17,2182.85
-11801417.46,4654130.46,2182.92
-11801418.52,4654132.37,2182.94
-11801416.950000001,4654133.0600000005,2182.86
-11801415.36,4654133.7700000005,2182.81
-11801413.790000001,4654134.48,2182.77
-11801412.21,4654135.17,2182.75
-11801410.64,4654135.86,2182.88
-11801409.1,4654136.5600000005,2182.98
-11801408.120000001,4654136.99,2186.38
-11801407.53,4654137.25,2183.02
-11801406.65,4654137.65,2187.1
-11801405.200000001,4654138.29,2187.83
-11801403.76,4654138.92,2188.55
-11801402.32,4654139.57,2189.32
-11801400.82,4654140.24,2189.74
-11801399.1,4654141.0,2188.81
-11801397.370000001,4654141.78,2187.92
-11801395.64,4654142.54,2187.02
-11801393.3,4654143.58,2182.81
-11801391.700000001,4654144.29,2182.67
-11801390.09,4654145.0200000005,2182.55
-11801388.52,4654145.72,2182.46
-11801386.97,4654146.41,2182.42
-11801385.36,4654147.13,2182.42
-11801383.77,4654147.83,2182.4
-11801382.19,4654148.54,2182.36
-11801380.61,4654149.25,2182.35
-11801379.0,4654149.96,2182.34
-11801377.4,4654150.65,2182.31
-11801375.81,4654151.36,2182.31
-11801374.23,4654152.07,2182.29
-11801372.66,4654152.7700000005,2182.27
-11801371.06,4654153.48,2182.24
-11801369.5,4654154.18,2182.27
-11801367.91,4654154.89,2182.21
-11801366.3,4654155.61,2182.17
-11801364.72,4654156.29,2182.15
-11801363.14,4654157.0,2182.17
-11801361.81,4654157.600000001,2183.51
-11801360.32,4654158.2700000005,2184.11
-11801359.9,4654158.45,2182.09
-11801358.33,4654159.15,2182.09
-11801356.950000001,4654159.7700000005,2182.97
-11801355.370000001,4654160.46,2182.9
-11801353.75,4654161.17,2182.86
-11801351.96,4654161.99,2182.02
-11801350.370000001,4654162.69,2182.02
-11801348.78,4654163.4,2181.97
-11801347.21,4654164.09,2181.92
-11801345.620000001,4654164.79,2181.94
-11801345.97,4654165.57,2181.92
-11801347.59,4654164.86,2181.92
-11801349.19,4654164.15,2181.92
-11801350.78,4654163.45,2181.98
-11801352.36,4654162.74,2181.99
-11801353.94,4654162.04,2181.96
-11801355.73,4654161.25,2182.92
-11801357.32,4654160.54,2182.98
-11801358.72,4654159.94,2182.05
-11801360.71,4654159.04,2184.17
-11801360.56,4654159.12,2183.4
-11801360.27,4654159.23,2182.01
-11801362.42,4654158.29,2184.73
-11801363.85,4654157.66,2183.94
-11801363.5,4654157.82,2182.19
-11801365.07,4654157.12,2182.13
-11801366.69,4654156.41,2182.15
-11801368.26,4654155.72,2182.17
-11801369.85,4654155.01,2182.25
-11801371.44,4654154.3,2182.24
-11801373.03,4654153.61,2182.24
-11801374.61,4654152.92,2182.27
-11801376.13,4654152.23,2182.26
-11801377.76,4654151.5200000005,2182.3
-11801379.36,4654150.79,2182.32
-11801380.950000001,4654150.100000001,2182.35
-11801382.52,4654149.4,2182.36
-11801384.09,4654148.71,2182.4
-11801385.69,4654148.0,2182.4
-11801387.28,4654147.3,2182.44
-11801388.85,4654146.600000001,2182.44
-11801390.44,4654145.91,2182.56
-11801392.040000001,4654145.19,2182.67
-11801394.3,4654144.18,2186.46
-11801393.64,4654144.48,2182.8
-11801395.99,4654143.45,2187.15
-11801397.74,4654142.67,2188.06
-11801399.48,4654141.89,2188.88
-11801401.19,4654141.13,2189.77
-11801402.65,4654140.49,2189.17
-11801404.08,4654139.86,2188.42
-11801405.540000001,4654139.21,2187.7
-11801406.97,4654138.57,2186.95
-11801408.42,4654137.95,2186.31
-11801407.84,4654138.21,2182.94
-11801409.43,4654137.5,2183.01
-11801411.0,4654136.8,2182.94
-11801412.58,4654136.11,2182.81
-11801414.120000001,4654135.42,2182.76
-11801415.68,4654134.73,2182.82
-11801417.28,4654134.0200000005,2182.86
-11801417.26,4654136.5,2182.9
-11801415.67,4654137.19,2182.84
-11801414.16,4654137.88,2182.97
-11801412.59,4654138.58,2182.98
-11801411.02,4654139.2700000005,2182.98
-11801409.43,4654139.99,2182.97
-11801407.84,4654140.69,2182.92
-11801407.01,4654141.05,2186.86
-11801405.58,4654141.69,2187.6
-11801404.120000001,4654142.34,2188.34
-11801402.67,4654142.99,2189.08
-11801401.23,4654143.63,2189.78
-11801399.53,4654144.37,2189.04
-11801397.790000001,4654145.16,2188.15
-11801396.06,4654145.93,2187.27
-11801394.34,4654146.7,2186.48
-11801393.66,4654147.0,2182.76
-11801392.08,4654147.71,2182.67
-11801390.47,4654148.42,2182.57
-11801388.88,4654149.13,2182.49
-11801387.290000001,4654149.84,2182.46
-11801385.69,4654150.5600000005,2182.42
-11801384.1,4654151.26,2182.42
-11801382.540000001,4654151.96,2182.36
-11801380.92,4654152.68,2182.35
-11801379.34,4654153.39,2182.32
-11801377.75,4654154.09,2182.31
-11801376.17,4654154.8,2182.32
-11801374.65,4654155.47,2182.5
-11801373.03,4654156.19,2182.36
-11801371.44,4654156.9,2182.28
-11801369.86,4654157.61,2182.36
-11801368.23,4654158.33,2182.17
-11801366.67,4654159.0200000005,2182.13
-11801365.09,4654159.73,2182.11
-11801363.77,4654160.3100000005,2183.5
-11801363.53,4654160.42,2182.28
-11801362.52,4654160.86,2185.15
-11801362.19,4654161.0200000005,2183.57
-11801361.89,4654161.13,2182.07
-11801360.3,4654161.84,2182.07
-11801358.72,4654162.55,2182.03
-11801357.120000001,4654163.26,2182.05
-11801355.52,4654163.99,2182.02
-11801353.93,4654164.68,2182.03
-11801352.33,4654165.41,2182.05
-11801350.73,4654166.12,2182.02
-11801349.1,4654166.83,2181.88
-11801347.51,4654167.54,2181.86
-11801345.92,4654168.25,2181.9
-11801346.52,4654168.83,2184.15
-11801346.370000001,4654168.9,2183.38
-11801346.040000001,4654169.0600000005,2181.86
-11801347.64,4654168.350000001,2181.92
-11801349.24,4654167.63,2181.9
-11801350.84,4654166.92,2182.0
-11801352.44,4654166.2,2182.06
-11801354.02,4654165.5200000005,2182.02
-11801355.61,4654164.8100000005,2182.03
-11801357.19,4654164.11,2182.03
-11801358.76,4654163.41,2182.03
-11801360.36,4654162.7,2182.02
-11801361.97,4654161.99,2182.11
-11801363.870000001,4654161.15,2183.61
-11801363.55,4654161.3,2182.09
-11801365.14,4654160.600000001,2182.09
-11801366.71,4654159.9,2182.11
-11801368.3,4654159.19,2182.11
-11801369.92,4654158.48,2182.31
-11801371.5,4654157.7700000005,2182.22
-11801373.11,4654157.0600000005,2182.23
-11801374.68,4654156.36,2182.31
-11801376.24,4654155.68,2182.4
-11801377.81,4654154.97,2182.31
-11801379.4,4654154.29,2182.3
-11801380.99,4654153.58,2182.31
-11801382.59,4654152.87,2182.35
-11801384.16,4654152.17,2182.36
-11801385.75,4654151.47,2182.38
-11801387.34,4654150.75,2182.42
-11801388.92,4654150.0600000005,2182.47
-11801390.5,4654149.37,2182.56
-11801392.09,4654148.66,2182.69
-11801394.39,4654147.63,2186.5
-11801393.72,4654147.93,2182.77
-11801396.11,4654146.87,2187.23
-11801397.84,4654146.09,2188.11
-11801399.55,4654145.33,2188.98
-11801401.26,4654144.58,2189.8
-11801402.700000001,4654143.95,2189.11
-11801404.13,4654143.3,2188.35
-11801405.55,4654142.69,2187.61
-11801407.03,4654142.04,2186.9
-11801407.94,4654141.63,2183.01
-11801409.49,4654140.95,2182.96
-11801411.08,4654140.23,2183.02
-11801412.64,4654139.5600000005,2182.94
-11801414.21,4654138.86,2182.99
-11801415.74,4654138.17,2182.92
-11801417.31,4654137.49,2182.92
-11801417.68,4654139.65,2183.0
-11801416.14,4654140.34,2183.01
-11801414.57,4654141.03,2183.06
-11801412.99,4654141.74,2183.03
-11801411.4,4654142.45,2182.98
-11801409.82,4654143.15,2182.97
-11801408.26,4654143.850000001,2182.99
-11801407.33,4654144.26,2186.61
-11801405.870000001,4654144.89,2187.36
-11801404.42,4654145.55,2188.1
-11801403.01,4654146.18,2188.84
-11801401.59,4654146.8100000005,2189.57
-11801399.950000001,4654147.54,2189.32
-11801398.21,4654148.32,2188.45
-11801396.47,4654149.100000001,2187.56
-11801394.75,4654149.86,2186.67
-11801392.46,4654150.88,2182.67
-11801390.870000001,4654151.59,2182.6
-11801389.28,4654152.3,2182.47
-11801387.700000001,4654153.01,2182.38
-11801386.1,4654153.72,2182.38
-11801384.51,4654154.42,2182.35
-11801382.92,4654155.13,2182.38
-11801381.38,4654155.83,2182.55
-11801379.77,4654156.54,2182.38
-11801378.14,4654157.26,2182.27
-11801376.56,4654157.97,2182.21
-11801374.96,4654158.68,2182.23
-11801373.36,4654159.39,2182.19
-11801371.77,4654160.100000001,2182.15
-11801370.18,4654160.8,2182.17
-11801368.620000001,4654161.48,2182.11
-11801367.040000001,4654162.19,2182.09
-11801365.46,4654162.92,2182.08
-11801363.870000001,4654163.61,2182.06
-11801362.3,4654164.3100000005,2182.1
-11801361.200000001,4654164.8100000005,2184.28
-11801360.73,4654165.0200000005,2182.01
-11801359.11,4654165.74,2182.02
-11801357.5,4654166.45,2182.03
-11801355.93,4654167.16,2182.05
-11801354.35,4654167.86,2182.04
-11801352.77,4654168.5600000005,2182.04
-11801351.17,4654169.2700000005,2182.02
-11801349.98,4654169.79,2184.1
-11801349.55,4654169.98,2182.05
-11801348.620000001,4654170.41,2185.13
-11801347.0,4654171.12,2185.02
-11801346.370000001,4654171.4,2182.06
-11801345.43,4654171.83,2184.92
-11801346.72,4654172.15,2184.82
-11801346.11,4654172.44,2181.94
-11801348.42,4654171.41,2185.38
-11801349.9,4654170.76,2184.85
-11801350.88,4654170.34,2181.97
-11801352.47,4654169.63,2182.0
-11801354.040000001,4654168.92,2182.0
-11801355.64,4654168.21,2182.02
-11801357.23,4654167.5200000005,2182.03
-11801358.83,4654166.8100000005,2182.0
-11801360.42,4654166.100000001,2182.0
-11801362.02,4654165.4,2182.03
-11801363.6,4654164.69,2182.05
-11801365.21,4654163.98,2182.04
-11801366.790000001,4654163.2700000005,2182.06
-11801368.33,4654162.600000001,2182.09
-11801369.97,4654161.88,2182.24
-11801371.540000001,4654161.18,2182.13
-11801373.13,4654160.47,2182.15
-11801374.72,4654159.76,2182.19
-11801376.290000001,4654159.08,2182.23
-11801377.870000001,4654158.38,2182.25
-11801379.48,4654157.67,2182.31
-11801381.09,4654156.96,2182.42
-11801382.64,4654156.28,2182.46
-11801384.21,4654155.58,2182.4
-11801385.8,4654154.87,2182.35
-11801387.39,4654154.17,2182.38
-11801388.98,4654153.46,2182.42
-11801390.59,4654152.75,2182.52
-11801392.18,4654152.04,2182.65
-11801394.46,4654151.03,2186.5
-11801393.74,4654151.36,2182.65
-11801396.18,4654150.2700000005,2187.36
-11801397.91,4654149.49,2188.21
-11801399.64,4654148.73,2189.11
-11801401.31,4654147.98,2189.73
-11801402.77,4654147.350000001,2188.99
-11801404.200000001,4654146.7,2188.26
-11801405.63,4654146.08,2187.51
-11801407.08,4654145.44,2186.78
-11801407.99,4654145.04,2182.94
-11801409.55,4654144.350000001,2182.97
-11801411.13,4654143.65,2182.96
-11801413.05,4654142.8,2185.05
-11801412.71,4654142.94,2183.07
-11801414.27,4654142.2700000005,2183.02
-11801415.83,4654141.57,2183.01
-11801417.41,4654140.87,2183.02
-11801418.16,4654142.83,2183.07
-11801416.61,4654143.54,2183.15
-11801415.01,4654144.25,2183.02
-11801413.6,4654144.88,2183.88
-11801412.26,4654145.46,2185.21
-11801410.33,4654146.33,2183.11
-11801408.74,4654147.04,2182.94
-11801407.76,4654147.47,2186.38
-11801407.16,4654147.75,2182.99
-11801406.31,4654148.11,2187.09
-11801404.86,4654148.75,2187.83
-11801403.43,4654149.4,2188.59
-11801401.98,4654150.05,2189.32
-11801400.48,4654150.71,2189.7
-11801398.74,4654151.48,2188.76
-11801397.01,4654152.24,2187.88
-11801395.28,4654153.0200000005,2187.0
-11801392.93,4654154.08,2182.71
-11801391.290000001,4654154.8100000005,2182.54
-11801389.700000001,4654155.5200000005,2182.51
-11801388.17,4654156.21,2182.69
-11801386.59,4654156.91,2182.61
-11801385.22,4654157.53,2183.58
-11801383.41,4654158.33,2182.4
-11801381.81,4654159.04,2182.42
-11801380.21,4654159.75,2182.35
-11801378.620000001,4654160.46,2182.25
-11801377.03,4654161.17,2182.21
-11801375.44,4654161.87,2182.19
-11801373.83,4654162.59,2182.11
-11801372.24,4654163.3,2182.1
-11801370.68,4654164.0,2182.09
-11801369.1,4654164.68,2182.11
-11801367.49,4654165.42,2182.06
-11801365.870000001,4654166.14,2182.04
-11801364.290000001,4654166.83,2182.03
-11801362.72,4654167.54,2182.02
-11801361.13,4654168.25,2182.0
-11801359.56,4654168.96,2181.99
-11801357.97,4654169.65,2181.99
-11801356.38,4654170.36,2182.04
-11801354.78,4654171.09,2182.02
-11801353.19,4654171.78,2182.04
-11801351.620000001,4654172.49,2182.0
-11801350.64,4654172.93,2184.9
-11801350.41,4654173.0200000005,2183.85
-11801350.0,4654173.22,2181.9
-11801348.96,4654173.66,2184.51
-11801348.41,4654173.91,2181.9
-11801347.59,4654174.2700000005,2185.45
-11801347.32,4654174.39,2184.21
-11801346.8,4654174.64,2181.78
-11801345.21,4654175.350000001,2181.79
-11801346.19,4654175.73,2181.77
-11801348.5,4654174.7,2185.11
-11801347.790000001,4654175.0200000005,2181.79
-11801349.39,4654174.33,2181.83
-11801350.98,4654173.62,2181.86
-11801352.55,4654172.92,2181.96
-11801354.15,4654172.21,2181.98
-11801355.74,4654171.51,2181.98
-11801357.32,4654170.8,2181.96
-11801358.93,4654170.09,2181.97
-11801360.52,4654169.4,2181.97
-11801362.07,4654168.71,2181.96
-11801363.65,4654168.0,2181.99
-11801365.24,4654167.29,2182.0
-11801366.84,4654166.58,2182.03
-11801368.43,4654165.87,2182.07
-11801370.03,4654165.19,2182.13
-11801371.63,4654164.48,2182.09
-11801373.19,4654163.78,2182.08
-11801374.78,4654163.07,2182.13
-11801376.39,4654162.36,2182.19
-11801377.96,4654161.65,2182.17
-11801379.55,4654160.94,2182.27
-11801381.16,4654160.23,2182.33
-11801382.76,4654159.53,2182.36
-11801384.3,4654158.86,2182.28
-11801386.1,4654158.03,2183.61
-11801387.540000001,4654157.41,2182.79
-11801389.13,4654156.72,2182.73
-11801390.69,4654156.01,2182.63
-11801392.27,4654155.32,2182.6
-11801394.57,4654154.3,2186.59
-11801396.3,4654153.5200000005,2187.5
-11801398.040000001,4654152.76,2188.36
-11801399.75,4654152.0,2189.27
-11801401.38,4654151.2700000005,2189.63
-11801402.84,4654150.63,2188.88
-11801404.3,4654149.98,2188.15
-11801405.73,4654149.34,2187.4
-11801407.18,4654148.71,2186.65
-11801408.09,4654148.3100000005,2182.94
-11801409.67,4654147.62,2183.02
-11801411.59,4654146.75,2185.19
-11801411.22,4654146.91,2183.07
-11801413.16,4654146.05,2185.22
-11801414.36,4654145.53,2183.01
-11801415.94,4654144.83,2183.1
-11801417.51,4654144.12,2183.06
-11801418.46,4654145.9,2183.09
-11801416.91,4654146.600000001,2183.02
-11801415.32,4654147.3,2183.01
-11801413.78,4654147.99,2183.33
-11801412.55,4654148.53,2185.29
-11801410.55,4654149.43,2182.98
-11801408.99,4654150.12,2182.96
-11801407.47,4654150.79,2183.26
-11801406.51,4654151.22,2186.9
-11801405.120000001,4654151.83,2187.65
-11801403.72,4654152.46,2188.35
-11801402.28,4654153.100000001,2189.11
-11801400.82,4654153.75,2189.81
-11801399.1,4654154.5200000005,2189.02
-11801397.38,4654155.29,2188.17
-11801395.63,4654156.05,2187.28
-11801393.25,4654157.15,2182.83
-11801391.64,4654157.86,2182.76
-11801390.26,4654158.46,2183.73
-11801390.09,4654158.53,2182.8
-11801388.84,4654159.11,2184.5
-11801386.870000001,4654159.99,2182.56
-11801385.61,4654160.54,2184.17
-11801383.69,4654161.39,2182.36
-11801382.08,4654162.12,2182.31
-11801380.49,4654162.83,2182.26
-11801378.9,4654163.54,2182.21
-11801377.32,4654164.22,2182.17
-11801375.73,4654164.93,2182.11
-11801374.120000001,4654165.64,2182.08
-11801372.52,4654166.38,2182.1
-11801370.93,4654167.07,2182.08
-11801369.38,4654167.7700000005,2182.09
-11801367.82,4654168.47,2182.11
-11801366.21,4654169.18,2182.02
-11801364.6,4654169.9,2182.02
-11801362.99,4654170.61,2181.99
-11801361.41,4654171.32,2181.97
-11801359.84,4654172.03,2181.97
-11801358.25,4654172.72,2181.99
-11801356.620000001,4654173.45,2181.92
-11801355.02,4654174.16,2181.9
-11801353.47,4654174.850000001,2181.86
-11801351.85,4654175.58,2181.84
-11801350.28,4654176.28,2181.84
-11801348.69,4654176.99,2181.84
-11801347.09,4654177.7,2181.82
-11801345.55,4654178.38,2181.83
-11801345.1,4654179.41,2183.69
-11801346.28,4654178.89,2181.86
-11801347.86,4654178.2,2181.84
-11801349.46,4654177.49,2181.81
-11801351.05,4654176.8,2181.82
-11801352.63,4654176.09,2181.82
-11801354.23,4654175.38,2181.85
-11801355.85,4654174.67,2181.86
-11801357.43,4654173.96,2181.92
-11801359.02,4654173.26,2181.94
-11801360.59,4654172.5600000005,2181.97
-11801362.17,4654171.86,2181.97
-11801363.77,4654171.15,2181.96
-11801365.370000001,4654170.44,2181.98
-11801366.950000001,4654169.73,2181.99
-11801368.56,4654169.0200000005,2182.05
-11801370.15,4654168.33,2182.15
-11801371.69,4654167.64,2182.07
-11801373.3,4654166.93,2182.09
-11801374.88,4654166.22,2182.08
-11801376.46,4654165.54,2182.11
-11801378.040000001,4654164.83,2182.15
-11801379.63,4654164.13,2182.21
-11801381.23,4654163.41,2182.22
-11801382.85,4654162.7,2182.28
-11801384.75,4654161.84,2184.13
-11801384.4,4654162.0,2182.25
-11801386.290000001,4654161.17,2184.08
-11801387.61,4654160.58,2182.59
-11801389.57,4654159.7,2184.44
-11801390.82,4654159.16,2182.69
-11801392.38,4654158.48,2182.82
-11801393.96,4654157.78,2182.81
-11801396.450000001,4654156.66,2187.71
-11801395.56,4654157.07,2182.85
-11801398.17,4654155.9,2188.52
-11801399.89,4654155.14,2189.38
-11801401.48,4654154.43,2189.51
-11801402.9,4654153.78,2188.79
-11801404.36,4654153.15,2188.07
-11801405.83,4654152.51,2187.31
-11801407.27,4654151.86,2186.57
-11801408.200000001,4654151.47,2182.94
-11801409.75,4654150.7700000005,2182.96
-11801411.33,4654150.09,2182.96
-11801413.3,4654149.2,2185.17
-11801412.99,4654149.34,2183.38
-11801414.51,4654148.68,2183.0
-11801416.06,4654147.98,2183.0
-11801417.63,4654147.28,2183.02
-11801417.27,4654149.48,2183.01
-11801415.71,4654150.18,2182.98
-11801414.15,4654150.87,2182.94
-11801412.56,4654151.57,2182.96
-11801411.17,4654152.19,2183.94
-11801409.66,4654152.86,2184.34
-11801407.83,4654153.68,2182.9
-11801406.93,4654154.08,2186.63
-11801405.48,4654154.71,2187.38
-11801404.03,4654155.37,2188.11
-11801402.620000001,4654156.0,2188.84
-11801401.17,4654156.63,2189.59
-11801399.950000001,4654157.19,2182.83
-11801398.620000001,4654157.79,2184.19
-11801397.05,4654158.49,2184.24
-11801395.21,4654159.32,2182.8
-11801393.63,4654160.01,2182.75
-11801392.07,4654160.71,2182.72
-11801390.47,4654161.41,2182.65
-11801389.02,4654162.07,2183.42
-11801387.26,4654162.850000001,2182.5
-11801385.67,4654163.5600000005,2182.4
-11801384.08,4654164.2700000005,2182.35
-11801382.5,4654164.97,2182.24
-11801380.89,4654165.68,2182.17
-11801379.26,4654166.42,2182.17
-11801377.66,4654167.13,2182.1
-11801376.08,4654167.84,2182.08
-11801374.5,4654168.5200000005,2182.06
-11801372.91,4654169.25,2182.04
-11801371.32,4654169.96,2182.04
-11801369.73,4654170.67,2182.01
-11801368.17,4654171.36,2182.03
-11801366.6,4654172.0600000005,2182.03
-11801365.0,4654172.7700000005,2181.99
-11801363.39,4654173.49,2181.96
-11801361.8,4654174.2,2181.94
-11801360.22,4654174.89,2181.92
-11801358.61,4654175.62,2181.9
-11801357.02,4654176.3100000005,2181.9
-11801355.42,4654177.04,2181.88
-11801353.82,4654177.75,2181.88
-11801352.27,4654178.44,2181.9
-11801350.68,4654179.16,2181.94
-11801349.08,4654179.87,2181.97
-11801347.49,4654180.57,2181.94
-11801345.9,4654181.28,2181.94
-11801346.1,4654182.0600000005,2181.84
-11801347.73,4654181.350000001,2181.92
-11801349.32,4654180.64,2181.94
-11801350.91,4654179.93,2181.92
-11801352.51,4654179.23,2181.94
-11801354.06,4654178.53,2181.88
-11801355.65,4654177.82,2181.9
-11801357.25,4654177.13,2181.88
-11801358.82,4654176.43,2181.86
-11801360.4,4654175.73,2181.88
-11801362.0,4654175.0200000005,2181.9
-11801363.59,4654174.3100000005,2181.92
-11801365.18,4654173.600000001,2181.96
-11801366.75,4654172.92,2181.94
-11801368.36,4654172.21,2181.98
-11801369.96,4654171.5,2182.0
-11801371.55,4654170.79,2182.01
-11801373.15,4654170.08,2182.05
-11801374.71,4654169.38,2182.03
-11801376.27,4654168.7,2182.03
-11801377.85,4654168.0,2182.07
-11801379.44,4654167.3,2182.11
-11801381.040000001,4654166.59,2182.13
-11801382.63,4654165.87,2182.19
-11801384.25,4654165.16,2182.3
-11801385.84,4654164.45,2182.38
-11801387.44,4654163.74,2182.47
-11801389.05,4654163.03,2182.57
-11801390.6,4654162.34,2182.6
-11801392.17,4654161.65,2182.69
-11801393.77,4654160.94,2182.69
-11801395.370000001,4654160.23,2182.72
-11801397.33,4654159.36,2184.72
-11801398.83,4654158.7,2184.34
-11801400.13,4654158.12,2182.85
-11801402.78,4654156.94,2188.81
-11801401.72,4654157.42,2182.88
-11801404.22,4654156.28,2188.06
-11801405.66,4654155.66,2187.32
-11801407.07,4654155.04,2186.6
-11801407.97,4654154.64,2182.86
-11801411.34,4654153.15,2184.13
-11801411.15,4654153.24,2182.99
-11801412.72,4654152.54,2182.9
-11801414.3,4654151.850000001,2182.92
-11801415.870000001,4654151.15,2182.94
-11801417.450000001,4654150.45,2182.98
-11801417.6,4654152.39,2182.94
-11801416.02,4654153.100000001,2182.92
-11801414.42,4654153.8100000005,2182.9
-11801412.86,4654154.51,2182.86
-11801411.32,4654155.19,2182.85
-11801410.09,4654155.74,2184.84
-11801408.14,4654156.61,2182.84
-11801407.22,4654157.0200000005,2186.5
-11801406.57,4654157.3100000005,2182.86
-11801404.99,4654158.0,2182.86
-11801403.4,4654158.7,2182.86
-11801401.83,4654159.41,2182.83
-11801400.25,4654160.12,2182.77
-11801398.96,4654160.7,2184.38
-11801398.68,4654160.82,2182.83
-11801397.26,4654161.44,2183.74
-11801395.49,4654162.25,2182.72
-11801393.9,4654162.95,2182.65
-11801392.32,4654163.66,2182.61
-11801390.73,4654164.37,2182.56
-11801389.14,4654165.05,2182.5
-11801387.56,4654165.76,2182.44
-11801385.97,4654166.47,2182.35
-11801384.35,4654167.2,2182.28
-11801382.74,4654167.91,2182.19
-11801381.16,4654168.62,2182.15
-11801379.6,4654169.33,2182.11
-11801378.0,4654170.04,2182.06
-11801376.41,4654170.75,2182.06
-11801374.83,4654171.44,2182.1
-11801373.22,4654172.17,2182.03
-11801371.64,4654172.86,2182.01
-11801370.040000001,4654173.57,2181.99
-11801368.44,4654174.3,2181.96
-11801366.84,4654175.01,2181.94
-11801365.28,4654175.7,2181.96
-11801363.700000001,4654176.4,2181.94
-11801362.1,4654177.11,2181.94
-11801360.52,4654177.82,2181.94
-11801358.950000001,4654178.5200000005,2181.96
-11801357.36,4654179.23,2182.02
-11801355.76,4654179.94,2182.05
-11801354.200000001,4654180.63,2182.02
-11801352.620000001,4654181.33,2181.97
-11801351.02,4654182.04,2181.92
-11801349.39,4654182.78,2181.86
-11801347.8,4654183.49,2181.86
-11801346.21,4654184.17,2181.84
-11801346.27,4654184.89,2181.77
-11801347.89,4654184.18,2181.83
-11801349.48,4654183.47,2181.79
-11801351.08,4654182.76,2181.86
-11801352.65,4654182.0600000005,2181.9
-11801354.24,4654181.36,2181.94
-11801355.870000001,4654180.64,2182.01
-11801357.48,4654179.92,2182.06
-11801359.03,4654179.22,2182.0
-11801360.6,4654178.55,2181.96
-11801362.200000001,4654177.84,2181.92
-11801363.8,4654177.13,2181.9
-11801365.39,4654176.42,2181.88
-11801366.94,4654175.74,2181.88
-11801368.5,4654175.04,2181.88
-11801370.120000001,4654174.33,2181.92
-11801371.72,4654173.62,2181.97
-11801373.31,4654172.91,2182.01
-11801374.89,4654172.21,2182.07
-11801376.44,4654171.5,2182.07
-11801378.02,4654170.82,2182.06
-11801379.620000001,4654170.12,2182.09
-11801381.22,4654169.4,2182.11
-11801382.82,4654168.69,2182.15
-11801384.4,4654167.99,2182.19
-11801386.0,4654167.28,2182.29
-11801387.59,4654166.57,2182.38
-11801389.19,4654165.87,2182.44
-11801390.78,4654165.16,2182.52
-11801392.370000001,4654164.46,2182.59
-11801393.93,4654163.7700000005,2182.61
-11801395.55,4654163.0600000005,2182.67
-11801397.31,4654162.2700000005,2183.56
-11801398.89,4654161.57,2183.59
-11801400.290000001,4654160.95,2182.69
-11801401.89,4654160.24,2182.76
-11801403.48,4654159.53,2182.78
-11801405.05,4654158.84,2182.84
-11801406.64,4654158.13,2182.83
-11801408.42,4654157.34,2184.03
-11801408.200000001,4654157.44,2182.81
-11801410.11,4654156.59,2184.79
-11801409.92,4654156.68,2183.69
-11801411.34,4654156.05,2182.81
-11801412.91,4654155.350000001,2182.84
-11801414.47,4654154.65,2182.85
-11801416.06,4654153.96,2182.9
-11801417.63,4654153.25,2182.94
-11801417.93,4654155.100000001,2182.9
-11801416.36,4654155.8,2182.88
-11801414.73,4654156.5200000005,2182.82
-11801413.14,4654157.23,2182.78
-11801411.58,4654157.93,2182.79
-11801410.14,4654158.5600000005,2183.63
-11801408.59,4654159.26,2183.67
-11801406.870000001,4654160.03,2182.82
-11801405.3,4654160.73,2182.81
-11801403.71,4654161.42,2182.75
-11801402.13,4654162.15,2182.72
-11801400.55,4654162.850000001,2182.72
-11801399.0,4654163.53,2182.74
-11801397.58,4654164.16,2183.55
-11801395.82,4654164.95,2182.61
-11801394.23,4654165.66,2182.57
-11801392.620000001,4654166.39,2182.52
-11801391.02,4654167.100000001,2182.42
-11801389.44,4654167.79,2182.35
-11801387.870000001,4654168.49,2182.3
-11801386.290000001,4654169.2,2182.22
-11801384.700000001,4654169.91,2182.17
-11801383.09,4654170.62,2182.15
-11801381.5,4654171.33,2182.1
-11801379.9,4654172.05,2182.05
-11801378.31,4654172.75,2181.98
-11801376.73,4654173.46,2182.0
-11801375.17,4654174.16,2182.01
-11801373.57,4654174.87,2182.02
-11801371.96,4654175.59,2182.0
-11801370.370000001,4654176.3,2181.96
-11801368.790000001,4654177.0,2181.9
-11801367.23,4654177.69,2181.94
-11801365.63,4654178.4,2182.0
-11801364.040000001,4654179.11,2182.04
-11801362.49,4654179.8,2182.1
-11801360.91,4654180.51,2182.07
-11801359.3,4654181.22,2181.99
-11801357.71,4654181.93,2181.96
-11801356.09,4654182.65,2181.94
-11801354.51,4654183.36,2181.92
-11801352.91,4654184.07,2181.85
-11801351.290000001,4654184.78,2181.88
-11801349.69,4654185.51,2181.83
-11801348.09,4654186.22,2181.81
-11801346.51,4654186.9,2181.8
-11801346.25,4654187.79,2181.77
-11801347.86,4654187.08,2181.77
-11801349.46,4654186.37,2181.77
-11801351.05,4654185.67,2181.82
-11801352.66,4654184.95,2181.86
-11801354.25,4654184.25,2181.83
-11801355.82,4654183.55,2181.88
-11801357.41,4654182.84,2181.9
-11801359.01,4654182.13,2181.94
-11801360.6,4654181.44,2181.94
-11801362.19,4654180.73,2182.04
-11801363.78,4654180.03,2182.06
-11801365.370000001,4654179.32,2182.05
-11801366.94,4654178.62,2181.99
-11801368.52,4654177.92,2181.96
-11801370.1,4654177.23,2181.97
-11801371.67,4654176.5200000005,2181.96
-11801373.26,4654175.8100000005,2182.0
-11801374.85,4654175.100000001,2182.01
-11801376.46,4654174.39,2181.98
-11801378.01,4654173.72,2181.94
-11801379.61,4654173.01,2181.94
-11801381.22,4654172.29,2182.06
-11801382.8,4654171.58,2182.08
-11801384.41,4654170.87,2182.13
-11801385.98,4654170.16,2182.17
-11801387.57,4654169.48,2182.22
-11801389.15,4654168.78,2182.26
-11801390.71,4654168.09,2182.31
-11801392.32,4654167.36,2182.44
-11801393.9,4654166.65,2182.48
-11801395.49,4654165.97,2182.55
-11801397.09,4654165.26,2182.6
-11801398.68,4654164.55,2182.61
-11801400.28,4654163.84,2182.67
-11801401.870000001,4654163.14,2182.67
-11801403.42,4654162.43,2182.69
-11801405.01,4654161.75,2182.75
-11801406.6,4654161.05,2182.76
-11801408.16,4654160.350000001,2182.76
-11801409.89,4654159.58,2183.59
-11801411.290000001,4654158.96,2182.69
-11801412.84,4654158.28,2182.75
-11801414.44,4654157.57,2182.78
-11801416.03,4654156.84,2182.82
-11801417.61,4654156.16,2182.84
-11801417.0,4654158.3100000005,2182.77
-11801415.450000001,4654158.99,2182.74
-11801413.89,4654159.7,2182.72
-11801412.31,4654160.4,2182.71
-11801410.72,4654161.11,2182.67
-11801409.31,4654161.73,2183.63
-11801407.66,4654162.47,2183.38
-11801405.96,4654163.24,2182.69
-11801404.41,4654163.92,2182.67
-11801402.85,4654164.62,2182.63
-11801401.27,4654165.32,2182.61
-11801399.65,4654166.04,2182.57
-11801398.08,4654166.74,2182.54
-11801396.49,4654167.43,2182.48
-11801394.91,4654168.14,2182.42
-11801393.31,4654168.850000001,2182.36
-11801391.700000001,4654169.5600000005,2182.29
-11801390.1,4654170.2700000005,2182.24
-11801388.53,4654170.98,2182.19
-11801386.97,4654171.69,2182.17
-11801385.36,4654172.4,2182.13
-11801383.75,4654173.11,2182.1
-11801382.15,4654173.82,2182.08
-11801380.59,4654174.5200000005,2182.05
-11801379.01,4654175.23,2182.02
-11801377.44,4654175.93,2182.06
-11801375.85,4654176.64,2182.01
-11801374.23,4654177.350000001,2182.02
-11801372.65,4654178.0600000005,2182.01
-11801371.08,4654178.75,2182.04
-11801369.51,4654179.45,2182.13
-11801367.92,4654180.16,2182.15
-11801366.32,4654180.87,2182.06
-11801364.700000001,4654181.600000001,2182.02
-11801363.13,4654182.3100000005,2181.98
-11801361.55,4654182.99,2181.94
-11801359.98,4654183.7,2181.92
-11801358.39,4654184.41,2181.94
-11801356.790000001,4654185.12,2181.86
-11801355.22,4654185.82,2181.92
-11801353.6,4654186.54,2181.86
-11801351.98,4654187.26,2181.83
-11801350.38,4654187.97,2181.84
-11801348.790000001,4654188.68,2181.79
-11801347.19,4654189.39,2181.76
-11801345.59,4654190.100000001,2181.74
-11801346.73,4654190.26,2181.73
-11801348.33,4654189.55,2181.76
-11801349.96,4654188.84,2181.81
-11801351.57,4654188.11,2181.83
-11801353.15,4654187.42,2181.81
-11801354.72,4654186.72,2181.88
-11801356.3,4654186.0200000005,2181.88
-11801357.86,4654185.33,2181.88
-11801359.450000001,4654184.62,2181.92
-11801361.05,4654183.91,2181.92
-11801362.64,4654183.2,2181.94
-11801364.23,4654182.51,2181.96
-11801365.84,4654181.79,2181.97
-11801367.44,4654181.09,2182.03
-11801369.03,4654180.38,2182.15
-11801370.63,4654179.67,2182.15
-11801372.21,4654178.97,2182.05
-11801373.790000001,4654178.26,2182.02
-11801375.370000001,4654177.58,2182.02
-11801376.92,4654176.88,2182.02
-11801378.5,4654176.17,2182.03
-11801380.09,4654175.46,2182.06
-11801381.66,4654174.78,2182.05
-11801383.28,4654174.07,2182.08
-11801384.870000001,4654173.36,2182.11
-11801386.46,4654172.66,2182.13
-11801388.02,4654171.96,2182.17
-11801389.61,4654171.2700000005,2182.19
-11801391.21,4654170.5600000005,2182.25
-11801392.790000001,4654169.86,2182.3
-11801394.36,4654169.16,2182.35
-11801395.98,4654168.44,2182.42
-11801397.56,4654167.74,2182.47
-11801399.15,4654167.03,2182.52
-11801400.73,4654166.33,2182.58
-11801402.3,4654165.64,2182.6
-11801403.89,4654164.93,2182.6
-11801405.48,4654164.23,2182.63
-11801407.040000001,4654163.5200000005,2182.65
-11801408.700000001,4654162.8,2183.3
-11801410.4,4654162.03,2184.1
-11801410.17,4654162.15,2182.81
-11801411.73,4654161.45,2182.63
-11801413.34,4654160.74,2182.69
-11801414.94,4654160.03,2182.72
-11801416.53,4654159.34,2182.74
-11801418.1,4654158.64,2182.74
-11801417.620000001,4654160.89,2182.72
-11801416.0,4654161.63,2182.71
-11801414.41,4654162.34,2182.69
-11801412.86,4654163.0200000005,2182.65
-11801411.290000001,4654163.73,2182.63
-11801410.02,4654164.28,2184.46
-11801409.790000001,4654164.39,2183.15
-11801408.19,4654165.100000001,2183.21
-11801406.52,4654165.850000001,2182.55
-11801404.98,4654166.53,2182.55
-11801403.41,4654167.23,2182.55
-11801401.82,4654167.94,2182.51
-11801400.23,4654168.65,2182.51
-11801398.620000001,4654169.37,2182.42
-11801397.040000001,4654170.07,2182.38
-11801395.46,4654170.75,2182.34
-11801393.85,4654171.49,2182.29
-11801392.26,4654172.2,2182.27
-11801390.69,4654172.9,2182.25
-11801389.1,4654173.61,2182.22
-11801387.51,4654174.32,2182.17
-11801385.950000001,4654175.01,2182.13
-11801384.370000001,4654175.71,2182.1
-11801382.790000001,4654176.39,2182.09
-11801381.19,4654177.13,2182.08
-11801379.57,4654177.850000001,2182.09
-11801377.98,4654178.54,2182.11
-11801376.43,4654179.25,2182.17
-11801374.85,4654179.94,2182.21
-11801373.28,4654180.64,2182.15
-11801371.71,4654181.33,2182.08
-11801370.1,4654182.0600000005,2182.07
-11801368.48,4654182.78,2182.04
-11801366.9,4654183.49,2182.02
-11801365.31,4654184.18,2181.98
-11801363.72,4654184.89,2181.92
-11801362.13,4654185.600000001,2181.94
-11801360.53,4654186.3100000005,2181.88
-11801358.950000001,4654187.0200000005,2181.94
-11801357.36,4654187.73,2181.9
-11801355.790000001,4654188.43,2181.9
-11801354.17,4654189.15,2181.84
-11801352.59,4654189.86,2181.82
-11801350.98,4654190.57,2181.77
-11801349.4,4654191.28,2181.71
-11801347.78,4654191.99,2181.72
-11801346.18,4654192.71,2181.75
-11801346.84,4654193.14,2181.67
-11801348.42,4654192.43,2181.67
-11801350.03,4654191.72,2181.75
-11801351.6,4654191.04,2181.8
-11801353.19,4654190.33,2181.82
-11801354.790000001,4654189.62,2181.82
-11801356.41,4654188.91,2181.85
-11801357.99,4654188.2,2181.85
-11801359.6,4654187.5,2181.92
-11801361.18,4654186.79,2181.85
-11801362.77,4654186.08,2181.94
-11801364.35,4654185.39,2181.94
-11801365.93,4654184.68,2181.96
-11801367.53,4654183.97,2181.98
-11801369.120000001,4654183.28,2182.02
-11801370.700000001,4654182.57,2182.01
-11801372.290000001,4654181.86,2182.04
-11801373.88,4654181.15,2182.08
-11801375.48,4654180.45,2182.13
-11801377.07,4654179.75,2182.17
-11801378.63,4654179.0600000005,2182.11
-11801380.200000001,4654178.37,2182.1
-11801381.790000001,4654177.66,2182.08
-11801383.370000001,4654176.96,2182.08
-11801384.950000001,4654176.25,2182.1
-11801386.53,4654175.5600000005,2182.11
-11801388.13,4654174.86,2182.15
-11801389.72,4654174.15,2182.19
-11801391.3,4654173.44,2182.24
-11801392.91,4654172.73,2182.27
-11801394.48,4654172.03,2182.29
-11801396.05,4654171.34,2182.34
-11801397.620000001,4654170.65,2182.36
-11801399.21,4654169.94,2182.42
-11801400.790000001,4654169.24,2182.44
-11801402.370000001,4654168.53,2182.46
-11801403.950000001,4654167.82,2182.5
-11801405.53,4654167.14,2182.5
-11801407.13,4654166.43,2182.53
-11801408.82,4654165.68,2183.17
-11801410.28,4654165.04,2182.69
-11801411.84,4654164.34,2182.61
-11801413.42,4654163.64,2182.63
-11801415.02,4654162.93,2182.65
-11801416.61,4654162.23,2182.71
-11801418.16,4654161.55,2182.67
-11801418.18,4654163.350000001,2182.69
-11801416.59,4654164.0600000005,2182.67
-11801415.0,4654164.7700000005,2182.65
-11801413.4,4654165.48,2182.61
-11801411.84,4654166.17,2182.57
-11801410.26,4654166.88,2182.56
-11801408.700000001,4654167.58,2182.53
-11801407.1,4654168.28,2182.5
-11801405.5,4654168.99,2182.49
-11801403.94,4654169.7,2182.42
-11801402.370000001,4654170.39,2182.4
-11801400.78,4654171.100000001,2182.4
-11801399.19,4654171.8,2182.36
-11801397.620000001,4654172.51,2182.33
-11801396.040000001,4654173.21,2182.3
-11801394.44,4654173.92,2182.28
-11801392.86,4654174.63,2182.29
-11801391.27,4654175.33,2182.25
-11801389.67,4654176.04,2182.23
-11801388.07,4654176.75,2182.17
-11801386.48,4654177.46,2182.11
-11801384.91,4654178.17,2182.11
-11801383.33,4654178.850000001,2182.15
-11801381.77,4654179.5600000005,2182.19
-11801380.21,4654180.26,2182.13
-11801378.63,4654180.95,2182.11
-11801377.02,4654181.68,2182.08
-11801375.41,4654182.39,2182.06
-11801373.84,4654183.07,2182.04
-11801372.22,4654183.8100000005,2182.01
-11801370.620000001,4654184.5200000005,2182.01
-11801369.03,4654185.23,2182.0
-11801367.450000001,4654185.94,2181.97
-11801365.84,4654186.65,2181.96
-11801364.26,4654187.34,2181.86
-11801362.68,4654188.05,2181.97
-11801361.09,4654188.76,2181.99
-11801359.49,4654189.46,2181.88
-11801357.9,4654190.17,2181.84
-11801356.31,4654190.88,2181.83
-11801354.71,4654191.59,2181.8
-11801353.14,4654192.3,2181.8
-11801351.53,4654193.01,2181.78
-11801349.93,4654193.72,2181.79
-11801348.33,4654194.43,2181.76
-11801346.74,4654195.14,2181.74
-11801347.11,4654195.74,2181.67
-11801348.71,4654195.03,2181.72
-11801350.34,4654194.3100000005,2181.75
-11801351.91,4654193.61,2181.75
-11801353.47,4654192.91,2181.78
-11801355.08,4654192.22,2181.78
-11801356.68,4654191.51,2181.78
-11801358.290000001,4654190.8,2181.82
-11801359.85,4654190.100000001,2181.85
-11801361.43,4654189.4,2181.88
-11801363.040000001,4654188.69,2181.92
-11801364.66,4654187.97,2181.94
-11801366.22,4654187.28,2181.9
-11801367.790000001,4654186.59,2181.94
-11801369.39,4654185.88,2181.96
-11801370.98,4654185.18,2181.97
-11801372.540000001,4654184.47,2181.99
-11801374.11,4654183.79,2182.01
-11801375.73,4654183.05,2182.03
-11801377.34,4654182.350000001,2182.02
-11801378.89,4654181.67,2182.06
-11801380.51,4654180.96,2182.11
-11801382.120000001,4654180.24,2182.15
-11801383.71,4654179.54,2182.17
-11801385.27,4654178.83,2182.15
-11801386.84,4654178.16,2182.11
-11801388.4,4654177.46,2182.17
-11801390.01,4654176.75,2182.22
-11801391.61,4654176.03,2182.25
-11801393.19,4654175.34,2182.25
-11801394.78,4654174.65,2182.25
-11801396.34,4654173.95,2182.28
-11801397.93,4654173.24,2182.29
-11801399.540000001,4654172.53,2182.32
-11801401.1,4654171.84,2182.35
-11801402.66,4654171.15,2182.38
-11801404.23,4654170.44,2182.4
-11801405.84,4654169.73,2182.46
-11801407.44,4654169.0200000005,2182.48
-11801409.01,4654168.33,2182.51
-11801410.6,4654167.64,2182.52
-11801412.15,4654166.94,2182.55
-11801413.73,4654166.24,2182.59
-11801415.33,4654165.54,2182.63
-11801416.91,4654164.850000001,2182.67
-11801418.47,4654164.14,2182.69
-11801418.5,4654166.0600000005,2182.67
-11801416.93,4654166.76,2182.65
-11801415.36,4654167.45,2182.61
-11801413.8,4654168.15,2182.59
-11801412.21,4654168.86,2182.55
-11801410.61,4654169.57,2182.51
-11801409.02,4654170.28,2182.51
-11801407.47,4654170.97,2182.49
-11801405.88,4654171.68,2182.44
-11801404.27,4654172.39,2182.4
-11801402.71,4654173.08,2182.36
-11801401.13,4654173.79,2182.34
-11801399.53,4654174.5,2182.33
-11801397.96,4654175.2,2182.32
-11801396.4,4654175.9,2182.27
-11801394.83,4654176.58,2182.27
-11801393.22,4654177.29,2182.28
-11801391.620000001,4654178.01,2182.27
-11801390.05,4654178.71,2182.27
-11801388.48,4654179.41,2182.24
-11801387.16,4654180.0,2183.65
-11801386.88,4654180.12,2182.24
-11801385.26,4654180.84,2182.15
-11801383.69,4654181.54,2182.11
-11801382.120000001,4654182.25,2182.07
-11801380.53,4654182.95,2182.06
-11801378.94,4654183.66,2182.06
-11801377.35,4654184.37,2182.04
-11801375.76,4654185.0600000005,2182.01
-11801374.17,4654185.7700000005,2181.99
-11801372.56,4654186.5,2181.97
-11801370.97,4654187.19,2182.0
-11801369.38,4654187.9,2181.92
-11801367.81,4654188.59,2182.01
-11801366.24,4654189.3,2181.97
-11801364.66,4654190.01,2181.92
-11801363.05,4654190.72,2181.9
-11801361.47,4654191.43,2181.88
-11801359.85,4654192.14,2181.85
-11801358.25,4654192.86,2181.82
-11801356.64,4654193.57,2181.8
-11801355.03,4654194.28,2181.81
-11801353.46,4654194.99,2181.78
-11801351.86,4654195.69,2181.74
-11801353.48,4654195.68,2181.74
-11801355.06,4654195.0,2181.75
-11801356.66,4654194.29,2181.76
-11801358.25,4654193.59,2181.77
-11801359.870000001,4654192.87,2181.84
-11801361.46,4654192.16,2181.84
-11801363.02,4654191.47,2181.86
-11801364.61,4654190.75,2181.9
-11801366.21,4654190.04,2181.9
-11801367.82,4654189.36,2181.92
-11801369.42,4654188.65,2181.94
-11801370.99,4654187.95,2181.94
-11801372.56,4654187.25,2181.97
-11801374.14,4654186.5600000005,2181.99
-11801375.73,4654185.850000001,2181.99
-11801377.33,4654185.14,2181.99
-11801378.91,4654184.44,2182.02
-11801380.49,4654183.74,2182.07
-11801382.06,4654183.03,2182.05
-11801383.66,4654182.350000001,2182.09
-11801385.24,4654181.64,2182.1
-11801386.83,4654180.94,2182.09
-11801388.43,4654180.23,2182.17
-11801390.03,4654179.5200000005,2182.27
-11801391.620000001,4654178.8100000005,2182.27
-11801393.21,4654178.100000001,2182.26
-11801394.77,4654177.43,2182.25
-11801396.33,4654176.73,2182.26
-11801397.91,4654176.03,2182.28
-11801399.51,4654175.32,2182.29
-11801401.1,4654174.63,2182.34
-11801402.66,4654173.93,2182.35
-11801404.24,4654173.22,2182.38
-11801405.8,4654172.54,2182.4
-11801407.4,4654171.84,2182.44
-11801409.01,4654171.13,2182.47
-11801410.57,4654170.43,2182.49
-11801412.14,4654169.73,2182.53
-11801413.72,4654169.04,2182.54
-11801415.32,4654168.33,2182.58
-11801416.91,4654167.63,2182.61
-11801418.46,4654166.92,2182.65
-11801417.73,4654169.44,2182.65
-11801416.200000001,4654170.14,2182.65
-11801414.620000001,4654170.84,2182.56
-11801413.02,4654171.55,2182.53
-11801411.42,4654172.2700000005,2182.49
-11801409.83,4654172.97,2182.48
-11801408.27,4654173.66,2182.46
-11801406.72,4654174.36,2182.4
-11801405.1,4654175.07,2182.4
-11801403.49,4654175.79,2182.36
-11801401.93,4654176.48,2182.35
-11801400.370000001,4654177.16,2182.35
-11801398.81,4654177.87,2182.32
-11801397.24,4654178.57,2182.32
-11801395.63,4654179.28,2182.29
-11801394.06,4654179.96,2182.36
-11801392.46,4654180.67,2182.21
-11801390.86,4654181.41,2182.15
-11801389.28,4654182.09,2182.15
-11801387.67,4654182.8,2182.13
-11801386.09,4654183.53,2182.11
-11801384.51,4654184.22,2182.07
-11801382.93,4654184.93,2182.04
-11801381.34,4654185.63,2182.02
-11801379.75,4654186.34,2181.98
-11801378.16,4654187.05,2182.0
-11801376.6,4654187.73,2182.0
-11801375.01,4654188.44,2181.99
-11801373.43,4654189.14,2181.92
-11801371.84,4654189.850000001,2182.01
-11801370.23,4654190.57,2181.94
-11801368.65,4654191.2700000005,2181.88
-11801367.08,4654191.96,2181.86
-11801365.48,4654192.67,2181.84
-11801363.89,4654193.39,2181.85
-11801362.27,4654194.100000001,2181.81
-11801360.700000001,4654194.8100000005,2181.81
-11801359.1,4654195.5200000005,2181.79
-11801360.46,4654195.66,2181.81
-11801362.05,4654194.95,2181.8
-11801363.65,4654194.24,2181.82
-11801365.24,4654193.53,2181.83
-11801366.82,4654192.84,2181.85
-11801368.42,4654192.13,2181.88
-11801370.01,4654191.44,2181.9
-11801371.61,4654190.73,2181.92
-11801373.19,4654190.0200000005,2181.98
-11801374.790000001,4654189.3100000005,2181.94
-11801376.4,4654188.600000001,2182.02
-11801377.99,4654187.89,2182.01
-11801379.540000001,4654187.21,2181.94
-11801381.120000001,4654186.5200000005,2181.98
-11801382.71,4654185.82,2182.02
-11801384.290000001,4654185.12,2182.07
-11801385.91,4654184.4,2182.09
-11801387.5,4654183.7,2182.13
-11801389.06,4654183.01,2182.15
-11801390.66,4654182.3,2182.15
-11801392.28,4654181.58,2182.17
-11801393.86,4654180.89,2182.19
-11801395.44,4654180.19,2182.3
-11801396.99,4654179.49,2182.36
-11801398.55,4654178.8100000005,2182.38
-11801400.17,4654178.100000001,2182.35
-11801401.76,4654177.4,2182.3
-11801403.31,4654176.71,2182.36
-11801404.88,4654176.0,2182.38
-11801406.46,4654175.3100000005,2182.4
-11801408.05,4654174.61,2182.42
-11801409.61,4654173.9,2182.42
-11801411.21,4654173.19,2182.44
-11801412.790000001,4654172.51,2182.51
-11801414.34,4654171.83,2182.56
-11801415.94,4654171.12,2182.61
-11801417.55,4654170.41,2182.61
-11801418.46,4654171.88,2182.63
-11801416.9,4654172.58,2182.59
-11801415.290000001,4654173.3,2182.55
-11801413.700000001,4654174.01,2182.48
-11801412.120000001,4654174.71,2182.44
-11801410.53,4654175.39,2182.44
-11801408.98,4654176.100000001,2182.44
-11801407.42,4654176.8,2182.44
-11801405.83,4654177.5,2182.44
-11801404.24,4654178.21,2182.44
-11801402.67,4654178.91,2182.48
-11801401.1,4654179.600000001,2182.52
-11801399.52,4654180.3100000005,2182.38
-11801397.9,4654181.0200000005,2182.29
-11801396.31,4654181.73,2182.28
-11801394.74,4654182.43,2182.22
-11801393.16,4654183.13,2182.21
-11801391.58,4654183.84,2182.21
-11801389.98,4654184.55,2182.19
-11801388.36,4654185.26,2182.13
-11801386.74,4654185.97,2182.09
-11801385.15,4654186.68,2182.06
-11801383.6,4654187.37,2182.03
-11801382.02,4654188.08,2182.0
-11801380.41,4654188.79,2182.02
-11801378.84,4654189.48,2182.06
-11801377.25,4654190.19,2182.03
-11801375.66,4654190.9,2181.97
-11801374.07,4654191.61,2181.92
-11801372.47,4654192.32,2181.9
-11801370.88,4654193.03,2181.9
-11801369.290000001,4654193.73,2181.88
-11801367.73,4654194.41,2181.86
-11801366.15,4654195.12,2181.85
-11801364.540000001,4654195.83,2181.81
-11801367.1,4654195.5200000005,2181.8
-11801368.71,4654194.82,2181.85
-11801370.28,4654194.11,2181.86
-11801371.870000001,4654193.4,2181.88
-11801373.450000001,4654192.72,2181.88
-11801375.05,4654192.0200000005,2181.9
-11801376.64,4654191.3100000005,2181.94
-11801378.25,4654190.600000001,2182.01
-11801379.83,4654189.89,2181.94
-11801381.43,4654189.18,2182.01
-11801382.98,4654188.51,2181.98
-11801384.57,4654187.8100000005,2182.0
-11801386.15,4654187.100000001,2182.05
-11801387.73,4654186.42,2182.09
-11801389.34,4654185.7,2182.23
-11801390.950000001,4654184.99,2182.22
-11801392.53,4654184.29,2182.19
-11801394.09,4654183.59,2182.19
-11801395.66,4654182.91,2182.23
-11801397.25,4654182.21,2182.25
-11801398.81,4654181.51,2182.29
-11801400.41,4654180.8,2182.32
-11801402.040000001,4654180.08,2182.38
-11801403.620000001,4654179.39,2182.53
-11801405.15,4654178.71,2182.44
-11801406.74,4654178.0,2182.44
-11801408.33,4654177.29,2182.42
-11801409.91,4654176.61,2182.44
-11801411.47,4654175.92,2182.42
-11801413.05,4654175.23,2182.48
-11801414.61,4654174.53,2182.49
-11801416.19,4654173.83,2182.51
-11801417.790000001,4654173.12,2182.57
-11801417.39,4654175.05,2182.53
-11801415.81,4654175.75,2182.51
-11801414.200000001,4654176.46,2182.5
-11801412.58,4654177.18,2182.48
-11801411.03,4654177.850000001,2182.47
-11801409.48,4654178.55,2182.48
-11801407.91,4654179.24,2182.49
-11801406.31,4654179.95,2182.46
-11801404.69,4654180.68,2182.4
-11801403.120000001,4654181.38,2182.4
-11801401.540000001,4654182.07,2182.36
-11801399.950000001,4654182.78,2182.29
-11801398.38,4654183.48,2182.26
-11801396.77,4654184.19,2182.22
-11801395.22,4654184.86,2182.19
-11801393.63,4654185.57,2182.15
-11801392.03,4654186.28,2182.17
-11801390.46,4654186.99,2182.11
-11801388.870000001,4654187.69,2182.1
-11801387.290000001,4654188.4,2182.1
-11801385.72,4654189.08,2182.07
-11801384.14,4654189.79,2182.09
-11801382.540000001,4654190.5,2182.02
-11801380.94,4654191.21,2182.05
-11801379.32,4654191.92,2181.97
-11801377.75,4654192.62,2181.9
-11801376.16,4654193.33,2181.9
-11801374.57,4654194.01,2181.88
-11801372.97,4654194.75,2181.88
-11801371.38,4654195.43,2181.88
-11801371.870000001,4654195.83,2181.86
-11801373.450000001,4654195.14,2181.86
-11801375.05,4654194.43,2181.88
-11801376.620000001,4654193.72,2181.9
-11801378.19,4654193.04,2181.9
-11801379.78,4654192.34,2181.94
-11801381.35,4654191.64,2182.04
-11801382.950000001,4654190.93,2182.01
-11801384.57,4654190.21,2182.09
-11801386.17,4654189.5,2182.07
-11801387.77,4654188.82,2182.09
-11801389.35,4654188.12,2182.1
-11801390.92,4654187.42,2182.11
-11801392.52,4654186.71,2182.15
-11801394.09,4654186.01,2182.15
-11801395.68,4654185.32,2182.15
-11801397.28,4654184.61,2182.17
-11801398.84,4654183.91,2182.23
-11801400.42,4654183.23,2182.29
-11801401.99,4654182.53,2182.31
-11801403.59,4654181.82,2182.36
-11801405.17,4654181.12,2182.4
-11801406.73,4654180.44,2182.38
-11801408.35,4654179.73,2182.5
-11801409.93,4654179.0200000005,2182.46
-11801411.51,4654178.32,2182.44
-11801413.05,4654177.64,2182.47
-11801414.620000001,4654176.95,2182.49
-11801416.200000001,4654176.24,2182.49
-11801417.78,4654175.5600000005,2182.52
-11801417.44,4654177.73,2182.56
-11801415.88,4654178.43,2182.56
-11801414.3,4654179.12,2182.58
-11801412.71,4654179.83,2182.5
-11801411.11,4654180.5200000005,2182.47
-11801409.51,4654181.25,2182.42
-11801407.97,4654181.94,2182.42
-11801406.4,4654182.62,2182.36
-11801404.82,4654183.33,2182.29
-11801403.21,4654184.03,2182.29
-11801401.66,4654184.74,2182.31
-11801400.11,4654185.42,2182.24
-11801398.49,4654186.13,2182.19
-11801396.9,4654186.84,2182.17
-11801395.32,4654187.53,2182.15
-11801393.71,4654188.25,2182.15
-11801392.14,4654188.96,2182.08
-11801390.55,4654189.66,2182.06
-11801388.97,4654190.350000001,2182.1
-11801387.4,4654191.04,2182.11
-11801385.78,4654191.7700000005,2182.04
-11801384.22,4654192.46,2182.09
-11801382.620000001,4654193.17,2181.98
-11801381.01,4654193.89,2181.94
-11801379.4,4654194.600000001,2181.9
-11801377.84,4654195.3,2181.88
-11801379.74,4654195.14,2181.9
-11801381.34,4654194.41,2181.92
-11801382.950000001,4654193.73,2181.96
-11801384.53,4654193.0200000005,2182.01
-11801386.14,4654192.3100000005,2182.13
-11801387.74,4654191.61,2182.07
-11801389.31,4654190.91,2182.1
-11801390.86,4654190.23,2182.07
-11801392.44,4654189.53,2182.08
-11801394.03,4654188.82,2182.11
-11801395.620000001,4654188.11,2182.15
-11801397.22,4654187.43,2182.17
-11801398.81,4654186.72,2182.19
-11801400.38,4654186.0200000005,2182.22
-11801401.97,4654185.32,2182.27
-11801403.56,4654184.63,2182.28
-11801405.11,4654183.93,2182.27
-11801406.700000001,4654183.23,2182.35
-11801408.3,4654182.5200000005,2182.38
-11801409.88,4654181.8100000005,2182.36
-11801411.46,4654181.13,2182.38
-11801413.03,4654180.44,2182.47
-11801414.620000001,4654179.73,2182.56
-11801416.21,4654179.04,2182.49
-11801417.77,4654178.34,2182.55
-11801417.75,4654180.100000001,2182.5
-11801416.14,4654180.8100000005,2182.48
-11801414.57,4654181.49,2182.4
-11801412.98,4654182.2,2182.38
-11801411.41,4654182.9,2182.38
-11801409.84,4654183.600000001,2182.34
-11801408.26,4654184.29,2182.32
-11801406.68,4654185.0,2182.29
-11801405.07,4654185.71,2182.26
-11801403.49,4654186.41,2182.26
-11801401.93,4654187.11,2182.24
-11801400.34,4654187.79,2182.24
-11801398.76,4654188.51,2182.19
-11801397.17,4654189.21,2182.19
-11801395.59,4654189.92,2182.15
-11801394.01,4654190.62,2182.1
-11801392.41,4654191.33,2182.08
-11801390.81,4654192.04,2182.11
-11801389.22,4654192.72,2182.08
-11801387.64,4654193.43,2182.11
-11801386.05,4654194.14,2182.03
-11801384.48,4654194.84,2181.98
-11801382.91,4654195.5200000005,2181.94
-11801385.950000001,4654195.0600000005,2181.99
-11801387.56,4654194.350000001,2182.03
-11801389.14,4654193.64,2182.11
-11801390.68,4654192.98,2182.05
-11801392.290000001,4654192.2700000005,2182.11
-11801393.89,4654191.5600000005,2182.11
-11801395.47,4654190.850000001,2182.13
-11801397.040000001,4654190.16,2182.17
-11801398.65,4654189.46,2182.19
-11801400.23,4654188.75,2182.24
-11801401.81,4654188.07,2182.23
-11801403.41,4654187.36,2182.25
-11801404.99,4654186.66,2182.25
-11801406.58,4654185.97,2182.26
-11801408.14,4654185.26,2182.27
-11801409.71,4654184.57,2182.31
-11801411.32,4654183.87,2182.34
-11801412.9,4654183.16,2182.36
-11801414.47,4654182.48,2182.36
-11801416.02,4654181.8,2182.36
-11801417.63,4654181.09,2182.47
-11801417.74,4654182.78,2182.38
-11801416.18,4654183.47,2182.38
-11801414.61,4654184.17,2182.36
-11801413.01,4654184.87,2182.33
-11801411.450000001,4654185.57,2182.32
-11801409.870000001,4654186.25,2182.31
-11801408.27,4654186.96,2182.27
-11801406.66,4654187.67,2182.24
-11801405.08,4654188.38,2182.22
-11801403.53,4654189.08,2182.19
-11801401.96,4654189.7700000005,2182.22
-11801400.35,4654190.47,2182.21
-11801398.77,4654191.18,2182.17
-11801397.19,4654191.89,2182.15
-11801395.61,4654192.58,2182.15
-11801394.03,4654193.29,2182.13
-11801392.450000001,4654193.97,2182.13
-11801390.86,4654194.69,2182.11
-11801389.25,4654195.4,2182.03
-11801391.9,4654195.05,2182.09
-11801393.48,4654194.37,2182.13
-11801395.03,4654193.69,2182.1
-11801396.63,4654192.96,2182.15
-11801398.22,4654192.28,2182.15
-11801399.82,4654191.57,2182.17
-11801401.42,4654190.86,2182.21
-11801403.01,4654190.16,2182.22
-11801404.57,4654189.46,2182.19
-11801406.13,4654188.79,2182.23
-11801407.72,4654188.08,2182.24
-11801409.32,4654187.37,2182.24
-11801410.91,4654186.66,2182.29
-11801412.48,4654185.99,2182.29
-11801414.05,4654185.29,2182.33
-11801415.63,4654184.61,2182.35
-11801417.22,4654183.9,2182.38
-11801417.950000001,4654185.47,2182.36
-11801416.36,4654186.18,2182.34
-11801414.78,4654186.88,2182.31
-11801413.22,4654187.55,2182.28
-11801411.63,4654188.26,2182.25
-11801410.07,4654188.95,2182.23
-11801408.49,4654189.65,2182.23
-11801406.92,4654190.350000001,2182.21
-11801405.35,4654191.04,2182.19
-11801403.74,4654191.76,2182.19
-11801402.13,4654192.47,2182.17
-11801400.56,4654193.16,2182.17
-11801398.99,4654193.850000001,2182.19
-11801397.41,4654194.5600000005,2182.15
-11801395.84,4654195.25,2182.19
-11801398.19,4654194.91,2182.11
-11801399.78,4654194.21,2182.15
-11801401.35,4654193.53,2182.21
-11801402.93,4654192.83,2182.17
-11801404.540000001,4654192.12,2182.17
-11801407.620000001,4654190.75,2182.19
-11801409.21,4654190.05,2182.23
-11801410.790000001,4654189.37,2182.23
-11801412.39,4654188.66,2182.27
-11801413.99,4654187.95,2182.29
-11801415.55,4654187.25,2182.3
-11801417.16,4654186.57,2182.34
-11801417.97,4654188.24,2182.3
-11801416.39,4654188.94,2182.29
-11801414.790000001,4654189.65,2182.29
-11801413.21,4654190.33,2182.28
-11801411.66,4654191.03,2182.25
-11801410.07,4654191.72,2182.21
-11801408.47,4654192.43,2182.21
-11801406.88,4654193.12,2182.17
-11801405.31,4654193.83,2182.15
-11801403.73,4654194.53,2182.17
-11801402.16,4654195.22,2182.15
-11801404.68,4654194.91,2182.15
-11801406.26,4654194.23,2182.13
-11801407.870000001,4654193.5200000005,2182.17
-11801409.46,4654192.82,2182.19
-11801411.09,4654192.11,2182.22
-11801412.71,4654191.39,2182.25
-11801414.290000001,4654190.69,2182.23
-11801415.89,4654189.98,2182.27
-11801417.51,4654189.28,2182.29
-11801418.35,4654190.97,2182.28
-11801416.78,4654191.66,2182.26
-11801415.19,4654192.36,2182.25
-11801413.63,4654193.04,2182.23
-11801412.05,4654193.74,2182.22
-11801410.47,4654194.44,2182.19
-11801408.870000001,4654195.15,2182.17
-11801410.57,4654195.15,2182.19
-11801412.16,4654194.46,2182.22
-11801413.75,4654193.76,2182.24
-11801415.34,4654193.0600000005,2182.23
-11801416.9,4654192.37,2182.24
-11801418.450000001,4654191.69,2182.27
-11801417.03,4654194.5600000005,2182.22
-11801415.49,4654195.22,2182.22
-11801418.4,4654194.8100000005,2182.22
-11801338.94,4654195.9,2181.65
-11801340.49,4654195.46,2181.67
-11801342.07,4654195.0,2181.69
-11801343.700000001,4654194.55,2181.67
-11801344.22,4654193.58,2181.74
-11801342.620000001,4654194.03,2181.71
-11801341.01,4654194.48,2181.67
-11801339.4,4654194.93,2181.65
-11801337.790000001,4654195.38,2181.63
-11801336.200000001,4654195.82,2181.61
-11801329.41,4654196.0,2181.58
-11801331.01,4654195.55,2181.57
-11801332.58,4654195.11,2181.61
-11801334.18,4654194.65,2181.61
-11801335.8,4654194.2,2181.63
-11801337.43,4654193.73,2181.63
-11801339.05,4654193.28,2181.67
-11801340.63,4654192.84,2181.69
-11801342.21,4654192.4,2181.69
-11801343.81,4654191.94,2181.73
-11801344.42,4654190.91,2181.72
-11801342.82,4654191.36,2181.71
-11801341.200000001,4654191.82,2181.67
-11801339.620000001,4654192.26,2181.67
-11801338.03,4654192.7,2181.63
-11801336.44,4654193.15,2181.63
-11801334.82,4654193.59,2181.61
-11801333.21,4654194.05,2181.6
-11801331.59,4654194.49,2181.59
-11801330.0,4654194.96,2181.54
-11801328.38,4654195.41,2181.58
-11801326.8,4654195.850000001,2181.53
-11801325.19,4654196.29,2181.48
-11801319.53,4654196.33,2181.44
-11801321.120000001,4654195.89,2181.46
-11801322.700000001,4654195.43,2181.48
-11801324.32,4654194.98,2181.5
-11801325.92,4654194.54,2181.54
-11801327.51,4654194.09,2181.53
-11801329.1,4654193.65,2181.59
-11801330.69,4654193.19,2181.6
-11801332.27,4654192.75,2181.59
-11801333.89,4654192.3,2181.63
-11801335.52,4654191.83,2181.65
-11801337.14,4654191.38,2181.65
-11801338.75,4654190.92,2181.65
-11801340.33,4654190.48,2181.69
-11801341.94,4654190.03,2181.71
-11801343.57,4654189.57,2181.72
-11801345.16,4654189.12,2181.76
-11801344.61,4654188.33,2181.75
-11801342.97,4654188.79,2181.73
-11801341.370000001,4654189.24,2181.71
-11801339.81,4654189.67,2181.69
-11801338.21,4654190.12,2181.67
-11801336.58,4654190.57,2181.65
-11801334.96,4654191.03,2181.65
-11801333.35,4654191.48,2181.63
-11801331.75,4654191.92,2181.6
-11801330.19,4654192.36,2181.59
-11801328.56,4654192.82,2181.57
-11801326.950000001,4654193.26,2181.54
-11801325.38,4654193.7,2181.52
-11801323.75,4654194.15,2181.52
-11801322.14,4654194.59,2181.5
-11801320.55,4654195.04,2181.44
-11801318.93,4654195.5,2181.42
-11801317.33,4654195.93,2181.4
-11801315.74,4654196.4,2181.38
-11801309.8,4654196.33,2181.33
-11801311.42,4654195.88,2181.35
-11801312.99,4654195.44,2181.36
-11801314.57,4654195.0,2181.36
-11801316.19,4654194.54,2181.4
-11801317.83,4654194.08,2181.42
-11801319.44,4654193.64,2181.46
-11801321.01,4654193.18,2181.48
-11801322.620000001,4654192.74,2181.51
-11801324.200000001,4654192.28,2181.52
-11801325.790000001,4654191.850000001,2181.57
-11801327.39,4654191.38,2181.58
-11801328.97,4654190.94,2181.59
-11801330.58,4654190.49,2181.61
-11801332.22,4654190.05,2181.61
-11801333.81,4654189.59,2181.65
-11801335.43,4654189.14,2181.67
-11801337.02,4654188.7,2181.67
-11801338.620000001,4654188.24,2181.69
-11801340.23,4654187.79,2181.72
-11801341.83,4654187.350000001,2181.75
-11801343.43,4654186.9,2181.75
-11801345.01,4654186.43,2181.77
-11801344.69,4654185.7700000005,2181.77
-11801343.07,4654186.22,2181.75
-11801341.47,4654186.66,2181.72
-11801339.86,4654187.11,2181.73
-11801338.23,4654187.57,2181.69
-11801336.63,4654188.0200000005,2181.67
-11801335.02,4654188.46,2181.67
-11801333.39,4654188.92,2181.63
-11801331.790000001,4654189.36,2181.61
-11801330.19,4654189.8,2181.61
-11801328.59,4654190.25,2181.59
-11801326.98,4654190.69,2181.57
-11801325.35,4654191.16,2181.56
-11801323.78,4654191.600000001,2181.55
-11801322.18,4654192.03,2181.48
-11801320.56,4654192.5,2181.48
-11801318.96,4654192.95,2181.48
-11801317.31,4654193.4,2181.42
-11801315.75,4654193.84,2181.38
-11801314.17,4654194.29,2181.36
-11801312.55,4654194.74,2181.36
-11801310.92,4654195.18,2181.34
-11801309.31,4654195.63,2181.33
-11801307.73,4654196.07,2181.32
-11801306.16,4654196.5200000005,2181.32
-11801299.85,4654196.5,2181.24
-11801301.46,4654196.05,2181.26
-11801303.05,4654195.600000001,2181.29
-11801304.68,4654195.16,2181.28
-11801306.26,4654194.71,2181.29
-11801307.83,4654194.2700000005,2181.33
-11801309.43,4654193.82,2181.36
-11801311.040000001,4654193.37,2181.36
-11801312.65,4654192.92,2181.4
-11801314.25,4654192.46,2181.4
-11801315.83,4654192.0200000005,2181.42
-11801317.43,4654191.58,2181.46
-11801319.06,4654191.100000001,2181.44
-11801320.65,4654190.67,2181.49
-11801322.23,4654190.23,2181.54
-11801323.84,4654189.7700000005,2181.57
-11801325.450000001,4654189.33,2181.58
-11801327.08,4654188.87,2181.57
-11801328.66,4654188.42,2181.6
-11801330.24,4654187.98,2181.63
-11801331.85,4654187.5200000005,2181.63
-11801333.44,4654187.08,2181.67
-11801335.05,4654186.63,2181.67
-11801336.68,4654186.18,2181.71
-11801338.24,4654185.73,2181.78
-11801339.84,4654185.29,2181.74
-11801341.48,4654184.8100000005,2181.76
-11801343.1,4654184.37,2181.79
-11801344.68,4654183.92,2181.8
-11801344.72,4654183.0200000005,2181.83
-11801343.120000001,4654183.46,2181.79
-11801341.52,4654183.9,2181.78
-11801339.91,4654184.36,2181.75
-11801338.290000001,4654184.8,2181.75
-11801336.69,4654185.24,2181.74
-11801335.08,4654185.71,2181.69
-11801333.49,4654186.13,2181.67
-11801331.89,4654186.57,2181.65
-11801330.28,4654187.04,2181.63
-11801328.67,4654187.49,2181.61
-11801327.06,4654187.94,2181.57
-11801325.47,4654188.38,2181.57
-11801323.870000001,4654188.83,2181.54
-11801322.27,4654189.2700000005,2181.54
-11801320.64,4654189.73,2181.51
-11801319.040000001,4654190.17,2181.49
-11801317.46,4654190.61,2181.4
-11801315.86,4654191.0600000005,2181.42
-11801314.25,4654191.5,2181.4
-11801312.64,4654191.96,2181.4
-11801311.01,4654192.41,2181.38
-11801309.4,4654192.86,2181.36
-11801307.8,4654193.3,2181.35
-11801306.22,4654193.74,2181.32
-11801304.63,4654194.19,2181.29
-11801303.01,4654194.64,2181.27
-11801301.39,4654195.09,2181.28
-11801299.8,4654195.53,2181.26
-11801298.21,4654195.97,2181.24
-11801296.620000001,4654196.42,2181.19
-11801289.89,4654196.73,2181.17
-11801291.51,4654196.2700000005,2181.17
-11801293.11,4654195.83,2181.19
-11801294.69,4654195.37,2181.21
-11801296.27,4654194.93,2181.21
-11801297.86,4654194.49,2181.24
-11801299.47,4654194.04,2181.25
-11801301.07,4654193.600000001,2181.29
-11801302.66,4654193.14,2181.3
-11801304.27,4654192.7,2181.3
-11801305.86,4654192.25,2181.32
-11801307.450000001,4654191.8100000005,2181.34
-11801309.08,4654191.34,2181.35
-11801310.66,4654190.9,2181.38
-11801312.24,4654190.46,2181.4
-11801313.85,4654190.01,2181.44
-11801315.450000001,4654189.5600000005,2181.4
-11801317.040000001,4654189.12,2181.48
-11801318.65,4654188.67,2181.5
-11801320.26,4654188.2,2181.53
-11801321.86,4654187.76,2181.55
-11801323.47,4654187.3100000005,2181.57
-11801325.07,4654186.87,2181.59
-11801326.66,4654186.41,2181.61
-11801328.27,4654185.97,2181.65
-11801329.88,4654185.5200000005,2181.65
-11801331.49,4654185.07,2181.69
-11801333.08,4654184.63,2181.72
-11801334.66,4654184.18,2181.71
-11801336.24,4654183.73,2181.75
-11801337.85,4654183.29,2181.79
-11801339.48,4654182.8100000005,2181.8
-11801341.1,4654182.36,2181.85
-11801342.72,4654181.92,2181.96
-11801344.33,4654181.47,2181.82
-11801344.290000001,4654180.67,2183.9
-11801344.55,4654180.51,2181.9
-11801342.96,4654180.95,2181.84
-11801341.32,4654181.42,2181.88
-11801339.71,4654181.87,2181.86
-11801338.11,4654182.3100000005,2181.83
-11801336.51,4654182.75,2181.78
-11801334.9,4654183.21,2181.76
-11801333.3,4654183.65,2181.71
-11801331.69,4654184.09,2181.69
-11801330.09,4654184.54,2181.65
-11801328.48,4654184.98,2181.63
-11801326.870000001,4654185.44,2181.63
-11801325.28,4654185.88,2181.61
-11801323.68,4654186.32,2181.56
-11801322.08,4654186.76,2181.55
-11801320.46,4654187.21,2181.53
-11801318.85,4654187.67,2181.49
-11801317.27,4654188.11,2181.48
-11801315.69,4654188.55,2181.48
-11801314.07,4654188.99,2181.42
-11801312.46,4654189.44,2181.38
-11801310.84,4654189.9,2181.42
-11801309.25,4654190.34,2181.36
-11801307.64,4654190.78,2181.36
-11801306.03,4654191.23,2181.32
-11801304.42,4654191.69,2181.3
-11801302.83,4654192.13,2181.29
-11801301.24,4654192.57,2181.28
-11801299.63,4654193.01,2181.26
-11801298.03,4654193.46,2181.24
-11801296.450000001,4654193.9,2181.22
-11801294.870000001,4654194.34,2181.19
-11801293.26,4654194.79,2181.17
-11801291.65,4654195.24,2181.17
-11801290.06,4654195.68,2181.15
-11801288.44,4654196.13,2181.11
-11801286.83,4654196.57,2181.1
-11801281.4,4654196.47,2181.07
-11801283.0,4654196.01,2181.06
-11801284.59,4654195.57,2181.09
-11801286.17,4654195.13,2181.13
-11801287.76,4654194.68,2181.15
-11801289.38,4654194.23,2181.17
-11801290.98,4654193.78,2181.17
-11801292.58,4654193.32,2181.21
-11801294.17,4654192.89,2181.22
-11801295.75,4654192.45,2181.26
-11801297.38,4654191.98,2181.27
-11801298.98,4654191.54,2181.27
-11801300.56,4654191.09,2181.29
-11801302.11,4654190.65,2181.3
-11801303.700000001,4654190.22,2181.31
-11801305.32,4654189.75,2181.34
-11801306.950000001,4654189.3100000005,2181.36
-11801308.540000001,4654188.86,2181.4
-11801310.13,4654188.42,2181.36
-11801311.72,4654187.96,2181.4
-11801313.3,4654187.5200000005,2181.46
-11801314.91,4654187.08,2181.47
-11801316.55,4654186.62,2181.48
-11801318.14,4654186.18,2181.5
-11801319.71,4654185.73,2181.54
-11801321.32,4654185.28,2181.58
-11801322.94,4654184.83,2181.6
-11801324.52,4654184.39,2181.61
-11801326.11,4654183.95,2181.63
-11801327.74,4654183.49,2181.67
-11801329.32,4654183.05,2181.69
-11801330.92,4654182.58,2181.71
-11801332.540000001,4654182.13,2181.77
-11801334.11,4654181.69,2181.82
-11801335.700000001,4654181.25,2181.85
-11801337.33,4654180.8,2181.88
-11801338.92,4654180.350000001,2181.92
-11801340.540000001,4654179.9,2181.9
-11801342.03,4654179.51,2182.6
-11801343.55,4654179.12,2183.38
-11801343.74,4654179.01,2181.92
-11801344.21,4654178.05,2183.32
-11801344.41,4654177.93,2181.82
-11801342.77,4654178.39,2181.84
-11801341.15,4654178.86,2181.9
-11801339.53,4654179.3100000005,2181.97
-11801337.950000001,4654179.72,2181.9
-11801336.31,4654180.2,2181.96
-11801334.72,4654180.64,2181.84
-11801333.120000001,4654181.09,2181.77
-11801331.51,4654181.53,2181.76
-11801329.92,4654181.95,2181.73
-11801328.3,4654182.42,2181.69
-11801326.69,4654182.87,2181.65
-11801325.07,4654183.32,2181.63
-11801323.49,4654183.76,2181.6
-11801321.91,4654184.2,2181.6
-11801320.3,4654184.65,2181.56
-11801318.69,4654185.09,2181.52
-11801317.09,4654185.53,2181.48
-11801315.48,4654185.99,2181.46
-11801313.9,4654186.43,2181.44
-11801312.27,4654186.88,2181.44
-11801310.67,4654187.32,2181.42
-11801309.08,4654187.76,2181.34
-11801307.450000001,4654188.22,2181.34
-11801305.84,4654188.67,2181.36
-11801304.24,4654189.11,2181.34
-11801302.66,4654189.55,2181.29
-11801301.06,4654189.99,2181.3
-11801299.47,4654190.43,2181.27
-11801297.870000001,4654190.87,2181.26
-11801296.26,4654191.33,2181.26
-11801294.64,4654191.78,2181.24
-11801293.040000001,4654192.22,2181.24
-11801291.43,4654192.68,2181.22
-11801289.84,4654193.12,2181.17
-11801288.24,4654193.5600000005,2181.15
-11801286.64,4654194.0,2181.11
-11801285.02,4654194.45,2181.1
-11801283.42,4654194.91,2181.08
-11801281.84,4654195.33,2181.06
-11801280.24,4654195.79,2181.05
-11801278.66,4654196.23,2181.03
-11801277.07,4654196.67,2181.01
-11801271.36,4654196.59,2180.96
-11801272.94,4654196.15,2180.99
-11801274.56,4654195.71,2180.98
-11801276.16,4654195.26,2181.02
-11801277.74,4654194.82,2181.01
-11801279.32,4654194.38,2181.03
-11801280.91,4654193.92,2181.05
-11801282.5,4654193.48,2181.07
-11801284.120000001,4654193.04,2181.1
-11801285.74,4654192.59,2181.13
-11801287.31,4654192.15,2181.15
-11801288.91,4654191.69,2181.19
-11801290.5,4654191.25,2181.23
-11801292.1,4654190.8,2181.23
-11801293.69,4654190.36,2181.24
-11801295.27,4654189.92,2181.27
-11801296.88,4654189.46,2181.27
-11801298.48,4654189.0200000005,2181.27
-11801300.07,4654188.57,2181.31
-11801301.68,4654188.13,2181.32
-11801303.28,4654187.67,2181.34
-11801304.870000001,4654187.23,2181.38
-11801306.48,4654186.78,2181.32
-11801308.09,4654186.32,2181.36
-11801309.700000001,4654185.86,2181.4
-11801311.26,4654185.42,2181.42
-11801312.85,4654184.99,2181.47
-11801314.46,4654184.5200000005,2181.47
-11801316.06,4654184.08,2181.5
-11801317.69,4654183.64,2181.53
-11801319.31,4654183.19,2181.56
-11801320.870000001,4654182.75,2181.61
-11801322.48,4654182.29,2181.61
-11801324.1,4654181.84,2181.65
-11801325.69,4654181.4,2181.65
-11801327.24,4654180.97,2181.69
-11801328.86,4654180.5200000005,2181.71
-11801330.44,4654180.08,2182.13
-11801332.08,4654179.61,2181.83
-11801333.67,4654179.17,2181.82
-11801335.27,4654178.71,2181.8
-11801336.9,4654178.26,2181.75
-11801338.5,4654177.82,2181.76
-11801340.1,4654177.350000001,2181.76
-11801341.72,4654176.9,2181.79
-11801343.32,4654176.46,2181.79
-11801344.91,4654176.0200000005,2181.8
-11801344.28,4654175.36,2181.75
-11801342.620000001,4654175.8100000005,2181.75
-11801341.01,4654176.2700000005,2181.78
-11801339.43,4654176.71,2181.75
-11801337.81,4654177.15,2181.71
-11801336.19,4654177.600000001,2181.67
-11801334.59,4654178.04,2181.65
-11801332.96,4654178.5,2181.69
-11801331.36,4654178.94,2181.74
-11801329.73,4654179.42,2182.11
-11801328.17,4654179.83,2181.72
-11801326.540000001,4654180.2700000005,2181.72
-11801324.94,4654180.73,2181.67
-11801323.370000001,4654181.17,2181.65
-11801321.78,4654181.61,2181.59
-11801320.16,4654182.0600000005,2181.59
-11801318.53,4654182.5,2181.57
-11801316.93,4654182.94,2181.52
-11801315.35,4654183.4,2181.5
-11801313.72,4654183.84,2181.47
-11801312.11,4654184.3100000005,2181.44
-11801310.51,4654184.73,2181.42
-11801308.92,4654185.17,2181.38
-11801307.31,4654185.62,2181.38
-11801305.71,4654186.07,2181.38
-11801304.08,4654186.51,2181.3
-11801302.450000001,4654186.98,2181.32
-11801300.9,4654187.4,2181.32
-11801299.32,4654187.850000001,2181.29
-11801297.71,4654188.29,2181.28
-11801296.09,4654188.74,2181.28
-11801294.46,4654189.21,2181.24
-11801292.84,4654189.66,2181.24
-11801291.25,4654190.100000001,2181.23
-11801289.67,4654190.54,2181.22
-11801288.09,4654190.98,2181.17
-11801286.5,4654191.41,2181.13
-11801284.88,4654191.850000001,2181.11
-11801283.31,4654192.29,2181.09
-11801281.71,4654192.75,2181.06
-11801280.11,4654193.19,2181.04
-11801278.51,4654193.63,2181.01
-11801276.91,4654194.08,2180.99
-11801275.34,4654194.5200000005,2181.0
-11801273.72,4654194.96,2180.99
-11801272.1,4654195.42,2180.9
-11801270.5,4654195.86,2180.94
-11801268.92,4654196.3,2180.9
-11801267.33,4654196.75,2180.88
-11801265.99,4654195.57,2180.9
-11801267.59,4654195.13,2180.9
-11801269.16,4654194.69,2180.94
-11801270.77,4654194.24,2180.96
-11801272.39,4654193.79,2181.01
-11801273.99,4654193.33,2181.01
-11801275.59,4654192.89,2180.98
-11801277.16,4654192.45,2180.99
-11801278.74,4654192.01,2181.02
-11801280.33,4654191.5600000005,2181.04
-11801281.950000001,4654191.11,2181.1
-11801283.56,4654190.66,2181.09
-11801285.16,4654190.19,2181.11
-11801286.76,4654189.7700000005,2181.13
-11801288.33,4654189.33,2181.17
-11801289.91,4654188.89,2181.21
-11801291.5,4654188.43,2181.26
-11801293.1,4654187.99,2181.26
-11801294.700000001,4654187.5200000005,2181.29
-11801296.3,4654187.100000001,2181.3
-11801297.92,4654186.63,2181.33
-11801299.52,4654186.19,2181.3
-11801301.09,4654185.75,2181.3
-11801302.67,4654185.29,2181.38
-11801304.3,4654184.850000001,2181.4
-11801305.91,4654184.4,2181.42
-11801307.52,4654183.95,2181.4
-11801309.1,4654183.51,2181.42
-11801310.71,4654183.0600000005,2181.48
-11801312.32,4654182.61,2181.48
-11801313.91,4654182.17,2181.53
-11801315.51,4654181.72,2181.54
-11801317.08,4654181.28,2181.55
-11801318.66,4654180.83,2181.6
-11801320.26,4654180.39,2181.65
-11801321.89,4654179.93,2181.67
-11801323.5,4654179.49,2181.69
-11801325.1,4654179.03,2181.72
-11801326.700000001,4654178.59,2181.72
-11801328.32,4654178.12,2181.61
-11801329.950000001,4654177.67,2181.61
-11801331.55,4654177.22,2181.61
-11801333.15,4654176.78,2181.65
-11801334.74,4654176.34,2181.67
-11801336.34,4654175.88,2181.69
-11801337.950000001,4654175.44,2181.73
-11801339.52,4654174.99,2181.74
-11801341.13,4654174.55,2181.75
-11801342.76,4654174.09,2181.79
-11801344.34,4654173.65,2181.82
-11801344.0,4654172.8,2181.86
-11801342.39,4654173.24,2181.83
-11801340.76,4654173.69,2181.77
-11801339.16,4654174.15,2181.76
-11801337.55,4654174.59,2181.72
-11801335.94,4654175.03,2181.69
-11801334.34,4654175.47,2181.65
-11801332.700000001,4654175.92,2181.61
-11801331.09,4654176.38,2181.6
-11801329.49,4654176.82,2181.58
-11801327.91,4654177.26,2181.59
-11801326.290000001,4654177.71,2181.56
-11801324.67,4654178.17,2181.57
-11801323.06,4654178.61,2181.69
-11801321.47,4654179.05,2181.65
-11801319.89,4654179.5,2181.63
-11801318.28,4654179.94,2181.63
-11801316.620000001,4654180.41,2181.61
-11801315.02,4654180.84,2181.54
-11801313.450000001,4654181.28,2181.49
-11801311.86,4654181.72,2181.5
-11801310.26,4654182.17,2181.46
-11801308.64,4654182.61,2181.4
-11801307.03,4654183.05,2181.4
-11801305.46,4654183.51,2181.4
-11801303.84,4654183.95,2181.38
-11801302.25,4654184.39,2181.36
-11801300.620000001,4654184.84,2181.31
-11801299.040000001,4654185.28,2181.26
-11801297.43,4654185.72,2181.28
-11801295.84,4654186.18,2181.31
-11801294.24,4654186.62,2181.26
-11801292.63,4654187.0600000005,2181.26
-11801291.02,4654187.51,2181.23
-11801289.44,4654187.95,2181.19
-11801287.85,4654188.4,2181.15
-11801286.23,4654188.850000001,2181.13
-11801284.63,4654189.29,2181.1
-11801283.03,4654189.73,2181.08
-11801281.43,4654190.17,2181.07
-11801279.83,4654190.63,2181.03
-11801278.24,4654191.07,2181.02
-11801276.63,4654191.51,2181.0
-11801275.040000001,4654191.95,2180.99
-11801273.44,4654192.4,2180.97
-11801271.82,4654192.86,2180.97
-11801270.23,4654193.3,2180.94
-11801268.66,4654193.72,2180.9
-11801267.06,4654194.18,2180.94
-11801267.01,4654192.59,2180.97
-11801268.61,4654192.16,2180.96
-11801270.21,4654191.69,2180.97
-11801271.81,4654191.25,2181.02
-11801273.43,4654190.8,2180.99
-11801275.0,4654190.36,2181.01
-11801276.56,4654189.92,2181.02
-11801278.15,4654189.49,2181.03
-11801279.78,4654189.0200000005,2181.06
-11801281.39,4654188.58,2181.09
-11801282.98,4654188.13,2181.11
-11801284.56,4654187.69,2181.13
-11801286.16,4654187.25,2181.15
-11801287.77,4654186.79,2181.15
-11801289.36,4654186.350000001,2181.19
-11801290.94,4654185.91,2181.25
-11801292.540000001,4654185.46,2181.28
-11801294.14,4654185.0200000005,2181.32
-11801295.75,4654184.5600000005,2181.29
-11801297.35,4654184.12,2181.26
-11801298.92,4654183.68,2181.34
-11801300.52,4654183.23,2181.36
-11801302.11,4654182.79,2181.36
-11801303.72,4654182.33,2181.38
-11801305.31,4654181.89,2181.42
-11801306.9,4654181.45,2181.42
-11801308.49,4654181.0,2181.46
-11801309.91,4654180.68,2183.31
-11801310.1,4654180.5600000005,2181.55
-11801311.71,4654180.100000001,2181.65
-11801313.32,4654179.66,2181.69
-11801314.91,4654179.21,2181.63
-11801316.5,4654178.7700000005,2181.69
-11801318.120000001,4654178.3100000005,2181.63
-11801319.74,4654177.86,2181.56
-11801321.34,4654177.39,2181.54
-11801322.92,4654176.95,2181.57
-11801324.52,4654176.51,2181.58
-11801326.13,4654176.0600000005,2181.57
-11801327.73,4654175.62,2181.59
-11801329.34,4654175.18,2181.61
-11801330.94,4654174.72,2181.61
-11801332.56,4654174.2700000005,2181.67
-11801334.13,4654173.83,2181.73
-11801335.73,4654173.39,2181.75
-11801337.32,4654172.95,2181.78
-11801338.92,4654172.49,2181.83
-11801340.540000001,4654172.04,2181.82
-11801342.13,4654171.600000001,2181.88
-11801343.73,4654171.15,2181.92
-11801344.950000001,4654170.07,2184.48
-11801343.700000001,4654170.3100000005,2181.88
-11801342.08,4654170.75,2181.86
-11801340.43,4654171.22,2181.86
-11801338.82,4654171.65,2181.84
-11801337.23,4654172.09,2181.82
-11801335.67,4654172.54,2181.78
-11801334.05,4654172.98,2181.75
-11801332.42,4654173.42,2181.72
-11801330.81,4654173.88,2181.65
-11801329.200000001,4654174.32,2181.6
-11801327.61,4654174.76,2181.58
-11801326.03,4654175.21,2181.56
-11801324.42,4654175.65,2181.57
-11801322.790000001,4654176.100000001,2181.58
-11801321.19,4654176.5600000005,2181.53
-11801319.61,4654176.99,2181.52
-11801317.98,4654177.43,2181.54
-11801316.36,4654177.9,2181.54
-11801314.76,4654178.350000001,2181.59
-11801313.16,4654178.79,2181.59
-11801311.56,4654179.23,2181.61
-11801309.950000001,4654179.69,2181.59
-11801308.32,4654180.14,2181.57
-11801306.71,4654180.58,2181.51
-11801305.13,4654181.0200000005,2181.46
-11801303.56,4654181.44,2181.38
-11801301.94,4654181.9,2181.4
-11801300.32,4654182.36,2181.36
-11801298.71,4654182.8,2181.36
-11801297.14,4654183.24,2181.35
-11801295.56,4654183.67,2181.29
-11801293.94,4654184.13,2181.3
-11801292.31,4654184.58,2181.31
-11801290.700000001,4654185.03,2181.28
-11801289.11,4654185.47,2181.19
-11801287.53,4654185.91,2181.15
-11801285.91,4654186.36,2181.13
-11801284.290000001,4654186.8100000005,2181.13
-11801282.71,4654187.25,2181.13
-11801281.120000001,4654187.67,2181.07
-11801279.52,4654188.12,2181.07
-11801277.93,4654188.58,2181.03
-11801276.32,4654189.01,2181.02
-11801274.71,4654189.45,2180.99
-11801273.1,4654189.92,2180.98
-11801271.55,4654190.350000001,2180.99
-11801269.96,4654190.79,2180.97
-11801268.34,4654191.24,2180.96
-11801266.71,4654191.68,2180.96
-11801266.540000001,4654190.13,2180.96
-11801268.09,4654189.69,2180.96
-11801269.700000001,4654189.24,2180.98
-11801271.3,4654188.8,2181.02
-11801272.88,4654188.36,2181.0
-11801274.5,4654187.9,2181.02
-11801276.08,4654187.46,2181.06
-11801277.67,4654187.01,2181.05
-11801279.27,4654186.57,2181.06
-11801280.86,4654186.11,2181.09
-11801282.48,4654185.66,2181.1
-11801284.08,4654185.22,2181.13
-11801285.71,4654184.74,2181.11
-11801287.290000001,4654184.3100000005,2181.13
-11801288.88,4654183.87,2181.17
-11801290.5,4654183.4,2181.22
-11801292.09,4654182.98,2181.27
-11801293.68,4654182.53,2181.27
-11801295.25,4654182.09,2181.29
-11801296.85,4654181.64,2181.31
-11801298.46,4654181.2,2181.32
-11801300.040000001,4654180.76,2181.36
-11801301.620000001,4654180.32,2181.47
-11801303.02,4654180.01,2183.42
-11801303.23,4654179.86,2181.54
-11801304.84,4654179.42,2181.56
-11801306.43,4654178.97,2181.53
-11801308.02,4654178.53,2181.57
-11801309.620000001,4654178.0600000005,2181.47
-11801311.25,4654177.62,2181.44
-11801312.870000001,4654177.15,2181.46
-11801314.47,4654176.71,2181.46
-11801316.040000001,4654176.2700000005,2181.51
-11801317.63,4654175.83,2181.57
-11801319.24,4654175.38,2181.59
-11801320.84,4654174.94,2181.56
-11801322.46,4654174.48,2181.58
-11801324.07,4654174.03,2181.56
-11801325.68,4654173.58,2181.59
-11801327.26,4654173.14,2181.63
-11801328.85,4654172.69,2181.67
-11801330.46,4654172.24,2181.69
-11801332.07,4654171.8,2181.82
-11801333.67,4654171.33,2181.85
-11801334.85,4654171.15,2184.99
-11801335.26,4654170.91,2181.82
-11801336.42,4654170.71,2185.15
-11801338.47,4654170.0,2181.8
-11801340.06,4654169.54,2181.82
-11801341.68,4654169.100000001,2181.86
-11801343.290000001,4654168.66,2181.9
-11801344.9,4654168.21,2181.9
-11801343.61,4654167.65,2181.88
-11801342.02,4654168.09,2181.86
-11801340.370000001,4654168.53,2181.83
-11801338.78,4654168.99,2181.8
-11801336.66,4654169.74,2185.56
-11801337.18,4654169.42,2181.73
-11801335.09,4654170.16,2185.32
-11801333.51,4654170.58,2185.13
-11801331.89,4654171.03,2185.01
-11801332.31,4654170.8,2181.84
-11801330.71,4654171.24,2181.76
-11801329.13,4654171.67,2181.72
-11801327.5,4654172.12,2181.67
-11801325.9,4654172.5600000005,2181.61
-11801324.32,4654173.0,2181.57
-11801322.73,4654173.43,2181.57
-11801321.120000001,4654173.9,2181.57
-11801319.49,4654174.350000001,2181.57
-11801317.89,4654174.79,2181.56
-11801316.28,4654175.23,2181.54
-11801314.69,4654175.69,2181.51
-11801313.09,4654176.13,2181.44
-11801311.47,4654176.57,2181.42
-11801309.870000001,4654177.0200000005,2181.38
-11801308.26,4654177.46,2181.36
-11801306.66,4654177.92,2181.4
-11801305.07,4654178.36,2181.46
-11801303.25,4654178.93,2183.17
-11801303.450000001,4654178.8100000005,2181.42
-11801301.66,4654179.38,2183.13
-11801300.24,4654179.7,2181.42
-11801298.64,4654180.15,2181.42
-11801297.07,4654180.59,2181.36
-11801295.48,4654181.01,2181.33
-11801293.86,4654181.47,2181.27
-11801292.25,4654181.91,2181.19
-11801290.64,4654182.36,2181.24
-11801289.06,4654182.8,2181.21
-11801287.450000001,4654183.26,2181.17
-11801285.83,4654183.7,2181.15
-11801284.21,4654184.15,2181.15
-11801282.63,4654184.59,2181.11
-11801281.03,4654185.03,2181.1
-11801279.43,4654185.47,2181.08
-11801277.83,4654185.93,2181.06
-11801276.23,4654186.37,2181.03
-11801274.64,4654186.8100000005,2181.03
-11801273.05,4654187.25,2181.01
-11801271.48,4654187.69,2180.98
-11801269.88,4654188.12,2180.99
-11801268.23,4654188.59,2180.98
-11801266.6,4654189.04,2180.94
-11801265.99,4654187.68,2180.98
-11801267.59,4654187.23,2180.98
-11801269.200000001,4654186.78,2181.0
-11801270.78,4654186.34,2181.03
-11801272.370000001,4654185.9,2181.03
-11801273.950000001,4654185.45,2181.04
-11801275.53,4654185.01,2181.07
-11801277.13,4654184.5600000005,2181.07
-11801278.76,4654184.11,2181.09
-11801280.35,4654183.66,2181.11
-11801281.94,4654183.22,2181.13
-11801283.55,4654182.76,2181.15
-11801285.14,4654182.32,2181.17
-11801286.75,4654181.87,2181.19
-11801288.35,4654181.43,2181.23
-11801289.92,4654180.97,2181.24
-11801291.53,4654180.53,2181.3
-11801293.120000001,4654180.09,2181.33
-11801294.74,4654179.64,2181.36
-11801296.33,4654179.2,2181.4
-11801297.91,4654178.74,2181.36
-11801299.5,4654178.3,2181.36
-11801301.120000001,4654177.84,2181.34
-11801302.75,4654177.39,2181.33
-11801304.35,4654176.94,2181.32
-11801305.93,4654176.5,2181.36
-11801307.53,4654176.05,2181.4
-11801309.11,4654175.61,2181.42
-11801310.700000001,4654175.17,2181.44
-11801312.31,4654174.71,2181.48
-11801313.9,4654174.2700000005,2181.5
-11801315.53,4654173.82,2181.54
-11801317.13,4654173.38,2181.56
-11801318.74,4654172.92,2181.58
-11801320.31,4654172.48,2181.58
-11801321.89,4654172.03,2181.57
-11801323.51,4654171.59,2181.61
-11801325.11,4654171.13,2181.67
-11801326.31,4654170.93,2184.9
-11801326.71,4654170.69,2181.82
-11801327.9,4654170.49,2185.1
-11801329.47,4654170.0600000005,2185.27
-11801331.02,4654169.63,2185.49
-11801332.59,4654169.2,2185.7
-11801334.19,4654168.76,2185.88
-11801335.77,4654168.34,2186.09
-11801337.94,4654167.54,2181.82
-11801339.540000001,4654167.100000001,2181.82
-11801341.14,4654166.65,2181.86
-11801342.75,4654166.21,2181.9
-11801344.35,4654165.75,2181.9
-11801343.450000001,4654165.13,2181.9
-11801341.85,4654165.58,2181.88
-11801340.24,4654166.0200000005,2181.86
-11801338.63,4654166.47,2181.82
-11801336.4,4654167.28,2186.51
-11801334.82,4654167.72,2186.3
-11801333.24,4654168.13,2186.1
-11801331.68,4654168.57,2185.92
-11801330.08,4654169.01,2185.74
-11801328.51,4654169.44,2185.55
-11801326.93,4654169.86,2185.32
-11801325.75,4654170.05,2181.79
-11801323.790000001,4654170.69,2184.42
-11801324.14,4654170.5,2181.72
-11801322.18,4654171.14,2184.42
-11801322.53,4654170.94,2181.61
-11801320.94,4654171.38,2181.57
-11801319.32,4654171.8100000005,2181.58
-11801317.71,4654172.28,2181.55
-11801316.120000001,4654172.72,2181.52
-11801314.540000001,4654173.15,2181.52
-11801312.92,4654173.61,2181.48
-11801311.33,4654174.0600000005,2181.44
-11801309.74,4654174.48,2181.44
-11801308.13,4654174.92,2181.4
-11801306.53,4654175.39,2181.38
-11801304.92,4654175.82,2181.36
-11801303.35,4654176.26,2181.33
-11801301.73,4654176.7,2181.29
-11801300.120000001,4654177.15,2181.28
-11801298.52,4654177.600000001,2181.3
-11801296.89,4654178.0600000005,2181.32
-11801295.3,4654178.49,2181.32
-11801293.72,4654178.96,2181.38
-11801292.13,4654179.4,2181.31
-11801290.5,4654179.83,2181.29
-11801288.91,4654180.2700000005,2181.26
-11801287.33,4654180.73,2181.27
-11801285.71,4654181.16,2181.19
-11801284.11,4654181.600000001,2181.17
-11801282.52,4654182.04,2181.11
-11801280.91,4654182.5,2181.11
-11801279.33,4654182.94,2181.09
-11801277.700000001,4654183.38,2181.07
-11801276.07,4654183.83,2181.07
-11801274.5,4654184.2700000005,2181.05
-11801272.92,4654184.71,2181.04
-11801271.34,4654185.17,2181.04
-11801269.73,4654185.61,2181.02
-11801268.13,4654186.05,2180.99
-11801266.53,4654186.5,2180.97
-11801267.25,4654184.71,2181.01
-11801268.86,4654184.26,2181.0
-11801270.450000001,4654183.82,2181.05
-11801272.03,4654183.38,2181.07
-11801273.65,4654182.92,2181.06
-11801275.27,4654182.47,2181.07
-11801276.870000001,4654182.03,2181.09
-11801278.44,4654181.59,2181.11
-11801280.02,4654181.15,2181.13
-11801281.61,4654180.69,2181.19
-11801283.19,4654180.25,2181.17
-11801284.790000001,4654179.8100000005,2181.24
-11801286.39,4654179.36,2181.26
-11801288.0,4654178.89,2181.28
-11801289.6,4654178.46,2181.28
-11801291.19,4654178.0,2181.26
-11801292.81,4654177.5600000005,2181.23
-11801294.4,4654177.100000001,2181.25
-11801296.01,4654176.66,2181.24
-11801297.6,4654176.22,2181.26
-11801299.19,4654175.7700000005,2181.3
-11801300.82,4654175.3100000005,2181.33
-11801302.41,4654174.87,2181.33
-11801303.98,4654174.43,2181.34
-11801305.57,4654173.99,2181.38
-11801307.17,4654173.54,2181.42
-11801308.78,4654173.100000001,2181.46
-11801310.39,4654172.64,2181.47
-11801311.99,4654172.19,2181.49
-11801313.58,4654171.75,2181.5
-11801315.18,4654171.29,2181.52
-11801316.790000001,4654170.850000001,2181.53
-11801318.02,4654170.63,2184.65
-11801318.4,4654170.4,2181.54
-11801319.61,4654170.18,2184.63
-11801321.22,4654169.73,2184.59
-11801322.82,4654169.26,2184.55
-11801324.44,4654168.82,2184.48
-11801324.77,4654168.62,2181.8
-11801326.38,4654168.17,2181.85
-11801327.46,4654168.03,2186.07
-11801329.05,4654167.59,2186.27
-11801330.61,4654167.17,2186.45
-11801332.14,4654166.75,2186.67
-11801333.72,4654166.3100000005,2186.84
-11801335.32,4654165.87,2186.88
-11801336.97,4654165.4,2186.67
-11801337.61,4654165.0200000005,2181.86
-11801339.23,4654164.58,2181.86
-11801340.81,4654164.14,2181.92
-11801342.41,4654163.68,2181.92
-11801344.02,4654163.23,2181.92
-11801343.35,4654162.48,2181.92
-11801341.73,4654162.91,2181.92
-11801340.11,4654163.38,2181.88
-11801338.49,4654163.83,2181.86
-11801336.28,4654164.62,2186.38
-11801334.64,4654165.09,2186.57
-11801333.01,4654165.5600000005,2186.82
-11801331.370000001,4654166.01,2186.95
-11801329.83,4654166.44,2186.73
-11801328.26,4654166.87,2186.56
-11801326.66,4654167.29,2186.34
-11801327.21,4654166.97,2182.0
-11801325.620000001,4654167.41,2181.82
-11801323.700000001,4654168.05,2184.49
-11801324.040000001,4654167.84,2181.77
-11801322.1,4654168.5,2184.55
-11801320.46,4654168.97,2184.67
-11801318.83,4654169.41,2184.69
-11801317.23,4654169.86,2184.69
-11801315.64,4654170.3,2184.67
-11801316.040000001,4654170.05,2181.46
-11801314.39,4654170.5200000005,2181.5
-11801312.76,4654170.97,2181.51
-11801311.18,4654171.42,2181.46
-11801309.620000001,4654171.84,2181.42
-11801308.0,4654172.3,2181.4
-11801306.38,4654172.74,2181.38
-11801304.77,4654173.19,2181.38
-11801303.18,4654173.63,2181.36
-11801301.59,4654174.07,2181.32
-11801300.01,4654174.51,2181.29
-11801298.41,4654174.95,2181.27
-11801296.81,4654175.41,2181.26
-11801295.19,4654175.850000001,2181.24
-11801293.56,4654176.3,2181.22
-11801291.96,4654176.74,2181.21
-11801290.38,4654177.19,2181.19
-11801288.76,4654177.64,2181.19
-11801287.16,4654178.09,2181.21
-11801285.59,4654178.5200000005,2181.19
-11801283.98,4654178.97,2181.19
-11801282.370000001,4654179.43,2181.24
-11801280.78,4654179.87,2181.19
-11801279.16,4654180.3100000005,2181.15
-11801277.57,4654180.76,2181.17
-11801275.98,4654181.19,2181.11
-11801274.39,4654181.65,2181.07
-11801272.790000001,4654182.09,2181.05
-11801271.17,4654182.54,2181.05
-11801269.58,4654182.98,2181.05
-11801268.01,4654183.41,2181.02
-11801266.42,4654183.86,2181.0
-11801266.85,4654182.16,2181.04
-11801268.47,4654181.72,2181.05
-11801270.07,4654181.28,2181.08
-11801271.66,4654180.83,2181.11
-11801273.27,4654180.39,2181.13
-11801274.86,4654179.95,2181.17
-11801276.450000001,4654179.49,2181.19
-11801278.05,4654179.04,2181.17
-11801279.63,4654178.600000001,2181.15
-11801281.21,4654178.16,2181.15
-11801282.83,4654177.7,2181.15
-11801284.44,4654177.25,2181.15
-11801286.05,4654176.8,2181.15
-11801287.65,4654176.36,2181.15
-11801289.27,4654175.9,2181.19
-11801290.83,4654175.46,2181.21
-11801292.44,4654175.0,2181.21
-11801294.040000001,4654174.57,2181.23
-11801295.63,4654174.100000001,2181.24
-11801297.23,4654173.66,2181.26
-11801298.83,4654173.21,2181.32
-11801300.46,4654172.7700000005,2181.32
-11801302.05,4654172.32,2181.34
-11801303.66,4654171.87,2181.36
-11801305.22,4654171.43,2181.36
-11801306.84,4654170.98,2181.38
-11801308.44,4654170.54,2181.44
-11801310.01,4654170.09,2181.44
-11801311.61,4654169.64,2181.49
-11801313.19,4654169.2,2181.52
-11801314.44,4654168.98,2184.65
-11801316.03,4654168.53,2184.74
-11801317.64,4654168.09,2184.72
-11801319.27,4654167.63,2184.65
-11801319.63,4654167.4,2181.63
-11801320.870000001,4654167.17,2184.51
-11801321.22,4654166.96,2181.67
-11801322.790000001,4654166.5200000005,2181.72
-11801324.38,4654166.08,2181.81
-11801326.01,4654165.62,2181.83
-11801326.97,4654165.5600000005,2186.88
-11801328.57,4654165.11,2186.69
-11801330.200000001,4654164.64,2186.5
-11801331.82,4654164.17,2186.32
-11801333.44,4654163.72,2186.4
-11801335.1,4654163.24,2185.9
-11801336.72,4654162.7700000005,2185.67
-11801338.83,4654162.03,2181.9
-11801340.450000001,4654161.58,2181.94
-11801342.08,4654161.12,2181.99
-11801343.68,4654160.67,2181.98
-11801343.44,4654159.84,2181.96
-11801341.81,4654160.29,2181.99
-11801340.21,4654160.73,2181.94
-11801338.620000001,4654161.17,2181.94
-11801336.56,4654161.89,2185.34
-11801334.89,4654162.38,2185.79
-11801333.17,4654162.88,2186.42
-11801331.63,4654163.29,2185.96
-11801330.0,4654163.76,2186.17
-11801328.370000001,4654164.21,2186.36
-11801326.77,4654164.66,2186.53
-11801327.36,4654164.3100000005,2181.88
-11801325.76,4654164.74,2181.82
-11801324.17,4654165.18,2181.79
-11801322.540000001,4654165.65,2181.71
-11801320.950000001,4654166.08,2181.67
-11801319.36,4654166.5200000005,2181.65
-11801317.38,4654167.21,2184.57
-11801317.74,4654166.98,2181.61
-11801315.74,4654167.67,2184.72
-11801314.15,4654168.100000001,2184.6
-11801312.91,4654168.32,2181.51
-11801311.31,4654168.7700000005,2181.49
-11801309.700000001,4654169.21,2181.44
-11801308.13,4654169.65,2181.42
-11801306.55,4654170.08,2181.38
-11801304.94,4654170.5200000005,2181.36
-11801303.34,4654170.98,2181.36
-11801301.71,4654171.42,2181.31
-11801300.09,4654171.88,2181.27
-11801298.53,4654172.3100000005,2181.29
-11801296.93,4654172.75,2181.26
-11801295.33,4654173.19,2181.25
-11801293.73,4654173.65,2181.23
-11801292.13,4654174.09,2181.19
-11801290.51,4654174.53,2181.19
-11801288.9,4654175.0,2181.17
-11801287.31,4654175.42,2181.15
-11801285.72,4654175.86,2181.15
-11801284.09,4654176.33,2181.11
-11801282.5,4654176.76,2181.11
-11801280.92,4654177.2,2181.11
-11801279.3,4654177.67,2181.11
-11801277.71,4654178.12,2181.15
-11801276.11,4654178.5600000005,2181.11
-11801274.5,4654179.0,2181.15
-11801272.88,4654179.46,2181.13
-11801271.31,4654179.9,2181.09
-11801269.71,4654180.34,2181.11
-11801268.11,4654180.79,2181.07
-11801266.52,4654181.23,2181.07
-11801266.49,4654179.71,2181.13
-11801268.08,4654179.2700000005,2181.09
-11801269.67,4654178.8100000005,2181.05
-11801271.28,4654178.37,2181.03
-11801272.88,4654177.92,2181.06
-11801274.48,4654177.46,2181.05
-11801276.09,4654177.01,2181.06
-11801277.68,4654176.57,2181.07
-11801279.23,4654176.13,2181.1
-11801280.84,4654175.69,2181.11
-11801282.49,4654175.21,2181.11
-11801284.1,4654174.7700000005,2181.13
-11801285.66,4654174.3100000005,2181.15
-11801287.23,4654173.9,2181.17
-11801288.82,4654173.43,2181.21
-11801290.42,4654173.0,2181.22
-11801292.02,4654172.54,2181.24
-11801293.63,4654172.100000001,2181.23
-11801295.22,4654171.64,2181.23
-11801296.83,4654171.2,2181.26
-11801298.46,4654170.75,2181.29
-11801300.040000001,4654170.3100000005,2181.3
-11801301.64,4654169.850000001,2181.33
-11801303.26,4654169.4,2181.36
-11801304.82,4654168.96,2181.38
-11801306.43,4654168.5200000005,2181.42
-11801308.03,4654168.07,2181.46
-11801309.620000001,4654167.62,2181.48
-11801311.22,4654167.18,2181.5
-11801312.81,4654166.73,2181.52
-11801314.42,4654166.28,2181.52
-11801316.03,4654165.8100000005,2181.55
-11801317.620000001,4654165.38,2181.61
-11801319.22,4654164.94,2181.69
-11801320.83,4654164.47,2181.71
-11801322.42,4654164.05,2181.73
-11801324.040000001,4654163.58,2181.8
-11801325.67,4654163.14,2181.82
-11801326.74,4654163.0,2185.88
-11801327.24,4654162.7,2181.9
-11801328.34,4654162.54,2185.67
-11801329.96,4654162.08,2185.51
-11801331.55,4654161.65,2185.75
-11801333.08,4654161.24,2186.35
-11801334.71,4654160.7700000005,2185.94
-11801336.43,4654160.26,2185.27
-11801338.47,4654159.55,2182.0
-11801340.09,4654159.08,2181.97
-11801341.71,4654158.63,2181.97
-11801343.32,4654158.19,2182.01
-11801343.33,4654157.26,2181.98
-11801341.72,4654157.7,2181.99
-11801340.120000001,4654158.16,2181.98
-11801338.5,4654158.600000001,2181.97
-11801336.450000001,4654159.3100000005,2185.23
-11801334.75,4654159.8100000005,2185.85
-11801333.05,4654160.3,2186.36
-11801331.5,4654160.71,2185.76
-11801329.99,4654161.12,2185.21
-11801328.370000001,4654161.5600000005,2185.3
-11801326.75,4654162.0200000005,2185.46
-11801327.21,4654161.75,2181.92
-11801325.64,4654162.18,2181.82
-11801324.05,4654162.62,2181.79
-11801322.43,4654163.07,2181.71
-11801320.8,4654163.51,2181.69
-11801319.200000001,4654163.95,2181.69
-11801317.620000001,4654164.41,2181.61
-11801316.0,4654164.850000001,2181.57
-11801314.4,4654165.29,2181.51
-11801312.8,4654165.74,2181.49
-11801311.19,4654166.18,2181.5
-11801309.61,4654166.62,2181.49
-11801308.01,4654167.08,2181.44
-11801306.4,4654167.5200000005,2181.42
-11801304.8,4654167.96,2181.38
-11801303.21,4654168.41,2181.36
-11801301.6,4654168.850000001,2181.33
-11801299.99,4654169.3,2181.29
-11801298.38,4654169.76,2181.29
-11801296.78,4654170.19,2181.28
-11801295.19,4654170.66,2181.24
-11801293.6,4654171.100000001,2181.23
-11801291.99,4654171.53,2181.22
-11801290.4,4654171.97,2181.19
-11801288.77,4654172.43,2181.21
-11801287.17,4654172.89,2181.17
-11801285.58,4654173.33,2181.15
-11801284.0,4654173.7700000005,2181.13
-11801282.4,4654174.2,2181.11
-11801280.78,4654174.66,2181.09
-11801279.17,4654175.100000001,2181.07
-11801277.57,4654175.5600000005,2181.06
-11801275.96,4654176.0,2181.05
-11801274.370000001,4654176.44,2181.01
-11801272.77,4654176.89,2181.0
-11801271.19,4654177.33,2181.01
-11801269.61,4654177.7700000005,2181.0
-11801267.99,4654178.23,2181.01
-11801266.39,4654178.67,2181.03
-11801266.35,4654177.07,2180.97
-11801267.94,4654176.63,2180.98
-11801269.52,4654176.17,2180.98
-11801271.13,4654175.73,2181.0
-11801272.72,4654175.26,2181.03
-11801274.33,4654174.82,2181.03
-11801275.92,4654174.37,2181.04
-11801277.5,4654173.93,2181.07
-11801279.1,4654173.49,2181.1
-11801280.69,4654173.04,2181.13
-11801282.31,4654172.59,2181.13
-11801283.9,4654172.14,2181.17
-11801285.48,4654171.7,2181.17
-11801287.1,4654171.25,2181.21
-11801288.68,4654170.8100000005,2181.23
-11801290.26,4654170.36,2181.23
-11801291.870000001,4654169.91,2181.25
-11801293.46,4654169.46,2181.24
-11801295.07,4654169.0,2181.25
-11801296.700000001,4654168.54,2181.28
-11801298.3,4654168.11,2181.3
-11801299.89,4654167.64,2181.32
-11801301.47,4654167.2,2181.34
-11801303.08,4654166.75,2181.38
-11801304.67,4654166.3100000005,2181.42
-11801306.3,4654165.87,2181.46
-11801307.89,4654165.41,2181.48
-11801309.450000001,4654164.97,2181.5
-11801311.07,4654164.53,2181.52
-11801312.700000001,4654164.0600000005,2181.54
-11801314.290000001,4654163.62,2181.58
-11801315.91,4654163.17,2181.58
-11801317.5,4654162.73,2181.63
-11801319.08,4654162.29,2181.67
-11801320.68,4654161.83,2181.67
-11801322.290000001,4654161.38,2181.71
-11801323.89,4654160.94,2181.78
-11801325.5,4654160.49,2181.83
-11801327.07,4654160.05,2181.94
-11801328.64,4654159.600000001,2182.03
-11801329.86,4654159.39,2185.07
-11801330.26,4654159.16,2182.09
-11801331.42,4654158.98,2185.63
-11801332.92,4654158.57,2186.26
-11801334.55,4654158.12,2186.05
-11801336.24,4654157.61,2185.4
-11801338.32,4654156.89,2182.02
-11801339.91,4654156.44,2182.03
-11801341.52,4654155.99,2182.04
-11801343.14,4654155.55,2182.02
-11801344.75,4654155.09,2182.01
-11801343.620000001,4654154.53,2182.01
-11801341.99,4654154.98,2182.03
-11801340.38,4654155.44,2182.06
-11801338.790000001,4654155.88,2182.01
-11801336.73,4654156.58,2185.15
-11801335.01,4654157.100000001,2185.92
-11801335.47,4654156.82,2182.57
-11801333.36,4654157.58,2186.45
-11801331.84,4654157.98,2185.84
-11801330.290000001,4654158.38,2185.23
-11801329.1,4654158.59,2182.05
-11801327.5,4654159.03,2182.0
-11801325.92,4654159.47,2181.86
-11801324.3,4654159.9,2181.83
-11801322.71,4654160.34,2181.73
-11801321.120000001,4654160.78,2181.67
-11801319.5,4654161.23,2181.67
-11801317.92,4654161.67,2181.65
-11801316.34,4654162.11,2181.57
-11801314.71,4654162.57,2181.59
-11801313.09,4654163.03,2181.54
-11801311.47,4654163.49,2181.52
-11801309.88,4654163.93,2181.49
-11801308.25,4654164.38,2181.47
-11801306.64,4654164.82,2181.44
-11801305.05,4654165.26,2181.42
-11801303.43,4654165.72,2181.4
-11801301.870000001,4654166.16,2181.36
-11801300.28,4654166.600000001,2181.34
-11801298.67,4654167.04,2181.31
-11801297.07,4654167.49,2181.29
-11801295.46,4654167.93,2181.27
-11801293.86,4654168.39,2181.25
-11801292.26,4654168.83,2181.26
-11801290.64,4654169.28,2181.24
-11801289.03,4654169.72,2181.23
-11801287.43,4654170.18,2181.21
-11801285.84,4654170.62,2181.19
-11801284.25,4654171.0600000005,2181.17
-11801282.68,4654171.5,2181.15
-11801281.08,4654171.95,2181.11
-11801279.44,4654172.41,2181.1
-11801277.82,4654172.86,2181.09
-11801276.25,4654173.29,2181.09
-11801274.67,4654173.73,2181.04
-11801273.07,4654174.18,2181.02
-11801271.47,4654174.62,2180.98
-11801269.86,4654175.08,2180.97
-11801268.27,4654175.5200000005,2180.96
-11801266.69,4654175.96,2180.97
-11801266.1,4654174.58,2180.96
-11801267.64,4654174.14,2180.98
-11801269.21,4654173.7,2180.99
-11801270.84,4654173.26,2181.03
-11801272.47,4654172.79,2181.06
-11801274.06,4654172.350000001,2181.07
-11801275.66,4654171.9,2181.1
-11801277.25,4654171.46,2181.09
-11801278.85,4654171.0,2181.13
-11801280.450000001,4654170.5600000005,2181.15
-11801282.040000001,4654170.11,2181.17
-11801283.61,4654169.67,2181.19
-11801285.17,4654169.23,2181.22
-11801286.790000001,4654168.7700000005,2181.22
-11801288.41,4654168.3100000005,2181.25
-11801290.02,4654167.850000001,2181.29
-11801291.61,4654167.41,2181.3
-11801293.21,4654166.97,2181.3
-11801294.81,4654166.5200000005,2181.3
-11801296.4,4654166.08,2181.33
-11801298.01,4654165.62,2181.33
-11801299.58,4654165.18,2181.36
-11801301.200000001,4654164.73,2181.36
-11801302.81,4654164.28,2181.4
-11801304.38,4654163.84,2181.42
-11801305.98,4654163.39,2181.48
-11801307.58,4654162.94,2181.5
-11801309.18,4654162.49,2181.53
-11801310.78,4654162.05,2181.56
-11801312.38,4654161.59,2181.58
-11801313.97,4654161.15,2181.67
-11801315.59,4654160.68,2181.61
-11801317.19,4654160.24,2181.65
-11801318.78,4654159.79,2181.69
-11801320.39,4654159.350000001,2181.69
-11801321.98,4654158.91,2181.76
-11801323.57,4654158.46,2181.85
-11801325.15,4654158.01,2181.9
-11801326.74,4654157.57,2181.97
-11801327.88,4654157.42,2185.9
-11801328.38,4654157.11,2182.02
-11801329.4,4654157.01,2186.49
-11801330.89,4654156.62,2187.08
-11801332.52,4654156.15,2186.85
-11801334.23,4654155.64,2186.2
-11801335.93,4654155.14,2185.51
-11801337.63,4654154.62,2184.83
-11801338.01,4654154.4,2182.03
-11801339.370000001,4654154.100000001,2183.81
-11801341.17,4654153.54,2182.47
-11801342.81,4654153.0600000005,2182.05
-11801344.43,4654152.61,2182.04
-11801343.83,4654151.82,2182.03
-11801342.200000001,4654152.3,2182.11
-11801340.52,4654152.7700000005,2182.55
-11801338.9,4654153.23,2182.53
-11801336.94,4654153.87,2185.1
-11801335.28,4654154.38,2185.74
-11801333.58,4654154.87,2186.4
-11801331.88,4654155.38,2187.06
-11801330.32,4654155.8,2186.86
-11801328.85,4654156.19,2186.28
-11801327.32,4654156.59,2185.71
-11801325.790000001,4654156.99,2185.13
-11801324.24,4654157.42,2184.78
-11801324.55,4654157.24,2182.31
-11801323.01,4654157.64,2181.88
-11801321.450000001,4654158.08,2181.76
-11801319.84,4654158.5200000005,2181.72
-11801318.23,4654158.98,2181.67
-11801316.620000001,4654159.42,2181.63
-11801315.06,4654159.86,2181.61
-11801313.46,4654160.3100000005,2181.73
-11801311.870000001,4654160.75,2181.73
-11801310.31,4654161.17,2181.54
-11801308.73,4654161.62,2181.53
-11801307.14,4654162.0600000005,2181.52
-11801305.53,4654162.5,2181.51
-11801303.98,4654162.94,2181.46
-11801302.43,4654163.38,2181.4
-11801300.83,4654163.82,2181.36
-11801299.24,4654164.26,2181.35
-11801297.66,4654164.7,2181.35
-11801296.07,4654165.15,2181.31
-11801294.48,4654165.600000001,2181.32
-11801292.93,4654166.01,2181.31
-11801291.36,4654166.45,2181.3
-11801289.78,4654166.89,2181.27
-11801288.200000001,4654167.350000001,2181.25
-11801286.63,4654167.79,2181.23
-11801285.06,4654168.23,2181.23
-11801283.52,4654168.66,2181.19
-11801281.93,4654169.100000001,2181.17
-11801280.32,4654169.55,2181.17
-11801278.74,4654169.99,2181.13
-11801277.17,4654170.41,2181.11
-11801275.63,4654170.850000001,2181.1
-11801274.07,4654171.29,2181.08
-11801272.49,4654171.73,2181.07
-11801270.94,4654172.17,2181.05
-11801269.39,4654172.600000001,2181.02
-11801267.83,4654173.0200000005,2181.01
-11801266.25,4654173.46,2180.98
-11801266.16,4654171.91,2181.04
-11801267.78,4654171.47,2181.05
-11801269.370000001,4654171.0200000005,2181.06
-11801270.97,4654170.5600000005,2181.1
-11801272.57,4654170.12,2181.1
-11801274.17,4654169.67,2181.11
-11801275.75,4654169.23,2181.15
-11801277.35,4654168.78,2181.19
-11801278.94,4654168.32,2181.19
-11801280.55,4654167.88,2181.21
-11801282.16,4654167.41,2181.22
-11801283.76,4654166.96,2181.25
-11801285.33,4654166.5200000005,2181.26
-11801286.94,4654166.08,2181.28
-11801288.53,4654165.63,2181.31
-11801290.13,4654165.19,2181.32
-11801291.74,4654164.73,2181.33
-11801293.36,4654164.28,2181.34
-11801294.93,4654163.84,2181.35
-11801296.53,4654163.38,2181.35
-11801298.13,4654162.93,2181.36
-11801299.72,4654162.49,2181.38
-11801301.33,4654162.04,2181.46
-11801302.88,4654161.61,2181.82
-11801304.46,4654161.17,2181.88
-11801306.1,4654160.7,2181.55
-11801307.72,4654160.23,2181.55
-11801309.32,4654159.79,2181.59
-11801310.92,4654159.34,2181.59
-11801312.5,4654158.9,2181.73
-11801314.11,4654158.44,2181.77
-11801315.72,4654157.99,2181.69
-11801317.32,4654157.55,2181.69
-11801318.91,4654157.100000001,2181.72
-11801320.51,4654156.64,2181.75
-11801322.1,4654156.2,2181.84
-11801323.34,4654155.97,2184.67
-11801323.69,4654155.76,2181.96
-11801324.91,4654155.54,2184.85
-11801326.46,4654155.11,2185.3
-11801328.0,4654154.71,2185.88
-11801329.540000001,4654154.3,2186.47
-11801331.03,4654153.88,2187.09
-11801332.65,4654153.44,2186.83
-11801334.35,4654152.92,2186.17
-11801336.06,4654152.42,2185.5
-11801337.75,4654151.93,2184.9
-11801338.07,4654151.73,2182.53
-11801339.69,4654151.28,2182.55
-11801341.26,4654150.83,2182.56
-11801342.94,4654150.34,2182.07
-11801344.55,4654149.89,2182.05
-11801344.07,4654149.19,2182.04
-11801342.43,4654149.64,2182.08
-11801340.75,4654150.14,2182.54
-11801339.14,4654150.59,2182.52
-11801337.21,4654151.24,2185.02
-11801335.5,4654151.73,2185.67
-11801333.78,4654152.25,2186.34
-11801332.13,4654152.73,2186.98
-11801330.55,4654153.17,2186.88
-11801329.0,4654153.59,2186.35
-11801329.48,4654153.3,2182.61
-11801327.44,4654154.0,2185.74
-11801325.91,4654154.4,2185.13
-11801324.370000001,4654154.82,2184.8
-11801323.14,4654155.05,2181.9
-11801321.56,4654155.48,2181.81
-11801319.94,4654155.93,2181.74
-11801318.35,4654156.37,2181.72
-11801316.73,4654156.83,2181.73
-11801315.120000001,4654157.2700000005,2181.81
-11801313.53,4654157.73,2181.77
-11801311.92,4654158.16,2181.6
-11801310.32,4654158.600000001,2181.6
-11801308.74,4654159.0600000005,2181.57
-11801307.120000001,4654159.5,2181.54
-11801305.48,4654159.98,2181.63
-11801303.8,4654160.47,2182.11
-11801302.21,4654160.88,2181.94
-11801300.700000001,4654161.3,2181.42
-11801299.13,4654161.74,2181.38
-11801297.53,4654162.19,2181.38
-11801295.9,4654162.65,2181.36
-11801294.290000001,4654163.100000001,2181.34
-11801292.700000001,4654163.54,2181.34
-11801291.13,4654163.98,2181.33
-11801289.53,4654164.42,2181.33
-11801287.91,4654164.88,2181.29
-11801286.3,4654165.33,2181.29
-11801284.73,4654165.7700000005,2181.29
-11801283.11,4654166.22,2181.27
-11801281.5,4654166.67,2181.24
-11801279.9,4654167.12,2181.23
-11801278.31,4654167.5600000005,2181.19
-11801276.72,4654168.0,2181.17
-11801275.1,4654168.45,2181.13
-11801273.5,4654168.9,2181.11
-11801271.89,4654169.34,2181.1
-11801270.3,4654169.79,2181.1
-11801268.72,4654170.23,2181.08
-11801267.13,4654170.67,2181.04
-11801266.09,4654169.350000001,2181.07
-11801267.67,4654168.91,2181.1
-11801269.28,4654168.46,2181.13
-11801270.870000001,4654168.01,2181.13
-11801272.43,4654167.5600000005,2181.15
-11801274.05,4654167.11,2181.15
-11801275.64,4654166.67,2181.19
-11801277.26,4654166.21,2181.21
-11801278.86,4654165.76,2181.23
-11801280.44,4654165.32,2181.29
-11801282.03,4654164.850000001,2181.28
-11801283.64,4654164.4,2181.32
-11801285.23,4654163.96,2181.32
-11801286.81,4654163.5200000005,2181.33
-11801288.41,4654163.0600000005,2181.31
-11801290.0,4654162.62,2181.35
-11801291.58,4654162.18,2181.36
-11801293.200000001,4654161.71,2181.36
-11801294.82,4654161.26,2181.38
-11801296.450000001,4654160.8100000005,2181.38
-11801298.040000001,4654160.34,2181.4
-11801299.63,4654159.9,2181.42
-11801301.23,4654159.46,2181.44
-11801302.84,4654159.01,2181.53
-11801304.42,4654158.5600000005,2181.61
-11801306.01,4654158.12,2181.6
-11801307.61,4654157.67,2181.61
-11801309.16,4654157.23,2181.94
-11801310.73,4654156.8,2182.11
-11801312.42,4654156.3100000005,2181.65
-11801314.0,4654155.87,2181.78
-11801315.59,4654155.43,2181.85
-11801317.19,4654154.97,2181.85
-11801318.8,4654154.51,2181.92
-11801320.42,4654154.05,2181.92
-11801322.0,4654153.61,2181.98
-11801323.25,4654153.38,2184.65
-11801323.58,4654153.17,2182.17
-11801324.8,4654152.94,2184.83
-11801326.370000001,4654152.53,2185.23
-11801327.92,4654152.11,2185.82
-11801329.42,4654151.71,2186.4
-11801330.92,4654151.3100000005,2187.0
-11801332.540000001,4654150.850000001,2186.9
-11801334.23,4654150.350000001,2186.26
-11801335.93,4654149.83,2185.6
-11801337.65,4654149.32,2184.86
-11801337.96,4654149.14,2182.54
-11801339.58,4654148.69,2182.56
-11801341.13,4654148.26,2182.79
-11801342.84,4654147.75,2182.09
-11801344.46,4654147.3,2182.07
-11801344.47,4654146.36,2182.05
-11801342.85,4654146.83,2182.13
-11801341.1,4654147.36,2183.19
-11801339.49,4654147.8,2183.17
-11801337.620000001,4654148.4,2184.86
-11801338.0,4654148.18,2182.15
-11801335.92,4654148.91,2185.56
-11801334.19,4654149.41,2186.21
-11801332.52,4654149.91,2186.85
-11801330.93,4654150.36,2187.0
-11801329.39,4654150.7700000005,2186.4
-11801327.85,4654151.18,2185.83
-11801326.34,4654151.58,2185.25
-11801324.8,4654151.98,2184.82
-11801323.21,4654152.42,2184.67
-11801323.5,4654152.25,2182.36
-11801321.94,4654152.68,2181.96
-11801320.35,4654153.13,2181.94
-11801318.77,4654153.57,2181.92
-11801317.15,4654154.01,2181.9
-11801315.55,4654154.47,2181.82
-11801313.94,4654154.91,2181.67
-11801312.32,4654155.36,2181.61
-11801310.66,4654155.850000001,2182.15
-11801309.040000001,4654156.3100000005,2182.23
-11801307.51,4654156.71,2181.67
-11801305.91,4654157.16,2181.74
-11801304.3,4654157.600000001,2181.56
-11801302.700000001,4654158.04,2181.52
-11801301.13,4654158.49,2181.47
-11801299.55,4654158.93,2181.42
-11801297.94,4654159.38,2181.4
-11801296.31,4654159.83,2181.4
-11801294.69,4654160.3,2181.49
-11801293.05,4654160.7700000005,2181.97
-11801291.51,4654161.18,2181.36
-11801289.89,4654161.64,2181.36
-11801288.27,4654162.09,2181.36
-11801286.700000001,4654162.53,2181.33
-11801285.1,4654162.97,2181.33
-11801283.5,4654163.42,2181.32
-11801281.91,4654163.87,2181.29
-11801280.32,4654164.32,2181.28
-11801278.71,4654164.76,2181.23
-11801277.13,4654165.2,2181.21
-11801275.56,4654165.64,2181.19
-11801273.950000001,4654166.100000001,2181.17
-11801272.35,4654166.55,2181.15
-11801270.74,4654166.99,2181.13
-11801269.13,4654167.44,2181.15
-11801267.55,4654167.9,2181.17
-11801265.96,4654168.34,2181.11
-11801266.0,4654166.68,2181.15
-11801267.59,4654166.24,2181.15
-11801269.21,4654165.79,2181.17
-11801270.81,4654165.33,2181.17
-11801272.39,4654164.88,2181.19
-11801273.98,4654164.44,2181.21
-11801275.56,4654163.99,2181.22
-11801277.18,4654163.53,2181.22
-11801278.78,4654163.07,2181.26
-11801280.38,4654162.63,2181.3
-11801281.97,4654162.17,2181.33
-11801283.57,4654161.73,2181.35
-11801285.16,4654161.29,2181.36
-11801286.78,4654160.82,2181.36
-11801288.38,4654160.38,2181.4
-11801289.950000001,4654159.93,2181.4
-11801291.5,4654159.5,2181.94
-11801293.120000001,4654159.0600000005,2181.97
-11801294.76,4654158.58,2181.44
-11801296.35,4654158.12,2181.44
-11801297.96,4654157.67,2181.47
-11801299.56,4654157.22,2181.49
-11801301.15,4654156.7700000005,2181.5
-11801302.77,4654156.3100000005,2181.53
-11801304.370000001,4654155.86,2181.55
-11801305.93,4654155.43,2181.61
-11801307.53,4654154.98,2181.72
-11801309.15,4654154.5200000005,2181.82
-11801310.75,4654154.0600000005,2181.65
-11801312.33,4654153.62,2181.67
-11801313.91,4654153.16,2181.71
-11801315.53,4654152.72,2181.75
-11801317.14,4654152.2700000005,2181.8
-11801318.75,4654151.8100000005,2181.88
-11801320.33,4654151.37,2181.96
-11801321.93,4654150.92,2181.94
-11801323.15,4654150.69,2184.65
-11801323.51,4654150.48,2181.96
-11801324.76,4654150.24,2184.81
-11801326.34,4654149.8100000005,2185.2
-11801327.85,4654149.41,2185.77
-11801329.370000001,4654148.99,2186.35
-11801330.86,4654148.600000001,2186.92
-11801332.450000001,4654148.15,2187.01
-11801334.17,4654147.64,2186.32
-11801335.870000001,4654147.14,2185.69
-11801337.57,4654146.63,2185.03
-11801337.98,4654146.38,2181.99
-11801339.42,4654146.03,2183.17
-11801341.040000001,4654145.58,2183.25
-11801341.18,4654145.49,2182.23
-11801342.81,4654145.0200000005,2182.09
-11801344.4,4654144.58,2182.05
-11801344.58,4654143.63,2182.03
-11801342.950000001,4654144.08,2182.02
-11801341.31,4654144.55,2182.06
-11801339.69,4654145.0,2182.13
-11801337.71,4654145.68,2184.96
-11801338.11,4654145.45,2182.03
-11801336.0,4654146.17,2185.55
-11801334.31,4654146.68,2186.23
-11801332.620000001,4654147.19,2186.85
-11801330.99,4654147.64,2187.0
-11801329.48,4654148.05,2186.45
-11801327.94,4654148.46,2185.81
-11801326.42,4654148.86,2185.27
-11801325.24,4654149.04,2181.94
-11801323.65,4654149.5,2181.92
-11801322.07,4654149.94,2181.88
-11801320.46,4654150.4,2181.84
-11801318.85,4654150.84,2181.8
-11801317.25,4654151.29,2181.78
-11801315.66,4654151.73,2181.74
-11801314.06,4654152.19,2181.72
-11801312.47,4654152.63,2181.67
-11801310.870000001,4654153.08,2181.63
-11801309.26,4654153.54,2181.63
-11801307.65,4654153.98,2181.58
-11801306.03,4654154.43,2181.63
-11801304.43,4654154.87,2181.56
-11801302.82,4654155.32,2181.52
-11801301.22,4654155.79,2181.55
-11801299.61,4654156.23,2181.49
-11801298.040000001,4654156.66,2181.47
-11801296.42,4654157.13,2181.44
-11801294.81,4654157.58,2181.42
-11801293.17,4654158.05,2181.94
-11801291.59,4654158.49,2181.9
-11801290.0,4654158.95,2181.9
-11801288.46,4654159.37,2181.38
-11801286.84,4654159.82,2181.36
-11801285.22,4654160.28,2181.36
-11801283.620000001,4654160.72,2181.34
-11801282.06,4654161.16,2181.31
-11801280.47,4654161.600000001,2181.3
-11801278.85,4654162.05,2181.27
-11801277.24,4654162.49,2181.23
-11801275.65,4654162.95,2181.21
-11801274.05,4654163.39,2181.21
-11801272.450000001,4654163.850000001,2181.19
-11801270.84,4654164.3100000005,2181.19
-11801269.25,4654164.75,2181.17
-11801267.65,4654165.2,2181.15
-11801266.07,4654165.64,2181.13
-11801266.14,4654164.04,2181.13
-11801267.69,4654163.600000001,2181.19
-11801269.28,4654163.15,2181.19
-11801270.89,4654162.69,2181.26
-11801272.49,4654162.23,2181.23
-11801274.1,4654161.78,2181.22
-11801275.67,4654161.33,2181.23
-11801277.25,4654160.89,2181.27
-11801278.86,4654160.44,2181.29
-11801280.46,4654159.98,2181.3
-11801282.05,4654159.53,2181.33
-11801283.66,4654159.09,2181.36
-11801285.25,4654158.64,2181.4
-11801286.86,4654158.17,2181.38
-11801288.42,4654157.73,2181.67
-11801290.01,4654157.3,2181.84
-11801291.61,4654156.86,2182.06
-11801293.26,4654156.37,2181.44
-11801294.85,4654155.91,2181.49
-11801296.450000001,4654155.45,2181.51
-11801298.06,4654155.0200000005,2181.51
-11801299.65,4654154.55,2181.52
-11801301.25,4654154.11,2181.54
-11801302.84,4654153.66,2181.55
-11801304.43,4654153.22,2181.61
-11801306.03,4654152.76,2181.61
-11801307.63,4654152.3100000005,2181.61
-11801309.23,4654151.86,2181.63
-11801310.85,4654151.39,2181.65
-11801312.450000001,4654150.94,2181.69
-11801314.05,4654150.49,2181.74
-11801315.620000001,4654150.04,2181.76
-11801317.23,4654149.600000001,2181.79
-11801318.85,4654149.13,2181.82
-11801320.44,4654148.69,2181.84
-11801322.05,4654148.21,2181.85
-11801323.66,4654147.7700000005,2181.9
-11801325.24,4654147.33,2181.97
-11801326.42,4654147.13,2185.17
-11801327.94,4654146.71,2185.77
-11801329.47,4654146.32,2186.35
-11801330.97,4654145.92,2186.92
-11801332.58,4654145.46,2186.95
-11801334.290000001,4654144.95,2186.32
-11801335.96,4654144.46,2185.67
-11801337.63,4654143.95,2185.07
-11801338.06,4654143.71,2182.0
-11801339.69,4654143.25,2182.03
-11801341.28,4654142.79,2182.03
-11801342.88,4654142.34,2182.04
-11801344.49,4654141.87,2182.06
-11801343.42,4654141.18,2182.06
-11801341.790000001,4654141.63,2182.04
-11801340.18,4654142.09,2182.03
-11801338.61,4654142.53,2182.03
-11801336.53,4654143.24,2185.4
-11801334.83,4654143.75,2186.08
-11801333.15,4654144.2700000005,2186.74
-11801331.450000001,4654144.75,2187.17
-11801329.94,4654145.16,2186.55
-11801328.44,4654145.57,2185.98
-11801326.89,4654145.97,2185.36
-11801325.71,4654146.15,2182.01
-11801324.11,4654146.61,2181.88
-11801322.51,4654147.05,2181.84
-11801320.92,4654147.51,2181.82
-11801319.32,4654147.95,2181.83
-11801317.71,4654148.4,2181.81
-11801316.11,4654148.86,2181.77
-11801314.49,4654149.3100000005,2181.75
-11801312.91,4654149.75,2181.71
-11801311.32,4654150.19,2181.65
-11801309.69,4654150.65,2181.63
-11801308.09,4654151.100000001,2181.65
-11801306.48,4654151.57,2181.71
-11801304.89,4654152.01,2181.67
-11801303.3,4654152.43,2181.59
-11801301.68,4654152.9,2181.56
-11801300.08,4654153.350000001,2181.55
-11801298.5,4654153.8,2181.55
-11801296.9,4654154.25,2181.49
-11801295.28,4654154.7,2181.48
-11801293.700000001,4654155.14,2181.46
-11801292.09,4654155.600000001,2181.44
-11801290.44,4654156.08,2181.65
-11801288.88,4654156.49,2181.6
-11801287.31,4654156.93,2181.4
-11801285.69,4654157.4,2181.36
-11801284.06,4654157.850000001,2181.38
-11801282.47,4654158.29,2181.34
-11801280.91,4654158.73,2181.31
-11801279.32,4654159.19,2181.3
-11801277.72,4654159.63,2181.27
-11801276.11,4654160.08,2181.23
-11801274.48,4654160.55,2181.25
-11801272.92,4654160.99,2181.22
-11801271.33,4654161.43,2181.26
-11801269.72,4654161.88,2181.22
-11801268.11,4654162.33,2181.17
-11801266.53,4654162.78,2181.19
-11801265.97,4654161.36,2181.24
-11801267.57,4654160.9,2181.22
-11801269.16,4654160.45,2181.26
-11801270.77,4654160.0,2181.26
-11801272.370000001,4654159.55,2181.24
-11801273.98,4654159.09,2181.24
-11801275.56,4654158.64,2181.27
-11801277.15,4654158.2,2181.29
-11801278.73,4654157.75,2181.32
-11801280.32,4654157.28,2181.33
-11801281.93,4654156.84,2181.38
-11801283.55,4654156.38,2181.38
-11801285.14,4654155.93,2181.38
-11801286.72,4654155.48,2181.42
-11801288.31,4654155.0200000005,2181.44
-11801289.92,4654154.58,2181.46
-11801291.53,4654154.12,2181.48
-11801293.120000001,4654153.66,2181.51
-11801294.700000001,4654153.22,2181.55
-11801296.32,4654152.76,2181.55
-11801297.92,4654152.3,2181.54
-11801299.52,4654151.86,2181.6
-11801301.120000001,4654151.41,2181.61
-11801302.69,4654150.94,2181.63
-11801304.28,4654150.5,2181.63
-11801305.89,4654150.05,2181.63
-11801307.51,4654149.59,2181.72
-11801309.14,4654149.13,2181.65
-11801310.73,4654148.68,2181.69
-11801312.31,4654148.22,2181.72
-11801313.9,4654147.78,2181.76
-11801315.51,4654147.32,2181.8
-11801317.08,4654146.88,2181.8
-11801318.66,4654146.43,2181.82
-11801320.28,4654145.98,2181.85
-11801321.9,4654145.5200000005,2181.92
-11801323.51,4654145.07,2181.94
-11801325.09,4654144.600000001,2181.98
-11801326.26,4654144.41,2185.08
-11801327.790000001,4654144.01,2185.67
-11801329.31,4654143.59,2186.23
-11801330.85,4654143.18,2186.86
-11801332.41,4654142.75,2187.1
-11801334.09,4654142.25,2186.44
-11801335.8,4654141.74,2185.79
-11801337.49,4654141.23,2185.15
-11801339.540000001,4654140.5200000005,2182.03
-11801341.16,4654140.0600000005,2182.04
-11801342.76,4654139.600000001,2182.09
-11801344.370000001,4654139.16,2182.11
-11801343.68,4654138.41,2182.08
-11801342.08,4654138.86,2182.07
-11801340.49,4654139.3,2182.03
-11801338.88,4654139.7700000005,2182.03
-11801336.8,4654140.5,2185.4
-11801335.120000001,4654141.0,2186.01
-11801333.38,4654141.51,2186.67
-11801331.69,4654142.0200000005,2187.19
-11801330.18,4654142.4,2186.6
-11801328.67,4654142.82,2186.03
-11801327.16,4654143.22,2185.44
-11801325.6,4654143.63,2184.95
-11801325.99,4654143.41,2181.99
-11801324.39,4654143.850000001,2181.97
-11801322.790000001,4654144.3100000005,2181.92
-11801321.200000001,4654144.75,2181.88
-11801319.59,4654145.2,2181.83
-11801317.99,4654145.64,2181.83
-11801316.41,4654146.08,2181.79
-11801314.81,4654146.54,2181.78
-11801313.19,4654147.0,2181.74
-11801311.6,4654147.46,2181.69
-11801309.99,4654147.9,2181.71
-11801308.39,4654148.350000001,2181.71
-11801306.76,4654148.82,2181.8
-11801305.16,4654149.26,2181.61
-11801303.58,4654149.7,2181.6
-11801301.97,4654150.17,2181.6
-11801300.370000001,4654150.59,2181.58
-11801298.75,4654151.07,2181.57
-11801297.15,4654151.5200000005,2181.54
-11801295.57,4654151.97,2181.54
-11801293.97,4654152.42,2181.52
-11801292.370000001,4654152.86,2181.51
-11801290.75,4654153.32,2181.48
-11801289.17,4654153.76,2181.46
-11801287.6,4654154.21,2181.46
-11801285.97,4654154.65,2181.44
-11801284.38,4654155.12,2181.38
-11801282.76,4654155.57,2181.38
-11801281.15,4654156.03,2181.33
-11801279.55,4654156.47,2181.34
-11801277.96,4654156.92,2181.34
-11801276.38,4654157.36,2181.3
-11801274.82,4654157.8100000005,2181.27
-11801273.23,4654158.26,2181.23
-11801271.620000001,4654158.71,2181.23
-11801270.01,4654159.16,2181.21
-11801268.41,4654159.600000001,2181.22
-11801266.8,4654160.07,2181.22
-11801266.14,4654158.5600000005,2181.23
-11801267.75,4654158.100000001,2181.23
-11801269.33,4654157.66,2181.28
-11801270.9,4654157.2,2181.27
-11801272.5,4654156.75,2181.24
-11801274.1,4654156.28,2181.28
-11801275.67,4654155.86,2181.35
-11801277.24,4654155.39,2181.34
-11801278.84,4654154.95,2181.36
-11801280.43,4654154.5,2181.4
-11801282.040000001,4654154.04,2181.44
-11801283.65,4654153.59,2181.38
-11801285.23,4654153.13,2181.42
-11801286.83,4654152.67,2181.48
-11801288.450000001,4654152.23,2181.47
-11801290.06,4654151.7700000005,2181.47
-11801291.66,4654151.32,2181.48
-11801293.23,4654150.87,2181.5
-11801294.8,4654150.43,2181.56
-11801296.42,4654149.97,2181.61
-11801298.05,4654149.49,2181.63
-11801299.64,4654149.05,2181.63
-11801301.22,4654148.600000001,2181.67
-11801302.81,4654148.14,2181.69
-11801304.42,4654147.69,2181.65
-11801306.02,4654147.24,2181.69
-11801307.620000001,4654146.7700000005,2181.77
-11801309.21,4654146.33,2181.79
-11801310.8,4654145.88,2181.69
-11801312.41,4654145.42,2181.73
-11801314.040000001,4654144.97,2181.8
-11801315.620000001,4654144.51,2181.82
-11801317.19,4654144.05,2181.82
-11801318.8,4654143.61,2181.83
-11801320.4,4654143.15,2181.88
-11801322.01,4654142.7,2181.9
-11801323.6,4654142.25,2181.96
-11801325.21,4654141.79,2181.97
-11801326.41,4654141.57,2185.09
-11801327.94,4654141.17,2185.7
-11801329.47,4654140.76,2186.28
-11801330.98,4654140.36,2186.88
-11801332.55,4654139.92,2187.11
-11801334.26,4654139.4,2186.45
-11801334.88,4654139.04,2182.03
-11801336.42,4654138.600000001,2182.23
-11801338.02,4654138.15,2181.99
-11801339.66,4654137.68,2182.04
-11801341.28,4654137.23,2182.08
-11801342.86,4654136.76,2182.11
-11801344.450000001,4654136.32,2182.17
-11801344.01,4654135.51,2182.17
-11801342.43,4654135.95,2182.11
-11801340.82,4654136.4,2182.08
-11801339.23,4654136.84,2182.06
-11801337.63,4654137.3,2182.02
-11801336.01,4654137.75,2182.1
-11801334.43,4654138.19,2182.01
-11801332.8,4654138.64,2182.02
-11801330.55,4654139.49,2186.73
-11801331.200000001,4654139.11,2182.0
-11801329.040000001,4654139.89,2186.15
-11801327.51,4654140.3100000005,2185.54
-11801326.01,4654140.69,2184.98
-11801326.39,4654140.47,2182.06
-11801324.8,4654140.93,2181.94
-11801323.200000001,4654141.37,2181.94
-11801321.61,4654141.8100000005,2181.88
-11801320.01,4654142.2700000005,2181.86
-11801318.44,4654142.7,2181.84
-11801316.85,4654143.14,2181.81
-11801315.25,4654143.61,2181.81
-11801313.66,4654144.0600000005,2181.76
-11801312.06,4654144.5,2181.76
-11801310.47,4654144.96,2181.77
-11801308.870000001,4654145.41,2181.77
-11801307.28,4654145.86,2181.71
-11801305.69,4654146.3,2181.72
-11801304.11,4654146.76,2181.67
-11801302.540000001,4654147.2,2181.71
-11801300.96,4654147.64,2181.67
-11801299.370000001,4654148.09,2181.63
-11801297.77,4654148.53,2181.6
-11801296.19,4654148.99,2181.57
-11801294.620000001,4654149.43,2181.56
-11801293.06,4654149.87,2181.53
-11801291.48,4654150.32,2181.5
-11801289.9,4654150.76,2181.46
-11801288.32,4654151.2,2181.46
-11801286.75,4654151.64,2181.44
-11801285.18,4654152.100000001,2181.48
-11801283.6,4654152.54,2181.4
-11801282.02,4654152.98,2181.38
-11801280.44,4654153.43,2181.4
-11801278.86,4654153.87,2181.35
-11801277.28,4654154.33,2181.35
-11801275.73,4654154.7700000005,2181.33
-11801274.15,4654155.21,2181.3
-11801272.59,4654155.65,2181.26
-11801271.02,4654156.09,2181.27
-11801269.450000001,4654156.53,2181.26
-11801267.89,4654156.97,2181.23
-11801266.33,4654157.41,2181.25
-11801266.16,4654155.82,2181.22
-11801267.77,4654155.37,2181.25
-11801269.370000001,4654154.91,2181.31
-11801270.98,4654154.45,2181.3
-11801272.55,4654154.01,2181.28
-11801274.13,4654153.55,2181.32
-11801275.74,4654153.100000001,2181.36
-11801277.33,4654152.64,2181.4
-11801278.92,4654152.19,2181.36
-11801280.51,4654151.72,2181.36
-11801282.120000001,4654151.2700000005,2181.38
-11801283.73,4654150.82,2181.36
-11801285.31,4654150.38,2181.42
-11801286.9,4654149.92,2181.42
-11801288.48,4654149.47,2181.47
-11801290.08,4654149.0200000005,2181.47
-11801291.68,4654148.55,2181.52
-11801293.27,4654148.11,2181.55
-11801294.85,4654147.66,2181.56
-11801296.46,4654147.2,2181.6
-11801298.09,4654146.72,2181.61
-11801299.68,4654146.2700000005,2181.67
-11801301.290000001,4654145.83,2181.67
-11801302.88,4654145.37,2181.69
-11801304.47,4654144.92,2181.71
-11801306.05,4654144.48,2181.9
-11801307.67,4654144.01,2181.78
-11801309.28,4654143.55,2181.77
-11801310.870000001,4654143.11,2181.77
-11801312.44,4654142.65,2181.79
-11801314.02,4654142.21,2181.84
-11801315.61,4654141.76,2181.84
-11801317.23,4654141.29,2181.83
-11801318.870000001,4654140.82,2181.83
-11801320.47,4654140.37,2181.88
-11801322.08,4654139.92,2181.9
-11801323.67,4654139.46,2181.94
-11801325.3,4654139.0,2181.97
-11801326.89,4654138.54,2181.98
-11801328.49,4654138.09,2181.97
-11801330.1,4654137.63,2181.97
-11801331.700000001,4654137.16,2181.97
-11801333.290000001,4654136.71,2182.04
-11801334.88,4654136.26,2182.02
-11801336.49,4654135.8100000005,2182.05
-11801338.09,4654135.350000001,2182.08
-11801339.71,4654134.9,2182.17
-11801341.31,4654134.43,2182.29
-11801342.89,4654134.01,2182.38
-11801344.5,4654133.54,2182.3
-11801344.49,4654132.5600000005,2182.13
-11801342.88,4654133.0200000005,2182.09
-11801341.3,4654133.46,2182.0
-11801339.67,4654133.94,2182.19
-11801338.06,4654134.39,2182.15
-11801336.450000001,4654134.83,2182.05
-11801334.84,4654135.3,2182.01
-11801333.24,4654135.74,2182.0
-11801331.65,4654136.19,2181.92
-11801330.02,4654136.66,2181.94
-11801328.44,4654137.09,2181.94
-11801326.84,4654137.5600000005,2181.98
-11801325.25,4654138.01,2181.9
-11801323.620000001,4654138.46,2181.9
-11801321.99,4654138.92,2181.88
-11801320.41,4654139.37,2181.86
-11801318.790000001,4654139.84,2181.83
-11801317.18,4654140.29,2181.82
-11801315.6,4654140.73,2181.8
-11801314.01,4654141.19,2181.81
-11801312.43,4654141.63,2181.78
-11801310.81,4654142.09,2181.75
-11801309.21,4654142.53,2181.76
-11801307.59,4654143.0,2181.75
-11801305.96,4654143.47,2181.78
-11801304.38,4654143.91,2181.71
-11801302.790000001,4654144.36,2181.67
-11801301.19,4654144.82,2181.67
-11801299.57,4654145.26,2181.63
-11801297.98,4654145.72,2181.57
-11801296.4,4654146.15,2181.6
-11801294.81,4654146.62,2181.56
-11801293.21,4654147.07,2181.53
-11801291.6,4654147.5200000005,2181.48
-11801289.97,4654147.98,2181.48
-11801288.41,4654148.42,2181.46
-11801286.81,4654148.87,2181.44
-11801285.21,4654149.3100000005,2181.38
-11801283.61,4654149.7700000005,2181.34
-11801282.0,4654150.23,2181.38
-11801280.41,4654150.69,2181.38
-11801278.81,4654151.14,2181.34
-11801277.21,4654151.59,2181.36
-11801275.61,4654152.05,2181.35
-11801274.02,4654152.49,2181.33
-11801272.43,4654152.96,2181.4
-11801270.85,4654153.4,2181.24
-11801269.23,4654153.850000001,2181.23
-11801267.63,4654154.3,2181.24
-11801266.040000001,4654154.76,2181.19
-11801266.120000001,4654153.03,2181.23
-11801267.700000001,4654152.5600000005,2181.27
-11801269.3,4654152.12,2181.26
-11801270.89,4654151.66,2181.29
-11801272.49,4654151.21,2181.34
-11801274.08,4654150.76,2181.36
-11801275.66,4654150.3,2181.38
-11801277.23,4654149.84,2181.35
-11801278.84,4654149.38,2181.42
-11801280.450000001,4654148.93,2181.46
-11801282.06,4654148.48,2181.42
-11801283.65,4654148.0200000005,2181.48
-11801285.24,4654147.5600000005,2181.44
-11801286.83,4654147.12,2181.42
-11801288.450000001,4654146.65,2181.44
-11801290.040000001,4654146.2,2181.5
-11801291.63,4654145.74,2181.55
-11801293.22,4654145.28,2181.53
-11801294.82,4654144.83,2181.54
-11801296.43,4654144.38,2181.59
-11801298.02,4654143.93,2181.65
-11801299.59,4654143.47,2181.75
-11801301.18,4654143.0200000005,2181.67
-11801302.8,4654142.55,2181.69
-11801304.4,4654142.100000001,2181.74
-11801305.99,4654141.65,2181.81
-11801307.6,4654141.19,2181.82
-11801309.18,4654140.74,2181.77
-11801310.81,4654140.2700000005,2181.75
-11801312.41,4654139.82,2181.78
-11801313.99,4654139.36,2181.84
-11801315.58,4654138.91,2181.86
-11801317.18,4654138.46,2181.84
-11801318.77,4654137.99,2181.94
-11801320.38,4654137.55,2181.88
-11801322.01,4654137.08,2181.88
-11801323.620000001,4654136.600000001,2181.9
-11801325.22,4654136.16,2181.92
-11801326.790000001,4654135.71,2181.94
-11801328.4,4654135.26,2181.97
-11801330.03,4654134.79,2181.94
-11801331.66,4654134.32,2181.94
-11801333.25,4654133.87,2181.97
-11801334.84,4654133.41,2182.04
-11801336.44,4654132.96,2182.09
-11801338.040000001,4654132.49,2182.0
-11801339.59,4654132.07,2182.22
-11801341.17,4654131.63,2182.31
-11801342.81,4654131.15,2182.26
-11801344.450000001,4654130.68,2182.28
-11801343.09,4654130.12,2182.19
-11801341.5,4654130.57,2182.19
-11801339.86,4654131.03,2182.21
-11801338.24,4654131.51,2182.22
-11801336.65,4654131.96,2182.21
-11801335.07,4654132.39,2182.02
-11801333.48,4654132.84,2181.97
-11801331.85,4654133.3100000005,2181.98
-11801330.26,4654133.75,2181.92
-11801328.67,4654134.2,2181.98
-11801327.06,4654134.67,2181.94
-11801325.450000001,4654135.12,2181.94
-11801323.82,4654135.58,2181.88
-11801322.21,4654136.03,2181.88
-11801320.61,4654136.5,2181.88
-11801319.01,4654136.95,2181.85
-11801317.41,4654137.4,2181.81
-11801315.8,4654137.86,2181.88
-11801314.19,4654138.3100000005,2181.83
-11801312.6,4654138.75,2181.78
-11801311.01,4654139.21,2181.77
-11801309.42,4654139.67,2181.76
-11801307.82,4654140.13,2181.75
-11801306.200000001,4654140.58,2181.79
-11801304.59,4654141.03,2181.75
-11801302.98,4654141.49,2181.74
-11801301.39,4654141.95,2181.74
-11801299.790000001,4654142.39,2181.67
-11801298.19,4654142.850000001,2181.65
-11801296.6,4654143.3,2181.57
-11801295.01,4654143.74,2181.56
-11801293.42,4654144.2,2181.57
-11801291.81,4654144.65,2181.54
-11801290.22,4654145.09,2181.53
-11801288.6,4654145.57,2181.47
-11801287.0,4654146.0200000005,2181.49
-11801285.41,4654146.48,2181.44
-11801283.82,4654146.92,2181.38
-11801282.200000001,4654147.37,2181.4
-11801280.61,4654147.84,2181.47
-11801279.02,4654148.2700000005,2181.34
-11801277.41,4654148.73,2181.36
-11801275.82,4654149.19,2181.38
-11801274.23,4654149.64,2181.31
-11801272.63,4654150.09,2181.36
-11801271.05,4654150.55,2181.31
-11801269.47,4654150.99,2181.26
-11801267.84,4654151.45,2181.26
-11801266.25,4654151.91,2181.25
-11801266.19,4654150.14,2181.25
-11801267.78,4654149.67,2181.25
-11801269.36,4654149.23,2181.28
-11801270.98,4654148.78,2181.34
-11801272.58,4654148.3100000005,2181.31
-11801274.15,4654147.86,2181.35
-11801275.74,4654147.39,2181.38
-11801277.36,4654146.95,2181.4
-11801278.93,4654146.5,2181.42
-11801280.51,4654146.04,2181.42
-11801282.1,4654145.59,2181.42
-11801283.71,4654145.11,2181.44
-11801285.31,4654144.67,2181.49
-11801286.92,4654144.2,2181.47
-11801288.52,4654143.75,2181.54
-11801290.16,4654143.28,2181.54
-11801291.73,4654142.83,2181.55
-11801293.290000001,4654142.38,2181.55
-11801294.89,4654141.92,2181.65
-11801296.5,4654141.47,2181.63
-11801298.13,4654141.0,2181.65
-11801299.68,4654140.55,2181.67
-11801301.28,4654140.100000001,2181.69
-11801302.88,4654139.64,2181.73
-11801304.47,4654139.19,2181.79
-11801306.09,4654138.72,2181.82
-11801307.69,4654138.2700000005,2181.75
-11801309.28,4654137.8100000005,2181.77
-11801310.89,4654137.33,2181.78
-11801312.49,4654136.89,2181.77
-11801314.1,4654136.43,2181.82
-11801315.67,4654135.97,2181.88
-11801317.290000001,4654135.5200000005,2181.86
-11801318.92,4654135.05,2181.88
-11801320.51,4654134.59,2181.85
-11801322.1,4654134.13,2181.9
-11801323.67,4654133.69,2181.94
-11801325.22,4654133.25,2182.03
-11801326.83,4654132.7700000005,2182.02
-11801328.44,4654132.33,2182.07
-11801330.09,4654131.850000001,2182.01
-11801331.700000001,4654131.39,2182.08
-11801333.05,4654131.08,2183.72
-11801333.290000001,4654130.93,2181.99
-11801334.86,4654130.49,2182.28
-11801336.51,4654130.0200000005,2182.11
-11801338.120000001,4654129.5600000005,2182.13
-11801339.700000001,4654129.100000001,2182.15
-11801341.3,4654128.65,2182.19
-11801342.91,4654128.18,2182.21
-11801344.5,4654127.74,2182.44
-11801343.15,4654127.24,2184.42
-11801343.49,4654127.04,2182.11
-11801341.88,4654127.5200000005,2182.23
-11801340.3,4654127.97,2182.19
-11801338.68,4654128.42,2182.11
-11801337.05,4654128.86,2182.08
-11801335.46,4654129.32,2182.11
-11801333.89,4654129.78,2182.01
-11801332.290000001,4654130.24,2181.99
-11801330.67,4654130.69,2182.03
-11801328.83,4654131.29,2183.59
-11801329.040000001,4654131.15,2182.05
-11801327.43,4654131.62,2182.11
-11801325.84,4654132.08,2182.01
-11801324.21,4654132.53,2181.98
-11801322.63,4654132.99,2181.9
-11801321.02,4654133.43,2181.88
-11801319.41,4654133.91,2181.97
-11801317.84,4654134.350000001,2181.85
-11801316.21,4654134.8100000005,2181.88
-11801314.59,4654135.2700000005,2181.82
-11801312.98,4654135.71,2181.77
-11801311.370000001,4654136.19,2181.78
-11801309.790000001,4654136.63,2181.77
-11801308.19,4654137.08,2181.72
-11801306.57,4654137.54,2181.88
-11801304.98,4654137.99,2181.72
-11801303.4,4654138.43,2181.71
-11801301.83,4654138.9,2181.65
-11801300.21,4654139.350000001,2181.65
-11801298.59,4654139.82,2181.63
-11801296.99,4654140.2700000005,2181.61
-11801295.41,4654140.71,2181.63
-11801293.83,4654141.18,2181.6
-11801292.23,4654141.63,2181.6
-11801290.65,4654142.07,2181.5
-11801289.02,4654142.54,2181.52
-11801287.4,4654142.99,2181.51
-11801285.8,4654143.46,2181.48
-11801284.18,4654143.91,2181.46
-11801282.59,4654144.37,2181.4
-11801281.01,4654144.82,2181.38
-11801279.42,4654145.2700000005,2181.4
-11801277.83,4654145.71,2181.4
-11801276.22,4654146.18,2181.36
-11801274.59,4654146.65,2181.4
-11801273.03,4654147.09,2181.3
-11801271.44,4654147.54,2181.33
-11801269.83,4654148.0,2181.33
-11801268.24,4654148.44,2181.25
-11801266.66,4654148.9,2181.27
-11801266.17,4654147.37,2181.3
-11801267.75,4654146.92,2181.28
-11801269.32,4654146.45,2181.26
-11801270.93,4654146.0,2181.3
-11801272.55,4654145.54,2181.34
-11801274.14,4654145.0600000005,2181.31
-11801275.72,4654144.61,2181.38
-11801277.31,4654144.17,2181.46
-11801278.9,4654143.72,2181.49
-11801280.52,4654143.25,2181.4
-11801282.11,4654142.78,2181.42
-11801283.69,4654142.34,2181.47
-11801285.31,4654141.87,2181.48
-11801286.9,4654141.42,2181.59
-11801288.49,4654140.97,2181.56
-11801290.08,4654140.5,2181.52
-11801291.67,4654140.05,2181.58
-11801293.26,4654139.59,2181.63
-11801294.870000001,4654139.11,2181.61
-11801296.47,4654138.67,2181.61
-11801298.05,4654138.22,2181.63
-11801299.64,4654137.7700000005,2181.65
-11801301.22,4654137.3100000005,2181.63
-11801302.84,4654136.83,2181.72
-11801304.450000001,4654136.38,2181.69
-11801306.03,4654135.93,2181.74
-11801307.65,4654135.45,2181.77
-11801309.25,4654135.01,2181.79
-11801310.86,4654134.54,2181.77
-11801312.46,4654134.09,2181.86
-11801314.040000001,4654133.63,2181.82
-11801315.63,4654133.17,2181.82
-11801317.26,4654132.71,2181.86
-11801318.83,4654132.2700000005,2182.03
-11801320.43,4654131.78,2181.9
-11801322.02,4654131.34,2181.94
-11801323.61,4654130.88,2181.94
-11801325.23,4654130.42,2182.03
-11801326.85,4654129.96,2182.13
-11801328.46,4654129.5,2182.04
-11801330.03,4654129.04,2182.02
-11801331.63,4654128.59,2182.04
-11801333.24,4654128.11,2182.13
-11801334.84,4654127.67,2182.19
-11801336.450000001,4654127.2,2182.17
-11801338.06,4654126.75,2182.17
-11801339.68,4654126.2700000005,2182.19
-11801341.28,4654125.83,2182.32
-11801342.620000001,4654125.5200000005,2184.23
-11801342.950000001,4654125.34,2182.0
-11801344.24,4654125.05,2184.07
-11801343.55,4654124.2,2184.42
-11801343.89,4654124.0200000005,2182.05
-11801342.02,4654124.63,2183.84
-11801340.67,4654124.93,2182.23
-11801339.040000001,4654125.41,2182.17
-11801337.4,4654125.87,2182.15
-11801335.81,4654126.3100000005,2182.11
-11801334.21,4654126.7700000005,2182.05
-11801332.63,4654127.23,2182.03
-11801331.040000001,4654127.69,2182.02
-11801329.42,4654128.14,2181.98
-11801327.83,4654128.59,2182.04
-11801326.22,4654129.0600000005,2182.05
-11801324.63,4654129.51,2181.98
-11801323.02,4654129.97,2181.94
-11801321.39,4654130.43,2181.9
-11801319.78,4654130.88,2181.88
-11801318.200000001,4654131.34,2181.88
-11801316.61,4654131.8,2181.88
-11801315.01,4654132.25,2181.81
-11801313.4,4654132.7,2181.83
-11801311.8,4654133.16,2181.8
-11801310.200000001,4654133.62,2181.79
-11801308.620000001,4654134.08,2181.79
-11801306.97,4654134.54,2181.92
-11801305.38,4654134.98,2181.72
-11801303.77,4654135.44,2181.72
-11801302.18,4654135.9,2181.67
-11801300.6,4654136.36,2181.63
-11801299.02,4654136.8100000005,2181.67
-11801297.43,4654137.2700000005,2181.61
-11801295.81,4654137.72,2181.67
-11801294.22,4654138.19,2181.67
-11801292.61,4654138.64,2181.65
-11801291.02,4654139.09,2181.57
-11801289.43,4654139.55,2181.54
-11801287.8,4654139.99,2181.55
-11801286.200000001,4654140.44,2181.47
-11801284.58,4654140.92,2181.56
-11801282.98,4654141.37,2181.44
-11801281.39,4654141.83,2181.4
-11801279.790000001,4654142.29,2181.5
-11801278.22,4654142.74,2181.38
-11801276.620000001,4654143.19,2181.4
-11801275.05,4654143.64,2181.36
-11801273.43,4654144.100000001,2181.33
-11801271.81,4654144.55,2181.33
-11801270.200000001,4654145.0200000005,2181.25
-11801268.620000001,4654145.47,2181.3
-11801267.03,4654145.92,2181.26
-11801266.28,4654144.42,2181.25
-11801267.9,4654143.95,2181.26
-11801269.5,4654143.49,2181.28
-11801271.07,4654143.03,2181.3
-11801272.63,4654142.59,2181.33
-11801274.25,4654142.13,2181.35
-11801275.85,4654141.66,2181.38
-11801277.46,4654141.2,2181.4
-11801279.05,4654140.73,2181.38
-11801280.64,4654140.28,2181.44
-11801282.26,4654139.82,2181.49
-11801283.85,4654139.36,2181.5
-11801285.43,4654138.9,2181.54
-11801287.02,4654138.44,2181.56
-11801288.6,4654137.99,2181.56
-11801290.18,4654137.54,2181.63
-11801291.790000001,4654137.0600000005,2181.61
-11801293.38,4654136.62,2181.63
-11801294.98,4654136.16,2181.67
-11801296.55,4654135.7,2181.63
-11801298.17,4654135.23,2181.65
-11801299.77,4654134.78,2181.65
-11801301.370000001,4654134.32,2181.69
-11801302.96,4654133.87,2181.8
-11801304.55,4654133.39,2181.75
-11801306.15,4654132.95,2181.82
-11801307.77,4654132.47,2181.75
-11801309.35,4654132.0,2181.79
-11801310.93,4654131.5600000005,2181.88
-11801312.53,4654131.11,2181.81
-11801314.120000001,4654130.64,2181.81
-11801315.74,4654130.18,2181.9
-11801317.36,4654129.72,2181.86
-11801318.96,4654129.26,2181.86
-11801320.58,4654128.79,2181.9
-11801322.17,4654128.34,2181.9
-11801323.77,4654127.87,2181.96
-11801325.35,4654127.42,2182.0
-11801326.93,4654126.98,2182.13
-11801328.53,4654126.51,2182.06
-11801330.14,4654126.04,2182.02
-11801331.74,4654125.5600000005,2182.05
-11801333.36,4654125.12,2182.07
-11801334.97,4654124.66,2182.17
-11801336.540000001,4654124.2,2182.21
-11801338.14,4654123.75,2182.19
-11801339.75,4654123.28,2182.21
-11801341.34,4654122.83,2182.26
-11801342.66,4654122.51,2184.25
-11801342.97,4654122.34,2182.11
-11801344.26,4654122.05,2184.15
-11801344.19,4654121.08,2182.33
-11801342.34,4654121.68,2184.06
-11801342.6,4654121.53,2182.22
-11801341.0,4654121.99,2182.23
-11801339.43,4654122.43,2182.17
-11801337.84,4654122.88,2182.17
-11801336.21,4654123.36,2182.13
-11801334.58,4654123.83,2182.13
-11801332.99,4654124.2700000005,2182.06
-11801331.41,4654124.71,2182.06
-11801329.82,4654125.19,2182.04
-11801328.200000001,4654125.64,2182.05
-11801326.6,4654126.09,2182.08
-11801325.0,4654126.55,2181.96
-11801323.38,4654127.01,2181.92
-11801321.790000001,4654127.48,2181.9
-11801320.17,4654127.93,2181.88
-11801318.53,4654128.41,2181.96
-11801316.94,4654128.86,2181.84
-11801315.35,4654129.32,2181.84
-11801313.75,4654129.76,2181.81
-11801312.15,4654130.22,2181.82
-11801310.55,4654130.7,2181.83
-11801308.93,4654131.15,2181.79
-11801307.31,4654131.600000001,2181.78
-11801305.72,4654132.07,2181.83
-11801304.13,4654132.5200000005,2181.81
-11801302.51,4654132.99,2181.69
-11801300.950000001,4654133.43,2181.67
-11801299.370000001,4654133.88,2181.65
-11801297.76,4654134.33,2181.61
-11801296.16,4654134.8,2181.6
-11801294.53,4654135.2700000005,2181.57
-11801292.94,4654135.71,2181.6
-11801291.34,4654136.19,2181.6
-11801289.74,4654136.63,2181.51
-11801288.14,4654137.100000001,2181.54
-11801286.540000001,4654137.55,2181.51
-11801284.950000001,4654138.0200000005,2181.54
-11801283.35,4654138.47,2181.44
-11801281.76,4654138.93,2181.4
-11801280.17,4654139.38,2181.4
-11801278.57,4654139.83,2181.48
-11801276.950000001,4654140.3,2181.38
-11801275.35,4654140.75,2181.34
-11801273.77,4654141.21,2181.4
-11801272.18,4654141.66,2181.35
-11801270.56,4654142.13,2181.3
-11801268.97,4654142.58,2181.28
-11801267.42,4654143.03,2181.29
-11801265.84,4654143.47,2181.17
-11801266.4,4654141.53,2181.25
-11801268.01,4654141.07,2181.31
-11801269.61,4654140.61,2181.38
-11801271.18,4654140.16,2181.36
-11801272.77,4654139.68,2181.33
-11801274.36,4654139.24,2181.36
-11801275.950000001,4654138.79,2181.4
-11801277.57,4654138.32,2181.4
-11801279.15,4654137.84,2181.44
-11801280.74,4654137.4,2181.44
-11801282.32,4654136.95,2181.49
-11801283.88,4654136.49,2181.48
-11801285.5,4654136.01,2181.53
-11801287.1,4654135.5600000005,2181.53
-11801288.68,4654135.11,2181.63
-11801290.27,4654134.65,2181.61
-11801291.89,4654134.17,2181.54
-11801293.51,4654133.71,2181.56
-11801295.08,4654133.26,2181.65
-11801296.700000001,4654132.79,2181.63
-11801298.3,4654132.33,2181.63
-11801299.88,4654131.87,2181.63
-11801301.46,4654131.4,2181.69
-11801303.07,4654130.95,2181.72
-11801304.68,4654130.49,2181.76
-11801306.25,4654130.05,2182.09
-11801307.870000001,4654129.57,2181.81
-11801309.43,4654129.12,2181.82
-11801311.01,4654128.66,2181.9
-11801312.63,4654128.2,2181.88
-11801314.26,4654127.72,2181.8
-11801315.89,4654127.25,2181.83
-11801317.48,4654126.78,2181.88
-11801319.040000001,4654126.34,2181.92
-11801320.66,4654125.88,2181.82
-11801322.25,4654125.4,2181.94
-11801323.85,4654124.96,2181.92
-11801325.47,4654124.49,2181.99
-11801327.05,4654124.04,2182.15
-11801328.68,4654123.5600000005,2182.09
-11801330.27,4654123.100000001,2182.06
-11801331.85,4654122.65,2182.08
-11801333.39,4654122.22,2182.65
-11801335.07,4654121.72,2182.22
-11801336.69,4654121.25,2182.15
-11801338.27,4654120.78,2182.17
-11801339.84,4654120.34,2182.25
-11801341.27,4654119.98,2183.54
-11801341.46,4654119.88,2182.24
-11801343.09,4654119.4,2182.25
-11801343.21,4654118.38,2181.94
-11801341.39,4654118.97,2183.38
-11801341.58,4654118.86,2182.05
-11801339.950000001,4654119.33,2182.25
-11801338.13,4654119.91,2183.67
-11801338.34,4654119.8,2182.17
-11801336.74,4654120.26,2182.19
-11801335.15,4654120.72,2182.17
-11801333.56,4654121.16,2182.11
-11801331.8,4654121.72,2183.07
-11801331.93,4654121.64,2182.11
-11801330.34,4654122.09,2182.08
-11801328.74,4654122.54,2182.08
-11801327.13,4654123.0,2182.15
-11801325.55,4654123.46,2181.94
-11801323.92,4654123.93,2182.02
-11801322.32,4654124.38,2181.94
-11801320.72,4654124.83,2181.86
-11801319.11,4654125.3100000005,2181.9
-11801317.49,4654125.7700000005,2181.85
-11801315.89,4654126.21,2181.86
-11801314.31,4654126.67,2181.81
-11801312.69,4654127.15,2181.9
-11801311.07,4654127.61,2181.86
-11801309.450000001,4654128.08,2181.85
-11801307.85,4654128.53,2181.92
-11801306.28,4654129.0,2181.97
-11801304.68,4654129.44,2181.76
-11801303.08,4654129.91,2181.75
-11801301.49,4654130.36,2181.69
-11801299.870000001,4654130.83,2181.69
-11801298.27,4654131.28,2181.65
-11801296.68,4654131.72,2181.61
-11801295.07,4654132.2,2181.63
-11801293.47,4654132.65,2181.57
-11801291.9,4654133.11,2181.56
-11801290.3,4654133.55,2181.56
-11801288.68,4654134.03,2181.55
-11801287.1,4654134.48,2181.54
-11801285.5,4654134.95,2181.56
-11801283.91,4654135.39,2181.51
-11801282.32,4654135.86,2181.52
-11801280.700000001,4654136.32,2181.44
-11801279.120000001,4654136.78,2181.46
-11801277.52,4654137.22,2181.4
-11801275.870000001,4654137.71,2181.38
-11801274.28,4654138.16,2181.48
-11801272.700000001,4654138.62,2181.36
-11801271.09,4654139.08,2181.4
-11801269.47,4654139.55,2181.44
-11801267.92,4654139.99,2181.29
-11801266.35,4654140.43,2181.27
-11801266.49,4654138.62,2181.21
-11801268.09,4654138.15,2181.31
-11801269.66,4654137.71,2181.4
-11801271.25,4654137.23,2181.34
-11801272.84,4654136.78,2181.44
-11801274.43,4654136.33,2181.46
-11801276.05,4654135.850000001,2181.44
-11801277.620000001,4654135.39,2181.46
-11801279.18,4654134.95,2181.6
-11801280.790000001,4654134.49,2181.47
-11801282.39,4654134.0200000005,2181.47
-11801283.96,4654133.57,2181.58
-11801285.58,4654133.100000001,2181.52
-11801287.18,4654132.62,2181.55
-11801288.76,4654132.18,2181.65
-11801290.34,4654131.71,2181.58
-11801291.96,4654131.23,2181.58
-11801293.540000001,4654130.79,2181.65
-11801295.14,4654130.33,2181.6
-11801296.73,4654129.87,2181.69
-11801298.34,4654129.41,2181.65
-11801299.94,4654128.94,2181.69
-11801301.540000001,4654128.46,2181.72
-11801303.15,4654128.01,2181.73
-11801304.75,4654127.54,2181.81
-11801306.32,4654127.08,2181.79
-11801307.88,4654126.62,2181.83
-11801309.49,4654126.18,2181.92
-11801311.120000001,4654125.7,2181.88
-11801312.72,4654125.23,2181.85
-11801314.33,4654124.7700000005,2181.88
-11801315.93,4654124.3100000005,2181.86
-11801317.53,4654123.850000001,2181.9
-11801319.13,4654123.38,2181.94
-11801320.700000001,4654122.93,2181.96
-11801322.31,4654122.46,2181.96
-11801323.92,4654121.99,2182.04
-11801325.53,4654121.5200000005,2182.05
-11801327.11,4654121.07,2182.17
-11801328.72,4654120.61,2182.11
-11801330.34,4654120.13,2182.07
-11801331.93,4654119.67,2182.07
-11801333.52,4654119.21,2182.08
-11801335.11,4654118.74,2182.15
-11801336.73,4654118.29,2182.11
-11801338.33,4654117.82,2182.13
-11801339.93,4654117.37,2182.24
-11801341.5,4654116.9,2182.26
-11801343.13,4654116.43,2182.23
-11801343.51,4654115.350000001,2182.15
-11801341.89,4654115.82,2182.13
-11801340.28,4654116.2700000005,2182.15
-11801338.67,4654116.74,2182.13
-11801337.1,4654117.19,2182.15
-11801335.5,4654117.66,2182.13
-11801333.88,4654118.11,2182.07
-11801332.25,4654118.59,2182.08
-11801330.64,4654119.0600000005,2182.07
-11801329.03,4654119.5,2182.09
-11801327.44,4654119.98,2182.15
-11801325.85,4654120.43,2182.06
-11801324.23,4654120.89,2182.04
-11801322.63,4654121.37,2182.04
-11801321.05,4654121.8100000005,2181.98
-11801319.44,4654122.28,2181.97
-11801317.82,4654122.75,2182.15
-11801316.22,4654123.2,2181.86
-11801314.63,4654123.66,2181.86
-11801313.040000001,4654124.12,2181.9
-11801311.42,4654124.58,2181.81
-11801309.82,4654125.05,2181.86
-11801308.22,4654125.5,2181.83
-11801306.6,4654125.97,2181.85
-11801305.02,4654126.42,2181.78
-11801303.43,4654126.88,2181.72
-11801301.83,4654127.33,2181.73
-11801300.25,4654127.78,2181.67
-11801298.63,4654128.26,2181.69
-11801297.01,4654128.73,2181.61
-11801295.42,4654129.17,2181.58
-11801293.84,4654129.64,2181.59
-11801292.25,4654130.09,2181.54
-11801290.620000001,4654130.5600000005,2181.63
-11801289.040000001,4654131.0200000005,2181.52
-11801287.450000001,4654131.48,2181.56
-11801285.84,4654131.94,2181.52
-11801284.22,4654132.41,2181.59
-11801282.65,4654132.84,2181.47
-11801281.06,4654133.32,2181.51
-11801279.42,4654133.78,2181.63
-11801277.84,4654134.25,2181.49
-11801276.23,4654134.72,2181.48
-11801274.63,4654135.17,2181.42
-11801273.07,4654135.61,2181.47
-11801271.49,4654136.08,2181.44
-11801269.870000001,4654136.54,2181.44
-11801268.26,4654137.0,2181.38
-11801266.65,4654137.45,2181.33
-11801266.77,4654135.63,2181.27
-11801268.38,4654135.18,2181.29
-11801269.950000001,4654134.72,2181.36
-11801271.55,4654134.24,2181.4
-11801273.14,4654133.8,2181.42
-11801274.72,4654133.34,2181.38
-11801276.32,4654132.86,2181.4
-11801277.92,4654132.4,2181.4
-11801279.5,4654131.95,2181.44
-11801281.09,4654131.48,2181.53
-11801282.68,4654131.0200000005,2181.51
-11801284.290000001,4654130.5600000005,2181.53
-11801285.88,4654130.100000001,2181.58
-11801287.46,4654129.63,2181.51
-11801289.05,4654129.16,2181.53
-11801290.64,4654128.71,2181.55
-11801292.27,4654128.23,2181.58
-11801293.9,4654127.76,2181.58
-11801295.450000001,4654127.3,2181.6
-11801297.03,4654126.86,2181.63
-11801298.61,4654126.4,2181.74
-11801300.21,4654125.94,2181.77
-11801301.81,4654125.47,2181.75
-11801303.41,4654125.0,2181.79
-11801305.0,4654124.5200000005,2181.86
-11801306.6,4654124.07,2181.86
-11801308.21,4654123.62,2181.86
-11801309.8,4654123.14,2181.8
-11801311.39,4654122.68,2181.9
-11801313.0,4654122.22,2181.88
-11801314.59,4654121.74,2181.92
-11801316.200000001,4654121.29,2181.9
-11801317.790000001,4654120.83,2181.94
-11801319.39,4654120.350000001,2181.94
-11801320.96,4654119.9,2182.01
-11801322.58,4654119.44,2182.1
-11801324.21,4654118.97,2182.0
-11801325.790000001,4654118.51,2182.11
-11801327.38,4654118.05,2182.19
-11801329.0,4654117.58,2182.15
-11801330.6,4654117.11,2182.15
-11801332.19,4654116.63,2182.11
-11801333.8,4654116.18,2182.08
-11801335.41,4654115.69,2182.03
-11801336.99,4654115.25,2182.08
-11801338.58,4654114.78,2182.13
-11801340.21,4654114.3,2182.15
-11801341.83,4654113.850000001,2182.17
-11801343.450000001,4654113.38,2182.17
-11801344.13,4654112.17,2182.13
-11801342.49,4654112.62,2182.13
-11801340.88,4654113.100000001,2182.11
-11801339.23,4654113.57,2182.11
-11801337.64,4654114.03,2182.11
-11801336.08,4654114.49,2182.11
-11801334.48,4654114.94,2182.07
-11801332.88,4654115.39,2182.02
-11801331.3,4654115.86,2182.01
-11801329.65,4654116.34,2182.21
-11801328.02,4654116.82,2182.24
-11801326.41,4654117.29,2182.19
-11801324.82,4654117.73,2182.09
-11801323.24,4654118.19,2182.02
-11801321.65,4654118.65,2181.97
-11801320.040000001,4654119.11,2181.96
-11801318.43,4654119.57,2182.03
-11801316.8,4654120.05,2182.04
-11801315.21,4654120.51,2181.94
-11801313.59,4654120.98,2181.88
-11801311.99,4654121.43,2181.88
-11801310.39,4654121.9,2181.94
-11801308.81,4654122.34,2181.77
-11801307.18,4654122.83,2181.94
-11801305.59,4654123.29,2181.77
-11801304.02,4654123.73,2181.72
-11801302.42,4654124.21,2181.76
-11801300.83,4654124.66,2181.74
-11801299.23,4654125.11,2181.74
-11801297.64,4654125.57,2181.69
-11801296.03,4654126.05,2181.63
-11801294.41,4654126.51,2181.61
-11801292.82,4654126.96,2181.57
-11801291.23,4654127.42,2181.6
-11801289.620000001,4654127.89,2181.55
-11801288.02,4654128.34,2181.54
-11801286.43,4654128.8100000005,2181.5
-11801284.82,4654129.2700000005,2181.55
-11801283.25,4654129.73,2181.48
-11801281.64,4654130.19,2181.49
-11801280.01,4654130.66,2181.53
-11801278.42,4654131.12,2181.44
-11801276.83,4654131.57,2181.44
-11801275.25,4654132.03,2181.38
-11801273.66,4654132.5,2181.42
-11801272.06,4654132.96,2181.42
-11801270.450000001,4654133.43,2181.56
-11801268.86,4654133.89,2181.33
-11801267.28,4654134.34,2181.3
-11801265.69,4654134.78,2181.26
-11801266.75,4654132.67,2181.28
-11801268.33,4654132.19,2181.32
-11801269.94,4654131.75,2181.47
-11801271.56,4654131.2700000005,2181.35
-11801273.13,4654130.8,2181.48
-11801274.73,4654130.34,2181.38
-11801276.33,4654129.88,2181.5
-11801277.92,4654129.42,2181.48
-11801279.51,4654128.95,2181.49
-11801281.11,4654128.47,2181.48
-11801282.700000001,4654128.0200000005,2181.49
-11801284.26,4654127.5600000005,2181.59
-11801285.870000001,4654127.08,2181.51
-11801287.46,4654126.63,2181.52
-11801289.06,4654126.16,2181.57
-11801290.67,4654125.7,2181.55
-11801292.26,4654125.23,2181.58
-11801293.84,4654124.78,2181.61
-11801295.450000001,4654124.3100000005,2181.63
-11801297.040000001,4654123.84,2181.65
-11801298.63,4654123.36,2181.75
-11801300.22,4654122.91,2181.72
-11801301.82,4654122.44,2181.74
-11801303.41,4654121.98,2181.75
-11801304.99,4654121.5200000005,2181.79
-11801306.57,4654121.07,2181.86
-11801308.19,4654120.600000001,2181.97
-11801309.72,4654120.18,2182.44
-11801311.36,4654119.67,2181.86
-11801312.99,4654119.19,2181.85
-11801314.620000001,4654118.73,2181.86
-11801316.21,4654118.26,2181.9
-11801317.790000001,4654117.8100000005,2181.98
-11801319.370000001,4654117.34,2182.02
-11801320.99,4654116.86,2182.05
-11801322.6,4654116.39,2181.99
-11801324.19,4654115.93,2181.94
-11801325.76,4654115.47,2182.03
-11801327.39,4654115.01,2182.01
-11801329.0,4654114.53,2182.05
-11801330.63,4654114.0600000005,2182.05
-11801332.24,4654113.58,2182.05
-11801333.8,4654113.13,2182.07
-11801335.4,4654112.65,2182.05
-11801337.03,4654112.19,2182.08
-11801338.64,4654111.7,2182.1
-11801340.24,4654111.25,2182.11
-11801341.82,4654110.79,2182.15
-11801343.44,4654110.3100000005,2182.17
-11801342.93,4654109.46,2182.19
-11801341.33,4654109.94,2182.15
-11801339.71,4654110.41,2182.11
-11801338.11,4654110.850000001,2182.1
-11801336.51,4654111.33,2182.08
-11801334.9,4654111.79,2182.03
-11801333.27,4654112.2700000005,2182.04
-11801331.66,4654112.74,2182.03
-11801330.07,4654113.18,2182.0
-11801328.46,4654113.66,2182.02
-11801326.85,4654114.13,2181.98
-11801325.25,4654114.59,2181.94
-11801323.64,4654115.0600000005,2181.96
-11801322.07,4654115.51,2181.94
-11801320.46,4654115.98,2181.88
-11801318.84,4654116.45,2181.9
-11801317.200000001,4654116.93,2181.92
-11801315.620000001,4654117.38,2181.94
-11801314.05,4654117.850000001,2181.92
-11801312.43,4654118.3,2181.83
-11801310.790000001,4654118.78,2181.98
-11801309.11,4654119.3,2182.58
-11801307.53,4654119.7700000005,2182.63
-11801306.040000001,4654120.15,2181.85
-11801304.450000001,4654120.62,2181.8
-11801302.86,4654121.07,2181.75
-11801301.23,4654121.55,2181.75
-11801299.620000001,4654122.0200000005,2181.76
-11801298.06,4654122.46,2181.73
-11801296.450000001,4654122.93,2181.67
-11801294.86,4654123.39,2181.63
-11801293.24,4654123.850000001,2181.61
-11801291.65,4654124.33,2181.57
-11801290.07,4654124.78,2181.59
-11801288.47,4654125.23,2181.53
-11801286.84,4654125.71,2181.54
-11801285.25,4654126.18,2181.5
-11801283.66,4654126.65,2181.5
-11801282.07,4654127.100000001,2181.49
-11801280.5,4654127.55,2181.5
-11801278.9,4654128.0200000005,2181.53
-11801277.290000001,4654128.49,2181.44
-11801275.66,4654128.95,2181.51
-11801274.1,4654129.41,2181.36
-11801272.49,4654129.87,2181.48
-11801270.89,4654130.34,2181.38
-11801269.3,4654130.79,2181.32
-11801267.71,4654131.26,2181.32
-11801266.120000001,4654131.73,2181.3
-11801267.0,4654129.66,2181.34
-11801268.6,4654129.2,2181.28
-11801270.200000001,4654128.74,2181.49
-11801271.81,4654128.25,2181.34
-11801273.4,4654127.8,2181.35
-11801274.98,4654127.33,2181.47
-11801276.57,4654126.87,2181.38
-11801278.18,4654126.4,2181.48
-11801279.790000001,4654125.92,2181.47
-11801281.4,4654125.45,2181.44
-11801282.96,4654125.0,2181.46
-11801284.540000001,4654124.53,2181.46
-11801286.15,4654124.07,2181.46
-11801287.75,4654123.59,2181.51
-11801289.32,4654123.15,2181.61
-11801290.91,4654122.68,2181.61
-11801292.51,4654122.2,2181.61
-11801294.11,4654121.73,2181.63
-11801295.72,4654121.26,2181.65
-11801297.3,4654120.8100000005,2181.69
-11801298.88,4654120.350000001,2181.77
-11801300.47,4654119.87,2181.81
-11801302.07,4654119.42,2181.85
-11801303.66,4654118.95,2181.81
-11801305.27,4654118.48,2181.85
-11801306.870000001,4654118.0200000005,2181.85
-11801308.47,4654117.54,2181.96
-11801310.08,4654117.07,2181.84
-11801311.69,4654116.59,2181.83
-11801313.27,4654116.14,2181.81
-11801314.86,4654115.67,2181.81
-11801316.46,4654115.2,2181.86
-11801318.05,4654114.74,2181.9
-11801319.65,4654114.26,2181.9
-11801321.24,4654113.8,2181.94
-11801322.86,4654113.34,2181.96
-11801324.46,4654112.86,2181.92
-11801326.040000001,4654112.41,2181.97
-11801327.65,4654111.93,2182.0
-11801329.25,4654111.46,2182.02
-11801330.85,4654110.98,2182.01
-11801332.43,4654110.54,2182.05
-11801334.05,4654110.0600000005,2182.06
-11801335.66,4654109.59,2182.08
-11801337.26,4654109.13,2182.13
-11801338.870000001,4654108.65,2182.13
-11801340.46,4654108.18,2182.17
-11801342.040000001,4654107.73,2182.21
-11801343.66,4654107.25,2182.15
-11801343.38,4654106.28,2182.13
-11801341.8,4654106.74,2182.11
-11801340.15,4654107.22,2182.13
-11801338.53,4654107.69,2182.08
-11801336.94,4654108.14,2182.1
-11801335.31,4654108.62,2182.09
-11801333.69,4654109.100000001,2182.06
-11801332.09,4654109.5600000005,2182.02
-11801330.51,4654110.0200000005,2182.0
-11801328.92,4654110.48,2182.0
-11801327.33,4654110.94,2181.99
-11801325.75,4654111.41,2181.94
-11801324.11,4654111.86,2181.94
-11801322.52,4654112.34,2181.92
-11801320.91,4654112.8100000005,2181.88
-11801319.31,4654113.2700000005,2181.9
-11801317.69,4654113.74,2181.88
-11801316.06,4654114.22,2181.88
-11801314.47,4654114.69,2181.86
-11801312.88,4654115.14,2181.82
-11801311.3,4654115.58,2181.82
-11801309.71,4654116.0600000005,2181.78
-11801308.11,4654116.53,2181.75
-11801306.51,4654116.99,2181.75
-11801304.9,4654117.46,2181.81
-11801303.28,4654117.94,2181.83
-11801301.66,4654118.41,2181.73
-11801300.06,4654118.86,2181.78
-11801298.48,4654119.33,2181.75
-11801296.88,4654119.79,2181.8
-11801295.26,4654120.25,2181.72
-11801293.68,4654120.73,2181.61
-11801292.07,4654121.19,2181.59
-11801290.46,4654121.66,2181.63
-11801288.9,4654122.11,2181.59
-11801287.32,4654122.58,2181.59
-11801285.71,4654123.0200000005,2181.54
-11801284.120000001,4654123.5,2181.5
-11801282.52,4654123.97,2181.44
-11801280.91,4654124.43,2181.48
-11801279.3,4654124.9,2181.44
-11801277.71,4654125.350000001,2181.4
-11801276.11,4654125.83,2181.36
-11801274.51,4654126.3,2181.38
-11801272.96,4654126.74,2181.35
-11801271.370000001,4654127.19,2181.32
-11801269.75,4654127.68,2181.4
-11801268.16,4654128.14,2181.32
-11801266.57,4654128.600000001,2181.32
-11801267.21,4654126.7,2181.31
-11801268.81,4654126.23,2181.34
-11801270.43,4654125.75,2181.3
-11801272.02,4654125.29,2181.34
-11801273.61,4654124.82,2181.36
-11801275.18,4654124.37,2181.4
-11801276.76,4654123.9,2181.4
-11801278.370000001,4654123.42,2181.46
-11801279.97,4654122.96,2181.51
-11801281.53,4654122.5,2181.55
-11801283.1,4654122.04,2181.61
-11801284.71,4654121.57,2181.56
-11801286.33,4654121.09,2181.56
-11801287.96,4654120.600000001,2181.58
-11801289.55,4654120.14,2181.6
-11801291.1,4654119.69,2181.61
-11801292.700000001,4654119.21,2181.63
-11801294.31,4654118.74,2181.69
-11801295.92,4654118.2700000005,2181.69
-11801297.49,4654117.82,2181.78
-11801299.09,4654117.350000001,2181.72
-11801300.66,4654116.88,2181.65
-11801302.26,4654116.41,2181.69
-11801303.870000001,4654115.93,2181.69
-11801305.49,4654115.47,2181.69
-11801307.08,4654114.99,2181.73
-11801308.66,4654114.53,2181.79
-11801310.28,4654114.07,2181.81
-11801311.88,4654113.59,2181.82
-11801313.48,4654113.12,2181.82
-11801315.06,4654112.65,2181.85
-11801316.67,4654112.19,2181.85
-11801318.28,4654111.71,2181.86
-11801319.9,4654111.24,2181.88
-11801321.5,4654110.76,2181.9
-11801323.07,4654110.3100000005,2181.94
-11801324.66,4654109.84,2181.92
-11801326.28,4654109.36,2181.97
-11801327.89,4654108.88,2182.01
-11801329.51,4654108.42,2181.98
-11801331.08,4654107.96,2181.98
-11801332.65,4654107.5,2182.02
-11801334.26,4654107.0200000005,2181.99
-11801335.870000001,4654106.55,2182.03
-11801337.49,4654106.07,2182.07
-11801339.09,4654105.61,2182.17
-11801340.700000001,4654105.14,2182.15
-11801342.3,4654104.66,2182.17
-11801343.91,4654104.19,2182.19
-11801344.0,4654103.08,2182.21
-11801342.41,4654103.54,2182.17
-11801340.790000001,4654104.01,2182.13
-11801339.17,4654104.48,2182.13
-11801337.57,4654104.96,2182.1
-11801335.98,4654105.41,2182.08
-11801334.39,4654105.88,2182.04
-11801332.77,4654106.34,2181.98
-11801331.15,4654106.8100000005,2181.94
-11801329.57,4654107.26,2181.94
-11801327.98,4654107.74,2182.01
-11801326.370000001,4654108.21,2181.94
-11801324.75,4654108.69,2181.96
-11801323.120000001,4654109.17,2181.94
-11801321.53,4654109.62,2181.9
-11801319.94,4654110.09,2181.88
-11801318.32,4654110.55,2181.86
-11801316.700000001,4654111.03,2181.81
-11801315.07,4654111.5,2181.81
-11801313.48,4654111.97,2181.8
-11801311.9,4654112.42,2181.78
-11801310.3,4654112.9,2181.77
-11801308.72,4654113.350000001,2181.74
-11801307.14,4654113.8100000005,2181.76
-11801305.55,4654114.29,2181.72
-11801303.950000001,4654114.75,2181.71
-11801302.33,4654115.22,2181.71
-11801300.73,4654115.69,2181.63
-11801299.14,4654116.14,2181.6
-11801297.52,4654116.62,2181.63
-11801295.9,4654117.09,2181.65
-11801294.3,4654117.5600000005,2181.69
-11801292.72,4654118.03,2181.69
-11801291.14,4654118.47,2181.69
-11801289.55,4654118.95,2181.57
-11801287.93,4654119.42,2181.58
-11801286.33,4654119.88,2181.57
-11801284.700000001,4654120.36,2181.67
-11801283.120000001,4654120.83,2181.69
-11801281.540000001,4654121.28,2181.59
-11801279.94,4654121.75,2181.51
-11801278.34,4654122.22,2181.59
-11801276.76,4654122.68,2181.63
-11801275.200000001,4654123.12,2181.4
-11801273.63,4654123.59,2181.35
-11801272.02,4654124.0600000005,2181.36
-11801270.4,4654124.5200000005,2181.31
-11801268.8,4654125.0,2181.3
-11801267.21,4654125.46,2181.28
-11801265.82,4654124.19,2181.28
-11801267.39,4654123.71,2181.3
-11801268.99,4654123.26,2181.33
-11801270.6,4654122.79,2181.38
-11801272.19,4654122.32,2181.44
-11801273.790000001,4654121.84,2181.4
-11801275.36,4654121.38,2181.51
-11801276.950000001,4654120.91,2181.52
-11801278.52,4654120.46,2181.67
-11801280.120000001,4654119.99,2181.54
-11801281.700000001,4654119.53,2181.61
-11801283.290000001,4654119.05,2181.56
-11801284.91,4654118.58,2181.58
-11801286.5,4654118.100000001,2181.69
-11801288.09,4654117.63,2181.61
-11801289.700000001,4654117.15,2181.6
-11801291.3,4654116.69,2181.58
-11801292.89,4654116.21,2181.61
-11801294.5,4654115.75,2181.57
-11801296.07,4654115.29,2181.61
-11801297.68,4654114.82,2181.65
-11801299.26,4654114.36,2181.67
-11801300.84,4654113.88,2181.67
-11801302.46,4654113.41,2181.69
-11801304.06,4654112.94,2181.69
-11801305.66,4654112.46,2181.71
-11801307.25,4654112.0,2181.74
-11801308.83,4654111.53,2181.76
-11801310.43,4654111.05,2181.77
-11801312.05,4654110.59,2181.8
-11801313.65,4654110.11,2181.82
-11801315.25,4654109.64,2181.84
-11801316.85,4654109.16,2181.84
-11801318.44,4654108.71,2181.9
-11801320.03,4654108.24,2181.88
-11801321.620000001,4654107.7700000005,2181.92
-11801323.21,4654107.29,2181.9
-11801324.84,4654106.8100000005,2181.9
-11801326.450000001,4654106.34,2181.92
-11801328.03,4654105.88,2181.99
-11801329.6,4654105.42,2181.99
-11801331.21,4654104.95,2182.04
-11801332.790000001,4654104.48,2182.03
-11801334.39,4654104.0,2182.05
-11801335.99,4654103.54,2182.11
-11801337.6,4654103.0600000005,2182.11
-11801339.21,4654102.59,2182.1
-11801340.83,4654102.11,2182.13
-11801342.42,4654101.64,2182.15
-11801344.01,4654101.17,2182.17
-11801342.870000001,4654100.49,2182.15
-11801341.27,4654100.95,2182.11
-11801339.67,4654101.42,2182.11
-11801338.07,4654101.87,2182.11
-11801336.450000001,4654102.36,2182.13
-11801334.86,4654102.82,2182.09
-11801333.28,4654103.28,2182.04
-11801331.68,4654103.75,2182.01
-11801330.06,4654104.23,2181.99
-11801328.43,4654104.7,2181.98
-11801326.86,4654105.15,2181.92
-11801325.25,4654105.63,2181.92
-11801323.64,4654106.100000001,2181.9
-11801322.02,4654106.58,2181.86
-11801320.4,4654107.04,2181.88
-11801318.85,4654107.51,2181.84
-11801317.24,4654107.98,2181.88
-11801315.63,4654108.43,2181.83
-11801314.01,4654108.92,2181.82
-11801312.39,4654109.38,2181.81
-11801310.8,4654109.86,2181.78
-11801309.21,4654110.32,2181.75
-11801307.61,4654110.79,2181.73
-11801306.02,4654111.25,2181.72
-11801304.41,4654111.71,2181.69
-11801302.83,4654112.19,2181.69
-11801301.22,4654112.67,2181.69
-11801299.61,4654113.13,2181.67
-11801298.01,4654113.59,2181.65
-11801296.43,4654114.07,2181.63
-11801294.870000001,4654114.5200000005,2181.61
-11801293.25,4654115.0,2181.59
-11801291.66,4654115.45,2181.56
-11801290.040000001,4654115.92,2181.53
-11801288.450000001,4654116.4,2181.51
-11801286.870000001,4654116.86,2181.51
-11801285.25,4654117.33,2181.53
-11801283.65,4654117.8100000005,2181.58
-11801282.05,4654118.28,2181.58
-11801280.47,4654118.73,2181.49
-11801278.89,4654119.2,2181.46
-11801277.290000001,4654119.66,2181.52
-11801275.68,4654120.14,2181.58
-11801274.07,4654120.61,2181.54
-11801272.47,4654121.08,2181.4
-11801270.9,4654121.53,2181.49
-11801269.33,4654122.0,2181.44
-11801267.74,4654122.46,2181.33
-11801266.120000001,4654122.92,2181.31
-11801266.18,4654121.08,2181.36
-11801267.74,4654120.63,2181.52
-11801269.35,4654120.15,2181.42
-11801270.950000001,4654119.66,2181.42
-11801272.53,4654119.2,2181.4
-11801274.11,4654118.75,2181.56
-11801275.71,4654118.2700000005,2181.52
-11801277.290000001,4654117.8,2181.56
-11801278.92,4654117.3100000005,2181.42
-11801280.5,4654116.83,2181.42
-11801282.09,4654116.38,2181.44
-11801283.68,4654115.89,2181.46
-11801285.290000001,4654115.43,2181.52
-11801286.9,4654114.94,2181.55
-11801288.48,4654114.49,2181.54
-11801290.07,4654114.0200000005,2181.57
-11801291.68,4654113.54,2181.55
-11801293.27,4654113.08,2181.57
-11801294.870000001,4654112.600000001,2181.59
-11801296.49,4654112.12,2181.6
-11801298.05,4654111.66,2181.63
-11801299.63,4654111.2,2181.65
-11801301.22,4654110.73,2181.67
-11801302.84,4654110.25,2181.69
-11801304.43,4654109.78,2181.69
-11801306.02,4654109.3100000005,2181.69
-11801307.63,4654108.84,2181.76
-11801309.23,4654108.36,2181.75
-11801310.83,4654107.88,2181.77
-11801312.450000001,4654107.41,2181.79
-11801314.02,4654106.95,2181.81
-11801315.61,4654106.48,2181.86
-11801317.22,4654106.0,2181.83
-11801318.790000001,4654105.54,2181.88
-11801320.39,4654105.07,2181.9
-11801322.02,4654104.59,2181.9
-11801323.6,4654104.12,2181.92
-11801325.200000001,4654103.64,2181.92
-11801326.82,4654103.16,2181.96
-11801328.4,4654102.7,2182.02
-11801329.99,4654102.23,2182.01
-11801331.59,4654101.75,2182.04
-11801333.200000001,4654101.29,2182.05
-11801334.790000001,4654100.82,2182.08
-11801336.38,4654100.34,2182.09
-11801337.98,4654099.87,2182.1
-11801339.56,4654099.41,2182.13
-11801341.17,4654098.93,2182.13
-11801342.77,4654098.45,2182.13
-11801340.39,4654098.17,2182.13
-11801338.790000001,4654098.65,2182.11
-11801337.16,4654099.11,2182.09
-11801335.56,4654099.59,2182.07
-11801333.99,4654100.05,2182.03
-11801332.39,4654100.5200000005,2182.06
-11801330.77,4654100.99,2182.02
-11801329.15,4654101.47,2182.0
-11801327.56,4654101.94,2181.99
-11801325.96,4654102.4,2181.96
-11801324.33,4654102.88,2181.92
-11801322.75,4654103.350000001,2181.9
-11801321.17,4654103.82,2181.9
-11801319.55,4654104.2700000005,2181.86
-11801317.950000001,4654104.76,2181.88
-11801316.35,4654105.22,2181.82
-11801314.76,4654105.7,2181.86
-11801313.14,4654106.16,2181.79
-11801311.53,4654106.64,2181.75
-11801309.97,4654107.09,2181.75
-11801308.38,4654107.55,2181.73
-11801306.76,4654108.04,2181.79
-11801305.16,4654108.49,2181.67
-11801303.57,4654108.97,2181.69
-11801301.96,4654109.45,2181.65
-11801300.35,4654109.92,2181.65
-11801298.75,4654110.4,2181.63
-11801297.16,4654110.87,2181.6
-11801295.56,4654111.32,2181.61
-11801293.97,4654111.8,2181.59
-11801292.36,4654112.26,2181.57
-11801290.8,4654112.73,2181.54
-11801289.18,4654113.21,2181.52
-11801287.58,4654113.68,2181.54
-11801286.0,4654114.14,2181.52
-11801284.39,4654114.600000001,2181.54
-11801282.8,4654115.08,2181.48
-11801281.17,4654115.54,2181.46
-11801279.6,4654116.0200000005,2181.42
-11801278.02,4654116.49,2181.38
-11801276.43,4654116.95,2181.38
-11801274.82,4654117.42,2181.42
-11801273.22,4654117.9,2181.53
-11801271.61,4654118.37,2181.44
-11801270.040000001,4654118.82,2181.42
-11801268.46,4654119.3,2181.42
-11801266.870000001,4654119.7700000005,2181.44
-11801266.53,4654118.13,2181.54
-11801268.13,4654117.65,2181.42
-11801269.71,4654117.17,2181.34
-11801271.3,4654116.7,2181.32
-11801272.92,4654116.22,2181.38
-11801274.5,4654115.76,2181.42
-11801276.1,4654115.28,2181.48
-11801277.68,4654114.8100000005,2181.5
-11801279.28,4654114.33,2181.42
-11801280.870000001,4654113.87,2181.48
-11801282.47,4654113.39,2181.51
-11801284.08,4654112.92,2181.53
-11801285.67,4654112.44,2181.52
-11801287.25,4654111.97,2181.54
-11801288.84,4654111.51,2181.57
-11801290.43,4654111.03,2181.58
-11801292.05,4654110.55,2181.6
-11801293.64,4654110.08,2181.61
-11801295.22,4654109.62,2181.63
-11801296.84,4654109.14,2181.63
-11801298.43,4654108.66,2181.67
-11801300.03,4654108.19,2181.69
-11801301.620000001,4654107.71,2181.69
-11801303.19,4654107.23,2181.71
-11801304.78,4654106.78,2181.69
-11801306.4,4654106.29,2181.71
-11801308.01,4654105.82,2181.73
-11801309.620000001,4654105.34,2181.76
-11801311.17,4654104.89,2181.8
-11801312.76,4654104.4,2181.84
-11801314.38,4654103.93,2181.82
-11801315.98,4654103.45,2181.88
-11801317.57,4654102.98,2181.88
-11801319.16,4654102.5200000005,2181.9
-11801320.74,4654102.05,2181.9
-11801322.33,4654101.57,2181.92
-11801323.950000001,4654101.09,2181.96
-11801325.55,4654100.63,2181.96
-11801327.13,4654100.15,2181.97
-11801328.75,4654099.68,2182.01
-11801330.35,4654099.2,2182.04
-11801331.94,4654098.73,2182.11
-11801333.57,4654098.24,2182.08
-11801335.16,4654097.78,2182.06
-11801331.53,4654097.78,2182.05
-11801329.92,4654098.26,2182.06
-11801328.32,4654098.72,2182.02
-11801326.73,4654099.2,2181.97
-11801325.120000001,4654099.67,2181.92
-11801323.52,4654100.15,2181.92
-11801321.93,4654100.61,2181.9
-11801320.3,4654101.09,2181.88
-11801318.69,4654101.5600000005,2181.88
-11801317.120000001,4654102.03,2181.86
-11801315.5,4654102.49,2181.83
-11801313.88,4654102.99,2181.82
-11801312.28,4654103.44,2181.83
-11801310.700000001,4654103.92,2181.78
-11801309.120000001,4654104.39,2181.76
-11801307.53,4654104.850000001,2181.73
-11801305.91,4654105.33,2181.72
-11801304.3,4654105.8100000005,2181.67
-11801302.71,4654106.28,2181.65
-11801301.11,4654106.74,2181.65
-11801299.52,4654107.21,2181.67
-11801297.92,4654107.69,2181.65
-11801296.33,4654108.16,2181.63
-11801294.74,4654108.61,2181.58
-11801293.15,4654109.09,2181.61
-11801291.55,4654109.5600000005,2181.59
-11801289.96,4654110.03,2181.58
-11801288.35,4654110.49,2181.55
-11801286.73,4654110.98,2181.54
-11801285.15,4654111.43,2181.52
-11801283.57,4654111.91,2181.48
-11801281.97,4654112.38,2181.48
-11801280.38,4654112.86,2181.46
-11801278.790000001,4654113.33,2181.47
-11801277.21,4654113.7700000005,2181.4
-11801275.6,4654114.26,2181.47
-11801274.01,4654114.74,2181.48
-11801272.42,4654115.2,2181.46
-11801270.84,4654115.66,2181.4
-11801269.24,4654116.14,2181.34
-11801267.65,4654116.600000001,2181.35
-11801266.05,4654117.08,2181.31
-11801267.06,4654115.08,2181.36
-11801268.65,4654114.600000001,2181.38
-11801270.200000001,4654114.15,2181.38
-11801271.78,4654113.67,2181.42
-11801273.38,4654113.21,2181.42
-11801274.98,4654112.73,2181.4
-11801276.58,4654112.25,2181.44
-11801278.16,4654111.78,2181.44
-11801279.72,4654111.3100000005,2181.46
-11801281.31,4654110.84,2181.49
-11801282.94,4654110.34,2181.5
-11801284.56,4654109.88,2181.55
-11801286.13,4654109.4,2181.57
-11801287.700000001,4654108.93,2181.57
-11801289.32,4654108.45,2181.6
-11801290.92,4654107.98,2181.65
-11801292.5,4654107.51,2181.55
-11801294.07,4654107.04,2181.57
-11801295.66,4654106.5600000005,2181.61
-11801297.290000001,4654106.09,2181.63
-11801298.85,4654105.61,2181.65
-11801300.450000001,4654105.15,2181.67
-11801302.05,4654104.67,2181.69
-11801303.67,4654104.18,2181.69
-11801305.28,4654103.71,2181.69
-11801306.870000001,4654103.23,2181.75
-11801308.450000001,4654102.76,2181.78
-11801310.03,4654102.3,2181.8
-11801311.65,4654101.82,2181.78
-11801313.24,4654101.34,2181.84
-11801314.86,4654100.850000001,2181.84
-11801316.47,4654100.38,2181.85
-11801318.05,4654099.9,2181.86
-11801319.65,4654099.43,2181.9
-11801321.23,4654098.97,2181.9
-11801322.82,4654098.49,2181.94
-11801324.44,4654098.01,2181.96
-11801321.07,4654097.94,2181.9
-11801319.46,4654098.44,2181.88
-11801317.870000001,4654098.89,2181.88
-11801316.27,4654099.38,2181.84
-11801314.67,4654099.84,2181.82
-11801313.06,4654100.33,2181.8
-11801311.47,4654100.78,2181.8
-11801309.870000001,4654101.2700000005,2181.81
-11801308.26,4654101.73,2181.74
-11801306.67,4654102.22,2181.72
-11801305.07,4654102.69,2181.69
-11801303.46,4654103.17,2181.69
-11801301.86,4654103.63,2181.67
-11801300.26,4654104.11,2181.65
-11801298.65,4654104.59,2181.65
-11801297.09,4654105.04,2181.63
-11801295.48,4654105.5200000005,2181.63
-11801293.89,4654105.99,2181.61
-11801292.31,4654106.44,2181.54
-11801290.68,4654106.94,2181.6
-11801289.08,4654107.42,2181.6
-11801287.49,4654107.88,2181.57
-11801285.9,4654108.36,2181.55
-11801284.290000001,4654108.83,2181.55
-11801282.700000001,4654109.3100000005,2181.52
-11801281.120000001,4654109.7700000005,2181.5
-11801279.52,4654110.24,2181.49
-11801277.9,4654110.72,2181.44
-11801276.35,4654111.18,2181.42
-11801274.78,4654111.65,2181.4
-11801273.19,4654112.100000001,2181.38
-11801271.58,4654112.600000001,2181.4
-11801269.96,4654113.08,2181.38
-11801268.38,4654113.54,2181.35
-11801266.8,4654114.01,2181.35
-11801265.94,4654112.49,2181.32
-11801267.51,4654112.03,2181.35
-11801269.09,4654111.5600000005,2181.36
-11801270.69,4654111.08,2181.38
-11801272.31,4654110.600000001,2181.38
-11801273.9,4654110.12,2181.44
-11801275.47,4654109.66,2181.44
-11801277.03,4654109.18,2181.44
-11801278.620000001,4654108.71,2181.48
-11801280.24,4654108.23,2181.53
-11801281.84,4654107.75,2181.51
-11801283.450000001,4654107.2700000005,2181.52
-11801285.040000001,4654106.79,2181.52
-11801286.620000001,4654106.33,2181.54
-11801288.21,4654105.850000001,2181.6
-11801289.790000001,4654105.38,2181.59
-11801291.39,4654104.9,2181.61
-11801293.01,4654104.42,2181.63
-11801294.61,4654103.94,2181.63
-11801296.200000001,4654103.46,2181.65
-11801297.8,4654102.98,2181.65
-11801299.4,4654102.5200000005,2181.67
-11801300.97,4654102.04,2181.67
-11801302.55,4654101.57,2181.69
-11801304.14,4654101.09,2181.69
-11801305.76,4654100.61,2181.73
-11801307.36,4654100.13,2181.79
-11801308.98,4654099.66,2181.75
-11801310.56,4654099.18,2181.8
-11801312.120000001,4654098.71,2181.8
-11801313.74,4654098.23,2181.82
-11801310.8,4654098.11,2181.79
-11801309.19,4654098.59,2181.76
-11801307.58,4654099.0600000005,2181.73
-11801305.99,4654099.53,2181.75
-11801304.41,4654100.0,2181.72
-11801302.81,4654100.48,2181.71
-11801301.22,4654100.95,2181.67
-11801299.64,4654101.41,2181.67
-11801298.03,4654101.89,2181.63
-11801296.43,4654102.37,2181.63
-11801294.83,4654102.84,2181.61
-11801293.22,4654103.32,2181.6
-11801291.63,4654103.8,2181.59
-11801290.05,4654104.26,2181.56
-11801288.44,4654104.74,2181.58
-11801286.83,4654105.22,2181.58
-11801285.25,4654105.69,2181.51
-11801283.65,4654106.17,2181.49
-11801282.03,4654106.65,2181.47
-11801280.42,4654107.13,2181.46
-11801278.83,4654107.59,2181.44
-11801277.25,4654108.05,2181.46
-11801275.700000001,4654108.5200000005,2181.42
-11801274.1,4654108.99,2181.44
-11801272.5,4654109.47,2181.38
-11801270.88,4654109.94,2181.35
-11801269.28,4654110.43,2181.35
-11801267.71,4654110.88,2181.34
-11801266.15,4654111.36,2181.32
-11801266.52,4654109.49,2181.35
-11801268.11,4654109.01,2181.34
-11801269.71,4654108.53,2181.36
-11801271.28,4654108.0600000005,2181.4
-11801272.9,4654107.57,2181.4
-11801274.5,4654107.09,2181.42
-11801276.07,4654106.62,2181.42
-11801277.66,4654106.14,2181.44
-11801279.24,4654105.68,2181.51
-11801280.84,4654105.2,2181.5
-11801282.42,4654104.72,2181.5
-11801284.0,4654104.24,2181.53
-11801285.620000001,4654103.76,2181.56
-11801287.21,4654103.28,2181.53
-11801288.81,4654102.79,2181.58
-11801290.39,4654102.34,2181.6
-11801291.98,4654101.86,2181.59
-11801293.56,4654101.38,2181.61
-11801295.16,4654100.9,2181.63
-11801296.74,4654100.43,2181.63
-11801298.33,4654099.95,2181.63
-11801299.92,4654099.46,2181.67
-11801301.53,4654098.99,2181.69
-11801303.16,4654098.51,2181.69
-11801304.75,4654098.0200000005,2181.76
-11801300.5,4654098.25,2181.67
-11801298.91,4654098.72,2181.63
-11801297.34,4654099.17,2181.61
-11801295.75,4654099.66,2181.61
-11801294.13,4654100.14,2181.6
-11801292.53,4654100.62,2181.6
-11801290.96,4654101.09,2181.57
-11801289.36,4654101.5600000005,2181.58
-11801287.77,4654102.03,2181.56
-11801286.16,4654102.5,2181.5
-11801284.56,4654102.99,2181.52
-11801282.98,4654103.44,2181.52
-11801281.38,4654103.94,2181.49
-11801279.78,4654104.41,2181.49
-11801278.200000001,4654104.89,2181.46
-11801276.58,4654105.37,2181.46
-11801275.0,4654105.83,2181.42
-11801273.42,4654106.3100000005,2181.4
-11801271.82,4654106.7700000005,2181.38
-11801270.23,4654107.26,2181.38
-11801268.64,4654107.72,2181.35
-11801267.07,4654108.2,2181.31
-11801265.69,4654106.93,2181.32
-11801267.24,4654106.45,2181.34
-11801268.82,4654106.0,2181.38
-11801270.44,4654105.51,2181.4
-11801272.03,4654105.01,2181.42
-11801273.620000001,4654104.55,2181.44
-11801275.200000001,4654104.07,2181.47
-11801276.77,4654103.600000001,2181.47
-11801278.370000001,4654103.12,2181.48
-11801279.97,4654102.64,2181.5
-11801281.53,4654102.18,2181.52
-11801283.120000001,4654101.69,2181.57
-11801284.73,4654101.21,2181.54
-11801286.32,4654100.73,2181.56
-11801287.9,4654100.26,2181.56
-11801289.52,4654099.7700000005,2181.59
-11801291.14,4654099.29,2181.6
-11801292.700000001,4654098.82,2181.61
-11801294.31,4654098.33,2181.61
-11801295.88,4654097.850000001,2181.63
-11801292.040000001,4654097.94,2181.58
-11801290.49,4654098.4,2181.57
-11801288.9,4654098.88,2181.56
-11801287.28,4654099.36,2181.55
-11801285.66,4654099.84,2181.54
-11801284.1,4654100.3100000005,2181.52
-11801282.540000001,4654100.78,2181.53
-11801280.94,4654101.26,2181.51
-11801279.32,4654101.73,2181.48
-11801277.71,4654102.22,2181.47
-11801276.120000001,4654102.7,2181.44
-11801274.56,4654103.16,2181.46
-11801272.97,4654103.64,2181.44
-11801271.36,4654104.11,2181.42
-11801269.77,4654104.600000001,2181.4
-11801268.200000001,4654105.0600000005,2181.36
-11801266.620000001,4654105.53,2181.34
-11801266.49,4654103.79,2181.36
-11801268.07,4654103.33,2181.46
-11801269.68,4654102.83,2181.4
-11801271.290000001,4654102.34,2181.42
-11801272.86,4654101.88,2181.44
-11801274.42,4654101.41,2181.44
-11801276.02,4654100.93,2181.48
-11801277.620000001,4654100.44,2181.48
-11801279.19,4654099.96,2181.52
-11801280.78,4654099.49,2181.52
-11801282.38,4654099.0,2181.51
-11801284.0,4654098.5200000005,2181.55
-11801285.59,4654098.04,2181.55
-11801282.14,4654098.08,2181.53
-11801280.58,4654098.5600000005,2181.48
-11801278.98,4654099.04,2181.56
-11801277.38,4654099.5,2181.53
-11801275.790000001,4654099.98,2181.49
-11801274.19,4654100.48,2181.48
-11801272.57,4654100.94,2181.47
-11801270.99,4654101.43,2181.42
-11801269.39,4654101.91,2181.38
-11801267.81,4654102.38,2181.4
-11801266.21,4654102.86,2181.36
-11801265.88,4654101.18,2181.38
-11801267.46,4654100.7,2181.4
-11801269.05,4654100.22,2181.42
-11801270.64,4654099.73,2181.44
-11801272.21,4654099.2700000005,2181.47
-11801273.790000001,4654098.79,2181.48
-11801275.39,4654098.3,2181.5
-11801276.98,4654097.82,2181.54
-11801272.3,4654098.19,2181.44
-11801270.72,4654098.67,2181.42
-11801269.11,4654099.15,2181.4
-11801267.51,4654099.64,2181.4
-11801265.96,4654100.11,2181.36
-11801266.91,4654098.11,2181.36
-11801268.450000001,4654098.09,2181.38
-11801266.84,4654098.8,2181.38
-11801266.290000001,4654099.7,2181.32
-11801267.89,4654099.01,2181.38
-11801269.5,4654098.3100000005,2181.4
-11801275.44,4654098.13,2181.49
-11801273.81,4654098.850000001,2181.44
-11801272.21,4654099.55,2181.44
-11801270.57,4654100.26,2181.4
-11801268.950000001,4654100.97,2181.38
-11801267.33,4654101.67,2181.35
-11801265.76,4654102.34,2181.34
-11801266.56,4654102.61,2181.36
-11801268.19,4654101.9,2181.38
-11801269.78,4654101.23,2181.4
-11801271.38,4654100.53,2181.44
-11801273.03,4654099.82,2181.44
-11801274.65,4654099.12,2181.44
-11801276.25,4654098.44,2181.48
-11801282.55,4654098.16,2181.52
-11801280.91,4654098.88,2181.48
-11801279.3,4654099.59,2181.57
-11801277.71,4654100.28,2181.5
-11801276.1,4654100.98,2181.47
-11801274.47,4654101.67,2181.46
-11801272.86,4654102.39,2181.44
-11801271.22,4654103.100000001,2181.42
-11801269.620000001,4654103.8,2181.42
-11801268.0,4654104.49,2181.38
-11801266.370000001,4654105.18,2181.36
-11801266.81,4654105.66,2181.34
-11801268.42,4654104.98,2181.36
-11801270.03,4654104.28,2181.38
-11801271.64,4654103.57,2181.42
-11801273.27,4654102.86,2181.44
-11801274.870000001,4654102.19,2181.46
-11801276.49,4654101.49,2181.44
-11801278.11,4654100.78,2181.47
-11801279.74,4654100.08,2181.5
-11801281.34,4654099.4,2181.48
-11801282.92,4654098.71,2181.52
-11801284.53,4654098.01,2181.53
-11801289.46,4654098.14,2181.58
-11801287.86,4654098.84,2181.57
-11801286.26,4654099.53,2181.53
-11801284.63,4654100.24,2181.55
-11801282.99,4654100.96,2181.51
-11801281.38,4654101.65,2181.52
-11801279.77,4654102.350000001,2181.5
-11801278.16,4654103.05,2181.49
-11801276.56,4654103.73,2181.44
-11801274.950000001,4654104.44,2181.47
-11801273.33,4654105.14,2181.44
-11801271.71,4654105.850000001,2181.4
-11801270.08,4654106.5600000005,2181.38
-11801268.48,4654107.26,2181.34
-11801266.86,4654107.96,2181.28
-11801267.040000001,4654108.51,2181.27
-11801268.65,4654107.8100000005,2181.3
-11801270.24,4654107.11,2181.34
-11801271.8,4654106.45,2181.36
-11801273.44,4654105.74,2181.4
-11801275.08,4654105.03,2181.42
-11801276.71,4654104.32,2181.42
-11801278.3,4654103.65,2181.46
-11801279.9,4654102.95,2181.46
-11801281.53,4654102.25,2181.47
-11801283.15,4654101.54,2181.51
-11801284.74,4654100.86,2181.5
-11801286.33,4654100.17,2181.54
-11801287.950000001,4654099.48,2181.53
-11801289.56,4654098.78,2181.54
-11801291.17,4654098.07,2181.57
-11801296.52,4654097.83,2181.65
-11801294.93,4654098.53,2181.61
-11801293.31,4654099.21,2181.59
-11801291.67,4654099.94,2181.57
-11801290.05,4654100.65,2181.57
-11801288.46,4654101.33,2181.54
-11801286.870000001,4654102.0200000005,2181.55
-11801285.24,4654102.73,2181.52
-11801283.61,4654103.44,2181.52
-11801281.98,4654104.15,2181.5
-11801280.39,4654104.83,2181.49
-11801278.790000001,4654105.53,2181.48
-11801277.15,4654106.24,2181.44
-11801275.52,4654106.95,2181.4
-11801273.94,4654107.65,2181.4
-11801272.32,4654108.34,2181.38
-11801270.69,4654109.03,2181.38
-11801269.08,4654109.74,2181.34
-11801267.47,4654110.45,2181.34
-11801265.83,4654111.16,2181.32
-11801267.23,4654111.16,2181.31
-11801268.9,4654110.45,2181.31
-11801270.55,4654109.72,2181.33
-11801272.19,4654109.01,2181.36
-11801273.82,4654108.3,2181.38
-11801275.46,4654107.59,2181.4
-11801277.11,4654106.88,2181.42
-11801278.77,4654106.17,2181.44
-11801280.41,4654105.47,2181.47
-11801282.040000001,4654104.76,2181.47
-11801283.69,4654104.05,2181.47
-11801285.34,4654103.34,2181.53
-11801286.97,4654102.63,2181.52
-11801288.6,4654101.93,2181.53
-11801290.22,4654101.22,2181.55
-11801291.85,4654100.51,2181.56
-11801293.5,4654099.8,2181.58
-11801295.18,4654099.08,2181.6
-11801296.83,4654098.37,2181.61
-11801301.94,4654098.18,2181.69
-11801300.34,4654098.88,2181.67
-11801298.72,4654099.58,2181.65
-11801297.1,4654100.29,2181.65
-11801295.46,4654101.0,2181.61
-11801293.84,4654101.69,2181.61
-11801292.24,4654102.38,2181.59
-11801290.65,4654103.08,2181.59
-11801289.07,4654103.7700000005,2181.54
-11801287.48,4654104.47,2181.59
-11801285.82,4654105.18,2181.54
-11801284.200000001,4654105.89,2181.51
-11801282.6,4654106.59,2181.5
-11801280.98,4654107.29,2181.48
-11801279.370000001,4654107.97,2181.47
-11801277.77,4654108.68,2181.46
-11801276.16,4654109.38,2181.42
-11801274.56,4654110.08,2181.42
-11801272.9,4654110.8,2181.38
-11801271.26,4654111.51,2181.36
-11801269.620000001,4654112.22,2181.36
-11801268.0,4654112.91,2181.35
-11801266.43,4654113.600000001,2181.33
-11801266.1,4654114.32,2181.32
-11801267.72,4654113.64,2181.32
-11801269.32,4654112.94,2181.34
-11801270.93,4654112.23,2181.36
-11801272.55,4654111.55,2181.35
-11801274.15,4654110.850000001,2181.38
-11801275.76,4654110.15,2181.44
-11801277.39,4654109.44,2181.44
-11801279.02,4654108.74,2181.47
-11801280.61,4654108.0600000005,2181.48
-11801282.21,4654107.350000001,2181.44
-11801283.81,4654106.68,2181.47
-11801285.4,4654105.98,2181.48
-11801287.01,4654105.2700000005,2181.57
-11801288.61,4654104.600000001,2181.54
-11801290.25,4654103.89,2181.58
-11801291.84,4654103.19,2181.57
-11801293.44,4654102.51,2181.57
-11801295.06,4654101.8100000005,2181.6
-11801296.67,4654101.100000001,2181.61
-11801298.290000001,4654100.41,2181.63
-11801299.88,4654099.73,2181.63
-11801301.49,4654099.0200000005,2181.67
-11801303.08,4654098.34,2181.69
-11801307.82,4654098.23,2181.78
-11801306.200000001,4654098.92,2181.77
-11801304.56,4654099.63,2181.71
-11801302.950000001,4654100.34,2181.69
-11801301.35,4654101.03,2181.67
-11801299.73,4654101.74,2181.63
-11801298.13,4654102.44,2181.63
-11801296.55,4654103.13,2181.63
-11801294.91,4654103.84,2181.61
-11801293.290000001,4654104.55,2181.61
-11801291.69,4654105.22,2181.61
-11801290.1,4654105.93,2181.58
-11801288.5,4654106.63,2181.58
-11801286.84,4654107.34,2181.53
-11801285.23,4654108.05,2181.54
-11801283.64,4654108.73,2181.54
-11801282.05,4654109.43,2181.51
-11801280.44,4654110.13,2181.48
-11801278.8,4654110.84,2181.44
-11801277.15,4654111.5600000005,2181.44
-11801275.56,4654112.26,2181.42
-11801273.96,4654112.94,2181.4
-11801272.3,4654113.67,2181.36
-11801270.69,4654114.36,2181.4
-11801269.08,4654115.07,2181.4
-11801267.47,4654115.7700000005,2181.36
-11801265.81,4654116.48,2181.3
-11801266.68,4654116.72,2181.27
-11801268.32,4654116.01,2181.36
-11801269.950000001,4654115.3,2181.38
-11801271.55,4654114.61,2181.42
-11801273.15,4654113.91,2181.4
-11801274.75,4654113.2,2181.38
-11801276.38,4654112.5200000005,2181.4
-11801278.0,4654111.82,2181.44
-11801279.59,4654111.12,2181.46
-11801281.21,4654110.41,2181.48
-11801282.82,4654109.73,2181.49
-11801284.42,4654109.03,2181.52
-11801286.040000001,4654108.33,2181.54
-11801287.63,4654107.65,2181.54
-11801289.23,4654106.95,2181.59
-11801290.82,4654106.2700000005,2181.54
-11801292.44,4654105.5600000005,2181.59
-11801294.07,4654104.86,2181.6
-11801295.68,4654104.16,2181.61
-11801297.3,4654103.45,2181.61
-11801298.89,4654102.7700000005,2181.63
-11801300.450000001,4654102.100000001,2181.65
-11801302.08,4654101.39,2181.65
-11801303.68,4654100.7,2181.69
-11801305.28,4654099.99,2181.72
-11801306.93,4654099.28,2181.73
-11801308.52,4654098.600000001,2181.75
-11801310.11,4654097.91,2181.76
-11801315.040000001,4654097.8100000005,2181.84
-11801313.42,4654098.5200000005,2181.8
-11801311.81,4654099.23,2181.8
-11801310.200000001,4654099.92,2181.78
-11801308.63,4654100.600000001,2181.77
-11801307.03,4654101.29,2181.74
-11801305.42,4654102.0,2181.72
-11801303.82,4654102.7,2181.71
-11801302.19,4654103.4,2181.67
-11801300.58,4654104.11,2181.67
-11801298.950000001,4654104.82,2181.65
-11801297.33,4654105.5200000005,2181.63
-11801295.75,4654106.21,2181.61
-11801294.14,4654106.9,2181.61
-11801292.52,4654107.61,2181.53
-11801290.950000001,4654108.29,2181.6
-11801289.34,4654108.99,2181.59
-11801287.73,4654109.7,2181.55
-11801286.120000001,4654110.4,2181.53
-11801284.5,4654111.11,2181.51
-11801282.86,4654111.82,2181.49
-11801281.24,4654112.5200000005,2181.48
-11801279.63,4654113.21,2181.46
-11801278.01,4654113.92,2181.4
-11801276.450000001,4654114.61,2181.46
-11801274.84,4654115.29,2181.44
-11801273.200000001,4654116.0,2181.4
-11801271.53,4654116.74,2181.35
-11801269.92,4654117.45,2181.33
-11801268.34,4654118.13,2181.38
-11801266.78,4654118.8100000005,2181.47
-11801265.77,4654119.83,2181.34
-11801267.43,4654119.11,2181.56
-11801268.98,4654118.43,2181.4
-11801270.56,4654117.74,2181.34
-11801272.16,4654117.07,2181.31
-11801273.8,4654116.36,2181.35
-11801275.43,4654115.64,2181.42
-11801277.040000001,4654114.95,2181.46
-11801278.63,4654114.26,2181.4
-11801280.26,4654113.55,2181.44
-11801281.83,4654112.87,2181.46
-11801283.42,4654112.18,2181.49
-11801285.05,4654111.49,2181.5
-11801286.66,4654110.78,2181.51
-11801288.25,4654110.09,2181.55
-11801289.88,4654109.38,2181.58
-11801291.52,4654108.68,2181.6
-11801293.07,4654107.99,2181.54
-11801294.68,4654107.3,2181.6
-11801296.290000001,4654106.600000001,2181.6
-11801297.89,4654105.92,2181.63
-11801299.49,4654105.22,2181.65
-11801301.120000001,4654104.53,2181.65
-11801302.72,4654103.8100000005,2181.67
-11801304.32,4654103.13,2181.69
-11801305.92,4654102.43,2181.71
-11801307.53,4654101.74,2181.72
-11801309.11,4654101.05,2181.76
-11801310.69,4654100.38,2181.78
-11801312.290000001,4654099.68,2181.78
-11801313.98,4654098.93,2181.8
-11801315.59,4654098.25,2181.82
-11801320.88,4654098.0200000005,2181.9
-11801319.28,4654098.72,2181.88
-11801317.69,4654099.42,2181.86
-11801316.09,4654100.12,2181.84
-11801314.47,4654100.8,2181.82
-11801312.86,4654101.51,2181.83
-11801311.22,4654102.22,2181.79
-11801309.620000001,4654102.93,2181.79
-11801308.03,4654103.63,2181.74
-11801306.43,4654104.3100000005,2181.73
-11801304.81,4654105.0200000005,2181.69
-11801303.22,4654105.72,2181.67
-11801301.620000001,4654106.42,2181.65
-11801300.0,4654107.13,2181.65
-11801298.41,4654107.8100000005,2181.65
-11801296.790000001,4654108.5200000005,2181.63
-11801295.17,4654109.23,2181.58
-11801293.59,4654109.9,2181.61
-11801291.96,4654110.61,2181.55
-11801290.36,4654111.32,2181.57
-11801288.76,4654112.0200000005,2181.56
-11801287.15,4654112.73,2181.53
-11801285.53,4654113.43,2181.53
-11801283.9,4654114.14,2181.5
-11801282.3,4654114.84,2181.48
-11801280.66,4654115.55,2181.44
-11801279.05,4654116.26,2181.44
-11801277.46,4654116.94,2181.38
-11801275.85,4654117.65,2181.38
-11801274.23,4654118.34,2181.53
-11801272.63,4654119.05,2181.51
-11801270.99,4654119.76,2181.4
-11801269.39,4654120.46,2181.4
-11801267.83,4654121.14,2181.51
-11801266.17,4654121.850000001,2181.36
-11801266.44,4654122.44,2181.32
-11801268.05,4654121.75,2181.44
-11801269.65,4654121.0600000005,2181.44
-11801271.24,4654120.37,2181.44
-11801272.84,4654119.67,2181.4
-11801274.52,4654118.95,2181.57
-11801276.1,4654118.2700000005,2181.4
-11801277.66,4654117.58,2181.4
-11801279.26,4654116.9,2181.35
-11801280.89,4654116.19,2181.42
-11801282.5,4654115.48,2181.46
-11801284.120000001,4654114.79,2181.53
-11801285.73,4654114.09,2181.5
-11801287.34,4654113.38,2181.51
-11801288.950000001,4654112.7,2181.53
-11801290.56,4654112.0,2181.54
-11801292.19,4654111.29,2181.54
-11801293.8,4654110.58,2181.56
-11801295.42,4654109.88,2181.58
-11801297.02,4654109.2,2181.61
-11801298.61,4654108.5,2181.63
-11801300.18,4654107.82,2181.65
-11801301.77,4654107.13,2181.65
-11801303.38,4654106.42,2181.65
-11801305.0,4654105.71,2181.67
-11801306.61,4654105.03,2181.72
-11801308.23,4654104.33,2181.73
-11801309.85,4654103.63,2181.75
-11801311.46,4654102.94,2181.77
-11801313.07,4654102.24,2181.79
-11801314.67,4654101.54,2181.79
-11801316.25,4654100.86,2181.82
-11801317.81,4654100.17,2181.85
-11801319.42,4654099.46,2181.86
-11801321.040000001,4654098.78,2181.9
-11801322.64,4654098.08,2181.9
-11801326.950000001,4654098.23,2181.97
-11801325.34,4654098.92,2181.94
-11801323.72,4654099.63,2181.92
-11801322.13,4654100.32,2181.9
-11801320.540000001,4654101.0,2181.88
-11801318.950000001,4654101.71,2181.88
-11801317.35,4654102.41,2181.84
-11801315.74,4654103.12,2181.85
-11801314.11,4654103.82,2181.78
-11801312.53,4654104.51,2181.83
-11801310.92,4654105.21,2181.74
-11801309.33,4654105.91,2181.75
-11801307.69,4654106.62,2181.69
-11801306.09,4654107.3,2181.69
-11801304.5,4654108.01,2181.69
-11801302.92,4654108.7,2181.67
-11801301.3,4654109.41,2181.65
-11801299.68,4654110.12,2181.65
-11801298.08,4654110.82,2181.63
-11801296.450000001,4654111.53,2181.61
-11801294.84,4654112.22,2181.61
-11801293.23,4654112.93,2181.57
-11801291.64,4654113.63,2181.54
-11801290.02,4654114.32,2181.56
-11801288.41,4654115.03,2181.53
-11801286.83,4654115.72,2181.51
-11801285.21,4654116.41,2181.44
-11801283.59,4654117.12,2181.44
-11801282.0,4654117.83,2181.52
-11801280.42,4654118.53,2181.57
-11801278.78,4654119.24,2181.47
-11801277.15,4654119.95,2181.5
-11801275.56,4654120.63,2181.6
-11801273.92,4654121.34,2181.48
-11801272.290000001,4654122.05,2181.42
-11801270.68,4654122.76,2181.38
-11801269.05,4654123.47,2181.34
-11801267.39,4654124.18,2181.3
-11801265.790000001,4654124.89,2181.3
-11801265.92,4654125.51,2181.25
-11801267.55,4654124.8,2181.29
-11801269.14,4654124.11,2181.27
-11801270.75,4654123.4,2181.33
-11801272.38,4654122.69,2181.4
-11801273.99,4654122.01,2181.38
-11801275.63,4654121.3,2181.46
-11801277.26,4654120.59,2181.55
-11801278.85,4654119.89,2181.51
-11801280.42,4654119.22,2181.46
-11801282.040000001,4654118.5200000005,2181.54
-11801283.65,4654117.8100000005,2181.51
-11801285.27,4654117.100000001,2181.46
-11801286.88,4654116.42,2181.44
-11801288.48,4654115.72,2181.52
-11801290.1,4654115.0200000005,2181.65
-11801291.68,4654114.32,2181.54
-11801293.290000001,4654113.64,2181.54
-11801294.89,4654112.93,2181.56
-11801296.49,4654112.24,2181.57
-11801298.120000001,4654111.53,2181.57
-11801299.74,4654110.84,2181.61
-11801301.33,4654110.14,2181.63
-11801302.92,4654109.45,2181.65
-11801304.52,4654108.76,2181.69
-11801306.120000001,4654108.05,2181.69
-11801307.75,4654107.34,2181.67
-11801309.33,4654106.67,2181.69
-11801310.93,4654105.97,2181.74
-11801312.52,4654105.28,2181.79
-11801314.120000001,4654104.59,2181.83
-11801315.74,4654103.88,2181.83
-11801317.35,4654103.19,2181.86
-11801318.950000001,4654102.49,2181.85
-11801320.55,4654101.8,2181.86
-11801322.14,4654101.09,2181.88
-11801323.75,4654100.4,2181.9
-11801325.34,4654099.72,2181.92
-11801326.93,4654099.03,2181.97
-11801328.56,4654098.32,2182.02
-11801333.22,4654098.21,2182.08
-11801331.65,4654098.89,2182.05
-11801330.03,4654099.600000001,2182.02
-11801328.4,4654100.3100000005,2181.99
-11801326.78,4654101.01,2181.94
-11801325.21,4654101.69,2181.94
-11801323.59,4654102.4,2181.92
-11801321.98,4654103.11,2181.9
-11801320.39,4654103.8100000005,2181.92
-11801318.790000001,4654104.5,2181.88
-11801317.23,4654105.19,2181.86
-11801315.63,4654105.89,2181.84
-11801314.0,4654106.600000001,2181.79
-11801312.38,4654107.3100000005,2181.74
-11801310.8,4654108.0,2181.76
-11801309.19,4654108.69,2181.77
-11801307.58,4654109.4,2181.72
-11801305.98,4654110.09,2181.67
-11801304.36,4654110.8,2181.67
-11801302.76,4654111.51,2181.67
-11801301.14,4654112.22,2181.67
-11801299.540000001,4654112.92,2181.65
-11801297.93,4654113.63,2181.65
-11801296.33,4654114.32,2181.61
-11801294.72,4654115.0200000005,2181.6
-11801293.120000001,4654115.72,2181.55
-11801291.52,4654116.43,2181.55
-11801289.88,4654117.14,2181.54
-11801288.27,4654117.84,2181.57
-11801286.700000001,4654118.5200000005,2181.67
-11801285.07,4654119.23,2181.56
-11801283.47,4654119.94,2181.55
-11801281.86,4654120.64,2181.63
-11801280.200000001,4654121.36,2181.47
-11801278.63,4654122.03,2181.56
-11801277.040000001,4654122.74,2181.57
-11801275.370000001,4654123.45,2181.42
-11801273.72,4654124.19,2181.33
-11801272.09,4654124.89,2181.34
-11801270.51,4654125.600000001,2181.32
-11801268.92,4654126.3,2181.32
-11801267.28,4654127.01,2181.3
-11801265.68,4654127.7,2181.31
-11801267.040000001,4654127.82,2181.29
-11801268.620000001,4654127.13,2181.29
-11801270.23,4654126.42,2181.29
-11801271.86,4654125.72,2181.31
-11801273.48,4654125.01,2181.32
-11801275.1,4654124.32,2181.36
-11801276.700000001,4654123.61,2181.4
-11801278.33,4654122.9,2181.49
-11801279.96,4654122.2,2181.49
-11801281.61,4654121.49,2181.6
-11801283.21,4654120.79,2181.61
-11801284.8,4654120.09,2181.6
-11801286.38,4654119.41,2181.53
-11801288.0,4654118.71,2181.63
-11801289.63,4654118.0,2181.65
-11801291.19,4654117.3,2181.56
-11801292.77,4654116.63,2181.58
-11801294.38,4654115.94,2181.58
-11801296.02,4654115.21,2181.56
-11801297.620000001,4654114.53,2181.63
-11801299.24,4654113.83,2181.65
-11801300.84,4654113.13,2181.63
-11801302.43,4654112.42,2181.65
-11801304.0,4654111.75,2181.67
-11801305.66,4654111.04,2181.74
-11801307.26,4654110.33,2181.69
-11801308.870000001,4654109.62,2181.74
-11801310.47,4654108.94,2181.75
-11801312.09,4654108.24,2181.75
-11801313.68,4654107.54,2181.77
-11801315.290000001,4654106.83,2181.85
-11801316.88,4654106.15,2181.8
-11801318.49,4654105.45,2181.86
-11801320.1,4654104.75,2181.86
-11801321.700000001,4654104.05,2181.88
-11801323.290000001,4654103.37,2181.88
-11801324.9,4654102.66,2181.92
-11801326.48,4654101.97,2181.94
-11801328.05,4654101.29,2181.98
-11801329.68,4654100.58,2181.98
-11801331.290000001,4654099.87,2182.02
-11801332.870000001,4654099.2,2182.0
-11801334.47,4654098.5,2182.05
-11801336.1,4654097.8,2182.05
-11801339.16,4654098.39,2182.13
-11801337.57,4654099.08,2182.08
-11801335.98,4654099.78,2182.07
-11801334.4,4654100.46,2182.04
-11801332.8,4654101.17,2182.05
-11801331.17,4654101.88,2182.03
-11801329.57,4654102.58,2181.99
-11801327.97,4654103.2700000005,2182.0
-11801326.38,4654103.98,2181.92
-11801324.78,4654104.67,2181.92
-11801323.21,4654105.37,2181.88
-11801321.6,4654106.07,2181.86
-11801319.99,4654106.7700000005,2181.88
-11801318.39,4654107.46,2181.85
-11801316.81,4654108.15,2181.88
-11801315.200000001,4654108.86,2181.82
-11801313.6,4654109.57,2181.81
-11801312.0,4654110.2700000005,2181.8
-11801310.42,4654110.95,2181.78
-11801308.82,4654111.66,2181.74
-11801307.19,4654112.37,2181.71
-11801305.56,4654113.08,2181.69
-11801303.950000001,4654113.79,2181.71
-11801302.32,4654114.5,2181.65
-11801300.73,4654115.19,2181.67
-11801299.15,4654115.88,2181.63
-11801297.53,4654116.59,2181.6
-11801295.93,4654117.29,2181.63
-11801294.35,4654117.96,2181.69
-11801292.74,4654118.67,2181.67
-11801291.09,4654119.41,2181.57
-11801289.53,4654120.09,2181.61
-11801287.89,4654120.8,2181.58
-11801286.28,4654121.51,2181.56
-11801284.68,4654122.21,2181.52
-11801283.08,4654122.9,2181.56
-11801281.43,4654123.63,2181.5
-11801279.81,4654124.32,2181.44
-11801278.23,4654125.03,2181.42
-11801276.59,4654125.75,2181.38
-11801274.96,4654126.46,2181.36
-11801273.35,4654127.17,2181.38
-11801271.72,4654127.87,2181.35
-11801270.13,4654128.57,2181.36
-11801268.5,4654129.28,2181.29
-11801266.89,4654129.99,2181.31
-11801266.31,4654130.97,2181.31
-11801267.9,4654130.2700000005,2181.31
-11801269.52,4654129.5600000005,2181.34
-11801271.120000001,4654128.87,2181.31
-11801272.76,4654128.16,2181.44
-11801274.35,4654127.48,2181.38
-11801275.93,4654126.7700000005,2181.36
-11801277.51,4654126.100000001,2181.36
-11801279.14,4654125.4,2181.42
-11801280.76,4654124.68,2181.44
-11801282.39,4654123.97,2181.44
-11801283.99,4654123.28,2181.53
-11801285.61,4654122.59,2181.57
-11801287.22,4654121.87,2181.51
-11801288.81,4654121.18,2181.56
-11801290.44,4654120.48,2181.61
-11801292.01,4654119.8,2181.6
-11801293.61,4654119.09,2181.61
-11801295.24,4654118.38,2181.71
-11801296.84,4654117.69,2181.67
-11801298.46,4654116.99,2181.61
-11801300.06,4654116.3,2181.63
-11801301.65,4654115.59,2181.63
-11801303.27,4654114.9,2181.69
-11801304.870000001,4654114.2,2181.67
-11801306.49,4654113.49,2181.72
-11801308.08,4654112.8100000005,2181.72
-11801309.65,4654112.12,2181.75
-11801311.25,4654111.41,2181.77
-11801312.870000001,4654110.7,2181.76
-11801314.48,4654110.0200000005,2181.78
-11801316.08,4654109.32,2181.8
-11801317.71,4654108.62,2181.88
-11801319.3,4654107.93,2181.83
-11801320.89,4654107.23,2181.86
-11801322.49,4654106.53,2181.88
-11801324.09,4654105.850000001,2181.88
-11801325.68,4654105.15,2181.9
-11801327.290000001,4654104.45,2181.9
-11801328.92,4654103.74,2181.98
-11801330.52,4654103.05,2181.98
-11801332.1,4654102.36,2182.02
-11801333.66,4654101.68,2182.05
-11801335.25,4654100.99,2182.07
-11801336.870000001,4654100.28,2182.07
-11801338.47,4654099.57,2182.09
-11801340.06,4654098.9,2182.13
-11801341.66,4654098.2,2182.13
-11801343.93,4654099.4,2182.15
-11801342.34,4654100.09,2182.13
-11801340.73,4654100.8,2182.13
-11801339.1,4654101.51,2182.09
-11801337.51,4654102.2,2182.1
-11801335.92,4654102.91,2182.13
-11801334.32,4654103.61,2182.06
-11801332.72,4654104.3,2182.03
-11801331.120000001,4654105.0,2182.05
-11801329.540000001,4654105.7,2181.97
-11801327.950000001,4654106.4,2181.96
-11801326.33,4654107.11,2181.9
-11801324.73,4654107.79,2181.92
-11801323.13,4654108.5,2181.9
-11801321.52,4654109.21,2181.94
-11801319.92,4654109.91,2181.88
-11801318.33,4654110.59,2181.88
-11801316.72,4654111.3,2181.84
-11801315.13,4654112.0,2181.82
-11801313.540000001,4654112.7,2181.82
-11801311.94,4654113.41,2181.77
-11801310.35,4654114.09,2181.77
-11801308.75,4654114.8,2181.77
-11801307.120000001,4654115.51,2181.72
-11801305.47,4654116.24,2181.69
-11801303.9,4654116.92,2181.72
-11801302.31,4654117.600000001,2181.73
-11801300.71,4654118.3100000005,2181.73
-11801299.08,4654119.03,2181.72
-11801297.46,4654119.74,2181.69
-11801295.88,4654120.43,2181.71
-11801294.26,4654121.14,2181.65
-11801292.67,4654121.83,2181.61
-11801291.06,4654122.54,2181.61
-11801289.42,4654123.25,2181.56
-11801287.81,4654123.96,2181.5
-11801286.200000001,4654124.67,2181.44
-11801284.58,4654125.38,2181.47
-11801282.96,4654126.08,2181.49
-11801281.35,4654126.79,2181.47
-11801279.73,4654127.5,2181.46
-11801278.120000001,4654128.21,2181.44
-11801276.52,4654128.89,2181.44
-11801274.89,4654129.62,2181.4
-11801273.32,4654130.3100000005,2181.48
-11801271.69,4654131.0200000005,2181.36
-11801270.08,4654131.72,2181.36
-11801268.44,4654132.44,2181.29
-11801266.8,4654133.15,2181.27
-11801265.84,4654134.3100000005,2181.24
-11801267.450000001,4654133.62,2181.29
-11801269.08,4654132.91,2181.29
-11801270.69,4654132.21,2181.36
-11801272.290000001,4654131.5,2181.35
-11801273.91,4654130.82,2181.35
-11801275.51,4654130.12,2181.42
-11801277.15,4654129.41,2181.44
-11801278.76,4654128.7,2181.47
-11801280.35,4654128.0,2181.49
-11801281.950000001,4654127.32,2181.44
-11801283.57,4654126.61,2181.5
-11801285.16,4654125.91,2181.46
-11801286.78,4654125.2,2181.47
-11801288.370000001,4654124.5200000005,2181.46
-11801290.0,4654123.8100000005,2181.56
-11801291.64,4654123.11,2181.58
-11801293.25,4654122.4,2181.61
-11801294.83,4654121.71,2181.61
-11801296.47,4654121.0,2181.69
-11801298.05,4654120.3100000005,2181.75
-11801299.63,4654119.61,2181.76
-11801301.24,4654118.92,2181.76
-11801302.85,4654118.23,2181.8
-11801304.49,4654117.5200000005,2181.76
-11801306.07,4654116.82,2181.69
-11801307.620000001,4654116.15,2181.67
-11801309.23,4654115.45,2181.75
-11801310.870000001,4654114.73,2181.79
-11801312.47,4654114.0200000005,2181.79
-11801314.03,4654113.36,2181.81
-11801315.620000001,4654112.65,2181.81
-11801317.25,4654111.94,2181.84
-11801318.84,4654111.2700000005,2181.86
-11801320.44,4654110.57,2181.88
-11801322.05,4654109.86,2181.9
-11801323.67,4654109.16,2181.92
-11801325.24,4654108.48,2181.92
-11801326.82,4654107.7700000005,2181.9
-11801328.43,4654107.08,2181.94
-11801330.05,4654106.39,2181.96
-11801331.69,4654105.66,2182.0
-11801333.28,4654104.98,2182.03
-11801334.84,4654104.29,2182.04
-11801336.43,4654103.61,2182.11
-11801338.03,4654102.91,2182.09
-11801339.67,4654102.18,2182.1
-11801341.26,4654101.5,2182.11
-11801342.84,4654100.8100000005,2182.13
-11801343.68,4654103.0200000005,2182.15
-11801342.09,4654103.7,2182.15
-11801340.49,4654104.41,2182.11
-11801338.9,4654105.11,2182.15
-11801337.3,4654105.8,2182.08
-11801335.67,4654106.5200000005,2182.02
-11801334.07,4654107.21,2181.96
-11801332.48,4654107.92,2182.0
-11801330.9,4654108.61,2181.97
-11801329.34,4654109.29,2181.94
-11801327.74,4654110.0,2181.96
-11801326.11,4654110.71,2181.92
-11801324.51,4654111.41,2181.92
-11801322.9,4654112.12,2181.86
-11801321.33,4654112.8,2181.9
-11801319.73,4654113.5,2181.86
-11801318.16,4654114.2,2181.9
-11801316.53,4654114.91,2181.86
-11801314.9,4654115.62,2181.84
-11801313.31,4654116.3,2181.79
-11801311.71,4654117.01,2181.82
-11801310.11,4654117.71,2181.82
-11801308.65,4654118.37,2182.42
-11801306.92,4654119.11,2181.83
-11801305.31,4654119.82,2181.8
-11801303.69,4654120.53,2181.79
-11801302.09,4654121.24,2181.77
-11801300.48,4654121.93,2181.75
-11801298.86,4654122.64,2181.69
-11801297.26,4654123.33,2181.63
-11801295.66,4654124.04,2181.63
-11801294.01,4654124.7700000005,2181.59
-11801292.41,4654125.46,2181.55
-11801290.8,4654126.17,2181.55
-11801289.22,4654126.87,2181.56
-11801287.61,4654127.58,2181.5
-11801286.0,4654128.26,2181.46
-11801284.370000001,4654129.0,2181.49
-11801282.75,4654129.71,2181.51
-11801281.13,4654130.39,2181.48
-11801279.540000001,4654131.100000001,2181.49
-11801277.9,4654131.83,2181.42
-11801276.3,4654132.5200000005,2181.38
-11801274.700000001,4654133.22,2181.38
-11801273.1,4654133.93,2181.47
-11801271.47,4654134.64,2181.38
-11801269.86,4654135.350000001,2181.32
-11801268.22,4654136.0600000005,2181.24
-11801266.59,4654136.7700000005,2181.22
-11801267.05,4654137.28,2181.22
-11801268.67,4654136.57,2181.24
-11801270.290000001,4654135.89,2181.32
-11801271.89,4654135.19,2181.32
-11801273.52,4654134.48,2181.34
-11801275.1,4654133.78,2181.35
-11801276.73,4654133.0600000005,2181.36
-11801278.33,4654132.37,2181.38
-11801279.93,4654131.68,2181.44
-11801281.540000001,4654130.98,2181.42
-11801283.15,4654130.2700000005,2181.44
-11801284.78,4654129.5600000005,2181.49
-11801286.38,4654128.87,2181.46
-11801287.98,4654128.18,2181.47
-11801289.61,4654127.47,2181.54
-11801291.22,4654126.75,2181.55
-11801292.81,4654126.07,2181.54
-11801294.42,4654125.36,2181.57
-11801296.06,4654124.65,2181.67
-11801297.64,4654123.97,2181.61
-11801299.23,4654123.2700000005,2181.69
-11801300.85,4654122.5600000005,2181.69
-11801302.47,4654121.86,2181.75
-11801304.06,4654121.16,2181.76
-11801305.67,4654120.45,2181.81
-11801307.42,4654119.69,2182.48
-11801309.08,4654118.99,2182.63
-11801310.49,4654118.37,2181.88
-11801312.06,4654117.68,2181.88
-11801313.68,4654116.98,2181.83
-11801315.31,4654116.2700000005,2181.81
-11801316.92,4654115.57,2181.84
-11801318.51,4654114.86,2181.88
-11801320.08,4654114.19,2181.86
-11801321.69,4654113.49,2181.9
-11801323.290000001,4654112.78,2181.9
-11801324.89,4654112.08,2181.94
-11801326.48,4654111.4,2181.92
-11801328.08,4654110.69,2181.99
-11801329.65,4654110.0200000005,2181.97
-11801331.28,4654109.3100000005,2181.99
-11801332.88,4654108.61,2182.01
-11801334.46,4654107.93,2182.01
-11801336.03,4654107.23,2182.03
-11801337.66,4654106.53,2182.06
-11801339.28,4654105.82,2182.13
-11801340.85,4654105.14,2182.13
-11801342.44,4654104.44,2182.15
-11801344.05,4654103.73,2182.15
-11801343.57,4654106.33,2182.13
-11801341.97,4654107.01,2182.11
-11801340.4,4654107.72,2182.15
-11801338.78,4654108.42,2182.11
-11801337.19,4654109.100000001,2182.11
-11801335.620000001,4654109.8100000005,2182.09
-11801334.01,4654110.51,2182.05
-11801332.41,4654111.22,2182.02
-11801330.85,4654111.89,2181.98
-11801329.26,4654112.600000001,2181.99
-11801327.63,4654113.3100000005,2181.94
-11801326.03,4654114.0200000005,2181.94
-11801324.42,4654114.72,2181.94
-11801322.82,4654115.43,2181.96
-11801321.23,4654116.11,2181.92
-11801319.64,4654116.82,2181.94
-11801318.040000001,4654117.5200000005,2181.94
-11801316.44,4654118.23,2181.9
-11801314.84,4654118.93,2181.9
-11801313.21,4654119.63,2181.83
-11801311.58,4654120.34,2181.86
-11801309.99,4654121.05,2181.88
-11801308.41,4654121.74,2181.86
-11801306.82,4654122.44,2181.86
-11801305.200000001,4654123.15,2181.8
-11801303.61,4654123.850000001,2181.76
-11801302.0,4654124.5600000005,2181.72
-11801300.370000001,4654125.2700000005,2181.73
-11801298.78,4654125.97,2181.72
-11801297.17,4654126.68,2181.67
-11801295.540000001,4654127.39,2181.6
-11801293.94,4654128.100000001,2181.57
-11801292.33,4654128.79,2181.57
-11801290.74,4654129.49,2181.55
-11801289.1,4654130.2,2181.54
-11801287.46,4654130.91,2181.55
-11801285.88,4654131.62,2181.61
-11801284.27,4654132.33,2181.5
-11801282.66,4654133.04,2181.44
-11801281.03,4654133.75,2181.51
-11801279.47,4654134.42,2181.61
-11801277.81,4654135.16,2181.49
-11801276.16,4654135.88,2181.4
-11801274.56,4654136.59,2181.36
-11801272.96,4654137.29,2181.42
-11801271.32,4654138.0,2181.36
-11801269.73,4654138.7,2181.44
-11801268.07,4654139.44,2181.27
-11801266.450000001,4654140.12,2181.21
-11801266.33,4654140.98,2181.23
-11801267.97,4654140.2700000005,2181.26
-11801269.620000001,4654139.55,2181.47
-11801271.24,4654138.84,2181.51
-11801272.81,4654138.15,2181.36
-11801274.42,4654137.46,2181.35
-11801276.040000001,4654136.76,2181.34
-11801277.66,4654136.05,2181.4
-11801279.31,4654135.32,2181.59
-11801280.870000001,4654134.65,2181.44
-11801282.46,4654133.96,2181.48
-11801284.1,4654133.25,2181.69
-11801285.66,4654132.5600000005,2181.49
-11801287.28,4654131.850000001,2181.54
-11801288.84,4654131.17,2181.51
-11801290.48,4654130.46,2181.58
-11801292.11,4654129.75,2181.55
-11801293.700000001,4654129.05,2181.59
-11801295.3,4654128.350000001,2181.59
-11801296.91,4654127.65,2181.61
-11801298.51,4654126.94,2181.71
-11801300.14,4654126.23,2181.78
-11801301.77,4654125.5200000005,2181.69
-11801303.41,4654124.82,2181.73
-11801304.97,4654124.14,2181.78
-11801306.57,4654123.43,2181.81
-11801308.19,4654122.75,2181.75
-11801309.8,4654122.04,2181.88
-11801311.38,4654121.350000001,2181.81
-11801313.0,4654120.64,2182.01
-11801314.58,4654119.96,2181.94
-11801316.17,4654119.26,2181.86
-11801317.77,4654118.5600000005,2181.92
-11801319.370000001,4654117.86,2182.0
-11801320.99,4654117.15,2182.02
-11801322.56,4654116.47,2181.92
-11801324.15,4654115.76,2181.96
-11801325.75,4654115.08,2181.94
-11801327.38,4654114.37,2182.0
-11801328.98,4654113.67,2182.0
-11801330.57,4654112.98,2181.98
-11801332.17,4654112.29,2181.99
-11801333.77,4654111.59,2182.01
-11801335.35,4654110.88,2182.05
-11801336.92,4654110.21,2182.09
-11801338.540000001,4654109.5,2182.11
-11801340.14,4654108.8,2182.13
-11801341.75,4654108.09,2182.23
-11801343.33,4654107.42,2182.1
-11801343.27,4654109.97,2182.21
-11801341.65,4654110.66,2182.13
-11801340.09,4654111.350000001,2182.1
-11801338.51,4654112.05,2182.07
-11801336.93,4654112.73,2182.06
-11801335.31,4654113.44,2182.04
-11801333.72,4654114.15,2182.04
-11801332.15,4654114.84,2182.05
-11801330.55,4654115.55,2182.0
-11801328.96,4654116.25,2182.04
-11801327.370000001,4654116.94,2182.11
-11801325.75,4654117.65,2182.21
-11801324.13,4654118.36,2182.01
-11801322.540000001,4654119.0600000005,2181.98
-11801320.950000001,4654119.75,2181.98
-11801319.35,4654120.46,2181.99
-11801317.76,4654121.15,2181.92
-11801316.18,4654121.84,2181.9
-11801314.56,4654122.55,2181.88
-11801312.94,4654123.26,2181.88
-11801311.34,4654123.97,2182.01
-11801309.68,4654124.7,2181.83
-11801308.09,4654125.4,2181.85
-11801306.5,4654126.100000001,2181.8
-11801304.9,4654126.8,2181.77
-11801303.26,4654127.5200000005,2181.73
-11801301.66,4654128.22,2181.72
-11801300.07,4654128.9,2181.67
-11801298.49,4654129.61,2181.65
-11801296.89,4654130.3100000005,2181.67
-11801295.25,4654131.03,2181.59
-11801293.64,4654131.74,2181.65
-11801292.02,4654132.45,2181.61
-11801290.42,4654133.15,2181.69
-11801288.81,4654133.86,2181.57
-11801287.21,4654134.54,2181.57
-11801285.58,4654135.2700000005,2181.51
-11801283.99,4654135.96,2181.52
-11801282.36,4654136.69,2181.47
-11801280.75,4654137.39,2181.44
-11801279.14,4654138.100000001,2181.42
-11801277.51,4654138.8100000005,2181.38
-11801275.870000001,4654139.53,2181.35
-11801274.27,4654140.23,2181.36
-11801272.65,4654140.95,2181.34
-11801271.03,4654141.65,2181.35
-11801269.39,4654142.37,2181.31
-11801267.77,4654143.08,2181.29
-11801266.13,4654143.8,2181.15
-11801265.86,4654144.5600000005,2181.17
-11801267.48,4654143.88,2181.26
-11801269.09,4654143.17,2181.3
-11801270.73,4654142.46,2181.28
-11801272.36,4654141.75,2181.33
-11801273.96,4654141.04,2181.4
-11801275.56,4654140.34,2181.33
-11801277.19,4654139.63,2181.36
-11801278.81,4654138.92,2181.44
-11801280.38,4654138.25,2181.4
-11801281.96,4654137.55,2181.42
-11801283.59,4654136.83,2181.5
-11801285.19,4654136.14,2181.5
-11801286.85,4654135.41,2181.48
-11801288.450000001,4654134.72,2181.54
-11801290.02,4654134.04,2181.56
-11801291.64,4654133.33,2181.54
-11801293.24,4654132.63,2181.58
-11801294.84,4654131.93,2181.59
-11801296.47,4654131.22,2181.57
-11801298.07,4654130.51,2181.61
-11801299.68,4654129.82,2181.65
-11801301.27,4654129.11,2181.69
-11801302.9,4654128.4,2181.69
-11801304.51,4654127.71,2181.76
-11801306.1,4654127.01,2181.78
-11801307.73,4654126.3,2181.8
-11801309.370000001,4654125.59,2181.94
-11801310.92,4654124.91,2181.8
-11801312.53,4654124.21,2181.97
-11801314.09,4654123.51,2181.88
-11801315.790000001,4654122.79,2182.21
-11801317.34,4654122.11,2181.94
-11801318.91,4654121.42,2181.9
-11801320.51,4654120.71,2181.96
-11801322.1,4654120.03,2181.96
-11801323.72,4654119.33,2181.94
-11801325.370000001,4654118.61,2182.08
-11801326.97,4654117.91,2182.13
-11801328.58,4654117.2,2182.24
-11801330.11,4654116.53,2182.06
-11801331.69,4654115.84,2181.98
-11801333.3,4654115.15,2182.03
-11801334.89,4654114.45,2182.07
-11801336.46,4654113.75,2182.05
-11801338.08,4654113.04,2182.05
-11801339.700000001,4654112.33,2182.06
-11801341.28,4654111.65,2182.11
-11801342.88,4654110.95,2182.13
-11801342.9,4654113.67,2182.13
-11801341.31,4654114.36,2182.15
-11801339.700000001,4654115.08,2182.13
-11801338.1,4654115.7700000005,2182.06
-11801336.53,4654116.47,2182.04
-11801334.93,4654117.18,2182.08
-11801333.34,4654117.850000001,2182.09
-11801331.77,4654118.5600000005,2182.02
-11801330.19,4654119.26,2182.07
-11801328.59,4654119.96,2182.09
-11801327.03,4654120.64,2182.17
-11801325.4,4654121.36,2182.05
-11801323.77,4654122.07,2182.05
-11801322.16,4654122.78,2181.96
-11801320.56,4654123.49,2181.94
-11801318.94,4654124.2,2181.88
-11801317.370000001,4654124.9,2181.88
-11801315.74,4654125.61,2181.85
-11801314.13,4654126.32,2181.81
-11801312.55,4654127.01,2181.86
-11801310.96,4654127.72,2181.86
-11801309.370000001,4654128.41,2181.86
-11801307.8,4654129.08,2181.94
-11801306.19,4654129.79,2182.03
-11801304.49,4654130.5600000005,2181.71
-11801302.89,4654131.25,2181.72
-11801301.290000001,4654131.97,2181.67
-11801299.68,4654132.68,2181.63
-11801298.07,4654133.36,2181.63
-11801296.46,4654134.07,2181.61
-11801294.870000001,4654134.78,2181.65
-11801293.23,4654135.5,2181.57
-11801291.63,4654136.2,2181.58
-11801290.02,4654136.91,2181.54
-11801288.39,4654137.63,2181.55
-11801286.76,4654138.34,2181.5
-11801285.19,4654139.04,2181.53
-11801283.55,4654139.7700000005,2181.46
-11801281.92,4654140.48,2181.44
-11801280.33,4654141.17,2181.44
-11801278.72,4654141.88,2181.42
-11801277.09,4654142.59,2181.38
-11801275.46,4654143.32,2181.38
-11801273.84,4654144.03,2181.36
-11801272.24,4654144.72,2181.35
-11801270.6,4654145.45,2181.25
-11801269.01,4654146.13,2181.28
-11801267.39,4654146.84,2181.28
-11801265.75,4654147.58,2181.28
-11801266.72,4654148.0200000005,2181.28
-11801268.31,4654147.32,2181.26
-11801269.88,4654146.64,2181.23
-11801271.51,4654145.93,2181.27
-11801273.15,4654145.2,2181.31
-11801274.77,4654144.49,2181.42
-11801276.36,4654143.79,2181.4
-11801277.98,4654143.100000001,2181.38
-11801279.6,4654142.39,2181.44
-11801281.15,4654141.7,2181.38
-11801282.76,4654141.01,2181.38
-11801284.4,4654140.29,2181.44
-11801286.05,4654139.57,2181.6
-11801287.65,4654138.87,2181.51
-11801289.28,4654138.16,2181.52
-11801290.86,4654137.47,2181.55
-11801292.47,4654136.7700000005,2181.67
-11801294.03,4654136.07,2181.59
-11801295.63,4654135.39,2181.55
-11801297.26,4654134.68,2181.57
-11801298.870000001,4654133.97,2181.63
-11801300.450000001,4654133.28,2181.63
-11801302.07,4654132.57,2181.71
-11801303.71,4654131.86,2181.72
-11801305.33,4654131.14,2181.77
-11801306.96,4654130.43,2182.05
-11801308.51,4654129.76,2181.86
-11801310.120000001,4654129.0600000005,2181.79
-11801311.75,4654128.350000001,2181.85
-11801313.32,4654127.64,2181.88
-11801314.89,4654126.97,2181.78
-11801316.51,4654126.2700000005,2181.86
-11801318.11,4654125.55,2181.92
-11801319.72,4654124.86,2181.83
-11801321.34,4654124.15,2181.92
-11801322.92,4654123.47,2181.94
-11801324.53,4654122.76,2181.99
-11801326.16,4654122.05,2182.05
-11801327.8,4654121.34,2182.08
-11801329.35,4654120.65,2182.07
-11801330.9,4654119.98,2182.05
-11801332.49,4654119.28,2182.05
-11801334.09,4654118.59,2182.07
-11801335.700000001,4654117.88,2182.11
-11801337.31,4654117.17,2182.11
-11801338.91,4654116.48,2182.08
-11801340.46,4654115.8,2182.05
-11801342.07,4654115.100000001,2182.17
-11801343.700000001,4654114.39,2182.19
-11801344.17,4654116.76,2182.27
-11801342.57,4654117.45,2182.21
-11801340.96,4654118.16,2182.17
-11801339.36,4654118.87,2182.11
-11801338.07,4654119.44,2183.5
-11801337.78,4654119.5600000005,2182.11
-11801336.18,4654120.2700000005,2182.22
-11801334.63,4654120.95,2182.22
-11801333.01,4654121.65,2182.11
-11801331.4,4654122.36,2182.04
-11801329.81,4654123.07,2182.04
-11801328.200000001,4654123.78,2182.05
-11801326.61,4654124.48,2182.02
-11801325.01,4654125.19,2181.96
-11801323.41,4654125.89,2181.92
-11801321.8,4654126.58,2181.92
-11801320.18,4654127.29,2181.85
-11801318.59,4654128.0,2181.85
-11801316.97,4654128.71,2181.8
-11801315.39,4654129.41,2181.85
-11801313.77,4654130.12,2181.78
-11801312.16,4654130.83,2181.8
-11801310.57,4654131.5200000005,2181.81
-11801308.98,4654132.23,2181.82
-11801307.370000001,4654132.94,2181.84
-11801305.74,4654133.65,2181.77
-11801304.14,4654134.36,2181.77
-11801302.5,4654135.08,2181.67
-11801300.9,4654135.79,2181.65
-11801299.3,4654136.49,2181.61
-11801297.71,4654137.2,2181.61
-11801296.120000001,4654137.9,2181.69
-11801294.5,4654138.61,2181.65
-11801292.88,4654139.32,2181.58
-11801291.28,4654140.01,2181.58
-11801289.64,4654140.72,2181.5
-11801288.040000001,4654141.43,2181.55
-11801286.450000001,4654142.14,2181.61
-11801284.81,4654142.850000001,2181.54
-11801283.19,4654143.57,2181.42
-11801281.59,4654144.28,2181.4
-11801279.950000001,4654145.0,2181.44
-11801278.34,4654145.71,2181.36
-11801276.71,4654146.42,2181.36
-11801275.11,4654147.13,2181.44
-11801273.48,4654147.84,2181.32
-11801271.870000001,4654148.55,2181.28
-11801270.25,4654149.26,2181.32
-11801268.6,4654149.98,2181.24
-11801266.99,4654150.69,2181.26
-11801266.06,4654151.97,2181.22
-11801267.65,4654151.28,2181.24
-11801269.25,4654150.57,2181.25
-11801270.86,4654149.87,2181.26
-11801272.48,4654149.17,2181.28
-11801274.09,4654148.46,2181.32
-11801275.69,4654147.76,2181.34
-11801277.28,4654147.05,2181.35
-11801278.89,4654146.37,2181.38
-11801280.51,4654145.66,2181.4
-11801282.14,4654144.95,2181.4
-11801283.74,4654144.25,2181.44
-11801285.34,4654143.54,2181.5
-11801286.94,4654142.83,2181.48
-11801288.58,4654142.12,2181.55
-11801290.16,4654141.45,2181.5
-11801291.76,4654140.75,2181.54
-11801293.38,4654140.04,2181.6
-11801294.97,4654139.34,2181.57
-11801296.6,4654138.63,2181.61
-11801298.24,4654137.9,2181.61
-11801299.81,4654137.23,2181.61
-11801301.4,4654136.53,2181.65
-11801303.0,4654135.82,2181.67
-11801304.63,4654135.11,2181.69
-11801306.27,4654134.41,2181.84
-11801307.82,4654133.73,2181.75
-11801309.41,4654133.04,2181.77
-11801311.02,4654132.33,2181.85
-11801312.64,4654131.62,2181.79
-11801314.24,4654130.92,2181.79
-11801315.83,4654130.23,2181.84
-11801317.44,4654129.5200000005,2181.85
-11801319.040000001,4654128.82,2181.88
-11801320.65,4654128.12,2181.86
-11801322.26,4654127.42,2181.92
-11801323.84,4654126.71,2181.92
-11801325.41,4654126.04,2181.94
-11801327.05,4654125.33,2182.06
-11801328.68,4654124.62,2182.04
-11801330.25,4654123.93,2182.02
-11801331.84,4654123.24,2182.03
-11801333.5,4654122.5200000005,2182.42
-11801335.03,4654121.83,2182.17
-11801336.620000001,4654121.12,2182.15
-11801338.49,4654120.33,2183.44
-11801338.21,4654120.45,2182.13
-11801339.8,4654119.75,2182.17
-11801341.35,4654119.08,2182.04
-11801342.950000001,4654118.37,2182.03
-11801343.93,4654120.72,2183.67
-11801343.64,4654120.87,2182.3
-11801342.38,4654121.42,2183.86
-11801342.040000001,4654121.55,2182.27
-11801340.450000001,4654122.26,2182.22
-11801338.84,4654122.97,2182.17
-11801337.26,4654123.67,2182.17
-11801335.66,4654124.38,2182.17
-11801334.05,4654125.09,2182.04
-11801332.450000001,4654125.79,2182.03
-11801330.83,4654126.51,2182.02
-11801329.24,4654127.19,2182.03
-11801327.67,4654127.89,2182.02
-11801326.040000001,4654128.61,2181.97
-11801324.46,4654129.3100000005,2181.97
-11801322.88,4654130.01,2181.9
-11801321.26,4654130.72,2181.9
-11801319.63,4654131.42,2181.86
-11801318.06,4654132.13,2181.94
-11801316.44,4654132.84,2181.82
-11801314.84,4654133.55,2181.81
-11801313.23,4654134.24,2181.79
-11801311.63,4654134.95,2181.76
-11801310.0,4654135.66,2181.77
-11801308.43,4654136.37,2181.75
-11801306.84,4654137.0600000005,2181.9
-11801305.18,4654137.8,2181.78
-11801303.58,4654138.48,2181.69
-11801301.98,4654139.19,2181.65
-11801300.39,4654139.9,2181.67
-11801298.75,4654140.62,2181.63
-11801297.15,4654141.33,2181.61
-11801295.56,4654142.03,2181.65
-11801293.950000001,4654142.74,2181.59
-11801292.34,4654143.45,2181.55
-11801290.71,4654144.16,2181.57
-11801289.08,4654144.88,2181.49
-11801287.49,4654145.58,2181.48
-11801285.85,4654146.29,2181.44
-11801284.24,4654147.0,2181.42
-11801282.65,4654147.71,2181.4
-11801281.06,4654148.4,2181.42
-11801279.450000001,4654149.12,2181.31
-11801277.83,4654149.83,2181.36
-11801276.22,4654150.54,2181.36
-11801274.61,4654151.25,2181.36
-11801272.950000001,4654151.96,2181.32
-11801271.3,4654152.7,2181.27
-11801269.71,4654153.41,2181.28
-11801268.11,4654154.11,2181.27
-11801266.47,4654154.82,2181.21
-11801266.68,4654155.54,2181.19
-11801268.27,4654154.850000001,2181.25
-11801269.89,4654154.14,2181.27
-11801271.53,4654153.43,2181.22
-11801273.15,4654152.72,2181.32
-11801274.73,4654152.0200000005,2181.31
-11801276.34,4654151.32,2181.35
-11801277.97,4654150.61,2181.38
-11801279.57,4654149.9,2181.4
-11801281.17,4654149.2,2181.4
-11801282.8,4654148.49,2181.46
-11801284.39,4654147.8,2181.38
-11801285.99,4654147.100000001,2181.42
-11801287.58,4654146.4,2181.42
-11801289.19,4654145.69,2181.46
-11801290.81,4654144.98,2181.5
-11801292.4,4654144.3,2181.5
-11801294.02,4654143.59,2181.56
-11801295.620000001,4654142.89,2181.54
-11801297.26,4654142.17,2181.63
-11801298.85,4654141.47,2181.63
-11801300.450000001,4654140.76,2181.65
-11801302.08,4654140.05,2181.65
-11801303.67,4654139.36,2181.72
-11801305.28,4654138.65,2181.69
-11801306.96,4654137.93,2181.9
-11801308.49,4654137.26,2181.72
-11801310.05,4654136.57,2181.74
-11801311.64,4654135.88,2181.76
-11801313.28,4654135.17,2181.8
-11801314.88,4654134.46,2181.81
-11801316.47,4654133.7700000005,2181.84
-11801318.07,4654133.0600000005,2181.88
-11801319.67,4654132.36,2181.9
-11801321.3,4654131.65,2181.86
-11801322.91,4654130.94,2181.94
-11801324.49,4654130.26,2181.97
-11801326.08,4654129.5600000005,2182.04
-11801327.65,4654128.87,2182.0
-11801329.27,4654128.15,2182.01
-11801330.870000001,4654127.47,2181.98
-11801332.48,4654126.76,2182.02
-11801334.07,4654126.0600000005,2182.04
-11801335.68,4654125.350000001,2182.11
-11801337.290000001,4654124.64,2182.24
-11801338.86,4654123.97,2182.19
-11801340.450000001,4654123.2700000005,2182.24
-11801342.42,4654122.42,2184.06
-11801342.040000001,4654122.5600000005,2182.19
-11801343.67,4654121.850000001,2182.36
-11801343.18,4654125.100000001,2184.51
-11801341.08,4654126.0200000005,2182.3
-11801339.450000001,4654126.73,2182.17
-11801337.870000001,4654127.42,2182.13
-11801336.28,4654128.13,2182.13
-11801334.69,4654128.84,2182.15
-11801333.05,4654129.55,2182.01
-11801331.450000001,4654130.26,2182.03
-11801329.86,4654130.97,2182.03
-11801328.27,4654131.67,2182.1
-11801326.66,4654132.38,2182.0
-11801325.07,4654133.0600000005,2182.0
-11801323.44,4654133.8,2181.92
-11801321.85,4654134.48,2181.88
-11801320.26,4654135.19,2181.86
-11801318.67,4654135.9,2181.86
-11801317.06,4654136.600000001,2181.86
-11801315.450000001,4654137.3100000005,2181.86
-11801313.790000001,4654138.05,2181.81
-11801312.21,4654138.74,2181.79
-11801310.620000001,4654139.44,2181.75
-11801309.040000001,4654140.14,2181.75
-11801307.44,4654140.850000001,2181.77
-11801305.83,4654141.5600000005,2181.81
-11801304.21,4654142.2700000005,2181.69
-11801302.61,4654142.98,2181.69
-11801301.0,4654143.69,2181.65
-11801299.38,4654144.4,2181.65
-11801297.74,4654145.11,2181.6
-11801296.15,4654145.82,2181.59
-11801294.540000001,4654146.53,2181.53
-11801292.93,4654147.24,2181.55
-11801291.3,4654147.95,2181.47
-11801289.67,4654148.67,2181.46
-11801288.07,4654149.38,2181.44
-11801286.47,4654150.08,2181.42
-11801284.82,4654150.82,2181.35
-11801283.22,4654151.5200000005,2181.42
-11801281.59,4654152.23,2181.36
-11801279.98,4654152.95,2181.36
-11801278.36,4654153.66,2181.36
-11801276.75,4654154.37,2181.33
-11801275.120000001,4654155.08,2181.32
-11801273.51,4654155.79,2181.25
-11801271.92,4654156.5,2181.27
-11801270.3,4654157.21,2181.28
-11801268.68,4654157.92,2181.22
-11801267.040000001,4654158.64,2181.21
-11801266.88,4654159.49,2181.19
-11801268.48,4654158.8,2181.23
-11801270.1,4654158.08,2181.23
-11801271.72,4654157.37,2181.25
-11801273.31,4654156.66,2181.22
-11801274.94,4654155.95,2181.27
-11801276.540000001,4654155.2700000005,2181.34
-11801278.14,4654154.5600000005,2181.35
-11801279.78,4654153.84,2181.36
-11801281.38,4654153.14,2181.38
-11801282.98,4654152.44,2181.4
-11801284.56,4654151.76,2181.38
-11801286.17,4654151.05,2181.42
-11801287.8,4654150.32,2181.44
-11801289.43,4654149.63,2181.46
-11801291.0,4654148.93,2181.46
-11801292.620000001,4654148.22,2181.52
-11801294.23,4654147.51,2181.49
-11801295.85,4654146.8,2181.54
-11801297.42,4654146.11,2181.54
-11801299.05,4654145.4,2181.61
-11801300.65,4654144.71,2181.63
-11801302.26,4654144.0,2181.72
-11801303.870000001,4654143.29,2181.69
-11801305.48,4654142.57,2181.73
-11801307.11,4654141.86,2181.84
-11801308.68,4654141.18,2181.76
-11801310.27,4654140.48,2181.75
-11801311.89,4654139.79,2181.77
-11801313.49,4654139.0600000005,2181.83
-11801315.06,4654138.39,2181.83
-11801316.64,4654137.69,2181.82
-11801318.28,4654136.98,2181.88
-11801319.89,4654136.2700000005,2181.86
-11801321.49,4654135.5600000005,2181.86
-11801323.09,4654134.87,2181.9
-11801324.68,4654134.17,2181.92
-11801326.290000001,4654133.47,2181.98
-11801327.9,4654132.76,2182.04
-11801329.86,4654131.92,2183.67
-11801329.49,4654132.05,2182.0
-11801331.1,4654131.34,2182.02
-11801332.68,4654130.67,2181.98
-11801334.28,4654129.97,2182.03
-11801335.89,4654129.26,2182.11
-11801337.49,4654128.5600000005,2182.13
-11801339.08,4654127.87,2182.13
-11801340.66,4654127.17,2182.19
-11801342.68,4654126.29,2184.34
-11801342.200000001,4654126.5,2182.0
-11801344.23,4654125.62,2184.02
-11801343.040000001,4654128.78,2182.23
-11801341.43,4654129.5,2182.19
-11801339.85,4654130.19,2182.13
-11801338.25,4654130.89,2182.11
-11801336.67,4654131.600000001,2182.11
-11801335.08,4654132.3,2182.13
-11801333.46,4654133.01,2181.98
-11801331.88,4654133.72,2181.96
-11801330.28,4654134.41,2181.92
-11801328.69,4654135.11,2181.98
-11801327.09,4654135.82,2181.94
-11801325.5,4654136.5200000005,2181.92
-11801323.91,4654137.23,2181.9
-11801322.3,4654137.94,2181.86
-11801320.75,4654138.61,2181.9
-11801319.15,4654139.32,2181.86
-11801317.53,4654140.04,2181.83
-11801315.93,4654140.75,2181.81
-11801314.33,4654141.45,2181.8
-11801312.74,4654142.15,2181.79
-11801311.14,4654142.86,2181.75
-11801309.55,4654143.54,2181.75
-11801307.98,4654144.25,2181.77
-11801306.450000001,4654144.91,2182.03
-11801304.790000001,4654145.66,2181.69
-11801303.18,4654146.37,2181.67
-11801301.58,4654147.08,2181.63
-11801299.99,4654147.76,2181.61
-11801298.41,4654148.47,2181.63
-11801296.82,4654149.17,2181.58
-11801295.22,4654149.88,2181.57
-11801293.6,4654150.61,2181.53
-11801291.99,4654151.32,2181.53
-11801290.36,4654152.03,2181.47
-11801288.78,4654152.72,2181.46
-11801287.200000001,4654153.41,2181.44
-11801285.620000001,4654154.12,2181.44
-11801284.01,4654154.83,2181.36
-11801282.4,4654155.54,2181.4
-11801280.82,4654156.24,2181.35
-11801279.21,4654156.95,2181.34
-11801277.59,4654157.66,2181.34
-11801276.0,4654158.37,2181.29
-11801274.42,4654159.05,2181.24
-11801272.82,4654159.76,2181.23
-11801271.23,4654160.47,2181.25
-11801269.64,4654161.17,2181.23
-11801268.07,4654161.850000001,2181.24
-11801266.48,4654162.5600000005,2181.26
-11801266.99,4654163.24,2181.21
-11801268.620000001,4654162.51,2181.19
-11801270.21,4654161.82,2181.19
-11801271.8,4654161.12,2181.24
-11801273.39,4654160.42,2181.23
-11801274.99,4654159.72,2181.25
-11801276.63,4654159.0,2181.26
-11801278.27,4654158.29,2181.3
-11801279.86,4654157.59,2181.33
-11801281.47,4654156.88,2181.33
-11801283.11,4654156.16,2181.35
-11801284.73,4654155.46,2181.34
-11801286.33,4654154.75,2181.42
-11801287.89,4654154.07,2181.48
-11801289.49,4654153.37,2181.47
-11801291.11,4654152.66,2181.49
-11801292.71,4654151.96,2181.49
-11801294.34,4654151.25,2181.53
-11801295.93,4654150.55,2181.56
-11801297.56,4654149.82,2181.59
-11801299.18,4654149.11,2181.61
-11801300.790000001,4654148.42,2181.63
-11801302.39,4654147.71,2181.69
-11801303.94,4654147.03,2181.65
-11801305.56,4654146.32,2181.69
-11801307.17,4654145.62,2181.75
-11801308.790000001,4654144.91,2181.79
-11801310.38,4654144.21,2181.75
-11801311.99,4654143.5200000005,2181.75
-11801313.59,4654142.8100000005,2181.79
-11801315.18,4654142.100000001,2181.81
-11801316.78,4654141.41,2181.8
-11801318.4,4654140.7,2181.81
-11801319.98,4654140.0,2181.86
-11801321.55,4654139.32,2181.86
-11801323.17,4654138.61,2181.88
-11801324.8,4654137.9,2181.88
-11801326.42,4654137.19,2181.92
-11801328.0,4654136.49,2181.98
-11801329.55,4654135.82,2181.9
-11801331.16,4654135.11,2181.92
-11801332.77,4654134.4,2181.92
-11801334.4,4654133.69,2182.0
-11801335.97,4654132.99,2182.05
-11801337.57,4654132.28,2182.15
-11801339.18,4654131.600000001,2182.17
-11801340.76,4654130.9,2182.15
-11801342.370000001,4654130.2,2182.19
-11801343.950000001,4654129.51,2182.28
-11801343.03,4654132.58,2182.32
-11801341.4,4654133.3,2182.11
-11801339.83,4654134.0,2182.22
-11801338.24,4654134.7,2182.15
-11801336.64,4654135.4,2182.05
-11801335.0,4654136.13,2182.0
-11801333.4,4654136.82,2182.02
-11801331.78,4654137.55,2181.97
-11801330.23,4654138.24,2181.97
-11801328.66,4654138.93,2181.96
-11801327.06,4654139.64,2182.03
-11801326.11,4654140.05,2185.05
-11801325.43,4654140.350000001,2181.92
-11801323.85,4654141.04,2181.96
-11801322.25,4654141.75,2181.9
-11801320.620000001,4654142.46,2181.85
-11801318.98,4654143.19,2181.84
-11801317.4,4654143.9,2181.83
-11801315.81,4654144.600000001,2181.81
-11801314.21,4654145.3,2181.79
-11801312.59,4654146.0200000005,2181.74
-11801310.98,4654146.73,2181.67
-11801309.38,4654147.44,2181.75
-11801307.78,4654148.14,2181.73
-11801306.19,4654148.850000001,2181.67
-11801304.57,4654149.5600000005,2181.63
-11801302.950000001,4654150.28,2181.63
-11801301.32,4654150.99,2181.6
-11801299.73,4654151.69,2181.57
-11801298.120000001,4654152.41,2181.55
-11801296.5,4654153.13,2181.53
-11801294.88,4654153.84,2181.51
-11801293.26,4654154.5600000005,2181.49
-11801291.66,4654155.26,2181.44
-11801290.03,4654155.98,2181.44
-11801288.42,4654156.69,2181.44
-11801286.81,4654157.4,2181.38
-11801285.200000001,4654158.11,2181.38
-11801283.58,4654158.82,2181.36
-11801281.950000001,4654159.54,2181.32
-11801280.36,4654160.24,2181.29
-11801278.74,4654160.96,2181.28
-11801277.1,4654161.69,2181.25
-11801275.47,4654162.4,2181.24
-11801273.83,4654163.12,2181.21
-11801272.22,4654163.83,2181.21
-11801270.61,4654164.54,2181.22
-11801269.0,4654165.2700000005,2181.17
-11801267.39,4654165.98,2181.15
-11801265.77,4654166.69,2181.13
-11801266.39,4654167.2,2181.13
-11801268.07,4654166.47,2181.13
-11801269.69,4654165.76,2181.15
-11801271.3,4654165.05,2181.17
-11801272.88,4654164.350000001,2181.17
-11801274.49,4654163.65,2181.17
-11801276.09,4654162.94,2181.19
-11801277.69,4654162.25,2181.22
-11801279.3,4654161.54,2181.3
-11801280.92,4654160.84,2181.28
-11801282.53,4654160.11,2181.32
-11801284.17,4654159.4,2181.35
-11801285.77,4654158.71,2181.38
-11801287.36,4654158.0,2181.38
-11801289.06,4654157.26,2181.77
-11801290.77,4654156.51,2182.13
-11801292.200000001,4654155.87,2181.44
-11801293.8,4654155.18,2181.46
-11801295.41,4654154.47,2181.49
-11801297.01,4654153.7700000005,2181.53
-11801298.61,4654153.0600000005,2181.54
-11801300.24,4654152.350000001,2181.58
-11801301.81,4654151.67,2181.59
-11801303.4,4654150.97,2181.6
-11801305.03,4654150.25,2181.63
-11801306.68,4654149.51,2181.9
-11801308.22,4654148.850000001,2181.69
-11801309.82,4654148.16,2181.71
-11801311.41,4654147.45,2181.69
-11801313.05,4654146.74,2181.72
-11801314.65,4654146.04,2181.79
-11801316.24,4654145.33,2181.79
-11801317.85,4654144.63,2181.8
-11801319.43,4654143.92,2181.84
-11801321.040000001,4654143.22,2181.88
-11801322.68,4654142.51,2181.9
-11801324.26,4654141.82,2181.94
-11801326.56,4654140.82,2185.15
-11801328.3,4654140.05,2185.85
-11801329.02,4654139.72,2181.99
-11801330.61,4654139.03,2181.98
-11801332.23,4654138.32,2181.94
-11801333.83,4654137.62,2182.0
-11801335.4,4654136.92,2182.0
-11801337.02,4654136.22,2182.04
-11801338.620000001,4654135.51,2182.1
-11801340.25,4654134.8,2182.19
-11801341.83,4654134.11,2182.19
-11801343.41,4654133.4,2182.08
-11801344.53,4654135.78,2182.19
-11801342.93,4654136.49,2182.11
-11801341.34,4654137.2,2182.07
-11801339.73,4654137.91,2182.06
-11801338.120000001,4654138.64,2182.01
-11801336.59,4654139.29,2182.23
-11801334.94,4654140.03,2182.07
-11801334.28,4654140.33,2186.42
-11801332.82,4654140.98,2186.95
-11801331.24,4654141.67,2187.0
-11801329.5,4654142.45,2186.31
-11801327.73,4654143.23,2185.61
-11801326.02,4654143.99,2185.03
-11801325.33,4654144.28,2181.92
-11801323.77,4654144.98,2181.94
-11801322.17,4654145.67,2181.88
-11801320.55,4654146.4,2181.83
-11801318.950000001,4654147.11,2181.81
-11801317.32,4654147.82,2181.78
-11801315.74,4654148.5,2181.78
-11801314.13,4654149.21,2181.72
-11801312.51,4654149.95,2181.72
-11801310.86,4654150.67,2181.63
-11801309.27,4654151.38,2181.65
-11801307.68,4654152.07,2181.61
-11801306.09,4654152.78,2181.65
-11801304.46,4654153.49,2181.59
-11801302.84,4654154.22,2181.56
-11801301.25,4654154.91,2181.54
-11801299.66,4654155.63,2181.52
-11801298.03,4654156.34,2181.49
-11801296.42,4654157.05,2181.47
-11801294.82,4654157.76,2181.42
-11801293.24,4654158.46,2181.54
-11801291.72,4654159.13,2181.92
-11801289.96,4654159.9,2181.36
-11801288.35,4654160.61,2181.4
-11801286.73,4654161.32,2181.38
-11801285.120000001,4654162.03,2181.38
-11801283.52,4654162.75,2181.34
-11801281.89,4654163.46,2181.31
-11801280.28,4654164.19,2181.26
-11801278.63,4654164.92,2181.25
-11801277.01,4654165.63,2181.22
-11801275.41,4654166.34,2181.19
-11801273.78,4654167.0600000005,2181.15
-11801272.18,4654167.7700000005,2181.17
-11801270.53,4654168.49,2181.15
-11801268.89,4654169.22,2181.13
-11801267.28,4654169.93,2181.07
-11801266.0,4654171.2700000005,2181.01
-11801267.59,4654170.5600000005,2181.03
-11801269.19,4654169.88,2181.1
-11801270.81,4654169.17,2181.11
-11801272.41,4654168.46,2181.11
-11801274.05,4654167.75,2181.15
-11801275.67,4654167.03,2181.17
-11801277.26,4654166.33,2181.19
-11801278.85,4654165.63,2181.23
-11801280.46,4654164.92,2181.26
-11801282.1,4654164.2,2181.28
-11801283.73,4654163.49,2181.35
-11801285.290000001,4654162.8,2181.35
-11801286.88,4654162.11,2181.35
-11801288.51,4654161.39,2181.38
-11801290.120000001,4654160.68,2181.36
-11801291.86,4654159.92,2181.92
-11801293.47,4654159.21,2181.94
-11801294.9,4654158.58,2181.4
-11801296.540000001,4654157.87,2181.44
-11801298.16,4654157.16,2181.47
-11801299.76,4654156.45,2181.49
-11801301.36,4654155.75,2181.53
-11801302.96,4654155.04,2181.54
-11801304.55,4654154.34,2181.57
-11801306.15,4654153.65,2181.61
-11801307.76,4654152.94,2181.59
-11801309.39,4654152.23,2181.63
-11801310.97,4654151.53,2181.61
-11801312.61,4654150.8100000005,2181.65
-11801314.22,4654150.100000001,2181.73
-11801315.82,4654149.4,2181.77
-11801317.41,4654148.7,2181.78
-11801319.01,4654147.98,2181.82
-11801320.59,4654147.3100000005,2181.84
-11801322.200000001,4654146.600000001,2181.86
-11801323.84,4654145.87,2181.94
-11801326.1,4654144.89,2184.96
-11801325.42,4654145.18,2181.88
-11801327.85,4654144.12,2185.67
-11801329.57,4654143.36,2186.33
-11801331.3,4654142.600000001,2186.98
-11801332.89,4654141.9,2186.92
-11801334.38,4654141.24,2186.36
-11801335.81,4654140.62,2185.77
-11801337.25,4654139.98,2185.21
-11801336.59,4654140.26,2182.13
-11801338.18,4654139.57,2182.05
-11801339.78,4654138.87,2182.04
-11801341.41,4654138.16,2182.06
-11801342.96,4654137.48,2182.11
-11801344.53,4654136.78,2182.15
-11801344.21,4654139.75,2182.1
-11801342.58,4654140.46,2182.06
-11801340.97,4654141.17,2182.03
-11801339.42,4654141.87,2182.03
-11801337.84,4654142.5600000005,2182.06
-11801336.93,4654142.97,2185.3
-11801335.450000001,4654143.63,2185.88
-11801333.96,4654144.29,2186.47
-11801332.5,4654144.93,2187.04
-11801330.9,4654145.64,2186.86
-11801329.17,4654146.4,2186.35
-11801328.91,4654146.5200000005,2185.13
-11801327.41,4654147.19,2185.54
-11801325.700000001,4654147.94,2184.97
-11801325.02,4654148.23,2181.9
-11801323.42,4654148.95,2181.88
-11801321.8,4654149.67,2181.83
-11801320.200000001,4654150.38,2181.82
-11801318.61,4654151.07,2181.8
-11801317.01,4654151.78,2181.78
-11801315.38,4654152.51,2181.74
-11801313.74,4654153.23,2181.69
-11801312.14,4654153.94,2181.67
-11801310.55,4654154.64,2181.65
-11801309.02,4654155.3100000005,2181.94
-11801307.36,4654156.0600000005,2181.69
-11801305.71,4654156.78,2181.61
-11801304.09,4654157.49,2181.56
-11801302.51,4654158.2,2181.51
-11801300.9,4654158.91,2181.44
-11801299.27,4654159.62,2181.42
-11801297.67,4654160.34,2181.4
-11801296.05,4654161.05,2181.4
-11801294.450000001,4654161.7700000005,2181.36
-11801292.81,4654162.49,2181.36
-11801291.21,4654163.19,2181.36
-11801289.6,4654163.91,2181.35
-11801287.98,4654164.62,2181.31
-11801286.38,4654165.33,2181.28
-11801284.75,4654166.05,2181.28
-11801283.13,4654166.76,2181.24
-11801281.53,4654167.47,2181.23
-11801279.93,4654168.18,2181.19
-11801278.3,4654168.89,2181.19
-11801276.66,4654169.63,2181.15
-11801275.02,4654170.350000001,2181.1
-11801273.39,4654171.08,2181.1
-11801271.77,4654171.8,2181.07
-11801270.18,4654172.5,2181.02
-11801268.540000001,4654173.22,2181.01
-11801266.91,4654173.94,2180.99
-11801266.92,4654174.74,2180.94
-11801268.55,4654174.03,2180.98
-11801270.15,4654173.32,2181.01
-11801271.76,4654172.61,2181.03
-11801273.36,4654171.89,2181.05
-11801274.98,4654171.2,2181.07
-11801276.58,4654170.49,2181.13
-11801278.22,4654169.75,2181.13
-11801279.83,4654169.04,2181.15
-11801281.42,4654168.36,2181.19
-11801283.040000001,4654167.65,2181.21
-11801284.66,4654166.94,2181.25
-11801286.25,4654166.24,2181.26
-11801287.85,4654165.53,2181.31
-11801289.44,4654164.82,2181.32
-11801291.07,4654164.11,2181.32
-11801292.69,4654163.41,2181.33
-11801294.28,4654162.72,2181.33
-11801295.88,4654162.01,2181.36
-11801297.49,4654161.3,2181.38
-11801299.07,4654160.600000001,2181.38
-11801300.68,4654159.89,2181.4
-11801302.33,4654159.18,2181.49
-11801303.93,4654158.47,2181.51
-11801305.53,4654157.7700000005,2181.61
-11801307.17,4654157.03,2181.63
-11801308.85,4654156.3100000005,2182.1
-11801310.42,4654155.61,2181.97
-11801311.950000001,4654154.94,2181.65
-11801313.540000001,4654154.24,2181.65
-11801315.15,4654153.53,2181.72
-11801316.74,4654152.84,2181.77
-11801318.33,4654152.14,2181.81
-11801319.92,4654151.44,2181.8
-11801321.53,4654150.73,2181.85
-11801323.16,4654150.01,2181.88
-11801324.76,4654149.3100000005,2181.9
-11801327.15,4654148.26,2185.44
-11801328.89,4654147.5,2186.1
-11801330.58,4654146.76,2186.73
-11801332.26,4654146.0200000005,2187.11
-11801333.75,4654145.37,2186.57
-11801335.22,4654144.71,2185.98
-11801336.69,4654144.05,2185.42
-11801338.19,4654143.39,2184.9
-11801337.620000001,4654143.66,2182.21
-11801339.15,4654142.98,2182.03
-11801340.74,4654142.29,2182.03
-11801342.34,4654141.58,2182.03
-11801343.93,4654140.87,2182.07
-11801343.8,4654143.57,2182.03
-11801342.23,4654144.2700000005,2182.03
-11801340.620000001,4654144.97,2182.06
-11801339.07,4654145.67,2182.28
-11801337.46,4654146.39,2182.15
-11801336.56,4654146.7700000005,2185.4
-11801335.120000001,4654147.43,2185.99
-11801333.64,4654148.09,2186.52
-11801332.19,4654148.73,2187.05
-11801330.52,4654149.45,2186.8
-11801328.77,4654150.23,2186.17
-11801327.040000001,4654150.99,2185.52
-11801325.3,4654151.76,2184.9
-11801323.65,4654152.5,2184.73
-11801323.02,4654152.78,2181.92
-11801321.43,4654153.48,2181.96
-11801319.83,4654154.18,2181.98
-11801318.24,4654154.89,2181.92
-11801316.620000001,4654155.600000001,2181.85
-11801315.03,4654156.3100000005,2181.83
-11801313.42,4654157.0200000005,2181.76
-11801311.78,4654157.75,2181.65
-11801310.23,4654158.44,2181.81
-11801308.59,4654159.16,2181.61
-11801306.950000001,4654159.9,2181.57
-11801305.34,4654160.58,2181.63
-11801303.86,4654161.26,2182.1
-11801302.22,4654161.99,2181.94
-11801300.52,4654162.72,2181.4
-11801298.9,4654163.43,2181.38
-11801297.27,4654164.17,2181.34
-11801295.69,4654164.88,2181.35
-11801294.06,4654165.59,2181.32
-11801292.450000001,4654166.3,2181.32
-11801290.84,4654167.0200000005,2181.29
-11801289.23,4654167.73,2181.29
-11801287.63,4654168.44,2181.26
-11801286.01,4654169.15,2181.22
-11801284.35,4654169.89,2181.19
-11801282.74,4654170.600000001,2181.19
-11801281.120000001,4654171.32,2181.15
-11801279.51,4654172.04,2181.11
-11801277.89,4654172.75,2181.1
-11801276.28,4654173.46,2181.1
-11801274.63,4654174.19,2181.03
-11801273.01,4654174.89,2181.01
-11801271.41,4654175.600000001,2180.98
-11801269.77,4654176.34,2180.99
-11801268.17,4654177.05,2180.98
-11801266.53,4654177.78,2180.98
-11801266.08,4654178.75,2180.99
-11801267.67,4654178.04,2180.97
-11801269.27,4654177.350000001,2180.96
-11801270.870000001,4654176.64,2180.96
-11801272.48,4654175.95,2181.01
-11801274.05,4654175.25,2181.0
-11801275.69,4654174.53,2181.02
-11801277.31,4654173.82,2181.05
-11801278.91,4654173.11,2181.08
-11801280.51,4654172.4,2181.1
-11801282.120000001,4654171.69,2181.13
-11801283.72,4654170.98,2181.15
-11801285.34,4654170.2700000005,2181.17
-11801286.98,4654169.57,2181.19
-11801288.55,4654168.87,2181.23
-11801290.17,4654168.16,2181.27
-11801291.78,4654167.45,2181.29
-11801293.38,4654166.75,2181.3
-11801294.97,4654166.04,2181.29
-11801296.59,4654165.33,2181.34
-11801298.17,4654164.63,2181.34
-11801299.78,4654163.94,2181.36
-11801301.41,4654163.21,2181.4
-11801303.040000001,4654162.48,2181.57
-11801304.66,4654161.79,2181.79
-11801306.21,4654161.11,2181.55
-11801307.790000001,4654160.4,2181.55
-11801309.43,4654159.69,2181.57
-11801311.05,4654158.97,2181.57
-11801312.65,4654158.26,2181.65
-11801314.26,4654157.55,2181.78
-11801315.85,4654156.86,2181.81
-11801317.47,4654156.15,2181.9
-11801319.09,4654155.44,2181.85
-11801320.68,4654154.73,2181.83
-11801322.27,4654154.03,2182.0
-11801324.48,4654153.05,2184.82
-11801326.15,4654152.34,2185.13
-11801327.89,4654151.57,2185.8
-11801329.63,4654150.8,2186.5
-11801331.41,4654150.0200000005,2187.13
-11801332.92,4654149.350000001,2186.78
-11801334.38,4654148.72,2186.24
-11801335.83,4654148.0600000005,2185.65
-11801337.290000001,4654147.43,2185.09
-11801338.22,4654147.0200000005,2182.04
-11801340.06,4654146.21,2183.19
-11801341.44,4654145.600000001,2182.13
-11801343.0,4654144.92,2182.03
-11801344.58,4654144.22,2182.05
-11801344.620000001,4654147.09,2182.05
-11801343.040000001,4654147.79,2182.09
-11801341.49,4654148.47,2182.25
-11801339.96,4654149.14,2182.63
-11801338.34,4654149.850000001,2182.55
-11801337.31,4654150.33,2185.04
-11801335.84,4654150.98,2185.61
-11801334.39,4654151.63,2186.15
-11801332.91,4654152.26,2186.75
-11801331.43,4654152.94,2187.2
-11801329.71,4654153.69,2186.55
-11801327.93,4654154.48,2185.82
-11801326.18,4654155.26,2185.19
-11801324.49,4654156.01,2184.81
-11801322.24,4654157.01,2181.86
-11801320.63,4654157.72,2181.73
-11801319.02,4654158.43,2181.72
-11801317.4,4654159.15,2181.67
-11801315.75,4654159.88,2181.63
-11801314.17,4654160.59,2181.78
-11801312.61,4654161.2700000005,2181.69
-11801310.98,4654161.99,2181.57
-11801309.35,4654162.72,2181.52
-11801307.75,4654163.43,2181.48
-11801306.120000001,4654164.15,2181.46
-11801304.5,4654164.86,2181.42
-11801302.88,4654165.58,2181.36
-11801301.28,4654166.28,2181.35
-11801299.67,4654167.0,2181.34
-11801298.03,4654167.71,2181.32
-11801296.450000001,4654168.42,2181.29
-11801294.85,4654169.13,2181.27
-11801293.24,4654169.86,2181.26
-11801291.620000001,4654170.57,2181.23
-11801290.0,4654171.28,2181.22
-11801288.38,4654171.99,2181.21
-11801286.78,4654172.7,2181.21
-11801285.18,4654173.42,2181.15
-11801283.540000001,4654174.13,2181.13
-11801281.9,4654174.87,2181.1
-11801280.290000001,4654175.58,2181.11
-11801278.700000001,4654176.29,2181.09
-11801277.08,4654177.0,2181.06
-11801275.46,4654177.72,2181.06
-11801273.82,4654178.46,2181.07
-11801272.22,4654179.16,2181.08
-11801270.6,4654179.88,2181.08
-11801268.99,4654180.59,2181.08
-11801267.35,4654181.3100000005,2181.07
-11801265.71,4654182.0200000005,2181.01
-11801266.68,4654182.33,2181.0
-11801268.31,4654181.61,2181.04
-11801269.94,4654180.9,2181.08
-11801271.55,4654180.19,2181.09
-11801273.13,4654179.48,2181.1
-11801274.72,4654178.79,2181.05
-11801276.34,4654178.0600000005,2181.09
-11801277.94,4654177.37,2181.07
-11801279.57,4654176.65,2181.07
-11801281.16,4654175.95,2181.1
-11801282.75,4654175.26,2181.09
-11801284.38,4654174.53,2181.11
-11801286.01,4654173.8100000005,2181.13
-11801287.6,4654173.11,2181.15
-11801289.18,4654172.43,2181.19
-11801290.77,4654171.72,2181.22
-11801292.39,4654171.01,2181.21
-11801294.02,4654170.2700000005,2181.22
-11801295.65,4654169.5600000005,2181.25
-11801297.24,4654168.88,2181.27
-11801298.81,4654168.18,2181.29
-11801300.4,4654167.48,2181.33
-11801302.02,4654166.76,2181.33
-11801303.66,4654166.05,2181.38
-11801305.26,4654165.34,2181.4
-11801306.85,4654164.63,2181.44
-11801308.450000001,4654163.92,2181.48
-11801310.09,4654163.21,2181.5
-11801311.700000001,4654162.48,2181.55
-11801313.290000001,4654161.8,2181.59
-11801314.88,4654161.100000001,2181.61
-11801316.48,4654160.39,2181.61
-11801318.08,4654159.7,2181.67
-11801319.69,4654158.99,2181.69
-11801321.27,4654158.29,2181.71
-11801323.52,4654157.29,2184.7
-11801322.86,4654157.58,2181.76
-11801325.15,4654156.57,2184.84
-11801326.86,4654155.8,2185.4
-11801328.63,4654155.04,2186.05
-11801330.370000001,4654154.26,2186.8
-11801331.98,4654153.55,2187.11
-11801333.450000001,4654152.92,2186.54
-11801334.92,4654152.28,2185.98
-11801336.41,4654151.62,2185.4
-11801337.870000001,4654150.97,2184.78
-11801337.4,4654151.19,2182.55
-11801338.99,4654150.48,2182.54
-11801340.58,4654149.78,2182.52
-11801342.06,4654149.12,2182.07
-11801343.64,4654148.42,2182.06
-11801343.88,4654150.96,2182.04
-11801342.35,4654151.64,2182.26
-11801340.81,4654152.33,2182.58
-11801339.22,4654153.0200000005,2182.54
-11801337.66,4654153.71,2182.65
-11801336.64,4654154.18,2185.28
-11801335.18,4654154.83,2185.81
-11801333.69,4654155.48,2186.4
-11801332.200000001,4654156.15,2186.95
-11801330.620000001,4654156.850000001,2186.98
-11801328.91,4654157.600000001,2186.36
-11801326.31,4654158.75,2181.92
-11801324.69,4654159.48,2181.85
-11801323.09,4654160.18,2181.79
-11801321.5,4654160.89,2181.69
-11801319.91,4654161.600000001,2181.67
-11801318.31,4654162.3100000005,2181.67
-11801316.71,4654163.0200000005,2181.61
-11801315.07,4654163.73,2181.58
-11801313.450000001,4654164.47,2181.56
-11801311.84,4654165.16,2181.53
-11801310.24,4654165.87,2181.51
-11801308.620000001,4654166.61,2181.49
-11801306.99,4654167.32,2181.44
-11801305.4,4654168.03,2181.4
-11801303.81,4654168.74,2181.38
-11801302.19,4654169.46,2181.36
-11801300.56,4654170.17,2181.33
-11801298.96,4654170.88,2181.29
-11801297.36,4654171.59,2181.28
-11801295.74,4654172.32,2181.26
-11801294.14,4654173.03,2181.23
-11801292.53,4654173.74,2181.24
-11801290.9,4654174.46,2181.22
-11801289.25,4654175.18,2181.19
-11801287.65,4654175.89,2181.17
-11801286.06,4654176.600000001,2181.13
-11801284.43,4654177.33,2181.13
-11801282.8,4654178.04,2181.15
-11801281.19,4654178.75,2181.17
-11801279.6,4654179.46,2181.19
-11801278.0,4654180.17,2181.19
-11801276.39,4654180.89,2181.17
-11801274.72,4654181.64,2181.1
-11801273.11,4654182.350000001,2181.09
-11801271.49,4654183.07,2181.06
-11801269.88,4654183.79,2181.04
-11801268.23,4654184.51,2181.02
-11801266.59,4654185.24,2181.0
-11801267.18,4654185.8,2180.97
-11801268.8,4654185.08,2181.01
-11801270.42,4654184.37,2181.02
-11801272.01,4654183.66,2181.04
-11801273.63,4654182.95,2181.03
-11801275.25,4654182.24,2181.05
-11801276.83,4654181.55,2181.11
-11801278.44,4654180.84,2181.17
-11801280.07,4654180.12,2181.21
-11801281.66,4654179.42,2181.19
-11801283.25,4654178.73,2181.13
-11801284.85,4654178.0200000005,2181.15
-11801286.450000001,4654177.3100000005,2181.15
-11801288.06,4654176.600000001,2181.15
-11801289.66,4654175.9,2181.17
-11801291.25,4654175.2,2181.19
-11801292.85,4654174.49,2181.21
-11801294.48,4654173.7700000005,2181.22
-11801296.1,4654173.0600000005,2181.24
-11801297.700000001,4654172.36,2181.26
-11801299.290000001,4654171.66,2181.28
-11801300.870000001,4654170.94,2181.29
-11801302.5,4654170.23,2181.33
-11801304.11,4654169.5200000005,2181.36
-11801305.73,4654168.8100000005,2181.4
-11801307.32,4654168.100000001,2181.4
-11801308.89,4654167.43,2181.47
-11801310.51,4654166.7,2181.49
-11801312.120000001,4654165.99,2181.49
-11801313.72,4654165.3,2181.51
-11801315.34,4654164.59,2181.56
-11801316.93,4654163.88,2181.58
-11801318.540000001,4654163.17,2181.65
-11801320.14,4654162.47,2181.69
-11801321.73,4654161.76,2181.69
-11801323.36,4654161.05,2181.74
-11801324.97,4654160.34,2181.84
-11801326.56,4654159.64,2181.92
-11801328.17,4654158.92,2182.03
-11801330.91,4654157.72,2187.07
-11801332.46,4654157.0200000005,2186.88
-11801333.91,4654156.39,2186.33
-11801335.370000001,4654155.75,2185.74
-11801336.82,4654155.100000001,2185.17
-11801337.77,4654154.69,2182.25
-11801339.450000001,4654153.96,2182.57
-11801341.02,4654153.26,2182.53
-11801342.52,4654152.600000001,2182.13
-11801344.11,4654151.89,2182.0
-11801344.53,4654154.41,2182.02
-11801342.950000001,4654155.12,2182.01
-11801341.36,4654155.83,2182.03
-11801339.74,4654156.55,2182.03
-11801338.17,4654157.26,2182.03
-11801337.23,4654157.66,2185.01
-11801336.65,4654157.91,2182.4
-11801335.73,4654158.32,2185.56
-11801334.25,4654158.98,2186.13
-11801332.68,4654159.69,2186.17
-11801330.950000001,4654160.45,2185.51
-11801329.26,4654161.2,2185.01
-11801328.58,4654161.5,2181.99
-11801327.700000001,4654161.88,2185.3
-11801325.31,4654162.95,2181.84
-11801323.69,4654163.67,2181.8
-11801322.120000001,4654164.37,2181.72
-11801320.51,4654165.07,2181.71
-11801318.9,4654165.78,2181.69
-11801317.290000001,4654166.51,2181.6
-11801315.65,4654167.24,2181.54
-11801314.77,4654167.63,2184.61
-11801314.07,4654167.95,2181.56
-11801312.48,4654168.64,2181.51
-11801310.870000001,4654169.37,2181.49
-11801309.24,4654170.08,2181.44
-11801307.64,4654170.8,2181.4
-11801306.01,4654171.51,2181.36
-11801304.39,4654172.23,2181.36
-11801302.76,4654172.96,2181.36
-11801301.15,4654173.67,2181.34
-11801299.53,4654174.38,2181.3
-11801297.94,4654175.09,2181.27
-11801296.370000001,4654175.8,2181.24
-11801294.74,4654176.5200000005,2181.25
-11801293.11,4654177.23,2181.21
-11801291.53,4654177.94,2181.23
-11801289.9,4654178.65,2181.27
-11801288.26,4654179.39,2181.29
-11801286.67,4654180.100000001,2181.29
-11801285.040000001,4654180.82,2181.23
-11801283.42,4654181.55,2181.19
-11801281.8,4654182.26,2181.11
-11801280.18,4654182.98,2181.11
-11801278.55,4654183.69,2181.11
-11801276.950000001,4654184.41,2181.09
-11801275.33,4654185.12,2181.07
-11801273.72,4654185.83,2181.05
-11801272.11,4654186.54,2181.04
-11801270.47,4654187.29,2181.04
-11801268.82,4654188.0200000005,2181.01
-11801267.200000001,4654188.74,2180.99
-11801265.82,4654190.07,2180.92
-11801267.43,4654189.36,2180.94
-11801269.040000001,4654188.65,2180.97
-11801270.64,4654187.94,2180.99
-11801272.24,4654187.23,2181.01
-11801273.84,4654186.5200000005,2181.02
-11801275.44,4654185.8100000005,2181.05
-11801277.05,4654185.100000001,2181.06
-11801278.65,4654184.42,2181.07
-11801280.26,4654183.7,2181.09
-11801281.88,4654182.99,2181.11
-11801283.48,4654182.29,2181.15
-11801285.09,4654181.57,2181.17
-11801286.700000001,4654180.850000001,2181.23
-11801288.31,4654180.14,2181.3
-11801289.92,4654179.45,2181.29
-11801291.51,4654178.74,2181.27
-11801293.120000001,4654178.03,2181.23
-11801294.72,4654177.32,2181.22
-11801296.33,4654176.61,2181.25
-11801297.91,4654175.9,2181.27
-11801299.5,4654175.21,2181.29
-11801301.120000001,4654174.5,2181.3
-11801302.74,4654173.78,2181.31
-11801304.35,4654173.07,2181.36
-11801305.950000001,4654172.37,2181.36
-11801307.540000001,4654171.66,2181.38
-11801309.120000001,4654170.96,2181.42
-11801310.73,4654170.2700000005,2181.47
-11801312.33,4654169.5600000005,2181.49
-11801314.68,4654168.5200000005,2184.67
-11801316.28,4654167.8100000005,2184.67
-11801315.55,4654168.11,2181.52
-11801317.16,4654167.43,2181.54
-11801318.77,4654166.72,2181.65
-11801320.370000001,4654166.01,2181.67
-11801321.97,4654165.29,2181.69
-11801323.57,4654164.600000001,2181.76
-11801325.19,4654163.87,2181.82
-11801327.63,4654162.8,2185.63
-11801329.19,4654162.11,2185.36
-11801330.790000001,4654161.4,2185.4
-11801332.72,4654160.55,2187.08
-11801332.5,4654160.65,2186.04
-11801334.120000001,4654159.93,2186.2
-11801335.620000001,4654159.2700000005,2185.65
-11801337.08,4654158.63,2185.08
-11801337.99,4654158.23,2181.96
-11801339.59,4654157.5200000005,2182.0
-11801341.16,4654156.82,2182.01
-11801342.78,4654156.11,2181.99
-11801344.370000001,4654155.42,2181.99
-11801343.48,4654158.58,2182.01
-11801341.870000001,4654159.3,2181.98
-11801340.290000001,4654160.0,2181.97
-11801338.74,4654160.69,2181.98
-11801337.14,4654161.4,2182.01
-11801336.290000001,4654161.78,2185.31
-11801334.81,4654162.43,2185.86
-11801333.34,4654163.09,2186.46
-11801331.68,4654163.82,2186.01
-11801330.120000001,4654164.51,2186.27
-11801328.540000001,4654165.22,2186.53
-11801327.01,4654165.89,2186.85
-11801324.32,4654167.09,2181.81
-11801322.700000001,4654167.8100000005,2181.69
-11801321.74,4654168.23,2184.54
-11801320.17,4654168.92,2184.67
-11801318.59,4654169.63,2184.71
-11801317.01,4654170.34,2184.7
-11801315.4,4654171.05,2184.74
-11801314.65,4654171.38,2181.51
-11801313.040000001,4654172.09,2181.53
-11801311.46,4654172.8100000005,2181.49
-11801309.85,4654173.5200000005,2181.48
-11801308.23,4654174.23,2181.42
-11801306.6,4654174.97,2181.38
-11801305.01,4654175.65,2181.36
-11801303.39,4654176.39,2181.34
-11801301.76,4654177.11,2181.29
-11801300.18,4654177.79,2181.31
-11801298.56,4654178.53,2181.32
-11801296.97,4654179.24,2181.42
-11801295.35,4654179.95,2181.36
-11801293.74,4654180.67,2181.36
-11801292.1,4654181.4,2181.3
-11801290.47,4654182.12,2181.22
-11801288.86,4654182.83,2181.24
-11801287.26,4654183.54,2181.17
-11801285.64,4654184.25,2181.17
-11801284.03,4654184.99,2181.17
-11801282.39,4654185.71,2181.13
-11801280.78,4654186.42,2181.09
-11801279.16,4654187.14,2181.06
-11801277.52,4654187.87,2181.05
-11801275.950000001,4654188.58,2181.04
-11801274.31,4654189.3,2181.01
-11801272.66,4654190.01,2181.0
-11801271.05,4654190.72,2181.01
-11801269.43,4654191.46,2180.97
-11801267.81,4654192.18,2180.97
-11801266.200000001,4654192.89,2180.94
-11801266.040000001,4654193.69,2180.92
-11801267.64,4654192.98,2180.94
-11801269.24,4654192.2700000005,2180.96
-11801270.86,4654191.5600000005,2180.96
-11801272.46,4654190.86,2180.97
-11801274.06,4654190.15,2180.97
-11801275.66,4654189.44,2181.01
-11801277.26,4654188.73,2181.05
-11801278.85,4654188.0200000005,2181.05
-11801280.47,4654187.3100000005,2181.07
-11801282.120000001,4654186.59,2181.09
-11801283.72,4654185.88,2181.08
-11801285.28,4654185.19,2181.11
-11801286.870000001,4654184.49,2181.15
-11801288.51,4654183.7700000005,2181.19
-11801290.14,4654183.04,2181.23
-11801291.700000001,4654182.36,2181.17
-11801293.32,4654181.65,2181.25
-11801294.94,4654180.93,2181.34
-11801296.540000001,4654180.22,2181.38
-11801298.15,4654179.51,2181.4
-11801299.76,4654178.8,2181.38
-11801301.36,4654178.100000001,2181.32
-11801302.950000001,4654177.39,2181.3
-11801304.55,4654176.67,2181.32
-11801306.14,4654175.99,2181.36
-11801307.75,4654175.2700000005,2181.38
-11801309.33,4654174.58,2181.42
-11801310.94,4654173.87,2181.47
-11801312.58,4654173.14,2181.48
-11801314.17,4654172.45,2181.48
-11801315.76,4654171.74,2181.51
-11801318.07,4654170.7,2184.65
-11801317.35,4654171.03,2181.48
-11801319.700000001,4654169.99,2184.86
-11801321.24,4654169.32,2184.61
-11801322.83,4654168.62,2184.52
-11801323.82,4654168.17,2181.76
-11801326.51,4654166.98,2186.71
-11801325.41,4654167.46,2181.76
-11801328.14,4654166.2700000005,2186.92
-11801329.68,4654165.59,2186.7
-11801331.23,4654164.9,2186.44
-11801332.77,4654164.23,2186.21
-11801334.32,4654163.54,2186.1
-11801335.78,4654162.9,2185.59
-11801337.28,4654162.24,2185.25
-11801336.64,4654162.5200000005,2182.34
-11801338.15,4654161.850000001,2181.96
-11801339.73,4654161.15,2181.92
-11801341.34,4654160.44,2181.96
-11801342.950000001,4654159.73,2181.97
-11801344.55,4654159.03,2181.94
-11801343.86,4654162.03,2181.96
-11801342.28,4654162.74,2181.94
-11801340.700000001,4654163.45,2181.92
-11801339.11,4654164.16,2181.9
-11801337.51,4654164.87,2181.92
-11801336.91,4654165.13,2186.4
-11801336.11,4654165.48,2182.71
-11801335.41,4654165.8,2186.7
-11801333.86,4654166.48,2186.96
-11801332.17,4654167.23,2186.63
-11801330.51,4654167.97,2186.32
-11801328.86,4654168.71,2186.03
-11801327.19,4654169.46,2185.69
-11801324.71,4654170.5600000005,2181.8
-11801323.73,4654170.99,2184.44
-11801322.15,4654171.69,2184.53
-11801321.47,4654171.99,2181.59
-11801319.85,4654172.72,2181.61
-11801318.28,4654173.41,2181.59
-11801316.69,4654174.12,2181.56
-11801315.07,4654174.850000001,2181.51
-11801313.43,4654175.5600000005,2181.51
-11801311.84,4654176.2700000005,2181.47
-11801310.24,4654176.99,2181.4
-11801308.61,4654177.7,2181.4
-11801307.0,4654178.41,2181.44
-11801305.4,4654179.15,2181.5
-11801303.86,4654179.83,2181.67
-11801302.74,4654180.32,2183.67
-11801300.58,4654181.28,2181.38
-11801298.96,4654182.0,2181.33
-11801297.34,4654182.72,2181.32
-11801295.71,4654183.45,2181.3
-11801294.1,4654184.16,2181.27
-11801292.52,4654184.87,2181.29
-11801290.91,4654185.58,2181.28
-11801289.28,4654186.3,2181.21
-11801287.65,4654187.01,2181.17
-11801286.01,4654187.76,2181.15
-11801284.4,4654188.47,2181.11
-11801282.790000001,4654189.19,2181.11
-11801281.16,4654189.92,2181.08
-11801279.53,4654190.63,2181.03
-11801277.93,4654191.34,2181.01
-11801276.3,4654192.07,2181.02
-11801274.68,4654192.8,2181.01
-11801273.05,4654193.5200000005,2180.98
-11801271.42,4654194.23,2180.98
-11801269.81,4654194.96,2180.9
-11801268.18,4654195.67,2180.92
-11801266.57,4654196.4,2180.9
-11801267.68,4654196.66,2180.92
-11801269.31,4654195.95,2180.92
-11801270.870000001,4654195.25,2180.88
-11801272.5,4654194.54,2180.98
-11801274.1,4654193.83,2181.0
-11801275.72,4654193.12,2180.98
-11801277.32,4654192.41,2180.98
-11801278.91,4654191.7,2181.03
-11801280.53,4654190.99,2181.05
-11801282.120000001,4654190.28,2181.04
-11801283.75,4654189.57,2181.09
-11801285.36,4654188.86,2181.11
-11801286.950000001,4654188.15,2181.11
-11801288.58,4654187.43,2181.17
-11801290.19,4654186.72,2181.19
-11801291.82,4654186.0,2181.24
-11801293.42,4654185.29,2181.28
-11801295.0,4654184.58,2181.31
-11801296.61,4654183.89,2181.38
-11801298.22,4654183.18,2181.35
-11801299.83,4654182.47,2181.35
-11801302.1,4654181.45,2184.15
-11801301.43,4654181.76,2181.34
-11801303.540000001,4654180.82,2183.5
-11801303.040000001,4654181.05,2181.44
-11801304.67,4654180.3100000005,2181.49
-11801306.27,4654179.63,2181.49
-11801307.84,4654178.92,2181.53
-11801309.42,4654178.22,2181.4
-11801311.0,4654177.53,2181.4
-11801312.6,4654176.82,2181.44
-11801314.22,4654176.09,2181.5
-11801315.83,4654175.38,2181.52
-11801317.4,4654174.69,2181.55
-11801319.02,4654173.98,2181.57
-11801320.620000001,4654173.2700000005,2181.58
-11801322.23,4654172.5600000005,2181.58
-11801324.48,4654171.5600000005,2184.36
-11801323.86,4654171.84,2181.61
-11801325.46,4654171.14,2181.69
-11801327.85,4654170.08,2185.42
-11801329.5,4654169.34,2185.73
-11801331.19,4654168.600000001,2186.06
-11801332.870000001,4654167.850000001,2186.42
-11801334.51,4654167.13,2186.69
-11801336.14,4654166.41,2186.9
-11801336.69,4654166.17,2182.21
-11801338.21,4654165.5,2181.85
-11801339.81,4654164.8,2181.88
-11801341.43,4654164.08,2181.9
-11801343.01,4654163.37,2181.94
-11801344.57,4654162.7,2181.92
-11801344.0,4654165.53,2181.92
-11801342.4,4654166.24,2181.92
-11801340.84,4654166.92,2181.88
-11801339.24,4654167.63,2181.83
-11801337.64,4654168.350000001,2181.83
-11801336.99,4654168.64,2186.17
-11801336.24,4654168.97,2182.73
-11801335.3,4654169.39,2185.86
-11801333.63,4654170.13,2185.55
-11801332.01,4654170.850000001,2185.23
-11801330.34,4654171.58,2184.95
-11801329.620000001,4654171.9,2181.72
-11801328.03,4654172.63,2181.71
-11801326.39,4654173.34,2181.65
-11801324.78,4654174.07,2181.6
-11801323.18,4654174.78,2181.59
-11801321.59,4654175.49,2181.57
-11801320.01,4654176.18,2181.58
-11801318.41,4654176.9,2181.57
-11801316.78,4654177.61,2181.52
-11801315.16,4654178.350000001,2181.53
-11801313.59,4654179.03,2181.61
-11801311.99,4654179.74,2181.61
-11801310.38,4654180.48,2181.61
-11801308.76,4654181.19,2181.5
-11801307.14,4654181.92,2181.44
-11801305.51,4654182.65,2181.44
-11801303.870000001,4654183.36,2181.4
-11801302.26,4654184.07,2181.4
-11801300.67,4654184.79,2181.35
-11801299.07,4654185.5,2181.29
-11801297.44,4654186.21,2181.31
-11801295.83,4654186.95,2181.34
-11801294.24,4654187.66,2181.29
-11801292.65,4654188.34,2181.28
-11801291.02,4654189.08,2181.26
-11801289.41,4654189.8,2181.22
-11801287.77,4654190.5200000005,2181.17
-11801286.13,4654191.25,2181.15
-11801284.540000001,4654191.96,2181.11
-11801282.94,4654192.67,2181.09
-11801281.27,4654193.42,2181.06
-11801279.620000001,4654194.15,2181.05
-11801278.02,4654194.86,2181.02
-11801276.450000001,4654195.5600000005,2181.06
-11801274.82,4654196.28,2180.98
-11801275.540000001,4654196.71,2180.96
-11801277.17,4654195.99,2181.01
-11801278.75,4654195.29,2181.01
-11801280.33,4654194.600000001,2181.02
-11801281.93,4654193.88,2181.06
-11801283.53,4654193.17,2181.08
-11801285.16,4654192.44,2181.13
-11801286.790000001,4654191.73,2181.15
-11801288.39,4654191.03,2181.17
-11801290.03,4654190.29,2181.19
-11801291.63,4654189.58,2181.22
-11801293.200000001,4654188.9,2181.24
-11801294.82,4654188.19,2181.26
-11801296.43,4654187.48,2181.3
-11801298.03,4654186.7700000005,2181.28
-11801299.61,4654186.07,2181.28
-11801301.22,4654185.36,2181.3
-11801302.84,4654184.64,2181.36
-11801304.4,4654183.94,2181.36
-11801306.0,4654183.23,2181.4
-11801307.59,4654182.5200000005,2181.38
-11801309.23,4654181.8100000005,2181.44
-11801310.86,4654181.09,2181.53
-11801312.46,4654180.38,2181.67
-11801314.05,4654179.69,2181.61
-11801315.67,4654178.96,2181.63
-11801317.27,4654178.25,2181.52
-11801318.86,4654177.5600000005,2181.53
-11801320.4,4654176.88,2181.54
-11801321.99,4654176.16,2181.54
-11801323.620000001,4654175.45,2181.55
-11801325.22,4654174.74,2181.55
-11801326.81,4654174.03,2181.61
-11801328.41,4654173.34,2181.65
-11801330.02,4654172.62,2181.69
-11801332.36,4654171.58,2184.94
-11801331.66,4654171.88,2181.78
-11801334.03,4654170.84,2185.23
-11801335.65,4654170.13,2185.5
-11801337.28,4654169.41,2185.75
-11801336.52,4654169.75,2182.28
-11801338.02,4654169.09,2181.78
-11801339.63,4654168.38,2181.81
-11801341.22,4654167.67,2181.83
-11801342.83,4654166.95,2181.92
-11801344.38,4654166.28,2181.88
-11801344.35,4654168.96,2181.88
-11801342.77,4654169.66,2181.88
-11801341.17,4654170.37,2181.85
-11801339.58,4654171.08,2181.85
-11801337.97,4654171.8,2181.85
-11801336.36,4654172.51,2181.82
-11801334.75,4654173.23,2181.75
-11801333.17,4654173.93,2181.75
-11801331.540000001,4654174.65,2181.65
-11801329.950000001,4654175.36,2181.61
-11801328.36,4654176.07,2181.6
-11801326.75,4654176.78,2181.59
-11801325.13,4654177.51,2181.56
-11801323.52,4654178.22,2181.56
-11801321.93,4654178.93,2181.61
-11801320.36,4654179.64,2181.69
-11801318.75,4654180.350000001,2181.63
-11801317.14,4654181.0600000005,2181.59
-11801315.540000001,4654181.78,2181.54
-11801313.92,4654182.49,2181.54
-11801312.3,4654183.21,2181.49
-11801310.700000001,4654183.92,2181.46
-11801309.11,4654184.63,2181.42
-11801307.49,4654185.36,2181.42
-11801305.91,4654186.07,2181.38
-11801304.27,4654186.78,2181.31
-11801302.64,4654187.51,2181.33
-11801301.040000001,4654188.22,2181.32
-11801299.42,4654188.95,2181.31
-11801297.81,4654189.66,2181.28
-11801296.18,4654190.39,2181.27
-11801294.57,4654191.100000001,2181.23
-11801292.98,4654191.8100000005,2181.24
-11801291.39,4654192.5200000005,2181.22
-11801289.75,4654193.25,2181.19
-11801288.11,4654193.96,2181.15
-11801286.52,4654194.67,2181.11
-11801284.91,4654195.4,2181.09
-11801283.26,4654196.13,2181.06
-11801283.63,4654196.66,2181.05
-11801285.21,4654195.96,2181.09
-11801286.8,4654195.25,2181.11
-11801288.4,4654194.5600000005,2181.13
-11801290.03,4654193.850000001,2181.15
-11801291.64,4654193.11,2181.19
-11801293.26,4654192.4,2181.22
-11801294.83,4654191.72,2181.23
-11801296.43,4654191.01,2181.25
-11801298.03,4654190.3,2181.24
-11801299.65,4654189.59,2181.25
-11801301.24,4654188.88,2181.29
-11801302.84,4654188.17,2181.34
-11801304.450000001,4654187.46,2181.35
-11801306.05,4654186.74,2181.35
-11801307.68,4654186.0200000005,2181.36
-11801309.290000001,4654185.3100000005,2181.38
-11801310.86,4654184.61,2181.4
-11801312.46,4654183.9,2181.42
-11801314.07,4654183.19,2181.47
-11801315.69,4654182.48,2181.5
-11801317.290000001,4654181.7700000005,2181.52
-11801318.89,4654181.0600000005,2181.6
-11801320.52,4654180.34,2181.61
-11801322.13,4654179.63,2181.65
-11801323.71,4654178.92,2181.65
-11801325.27,4654178.24,2181.53
-11801326.86,4654177.54,2181.53
-11801328.46,4654176.83,2181.56
-11801330.09,4654176.100000001,2181.59
-11801331.69,4654175.39,2181.61
-11801333.28,4654174.7,2181.63
-11801334.86,4654173.99,2181.73
-11801336.48,4654173.28,2181.76
-11801338.09,4654172.57,2181.83
-11801339.69,4654171.86,2181.84
-11801341.3,4654171.13,2181.86
-11801342.86,4654170.46,2181.88
-11801344.450000001,4654169.75,2181.88
-11801344.78,4654172.12,2181.9
-11801343.19,4654172.83,2181.88
-11801341.56,4654173.54,2181.83
-11801339.96,4654174.25,2181.8
-11801338.35,4654174.99,2181.75
-11801336.73,4654175.7,2181.71
-11801335.15,4654176.41,2181.67
-11801333.540000001,4654177.11,2181.63
-11801331.96,4654177.82,2181.61
-11801330.38,4654178.53,2181.61
-11801328.82,4654179.22,2181.73
-11801327.19,4654179.95,2181.76
-11801325.56,4654180.67,2181.73
-11801323.99,4654181.38,2181.67
-11801322.35,4654182.09,2181.61
-11801320.75,4654182.8,2181.61
-11801319.15,4654183.54,2181.57
-11801317.53,4654184.25,2181.55
-11801315.94,4654184.96,2181.51
-11801314.32,4654185.68,2181.5
-11801312.68,4654186.42,2181.47
-11801311.08,4654187.13,2181.47
-11801309.450000001,4654187.84,2181.4
-11801307.84,4654188.57,2181.36
-11801306.25,4654189.2700000005,2181.4
-11801304.65,4654189.98,2181.36
-11801303.040000001,4654190.69,2181.31
-11801301.44,4654191.4,2181.29
-11801299.82,4654192.14,2181.3
-11801298.200000001,4654192.86,2181.28
-11801296.63,4654193.54,2181.25
-11801295.0,4654194.28,2181.22
-11801293.35,4654195.0200000005,2181.19
-11801291.71,4654195.73,2181.21
-11801290.09,4654196.46,2181.19
-11801291.68,4654196.53,2181.13
-11801293.290000001,4654195.8100000005,2181.17
-11801294.91,4654195.100000001,2181.19
-11801296.51,4654194.39,2181.22
-11801298.11,4654193.68,2181.22
-11801299.74,4654192.97,2181.25
-11801301.32,4654192.26,2181.25
-11801302.91,4654191.55,2181.29
-11801304.5,4654190.87,2181.33
-11801306.1,4654190.16,2181.34
-11801307.73,4654189.43,2181.36
-11801309.33,4654188.72,2181.34
-11801310.93,4654188.01,2181.4
-11801312.52,4654187.3,2181.44
-11801314.14,4654186.59,2181.42
-11801315.77,4654185.87,2181.47
-11801317.39,4654185.16,2181.5
-11801318.96,4654184.46,2181.52
-11801320.540000001,4654183.76,2181.56
-11801322.14,4654183.05,2181.63
-11801323.77,4654182.33,2181.63
-11801325.38,4654181.62,2181.63
-11801327.0,4654180.9,2181.69
-11801328.57,4654180.2,2181.72
-11801330.17,4654179.49,2181.88
-11801331.72,4654178.8100000005,2181.67
-11801333.31,4654178.11,2181.6
-11801334.91,4654177.4,2181.63
-11801336.53,4654176.69,2181.67
-11801338.120000001,4654175.98,2181.71
-11801339.68,4654175.29,2181.73
-11801341.31,4654174.5600000005,2181.75
-11801342.91,4654173.850000001,2181.82
-11801344.5,4654173.16,2181.85
-11801343.61,4654176.0600000005,2181.76
-11801342.01,4654176.7700000005,2181.8
-11801340.41,4654177.48,2181.78
-11801338.83,4654178.19,2181.76
-11801337.24,4654178.9,2181.8
-11801335.67,4654179.600000001,2181.88
-11801334.040000001,4654180.3100000005,2181.84
-11801332.44,4654181.0200000005,2181.81
-11801330.84,4654181.73,2181.75
-11801329.24,4654182.46,2181.73
-11801327.620000001,4654183.17,2181.67
-11801326.01,4654183.9,2181.65
-11801324.41,4654184.61,2181.61
-11801322.82,4654185.32,2181.6
-11801321.22,4654186.03,2181.57
-11801319.620000001,4654186.75,2181.54
-11801318.0,4654187.46,2181.5
-11801316.38,4654188.18,2181.48
-11801314.76,4654188.91,2181.46
-11801313.15,4654189.62,2181.4
-11801311.57,4654190.33,2181.42
-11801309.96,4654191.04,2181.38
-11801308.32,4654191.7700000005,2181.35
-11801306.72,4654192.47,2181.34
-11801305.11,4654193.18,2181.33
-11801303.5,4654193.92,2181.31
-11801301.89,4654194.64,2181.29
-11801300.26,4654195.36,2181.26
-11801298.66,4654196.07,2181.24
-11801299.8,4654196.28,2181.25
-11801301.39,4654195.57,2181.27
-11801302.99,4654194.86,2181.26
-11801304.6,4654194.15,2181.28
-11801306.200000001,4654193.44,2181.31
-11801307.82,4654192.74,2181.32
-11801309.42,4654192.03,2181.34
-11801311.05,4654191.29,2181.36
-11801312.66,4654190.58,2181.38
-11801314.22,4654189.9,2181.36
-11801315.84,4654189.19,2181.44
-11801317.450000001,4654188.47,2181.47
-11801319.040000001,4654187.7700000005,2181.48
-11801320.64,4654187.0600000005,2181.55
-11801322.25,4654186.350000001,2181.56
-11801323.86,4654185.64,2181.57
-11801325.43,4654184.93,2181.6
-11801327.06,4654184.22,2181.63
-11801328.67,4654183.49,2181.65
-11801330.25,4654182.8,2181.73
-11801331.86,4654182.09,2181.76
-11801333.46,4654181.38,2181.78
-11801335.07,4654180.67,2181.81
-11801336.76,4654179.92,2182.26
-11801338.24,4654179.26,2181.88
-11801339.82,4654178.5600000005,2181.78
-11801341.39,4654177.86,2181.78
-11801342.98,4654177.15,2181.77
-11801344.58,4654176.44,2181.77
-11801344.25,4654178.96,2183.27
-11801343.950000001,4654179.11,2181.88
-11801342.36,4654179.8,2182.04
-11801340.73,4654180.53,2181.9
-11801339.15,4654181.24,2181.9
-11801337.53,4654181.96,2181.88
-11801335.93,4654182.67,2181.82
-11801334.33,4654183.38,2181.77
-11801332.700000001,4654184.100000001,2181.73
-11801331.09,4654184.83,2181.67
-11801329.51,4654185.54,2181.65
-11801327.9,4654186.25,2181.63
-11801326.31,4654186.96,2181.63
-11801324.68,4654187.67,2181.57
-11801323.09,4654188.39,2181.58
-11801321.48,4654189.100000001,2181.55
-11801319.870000001,4654189.8100000005,2181.51
-11801318.25,4654190.55,2181.44
-11801316.64,4654191.26,2181.47
-11801315.040000001,4654191.97,2181.42
-11801313.44,4654192.69,2181.4
-11801311.82,4654193.4,2181.38
-11801310.23,4654194.11,2181.36
-11801308.63,4654194.83,2181.36
-11801306.99,4654195.5600000005,2181.34
-11801305.38,4654196.28,2181.3
-11801307.870000001,4654195.92,2181.32
-11801309.48,4654195.2,2181.33
-11801311.120000001,4654194.47,2181.35
-11801312.73,4654193.76,2181.36
-11801314.32,4654193.05,2181.38
-11801315.91,4654192.36,2181.4
-11801317.52,4654191.64,2181.44
-11801319.15,4654190.92,2181.47
-11801320.73,4654190.22,2181.49
-11801322.290000001,4654189.51,2181.51
-11801323.93,4654188.8,2181.55
-11801325.53,4654188.09,2181.57
-11801327.13,4654187.38,2181.57
-11801328.73,4654186.66,2181.6
-11801330.33,4654185.95,2181.65
-11801331.96,4654185.24,2181.67
-11801333.58,4654184.53,2181.71
-11801335.15,4654183.82,2181.72
-11801336.73,4654183.14,2181.77
-11801338.33,4654182.43,2181.83
-11801339.94,4654181.7,2181.86
-11801341.540000001,4654181.0,2181.85
-11801343.59,4654180.08,2184.0
-11801343.13,4654180.29,2181.86
-11801344.290000001,4654182.0,2181.85
-11801342.71,4654182.7,2181.94
-11801341.09,4654183.42,2181.82
-11801339.47,4654184.14,2181.79
-11801337.88,4654184.850000001,2181.76
-11801336.28,4654185.5600000005,2181.75
-11801334.65,4654186.2700000005,2181.71
-11801333.05,4654187.01,2181.69
-11801331.46,4654187.71,2181.63
-11801329.86,4654188.42,2181.63
-11801328.27,4654189.13,2181.61
-11801326.69,4654189.84,2181.58
-11801325.1,4654190.55,2181.59
-11801323.46,4654191.2700000005,2181.56
-11801321.83,4654192.01,2181.5
-11801320.24,4654192.69,2181.49
-11801318.63,4654193.43,2181.48
-11801316.98,4654194.16,2181.42
-11801315.38,4654194.87,2181.42
-11801313.790000001,4654195.58,2181.38
-11801312.22,4654196.28,2181.38
-11801314.14,4654196.22,2181.35
-11801315.73,4654195.51,2181.36
-11801317.32,4654194.8,2181.38
-11801318.9,4654194.09,2181.42
-11801320.53,4654193.38,2181.44
-11801322.15,4654192.67,2181.46
-11801323.75,4654191.96,2181.52
-11801325.370000001,4654191.24,2181.54
-11801326.950000001,4654190.53,2181.56
-11801328.53,4654189.84,2181.58
-11801330.14,4654189.13,2181.58
-11801331.74,4654188.42,2181.6
-11801333.370000001,4654187.69,2181.67
-11801334.96,4654187.0,2181.65
-11801336.52,4654186.3100000005,2181.71
-11801338.120000001,4654185.600000001,2181.72
-11801339.72,4654184.88,2181.73
-11801341.32,4654184.17,2181.76
-11801342.91,4654183.46,2181.81
-11801344.51,4654182.75,2181.85
-11801344.6,4654184.91,2181.78
-11801343.0,4654185.62,2181.75
-11801341.39,4654186.34,2181.75
-11801339.78,4654187.05,2181.76
-11801338.200000001,4654187.76,2181.72
-11801336.59,4654188.47,2181.69
-11801335.02,4654189.16,2181.67
-11801333.42,4654189.88,2181.65
-11801331.8,4654190.59,2181.61
-11801330.200000001,4654191.3,2181.58
-11801328.6,4654192.04,2181.57
-11801326.97,4654192.76,2181.6
-11801325.4,4654193.46,2181.54
-11801323.82,4654194.17,2181.5
-11801322.200000001,4654194.86,2181.48
-11801320.57,4654195.600000001,2181.44
-11801318.950000001,4654196.32,2181.44
-11801320.69,4654196.21,2181.42
-11801322.33,4654195.5,2181.44
-11801323.93,4654194.79,2181.48
-11801325.53,4654194.07,2181.5
-11801327.08,4654193.4,2181.53
-11801328.67,4654192.69,2181.56
-11801330.27,4654191.98,2181.58
-11801331.870000001,4654191.2700000005,2181.6
-11801333.5,4654190.5600000005,2181.61
-11801335.13,4654189.83,2181.65
-11801336.72,4654189.12,2181.65
-11801338.32,4654188.41,2181.69
-11801339.91,4654187.72,2181.74
-11801341.49,4654187.01,2181.73
-11801343.1,4654186.3,2181.74
-11801344.66,4654185.600000001,2181.75
-11801344.94,4654187.61,2181.76
-11801343.35,4654188.32,2181.74
-11801341.72,4654189.03,2181.73
-11801340.120000001,4654189.7700000005,2181.71
-11801338.52,4654190.48,2181.67
-11801336.92,4654191.17,2181.67
-11801335.32,4654191.91,2181.67
-11801333.72,4654192.62,2181.63
-11801332.1,4654193.33,2181.59
-11801330.51,4654194.04,2181.58
-11801328.91,4654194.75,2181.54
-11801327.34,4654195.45,2181.58
-11801325.72,4654196.16,2181.5
-11801327.1,4654196.28,2181.5
-11801328.700000001,4654195.5600000005,2181.54
-11801330.290000001,4654194.86,2181.56
-11801331.89,4654194.15,2181.58
-11801333.48,4654193.46,2181.59
-11801335.08,4654192.75,2181.63
-11801336.68,4654192.0200000005,2181.61
-11801338.3,4654191.3100000005,2181.63
-11801339.89,4654190.600000001,2181.63
-11801341.49,4654189.89,2181.69
-11801343.09,4654189.18,2181.71
-11801344.67,4654188.5,2181.72
-11801344.01,4654190.8,2181.71
-11801342.41,4654191.51,2181.69
-11801340.81,4654192.22,2181.67
-11801339.26,4654192.9,2181.65
-11801337.66,4654193.61,2181.63
-11801336.03,4654194.350000001,2181.61
-11801334.41,4654195.07,2181.61
-11801332.81,4654195.8,2181.6
-11801333.98,4654195.9,2181.6
-11801335.57,4654195.19,2181.61
-11801337.17,4654194.48,2181.61
-11801338.77,4654193.7700000005,2181.63
-11801340.36,4654193.08,2181.65
-11801341.94,4654192.39,2181.67
-11801343.53,4654191.68,2181.69
-11801345.14,4654190.97,2181.71
-11801344.57,4654193.42,2181.73
-11801342.99,4654194.13,2181.69
-11801341.4,4654194.83,2181.67
-11801339.8,4654195.55,2181.65
-11801340.44,4654195.98,2181.65
-11801342.05,4654195.2700000005,2181.67
-11801343.65,4654194.5600000005,2181.67
-11801345.24,4654193.850000001,2181.67
-11801345.13,4654195.87,2181.73
