-11799724.31,4654555.92,2178.59
-11799724.73,4654556.12,2177.36
-11799730.790000001,4654556.22,2171.86
-11799732.89,4654555.82,2171.81
-11799735.16,4654555.5,2169.77
-11799732.120000001,4654555.41,2172.65
-11799732.620000001,4654555.65,2171.23
-11799733.83,4654556.21,2167.78
-11799730.84,4654556.15,2170.53
-11799731.290000001,4654556.350000001,2169.26
-11799726.08,4654555.21,2178.57
-11799724.56,4654555.8100000005,2177.17
-11799724.97,4654556.03,2175.97
-11799712.16,4654556.36,2176.13
-11799719.22,4654555.57,2173.63
-11799719.81,4654554.5,2177.84
-11799723.200000001,4654553.4,2179.8
-11799724.25,4654553.89,2176.77
-11799724.700000001,4654554.12,2175.46
-11799725.89,4654553.28,2178.08
-11799726.55,4654553.600000001,2176.19
-11799729.77,4654555.100000001,2166.92
-11799731.35,4654555.83,2162.38
-11799727.76,4654552.8,2178.63
-11799728.39,4654553.09,2176.83
-11799729.17,4654552.11,2180.49
-11799733.14,4654553.94,2169.19
-11799735.450000001,4654555.0,2162.57
-11799734.92,4654553.13,2169.42
-11799729.14,4654551.75,2180.23
-11799733.01,4654553.53,2169.19
-11799735.370000001,4654554.63,2162.44
-11799727.75,4654552.4,2178.6
-11799728.3,4654552.65,2177.02
-11799731.38,4654554.08,2168.19
-11799733.38,4654555.01,2162.46
-11799725.53,4654552.67,2179.24
-11799725.99,4654552.89,2177.9
-11799729.94,4654554.73,2166.58
-11799731.38,4654555.39,2162.42
-11799723.32,4654552.97,2179.82
-11799729.24,4654555.71,2162.79
-11799722.22,4654553.75,2177.21
-11799727.34,4654556.15,2162.4
-11799719.870000001,4654553.99,2178.15
-11799720.96,4654554.5200000005,2174.97
-11799718.05,4654554.46,2177.65
-11799717.96,4654555.72,2172.17
-11799711.99,4654555.53,2177.99
-11799710.51,4654556.17,2176.42
-11799710.15,4654554.12,2177.51
-11799711.34,4654553.3100000005,2180.07
-11799717.16,4654554.7,2169.11
-11799719.42,4654555.78,2162.51
-11799718.4,4654553.9,2171.55
-11799721.57,4654555.41,2162.34
-11799718.72,4654552.71,2176.52
-11799720.35,4654553.47,2171.8
-11799723.6,4654555.01,2162.36
-11799720.31,4654552.11,2177.81
-11799725.66,4654554.62,2162.35
-11799723.17,4654552.08,2175.54
-11799727.71,4654554.21,2162.44
-11799724.28,4654551.24,2178.3
-11799724.8,4654551.47,2176.82
-11799725.120000001,4654551.62,2175.9
-11799729.790000001,4654553.8100000005,2162.48
-11799725.99,4654550.67,2179.32
-11799727.81,4654550.16,2180.07
-11799728.48,4654550.47,2178.13
-11799729.82,4654549.7700000005,2180.13
-11799736.01,4654552.61,2162.54
-11799733.200000001,4654549.99,2176.32
-11799733.450000001,4654549.55,2176.31
-11799730.9,4654549.65,2177.92
-11799736.3,4654552.14,2162.55
-11799728.14,4654549.68,2180.1
-11799728.77,4654549.97,2178.3
-11799729.38,4654550.26,2176.57
-11799734.32,4654552.54,2162.46
-11799727.02,4654550.46,2177.61
-11799728.41,4654551.100000001,2173.65
-11799729.09,4654551.43,2171.69
-11799732.370000001,4654552.94,2162.31
-11799724.35,4654550.5,2179.67
-11799725.66,4654551.09,2175.9
-11799730.35,4654553.29,2162.48
-11799722.61,4654550.97,2179.0
-11799723.21,4654551.2700000005,2177.24
-11799723.73,4654551.51,2175.76
-11799728.36,4654553.68,2162.44
-11799721.67,4654551.88,2175.85
-11799726.33,4654554.07,2162.38
-11799719.11,4654552.0,2177.49
-11799724.290000001,4654554.44,2162.46
-11799719.07,4654553.3100000005,2171.73
-11799719.73,4654553.62,2169.84
-11799722.28,4654554.82,2162.42
-11799717.31,4654553.8,2171.01
-11799717.98,4654554.11,2169.06
-11799712.39,4654552.79,2179.58
-11799718.25,4654555.600000001,2162.42
-11799710.23,4654553.08,2180.07
-11799711.63,4654553.76,2175.92
-11799709.09,4654553.89,2177.5
-11799709.77,4654554.23,2175.48
-11799710.39,4654554.5200000005,2173.65
-11799707.450000001,4654554.47,2176.33
-11799695.97,4654556.12,2167.63
-11799697.66,4654555.54,2168.77
-11799699.86,4654555.2,2168.42
-11799703.98,4654555.82,2162.26
-11799706.02,4654555.42,2162.31
-11799708.120000001,4654555.0,2162.35
-11799710.22,4654554.600000001,2162.38
-11799706.3,4654551.33,2179.94
-11799706.96,4654551.66,2178.0
-11799707.790000001,4654552.0600000005,2175.54
-11799712.21,4654554.18,2162.51
-11799709.0,4654551.2700000005,2177.9
-11799711.23,4654550.98,2177.36
-11799712.32,4654551.51,2174.17
-11799712.23,4654550.07,2180.51
-11799718.21,4654552.92,2163.07
-11799717.35,4654551.12,2171.65
-11799718.35,4654551.600000001,2168.75
-11799718.71,4654551.76,2167.72
-11799720.47,4654552.600000001,2162.57
-11799722.61,4654552.23,2162.42
-11799724.66,4654551.84,2162.42
-11799721.53,4654549.0,2177.47
-11799723.22,4654549.79,2172.6
-11799723.08,4654548.36,2178.92
-11799728.8,4654551.01,2162.48
-11799725.73,4654548.23,2177.25
-11799726.44,4654548.5600000005,2175.25
-11799727.38,4654549.0,2172.55
-11799727.18,4654547.55,2178.99
-11799727.9,4654547.89,2176.94
-11799729.07,4654547.09,2179.47
-11799730.74,4654547.86,2174.71
-11799732.25,4654547.21,2176.27
-11799732.6,4654546.7,2176.65
-11799729.700000001,4654546.64,2179.33
-11799731.59,4654547.5,2173.97
-11799727.620000001,4654546.98,2179.58
-11799726.200000001,4654547.61,2177.97
-11799727.69,4654548.3100000005,2173.69
-11799728.790000001,4654548.8100000005,2170.52
-11799723.6,4654547.7,2179.75
-11799725.38,4654548.53,2174.63
-11799726.3,4654548.96,2171.99
-11799729.63,4654550.51,2162.42
-11799721.67,4654548.100000001,2179.6
-11799727.63,4654550.89,2162.42
-11799720.8,4654549.03,2176.3
-11799722.49,4654549.82,2171.4
-11799725.59,4654551.26,2162.46
-11799719.15,4654549.59,2175.21
-11799723.55,4654551.65,2162.46
-11799718.77,4654550.73,2170.5
-11799719.28,4654550.97,2169.05
-11799721.59,4654552.05,2162.35
-11799718.16,4654551.75,2166.54
-11799711.46,4654549.86,2180.31
-11799713.18,4654550.7,2175.25
-11799717.47,4654552.73,2162.73
-11799710.870000001,4654550.93,2176.11
-11799708.08,4654550.96,2178.4
-11799707.18,4654551.86,2175.19
-11799711.5,4654553.95,2162.4
-11799709.53,4654554.350000001,2162.35
-11799707.52,4654554.74,2162.31
-11799705.51,4654555.11,2162.28
-11799703.53,4654555.5,2162.19
-11799699.46,4654554.91,2168.28
-11799697.27,4654555.19,2168.84
-11799695.620000001,4654555.76,2167.74
-11799693.61,4654556.15,2167.63
-11799683.5,4654555.5200000005,2168.9
-11799685.33,4654555.01,2169.61
-11799687.370000001,4654554.61,2169.63
-11799689.88,4654554.46,2168.22
-11799692.0,4654554.100000001,2167.94
-11799693.72,4654553.53,2169.06
-11799695.71,4654553.07,2169.33
-11799698.3,4654552.97,2167.65
-11799700.76,4654552.79,2166.4
-11799704.27,4654553.08,2162.17
-11799706.32,4654552.68,2162.27
-11799708.370000001,4654552.2700000005,2162.32
-11799710.450000001,4654551.850000001,2162.38
-11799706.9,4654548.73,2178.98
-11799709.85,4654550.15,2170.29
-11799708.89,4654548.29,2179.21
-11799714.6,4654551.05,2162.42
-11799716.450000001,4654550.55,2163.07
-11799718.77,4654550.26,2162.38
-11799720.72,4654549.8100000005,2162.65
-11799722.870000001,4654549.47,2162.38
-11799722.13,4654547.73,2170.61
-11799722.61,4654547.97,2169.19
-11799723.07,4654546.84,2173.76
-11799723.61,4654547.09,2172.21
-11799724.42,4654547.46,2169.88
-11799727.03,4654548.68,2162.4
-11799724.870000001,4654546.32,2174.56
-11799729.08,4654548.2700000005,2162.48
-11799727.18,4654546.0200000005,2173.9
-11799727.74,4654546.26,2172.32
-11799728.46,4654546.61,2170.24
-11799731.16,4654547.87,2162.53
-11799729.200000001,4654545.600000001,2174.0
-11799733.21,4654547.46,2162.58
-11799735.290000001,4654547.08,2162.54
-11799733.71,4654545.0,2172.88
-11799735.31,4654544.29,2172.65
-11799732.78,4654544.42,2174.19
-11799733.36,4654544.69,2172.56
-11799736.9,4654546.3,2162.5
-11799730.74,4654544.74,2174.44
-11799734.94,4654546.67,2162.51
-11799729.07,4654545.22,2173.73
-11799729.64,4654545.5,2172.09
-11799733.03,4654547.05,2162.44
-11799727.620000001,4654545.84,2172.24
-11799728.02,4654546.03,2171.11
-11799728.42,4654546.2,2169.96
-11799731.040000001,4654547.41,2162.48
-11799724.200000001,4654545.53,2176.44
-11799724.8,4654545.8100000005,2174.69
-11799726.07,4654546.4,2171.08
-11799729.09,4654547.8,2162.44
-11799722.36,4654545.95,2176.13
-11799723.72,4654546.57,2172.22
-11799727.18,4654548.19,2162.31
-11799720.49,4654546.34,2175.96
-11799720.870000001,4654546.53,2174.84
-11799722.31,4654547.18,2170.69
-11799722.75,4654547.41,2169.42
-11799718.24,4654546.58,2176.76
-11799721.4,4654548.0600000005,2167.63
-11799721.120000001,4654549.24,2162.69
-11799719.24,4654549.66,2162.42
-11799716.94,4654549.850000001,2163.46
-11799717.290000001,4654550.03,2162.42
-11799715.3,4654550.4,2162.46
-11799707.71,4654548.08,2178.86
-11799713.32,4654550.8,2162.36
-11799708.73,4654549.89,2170.15
-11799711.36,4654551.15,2162.4
-11799709.43,4654551.54,2162.32
-11799707.49,4654551.93,2162.27
-11799705.540000001,4654552.3,2162.24
-11799702.370000001,4654552.09,2165.8
-11799700.18,4654552.37,2166.38
-11799697.8,4654552.55,2167.57
-11799695.01,4654552.54,2169.94
-11799693.3,4654553.04,2169.17
-11799691.65,4654553.61,2168.08
-11799689.52,4654553.87,2168.65
-11799687.16,4654554.03,2169.96
-11799685.370000001,4654554.47,2169.42
-11799683.57,4654554.95,2168.85
-11799681.96,4654555.53,2167.67
-11799663.700000001,4654555.83,2181.51
-11799664.15,4654556.07,2180.1
-11799664.69,4654556.350000001,2178.42
-11799657.18,4654554.76,2181.6
-11799657.53,4654554.94,2180.5
-11799658.700000001,4654555.57,2176.78
-11799659.16,4654554.33,2181.78
-11799660.53,4654555.09,2177.38
-11799661.82,4654554.33,2179.67
-11799662.84,4654554.87,2176.42
-11799664.42,4654555.71,2171.38
-11799663.17,4654553.57,2181.81
-11799663.84,4654553.91,2179.73
-11799664.28,4654554.16,2178.35
-11799667.27,4654554.2700000005,2175.36
-11799668.13,4654553.2700000005,2179.0
-11799673.56,4654556.14,2161.92
-11799669.91,4654552.74,2179.85
-11799675.64,4654555.73,2161.96
-11799677.73,4654555.3100000005,2161.99
-11799679.77,4654554.94,2161.99
-11799680.07,4654553.64,2167.4
-11799681.790000001,4654554.51,2162.11
-11799681.66,4654553.0,2168.86
-11799684.02,4654552.75,2167.96
-11799685.64,4654552.15,2169.28
-11799687.52,4654551.68,2169.75
-11799689.52,4654551.2700000005,2169.88
-11799690.76,4654550.46,2172.38
-11799691.3,4654550.72,2170.74
-11799693.06,4654550.19,2171.63
-11799695.28,4654549.87,2171.11
-11799697.84,4654549.74,2169.53
-11799701.24,4654550.01,2165.55
-11799704.49,4654550.18,2162.15
-11799706.53,4654549.75,2162.26
-11799708.58,4654549.36,2162.28
-11799710.65,4654548.96,2162.32
-11799712.39,4654548.4,2163.31
-11799714.74,4654548.16,2162.42
-11799716.84,4654547.7700000005,2162.36
-11799718.88,4654547.350000001,2162.55
-11799718.35,4654545.72,2170.07
-11799721.02,4654546.98,2162.34
-11799718.39,4654544.38,2175.94
-11799719.81,4654545.04,2171.82
-11799720.16,4654545.2,2170.81
-11799723.1,4654546.58,2162.3
-11799721.03,4654544.24,2174.3
-11799721.63,4654544.53,2172.56
-11799725.15,4654546.17,2162.4
-11799723.43,4654544.01,2173.26
-11799725.1,4654544.8,2168.47
-11799727.19,4654545.78,2162.44
-11799725.25,4654543.5200000005,2173.96
-11799729.27,4654545.39,2162.42
-11799731.32,4654544.97,2162.54
-11799729.56,4654542.79,2173.52
-11799730.57,4654543.24,2170.65
-11799733.42,4654544.57,2162.52
-11799730.790000001,4654542.01,2175.94
-11799735.540000001,4654544.18,2162.48
-11799734.32,4654542.28,2171.79
-11799735.24,4654541.61,2172.17
-11799733.11,4654541.91,2172.61
-11799736.69,4654543.55,2162.47
-11799729.94,4654541.75,2175.94
-11799728.93,4654542.61,2173.07
-11799729.96,4654543.07,2170.15
-11799732.63,4654544.28,2162.53
-11799730.64,4654544.68,2162.49
-11799724.68,4654543.24,2173.8
-11799725.38,4654543.5600000005,2171.82
-11799728.64,4654545.07,2162.48
-11799722.49,4654543.51,2174.42
-11799722.99,4654543.75,2172.99
-11799726.67,4654545.45,2162.4
-11799720.51,4654543.89,2174.36
-11799721.27,4654544.25,2172.19
-11799719.540000001,4654544.75,2171.44
-11799719.93,4654544.94,2170.31
-11799722.68,4654546.21,2162.33
-11799717.92,4654545.3,2170.29
-11799720.65,4654546.600000001,2162.38
-11799718.59,4654546.95,2162.53
-11799716.64,4654547.34,2162.42
-11799714.66,4654547.74,2162.38
-11799712.32,4654547.96,2163.34
-11799710.6,4654548.5,2162.42
-11799708.63,4654548.88,2162.31
-11799706.64,4654549.2700000005,2162.26
-11799704.63,4654549.67,2162.23
-11799701.55,4654549.5200000005,2165.46
-11799702.66,4654550.0600000005,2162.13
-11799698.16,4654549.2,2169.63
-11799695.64,4654549.33,2171.17
-11799693.450000001,4654549.62,2171.72
-11799691.22,4654549.9,2172.36
-11799691.74,4654550.16,2170.8
-11799690.03,4654550.69,2169.88
-11799688.05,4654551.11,2169.69
-11799686.15,4654551.55,2169.36
-11799684.61,4654552.16,2167.94
-11799682.42,4654552.45,2168.51
-11799680.75,4654553.01,2167.44
-11799681.33,4654553.29,2165.69
-11799680.44,4654554.28,2162.11
-11799678.44,4654554.69,2162.0
-11799671.370000001,4654552.45,2177.63
-11799676.4,4654555.08,2161.94
-11799668.69,4654552.51,2179.61
-11799674.32,4654555.45,2161.97
-11799666.72,4654552.92,2179.51
-11799667.39,4654553.2700000005,2177.4
-11799672.3,4654555.84,2161.94
-11799664.38,4654553.09,2180.59
-11799663.58,4654554.13,2176.79
-11799659.88,4654553.58,2182.24
-11799658.07,4654554.0600000005,2181.67
-11799658.65,4654554.36,2179.83
-11799656.76,4654554.8100000005,2179.44
-11799657.86,4654555.41,2175.92
-11799657.46,4654555.76,2163.36
-11799660.02,4654555.64,2161.73
-11799657.120000001,4654552.57,2177.61
-11799662.02,4654555.2,2161.98
-11799663.07,4654554.26,2165.25
-11799664.08,4654554.8,2162.02
-11799660.620000001,4654551.48,2179.48
-11799661.03,4654551.7,2178.21
-11799662.82,4654551.18,2178.94
-11799663.38,4654551.48,2177.17
-11799668.19,4654554.0200000005,2162.0
-11799663.870000001,4654550.28,2182.03
-11799664.35,4654550.53,2180.51
-11799664.64,4654550.68,2179.63
-11799666.700000001,4654550.3,2179.55
-11799672.31,4654553.25,2161.94
-11799669.040000001,4654550.0600000005,2178.61
-11799669.370000001,4654550.23,2177.6
-11799674.370000001,4654552.83,2161.96
-11799671.31,4654549.8,2177.9
-11799676.42,4654552.44,2161.99
-11799673.09,4654549.29,2178.63
-11799674.35,4654549.95,2174.69
-11799674.96,4654550.26,2172.79
-11799678.46,4654552.07,2161.94
-11799675.98,4654549.33,2176.08
-11799680.47,4654551.64,2162.17
-11799681.33,4654550.61,2165.86
-11799683.19,4654550.15,2166.42
-11799685.0,4654549.65,2167.1
-11799686.52,4654549.01,2168.67
-11799688.24,4654548.41,2169.82
-11799689.93,4654547.8,2171.01
-11799691.92,4654547.37,2171.28
-11799694.16,4654547.08,2170.72
-11799695.950000001,4654546.54,2171.58
-11799701.13,4654547.68,2162.22
-11799703.21,4654547.3,2162.19
-11799705.26,4654546.88,2162.28
-11799707.290000001,4654546.48,2162.32
-11799709.34,4654546.09,2162.36
-11799711.39,4654545.67,2162.5
-11799713.47,4654545.3,2162.35
-11799715.48,4654544.89,2162.48
-11799717.66,4654544.5,2162.32
-11799715.13,4654541.94,2175.72
-11799716.28,4654542.48,2172.36
-11799719.74,4654544.100000001,2162.35
-11799717.040000001,4654541.47,2176.17
-11799719.3,4654541.17,2175.56
-11799720.67,4654541.82,2171.6
-11799723.84,4654543.3,2162.44
-11799721.450000001,4654540.83,2175.29
-11799725.92,4654542.9,2162.47
-11799727.98,4654542.49,2162.55
-11799730.07,4654542.11,2162.51
-11799732.13,4654541.71,2162.51
-11799732.15,4654540.39,2168.29
-11799732.5,4654540.54,2167.3
-11799733.14,4654540.84,2165.47
-11799734.18,4654541.32,2162.52
-11799733.76,4654539.7700000005,2169.61
-11799735.790000001,4654539.34,2169.8
-11799736.71,4654539.75,2167.21
-11799735.94,4654538.91,2169.73
-11799736.76,4654539.28,2167.42
-11799734.14,4654539.36,2169.28
-11799732.55,4654539.91,2168.15
-11799733.26,4654540.23,2166.15
-11799732.6,4654541.19,2162.44
-11799730.69,4654541.55,2162.49
-11799725.200000001,4654540.25,2172.72
-11799728.77,4654541.9,2162.5
-11799726.82,4654542.2700000005,2162.44
-11799719.67,4654540.26,2177.3
-11799724.83,4654542.66,2162.44
-11799722.86,4654543.0600000005,2162.3
-11799716.31,4654541.3,2175.54
-11799717.53,4654541.87,2172.01
-11799715.01,4654541.96,2173.67
-11799718.94,4654543.82,2162.28
-11799716.98,4654544.19,2162.29
-11799714.99,4654544.55,2162.35
-11799713.03,4654544.92,2162.35
-11799711.01,4654545.28,2162.46
-11799709.05,4654545.67,2162.38
-11799707.040000001,4654546.01,2162.44
-11799705.11,4654546.44,2162.24
-11799703.14,4654546.82,2162.19
-11799701.18,4654547.19,2162.17
-11799696.08,4654546.04,2171.49
-11799694.4,4654546.55,2170.65
-11799692.42,4654546.92,2170.67
-11799690.17,4654547.15,2171.58
-11799688.56,4654547.7,2170.47
-11799686.97,4654548.26,2169.33
-11799685.69,4654548.96,2167.26
-11799683.96,4654549.47,2166.51
-11799682.13,4654549.94,2165.97
-11799676.75,4654548.59,2176.4
-11799681.08,4654550.8100000005,2163.02
-11799681.370000001,4654550.96,2162.11
-11799674.19,4654548.62,2178.3
-11799674.86,4654548.98,2176.21
-11799675.950000001,4654549.54,2172.85
-11799679.450000001,4654551.33,2162.01
-11799672.05,4654548.92,2178.82
-11799670.0,4654549.26,2179.0
-11799675.43,4654552.09,2162.05
-11799668.24,4654549.73,2178.38
-11799673.47,4654552.47,2162.03
-11799666.02,4654549.97,2179.21
-11799666.72,4654550.34,2177.0
-11799671.52,4654552.86,2161.94
-11799663.16,4654549.89,2181.94
-11799669.49,4654553.23,2161.98
-11799663.03,4654551.22,2176.17
-11799667.49,4654553.600000001,2162.07
-11799660.0,4654551.01,2179.55
-11799660.6,4654551.350000001,2177.65
-11799665.53,4654553.98,2162.01
-11799658.59,4654551.7,2177.79
-11799662.290000001,4654553.68,2165.99
-11799662.65,4654553.87,2164.85
-11799656.61,4654552.0600000005,2177.78
-11799661.56,4654554.73,2161.92
-11799659.69,4654555.19,2161.52
-11799655.68,4654555.9,2161.75
-11799653.68,4654556.29,2161.73
-11799629.0,4654556.16,2172.5
-11799631.040000001,4654555.75,2172.56
-11799631.39,4654555.96,2171.38
-11799632.91,4654555.28,2173.11
-11799635.290000001,4654555.09,2171.92
-11799635.63,4654555.28,2170.76
-11799637.18,4654554.62,2172.44
-11799639.27,4654554.25,2172.28
-11799642.52,4654556.0600000005,2161.55
-11799644.540000001,4654555.67,2161.63
-11799646.55,4654555.28,2161.67
-11799648.6,4654554.87,2161.74
-11799650.63,4654554.48,2161.77
-11799652.64,4654554.08,2161.79
-11799654.71,4654553.69,2161.83
-11799656.790000001,4654553.29,2161.78
-11799658.85,4654552.91,2161.81
-11799657.59,4654550.72,2172.42
-11799660.92,4654552.5200000005,2161.8
-11799659.81,4654550.45,2171.8
-11799662.93,4654552.12,2161.85
-11799659.23,4654548.66,2180.11
-11799664.94,4654551.7,2161.99
-11799663.24,4654549.32,2173.88
-11799666.99,4654551.3100000005,2162.02
-11799664.72,4654548.600000001,2175.75
-11799665.17,4654548.850000001,2174.32
-11799669.07,4654550.9,2162.05
-11799666.5,4654548.100000001,2176.53
-11799671.120000001,4654550.5200000005,2162.01
-11799667.96,4654547.4,2178.29
-11799673.18,4654550.11,2162.01
-11799670.03,4654547.0200000005,2178.31
-11799671.94,4654548.0,2172.36
-11799675.27,4654549.72,2162.01
-11799671.77,4654546.5,2179.1
-11799673.53,4654545.98,2179.96
-11799675.68,4654547.09,2173.26
-11799679.290000001,4654548.93,2162.08
-11799675.32,4654545.45,2180.72
-11799676.31,4654545.96,2177.69
-11799681.15,4654548.45,2162.74
-11799683.25,4654548.05,2162.69
-11799684.3,4654547.11,2165.94
-11799685.19,4654546.12,2169.55
-11799686.8,4654545.5200000005,2170.86
-11799688.620000001,4654545.03,2171.46
-11799691.16,4654544.87,2170.09
-11799693.51,4654544.61,2169.19
-11799697.91,4654545.39,2162.13
-11799699.950000001,4654544.99,2162.21
-11799700.32,4654543.75,2167.3
-11799702.03,4654544.59,2162.22
-11799700.32,4654542.34,2173.46
-11799701.75,4654541.66,2175.3
-11799706.18,4654543.8,2162.17
-11799708.16,4654543.37,2162.44
-11799710.290000001,4654542.98,2162.34
-11799712.36,4654542.58,2162.3
-11799714.44,4654542.21,2162.27
-11799712.4,4654539.89,2174.19
-11799716.48,4654541.82,2162.26
-11799714.94,4654539.75,2172.65
-11799715.68,4654540.100000001,2170.52
-11799718.5,4654541.43,2162.35
-11799715.53,4654538.65,2176.94
-11799720.6,4654541.03,2162.29
-11799718.03,4654538.43,2175.88
-11799722.68,4654540.600000001,2162.48
-11799720.120000001,4654538.01,2175.9
-11799721.040000001,4654538.46,2173.23
-11799724.790000001,4654540.19,2162.48
-11799722.83,4654537.93,2174.08
-11799726.870000001,4654539.8,2162.5
-11799728.92,4654539.4,2162.48
-11799729.86,4654538.49,2165.67
-11799730.98,4654539.0200000005,2162.44
-11799731.120000001,4654537.74,2167.96
-11799733.13,4654538.65,2162.28
-11799732.73,4654537.13,2169.32
-11799734.39,4654536.55,2170.44
-11799736.290000001,4654536.08,2170.92
-11799736.83,4654536.33,2169.4
-11799736.11,4654535.67,2170.9
-11799736.89,4654536.0200000005,2168.73
-11799734.22,4654536.09,2170.61
-11799732.700000001,4654536.67,2169.35
-11799733.17,4654536.88,2168.01
-11799731.11,4654537.22,2168.19
-11799729.55,4654537.8,2166.96
-11799729.9,4654537.95,2165.98
-11799731.15,4654538.53,2162.42
-11799729.17,4654538.91,2162.4
-11799727.16,4654539.2700000005,2162.49
-11799721.43,4654537.89,2173.27
-11799725.19,4654539.65,2162.48
-11799719.05,4654538.100000001,2174.38
-11799723.19,4654540.03,2162.44
-11799716.3,4654538.13,2176.52
-11799721.18,4654540.41,2162.42
-11799714.58,4654538.63,2175.72
-11799719.19,4654540.8,2162.35
-11799712.97,4654539.19,2174.63
-11799717.22,4654541.2,2162.3
-11799711.34,4654539.71,2173.63
-11799715.24,4654541.58,2162.26
-11799713.23,4654541.93,2162.29
-11799709.36,4654541.42,2167.79
-11799711.23,4654542.3100000005,2162.31
-11799709.17,4654542.69,2162.36
-11799703.58,4654541.34,2172.86
-11799707.13,4654543.08,2162.38
-11799701.15,4654541.5200000005,2174.13
-11799705.17,4654543.47,2162.22
-11799699.47,4654542.03,2173.27
-11799701.42,4654543.0,2167.46
-11799703.18,4654543.850000001,2162.25
-11799699.540000001,4654543.41,2167.13
-11799701.18,4654544.23,2162.25
-11799699.17,4654544.62,2162.17
-11799694.83,4654543.850000001,2169.15
-11799697.17,4654544.99,2162.13
-11799692.84,4654544.24,2169.07
-11799694.82,4654545.24,2163.1
-11799695.15,4654545.39,2162.11
-11799690.44,4654544.45,2170.17
-11799687.97,4654544.600000001,2171.57
-11799686.19,4654545.100000001,2170.86
-11799684.75,4654545.7700000005,2169.07
-11799683.83,4654546.71,2165.69
-11799684.120000001,4654546.87,2164.79
-11799684.65,4654547.13,2163.17
-11799682.75,4654547.5600000005,2162.8
-11799674.93,4654544.97,2180.72
-11799673.200000001,4654545.51,2179.82
-11799675.370000001,4654546.63,2173.11
-11799678.98,4654548.49,2161.94
-11799671.51,4654546.07,2178.82
-11799672.25,4654546.44,2176.48
-11799669.8,4654546.57,2177.92
-11799671.540000001,4654547.49,2172.54
-11799671.94,4654547.68,2171.27
-11799674.9,4654549.24,2162.06
-11799667.74,4654546.9,2178.22
-11799672.91,4654549.62,2162.02
-11799666.56,4654547.72,2175.61
-11799670.89,4654549.98,2162.05
-11799663.13,4654547.39,2179.94
-11799663.66,4654547.65,2178.28
-11799664.98,4654548.37,2174.11
-11799668.82,4654550.38,2162.02
-11799663.21,4654548.86,2173.36
-11799666.81,4654550.7700000005,2161.99
-11799659.05,4654548.100000001,2180.15
-11799664.8,4654551.17,2161.94
-11799659.450000001,4654549.74,2172.58
-11799659.790000001,4654549.94,2171.52
-11799662.86,4654551.57,2161.74
-11799657.51,4654550.16,2172.42
-11799660.81,4654551.94,2161.84
-11799658.790000001,4654552.34,2161.8
-11799656.77,4654552.7,2161.79
-11799654.75,4654553.100000001,2161.78
-11799652.71,4654553.49,2161.75
-11799650.66,4654553.89,2161.73
-11799648.620000001,4654554.2700000005,2161.72
-11799646.63,4654554.66,2161.65
-11799644.66,4654555.03,2161.63
-11799639.43,4654553.62,2172.19
-11799642.67,4654555.45,2161.5
-11799637.28,4654553.93,2172.61
-11799640.61,4654555.82,2161.6
-11799634.9,4654554.12,2173.79
-11799635.25,4654554.3100000005,2172.65
-11799635.8,4654554.62,2170.79
-11799638.57,4654556.2,2161.61
-11799632.8,4654554.44,2174.1
-11799633.17,4654554.65,2172.85
-11799633.790000001,4654555.01,2170.78
-11799631.31,4654555.100000001,2172.42
-11799629.57,4654555.62,2171.6
-11799630.19,4654555.98,2169.5
-11799625.86,4654556.0200000005,2161.58
-11799627.61,4654555.47,2162.55
-11799627.33,4654553.76,2170.35
-11799629.9,4654555.24,2161.65
-11799628.61,4654552.93,2172.83
-11799629.05,4654553.19,2171.36
-11799629.96,4654553.71,2168.32
-11799632.01,4654554.9,2161.4
-11799630.85,4654552.67,2172.1
-11799631.98,4654553.32,2168.32
-11799633.96,4654554.45,2161.69
-11799632.06,4654551.84,2174.69
-11799632.83,4654552.3,2172.11
-11799635.200000001,4654552.100000001,2170.96
-11799635.59,4654552.33,2169.65
-11799637.01,4654551.57,2171.82
-11799640.09,4654553.3100000005,2161.59
-11799638.99,4654551.15,2171.99
-11799642.15,4654552.91,2161.58
-11799644.19,4654552.55,2161.51
-11799646.200000001,4654552.13,2161.61
-11799648.28,4654551.72,2161.74
-11799650.34,4654551.32,2161.75
-11799652.35,4654550.93,2161.79
-11799654.41,4654550.54,2161.8
-11799656.450000001,4654550.14,2161.85
-11799658.51,4654549.75,2161.86
-11799655.120000001,4654546.45,2179.17
-11799660.540000001,4654549.350000001,2161.85
-11799656.870000001,4654545.92,2180.04
-11799658.76,4654545.44,2180.59
-11799664.69,4654548.59,2161.78
-11799662.74,4654546.0600000005,2174.48
-11799666.68,4654548.15,2162.03
-11799663.89,4654545.2,2177.31
-11799668.73,4654547.75,2162.08
-11799664.96,4654544.28,2180.42
-11799670.8,4654547.34,2162.15
-11799668.08,4654544.44,2177.19
-11799668.790000001,4654544.8,2175.0
-11799672.9,4654546.94,2162.15
-11799669.35,4654543.67,2179.5
-11799670.13,4654544.08,2177.05
-11799672.35,4654543.79,2176.47
-11799673.88,4654544.58,2171.73
-11799676.99,4654546.17,2162.07
-11799672.81,4654542.59,2181.36
-11799674.05,4654543.22,2177.57
-11799674.71,4654543.5600000005,2175.48
-11799679.040000001,4654545.78,2162.1
-11799674.71,4654542.13,2181.79
-11799675.66,4654542.61,2178.88
-11799678.35,4654542.53,2176.88
-11799683.07,4654544.94,2162.4
-11799685.21,4654544.61,2162.1
-11799686.86,4654544.03,2163.27
-11799687.040000001,4654542.68,2169.05
-11799688.91,4654542.18,2169.69
-11799693.48,4654543.01,2162.19
-11799695.53,4654542.61,2162.19
-11799697.55,4654542.24,2162.17
-11799699.61,4654541.84,2162.25
-11799698.86,4654540.0600000005,2170.65
-11799699.4,4654540.33,2169.06
-11799701.59,4654541.39,2162.54
-11799701.24,4654539.82,2169.72
-11799702.9,4654539.24,2170.92
-11799703.67,4654539.61,2168.63
-11799704.84,4654538.79,2171.27
-11799706.69,4654538.2700000005,2172.0
-11799707.56,4654538.68,2169.42
-11799708.43,4654537.74,2172.86
-11799709.42,4654538.22,2169.98
-11799714.1,4654539.08,2162.28
-11799716.14,4654538.67,2162.34
-11799718.21,4654538.25,2162.4
-11799720.28,4654537.850000001,2162.46
-11799722.39,4654537.46,2162.47
-11799720.64,4654535.2700000005,2173.52
-11799724.49,4654537.05,2162.44
-11799726.55,4654536.66,2162.44
-11799728.63,4654536.26,2162.42
-11799729.72,4654535.43,2165.24
-11799730.67,4654535.87,2162.55
-11799731.17,4654534.73,2167.05
-11799731.69,4654534.98,2165.55
-11799732.73,4654535.46,2162.6
-11799732.55,4654534.05,2168.96
-11799735.72,4654534.16,2165.84
-11799736.9,4654534.67,2162.55
-11799736.41,4654533.72,2165.15
-11799733.200000001,4654533.5200000005,2168.69
-11799733.83,4654533.79,2166.9
-11799732.040000001,4654534.25,2166.33
-11799733.33,4654534.850000001,2162.67
-11799730.47,4654534.86,2165.04
-11799731.34,4654535.25,2162.58
-11799729.42,4654535.66,2162.33
-11799727.38,4654536.03,2162.4
-11799725.36,4654536.4,2162.42
-11799718.790000001,4654534.65,2175.63
-11799719.25,4654534.86,2174.31
-11799723.36,4654536.7700000005,2162.48
-11799721.370000001,4654537.16,2162.42
-11799719.35,4654537.54,2162.38
-11799717.35,4654537.94,2162.36
-11799715.4,4654538.32,2162.27
-11799713.4,4654538.71,2162.23
-11799707.93,4654537.4,2172.48
-11799708.28,4654537.57,2171.44
-11799706.09,4654537.88,2171.96
-11799704.120000001,4654538.2700000005,2171.86
-11799702.57,4654538.84,2170.57
-11799703.13,4654539.13,2168.9
-11799700.4,4654539.17,2171.0
-11799700.76,4654539.350000001,2169.9
-11799701.31,4654539.61,2168.27
-11799698.5,4654539.62,2170.6
-11799698.91,4654539.82,2169.38
-11799701.21,4654540.93,2162.56
-11799699.31,4654541.34,2162.24
-11799697.31,4654541.73,2162.15
-11799695.3,4654542.13,2162.15
-11799693.31,4654542.5200000005,2162.08
-11799688.92,4654541.72,2169.25
-11799691.33,4654542.93,2161.96
-11799687.02,4654542.17,2168.86
-11799688.74,4654543.03,2163.63
-11799686.83,4654543.49,2163.21
-11799685.22,4654544.0600000005,2162.06
-11799678.18,4654541.89,2177.4
-11799683.19,4654544.44,2162.03
-11799674.85,4654541.59,2181.54
-11799675.13,4654541.73,2180.65
-11799676.46,4654542.42,2176.54
-11799672.9,4654542.0,2181.36
-11799673.92,4654542.51,2178.21
-11799672.73,4654543.33,2175.61
-11799674.34,4654544.15,2170.65
-11799677.1,4654545.58,2162.07
-11799669.120000001,4654542.86,2180.65
-11799667.790000001,4654543.59,2178.56
-11799668.86,4654544.15,2175.24
-11799673.03,4654546.32,2162.17
-11799665.28,4654543.74,2180.03
-11799670.97,4654546.71,2162.17
-11799664.18,4654544.58,2177.17
-11799668.98,4654547.11,2162.06
-11799667.02,4654547.5,2161.98
-11799659.31,4654544.87,2179.96
-11799659.92,4654545.19,2178.06
-11799665.05,4654547.91,2161.8
-11799657.18,4654545.22,2180.17
-11799657.83,4654545.5600000005,2178.15
-11799658.200000001,4654545.76,2176.96
-11799662.98,4654548.3,2161.77
-11799655.25,4654545.64,2179.94
-11799656.63,4654546.38,2175.52
-11799660.92,4654548.68,2161.83
-11799658.89,4654549.0600000005,2161.82
-11799656.870000001,4654549.45,2161.81
-11799654.88,4654549.83,2161.82
-11799652.86,4654550.21,2161.8
-11799650.82,4654550.600000001,2161.78
-11799648.78,4654551.0,2161.69
-11799646.75,4654551.39,2161.65
-11799644.76,4654551.8100000005,2161.48
-11799642.71,4654552.16,2161.56
-11799637.56,4654550.8100000005,2171.85
-11799640.67,4654552.55,2161.6
-11799635.16,4654550.96,2173.08
-11799635.68,4654551.2700000005,2171.38
-11799638.63,4654552.94,2161.6
-11799632.84,4654551.18,2174.15
-11799634.18,4654551.94,2169.69
-11799635.27,4654552.55,2166.07
-11799636.58,4654553.3,2161.69
-11799631.09,4654551.7,2173.25
-11799629.83,4654552.55,2170.61
-11799630.52,4654552.94,2168.29
-11799632.55,4654554.11,2161.5
-11799627.200000001,4654552.5600000005,2172.73
-11799627.620000001,4654552.8,2171.29
-11799628.42,4654553.2700000005,2168.6
-11799628.46,4654554.850000001,2161.63
-11799626.14,4654555.09,2162.5
-11799626.42,4654555.25,2161.52
-11799625.14,4654552.29,2163.22
-11799625.620000001,4654552.5600000005,2161.61
-11799627.68,4654552.19,2161.56
-11799626.69,4654550.0600000005,2171.83
-11799627.0,4654550.23,2170.79
-11799627.450000001,4654550.48,2169.26
-11799628.26,4654549.42,2173.25
-11799628.75,4654549.71,2171.6
-11799629.65,4654550.22,2168.57
-11799631.16,4654549.5600000005,2170.24
-11799631.86,4654549.95,2167.92
-11799632.11,4654548.54,2173.9
-11799633.02,4654549.0600000005,2170.85
-11799635.1,4654548.67,2170.86
-11799635.6,4654548.96,2169.19
-11799637.86,4654550.23,2161.69
-11799636.28,4654547.78,2173.76
-11799638.950000001,4654547.72,2171.85
-11799642.040000001,4654549.44,2161.61
-11799644.06,4654549.05,2161.65
-11799646.1,4654548.69,2161.59
-11799648.14,4654548.3,2161.6
-11799650.18,4654547.88,2161.73
-11799652.23,4654547.48,2161.76
-11799654.25,4654547.0600000005,2161.83
-11799656.290000001,4654546.67,2161.86
-11799653.99,4654543.98,2175.69
-11799658.32,4654546.3,2161.86
-11799654.85,4654542.98,2179.42
-11799655.36,4654543.24,2177.79
-11799655.81,4654543.49,2176.35
-11799656.89,4654542.55,2179.61
-11799657.3,4654542.76,2178.32
-11799657.9,4654543.07,2176.4
-11799662.450000001,4654545.5,2161.94
-11799658.33,4654541.84,2181.48
-11799660.57,4654543.03,2174.38
-11799661.13,4654541.88,2178.98
-11799662.120000001,4654542.39,2175.85
-11799666.540000001,4654544.72,2161.94
-11799662.5,4654541.14,2181.08
-11799663.34,4654541.5600000005,2178.47
-11799664.66,4654542.2700000005,2174.32
-11799665.25,4654541.15,2178.8
-11799665.93,4654541.49,2176.65
-11799666.26,4654541.67,2175.63
-11799667.53,4654540.88,2178.05
-11799670.61,4654542.47,2168.42
-11799672.64,4654543.53,2162.09
-11799668.56,4654539.94,2181.28
-11799672.15,4654541.79,2170.1
-11799674.68,4654543.11,2162.23
-11799670.75,4654539.65,2180.77
-11799671.23,4654539.88,2179.3
-11799676.8,4654542.75,2162.04
-11799672.91,4654539.32,2180.4
-11799675.19,4654539.04,2179.73
-11799680.93,4654541.96,2162.08
-11799682.98,4654541.5600000005,2162.11
-11799685.02,4654541.17,2162.11
-11799687.06,4654540.78,2162.11
-11799689.14,4654540.4,2162.11
-11799691.17,4654539.98,2162.15
-11799693.27,4654539.58,2162.19
-11799695.34,4654539.19,2162.22
-11799697.43,4654538.8,2162.22
-11799699.48,4654538.39,2162.27
-11799701.06,4654537.78,2163.67
-11799701.5,4654537.99,2162.35
-11799701.47,4654536.600000001,2168.52
-11799703.58,4654537.600000001,2162.29
-11799702.76,4654535.83,2170.82
-11799704.01,4654535.03,2173.24
-11799706.75,4654535.0,2171.15
-11799707.93,4654535.5600000005,2167.67
-11799709.8,4654536.44,2162.23
-11799711.89,4654536.0200000005,2162.29
-11799713.96,4654535.63,2162.36
-11799716.05,4654535.21,2162.42
-11799718.13,4654534.8,2162.47
-11799720.22,4654534.42,2162.46
-11799718.370000001,4654532.19,2173.76
-11799719.18,4654532.57,2171.42
-11799722.31,4654534.0200000005,2162.42
-11799720.78,4654531.96,2172.78
-11799721.78,4654532.43,2169.92
-11799724.370000001,4654533.62,2162.47
-11799726.48,4654533.25,2162.36
-11799728.47,4654532.8100000005,2162.58
-11799730.51,4654532.43,2162.57
-11799732.6,4654532.04,2162.59
-11799734.67,4654531.61,2162.67
-11799736.17,4654531.0,2164.17
-11799736.66,4654531.21,2162.79
-11799736.74,4654530.12,2165.21
-11799735.700000001,4654530.9,2162.63
-11799733.71,4654531.2700000005,2162.63
-11799731.76,4654531.66,2162.54
-11799729.73,4654532.03,2162.53
-11799723.73,4654530.600000001,2173.86
-11799727.71,4654532.43,2162.53
-11799725.8,4654532.82,2162.3
-11799719.74,4654531.33,2173.94
-11799720.27,4654531.57,2172.47
-11799721.4,4654532.100000001,2169.19
-11799717.84,4654531.75,2173.67
-11799718.73,4654532.15,2171.13
-11799721.74,4654533.55,2162.46
-11799719.76,4654533.95,2162.4
-11799717.74,4654534.32,2162.44
-11799715.77,4654534.7,2162.4
-11799713.77,4654535.08,2162.38
-11799711.78,4654535.47,2162.28
-11799706.76,4654534.45,2170.96
-11799707.9,4654534.99,2167.63
-11799708.33,4654535.19,2166.4
-11799709.75,4654535.87,2162.19
-11799703.98,4654534.45,2173.25
-11799704.32,4654534.600000001,2172.24
-11799703.040000001,4654535.3100000005,2170.17
-11799703.32,4654535.46,2169.36
-11799703.93,4654535.75,2167.59
-11799701.51,4654535.92,2168.82
-11799703.76,4654537.0,2162.17
-11799701.26,4654537.15,2163.61
-11799701.73,4654537.38,2162.19
-11799699.28,4654537.54,2163.46
-11799697.72,4654538.13,2162.21
-11799695.71,4654538.49,2162.19
-11799693.67,4654538.89,2162.17
-11799691.63,4654539.28,2162.17
-11799689.6,4654539.66,2162.15
-11799687.59,4654540.04,2162.13
-11799685.57,4654540.42,2162.11
-11799683.53,4654540.82,2162.1
-11799681.52,4654541.2,2162.06
-11799673.42,4654538.47,2180.81
-11799675.19,4654539.38,2175.33
-11799679.52,4654541.59,2161.98
-11799671.32,4654538.8100000005,2181.05
-11799671.69,4654539.01,2179.92
-11799669.28,4654539.18,2181.17
-11799671.52,4654540.33,2174.22
-11799670.56,4654541.24,2170.97
-11799673.4,4654542.71,2162.11
-11799666.290000001,4654540.46,2178.0
-11799669.96,4654542.350000001,2166.54
-11799663.950000001,4654540.69,2178.94
-11799665.28,4654541.36,2174.81
-11799666.01,4654541.75,2172.49
-11799661.71,4654540.93,2179.72
-11799659.26,4654541.08,2181.06
-11799659.59,4654541.26,2180.02
-11799657.23,4654541.45,2181.13
-11799657.94,4654541.83,2178.86
-11799655.870000001,4654542.18,2179.0
-11799656.73,4654542.64,2176.29
-11799661.28,4654545.0600000005,2161.81
-11799659.22,4654545.43,2161.88
-11799657.200000001,4654545.8,2161.84
-11799655.200000001,4654546.21,2161.77
-11799653.19,4654546.59,2161.77
-11799651.17,4654546.98,2161.72
-11799649.14,4654547.37,2161.63
-11799647.14,4654547.78,2161.54
-11799645.08,4654548.15,2161.61
-11799643.06,4654548.5200000005,2161.61
-11799638.05,4654547.24,2171.44
-11799641.02,4654548.9,2161.63
-11799635.32,4654547.22,2173.77
-11799635.73,4654547.46,2172.42
-11799633.700000001,4654547.83,2172.44
-11799634.370000001,4654548.19,2170.26
-11799631.370000001,4654548.03,2173.51
-11799629.200000001,4654548.350000001,2173.94
-11799629.67,4654548.61,2172.36
-11799630.19,4654548.9,2170.63
-11799627.49,4654548.91,2172.86
-11799628.02,4654549.21,2171.09
-11799628.96,4654549.74,2167.96
-11799627.370000001,4654550.39,2166.4
-11799628.81,4654551.21,2161.56
-11799626.77,4654551.61,2161.52
-11799625.4,4654549.44,2161.49
-11799626.43,4654548.46,2164.96
-11799627.39,4654549.01,2161.74
-11799628.450000001,4654548.0600000005,2165.0
-11799629.51,4654548.67,2161.44
-11799630.36,4654547.59,2165.48
-11799631.5,4654548.22,2161.69
-11799630.370000001,4654546.04,2172.34
-11799631.07,4654546.43,2170.03
-11799633.56,4654547.83,2161.71
-11799633.620000001,4654546.33,2168.31
-11799635.64,4654547.47,2161.63
-11799634.3,4654545.19,2172.82
-11799637.66,4654547.08,2161.67
-11799639.69,4654546.68,2161.71
-11799641.73,4654546.29,2161.69
-11799643.790000001,4654545.89,2161.69
-11799645.88,4654545.5,2161.67
-11799647.96,4654545.11,2161.71
-11799650.07,4654544.74,2161.61
-11799652.09,4654544.33,2161.73
-11799654.13,4654543.94,2161.75
-11799656.13,4654543.54,2161.82
-11799653.97,4654540.87,2175.36
-11799658.18,4654543.15,2161.88
-11799654.72,4654539.7700000005,2179.65
-11799655.52,4654540.2,2177.11
-11799656.81,4654539.42,2179.49
-11799657.55,4654539.8100000005,2177.15
-11799657.94,4654540.0200000005,2175.88
-11799658.65,4654538.92,2180.15
-11799659.56,4654539.4,2177.27
-11799664.4,4654541.95,2161.94
-11799663.16,4654538.350000001,2178.92
-11799665.35,4654539.47,2172.07
-11799666.05,4654538.36,2176.44
-11799666.34,4654538.49,2175.55
-11799670.71,4654540.78,2161.88
-11799672.69,4654540.33,2162.17
-11799668.93,4654536.94,2180.3
-11799671.57,4654538.29,2172.11
-11799674.78,4654539.95,2162.13
-11799670.81,4654536.47,2180.82
-11799674.17,4654536.75,2176.77
-11799681.0,4654538.76,2162.11
-11799683.06,4654538.39,2162.11
-11799685.16,4654537.97,2162.13
-11799687.27,4654537.57,2162.19
-11799689.33,4654537.18,2162.22
-11799691.41,4654536.7700000005,2162.19
-11799693.5,4654536.38,2162.23
-11799695.28,4654535.83,2163.15
-11799695.52,4654535.96,2162.4
-11799697.22,4654535.350000001,2163.71
-11799699.81,4654535.18,2162.31
-11799701.91,4654534.78,2162.27
-11799702.59,4654533.7,2166.48
-11799704.01,4654534.38,2162.29
-11799703.84,4654532.88,2169.05
-11799704.42,4654533.17,2167.32
-11799705.91,4654532.47,2169.11
-11799710.32,4654533.18,2162.35
-11799712.41,4654532.7700000005,2162.38
-11799714.48,4654532.38,2162.42
-11799716.61,4654531.98,2162.38
-11799715.73,4654530.17,2171.13
-11799716.09,4654530.33,2170.06
-11799718.75,4654531.5600000005,2162.4
-11799717.27,4654529.51,2172.73
-11799717.9,4654529.8,2170.92
-11799718.35,4654530.01,2169.63
-11799719.370000001,4654529.09,2172.78
-11799720.41,4654528.21,2175.84
-11799721.11,4654528.53,2173.81
-11799725.07,4654530.350000001,2162.49
-11799723.18,4654528.13,2173.88
-11799727.18,4654529.96,2162.46
-11799725.41,4654527.8,2173.5
-11799729.26,4654529.55,2162.54
-11799731.34,4654529.13,2162.67
-11799733.450000001,4654528.73,2162.65
-11799735.57,4654528.34,2162.63
-11799735.75,4654527.8,2162.61
-11799733.75,4654528.19,2162.61
-11799731.75,4654528.57,2162.59
-11799729.76,4654528.93,2162.6
-11799723.76,4654527.47,2174.09
-11799724.17,4654527.65,2172.88
-11799727.39,4654529.12,2163.75
-11799727.8,4654529.32,2162.55
-11799721.55,4654527.73,2174.73
-11799722.58,4654528.21,2171.77
-11799725.81,4654529.69,2162.54
-11799719.8,4654528.22,2174.05
-11799720.41,4654528.5,2172.28
-11799723.83,4654530.07,2162.49
-11799717.97,4654528.67,2173.54
-11799718.49,4654528.9,2172.06
-11799716.24,4654529.18,2172.75
-11799718.450000001,4654530.2,2166.36
-11799715.31,4654530.05,2169.65
-11799717.81,4654531.23,2162.38
-11799715.82,4654531.59,2162.36
-11799713.83,4654531.96,2162.4
-11799711.82,4654532.350000001,2162.35
-11799709.790000001,4654532.75,2162.3
-11799705.370000001,4654531.98,2169.36
-11799707.82,4654533.15,2162.13
-11799703.51,4654532.42,2168.94
-11799703.97,4654532.63,2167.57
-11799705.8,4654533.5200000005,2162.17
-11799702.35,4654533.23,2166.35
-11799703.77,4654533.9,2162.15
-11799701.73,4654534.26,2162.19
-11799699.73,4654534.65,2162.21
-11799697.22,4654534.7700000005,2163.76
-11799697.65,4654534.97,2162.5
-11799695.35,4654535.21,2163.33
-11799693.72,4654535.78,2162.19
-11799691.71,4654536.15,2162.17
-11799684.01,4654533.75,2179.25
-11799689.620000001,4654536.53,2162.22
-11799687.620000001,4654536.93,2162.13
-11799685.620000001,4654537.3100000005,2162.13
-11799683.620000001,4654537.69,2162.1
-11799681.59,4654538.0600000005,2162.07
-11799674.72,4654536.0200000005,2176.86
-11799679.55,4654538.45,2162.03
-11799671.85,4654535.96,2179.51
-11799672.73,4654536.42,2176.76
-11799673.27,4654536.69,2175.11
-11799673.72,4654536.91,2173.71
-11799669.51,4654536.16,2180.53
-11799670.53,4654536.68,2177.38
-11799668.76,4654537.18,2176.63
-11799666.81,4654537.58,2176.44
-11799667.14,4654537.7700000005,2175.4
-11799669.8,4654539.15,2167.13
-11799671.48,4654540.01,2161.88
-11799669.43,4654540.38,2161.9
-11799662.73,4654538.3100000005,2176.59
-11799664.35,4654539.18,2171.48
-11799667.42,4654540.78,2161.85
-11799659.53,4654538.08,2180.34
-11799657.620000001,4654538.51,2180.02
-11799663.35,4654541.54,2161.86
-11799655.85,4654539.0200000005,2179.25
-11799653.94,4654539.45,2178.9
-11799654.43,4654539.71,2177.36
-11799656.27,4654540.68,2171.52
-11799657.27,4654542.68,2161.82
-11799655.27,4654543.08,2161.77
-11799653.27,4654543.44,2161.69
-11799651.26,4654543.84,2161.61
-11799649.19,4654544.22,2161.71
-11799647.18,4654544.61,2161.67
-11799645.14,4654544.99,2161.65
-11799643.03,4654545.350000001,2161.82
-11799640.3,4654545.34,2164.13
-11799641.06,4654545.76,2161.67
-11799639.02,4654546.14,2161.65
-11799636.98,4654546.53,2161.63
-11799634.950000001,4654546.9,2161.6
-11799631.78,4654546.67,2165.35
-11799632.92,4654547.3,2161.59
-11799629.17,4654546.72,2167.25
-11799629.85,4654547.11,2164.99
-11799630.85,4654547.68,2161.61
-11799627.82,4654547.49,2164.99
-11799625.81,4654547.86,2164.94
-11799624.82,4654548.83,2161.44
-11799625.69,4654544.92,2167.73
-11799627.74,4654544.5600000005,2167.67
-11799629.41,4654543.97,2168.83
-11799631.24,4654543.47,2169.57
-11799635.71,4654544.42,2161.63
-11799637.75,4654544.0200000005,2161.67
-11799639.790000001,4654543.63,2161.71
-11799641.05,4654542.82,2164.24
-11799641.8,4654543.24,2161.76
-11799643.85,4654542.850000001,2161.74
-11799645.9,4654542.47,2161.73
-11799647.94,4654542.09,2161.71
-11799649.98,4654541.7,2161.73
-11799652.06,4654541.32,2161.69
-11799654.1,4654540.92,2161.73
-11799656.120000001,4654540.53,2161.8
-11799658.200000001,4654540.13,2161.83
-11799656.03,4654537.48,2175.34
-11799660.24,4654539.73,2161.92
-11799657.64,4654536.91,2176.55
-11799659.540000001,4654537.91,2170.53
-11799662.28,4654539.33,2161.86
-11799659.58,4654536.48,2176.77
-11799664.28,4654538.96,2161.92
-11799666.370000001,4654538.54,2161.94
-11799668.450000001,4654538.15,2161.97
-11799670.51,4654537.75,2161.99
-11799672.57,4654537.4,2161.94
-11799670.13,4654534.71,2175.88
-11799674.620000001,4654537.0,2161.97
-11799676.6,4654536.59,2162.13
-11799678.68,4654536.2,2162.1
-11799680.75,4654535.8,2162.17
-11799682.81,4654535.42,2162.17
-11799684.88,4654535.0200000005,2162.17
-11799686.9,4654534.63,2162.19
-11799683.27,4654531.41,2179.48
-11799683.9,4654531.72,2177.58
-11799691.01,4654533.84,2162.28
-11799693.06,4654533.44,2162.25
-11799695.1,4654533.05,2162.4
-11799697.23,4654532.68,2162.26
-11799699.28,4654532.29,2162.3
-11799700.78,4654531.600000001,2164.06
-11799703.47,4654531.51,2162.19
-11799705.5,4654531.12,2162.27
-11799707.55,4654530.71,2162.34
-11799709.61,4654530.3100000005,2162.38
-11799711.68,4654529.92,2162.42
-11799713.77,4654529.53,2162.4
-11799714.61,4654528.57,2165.98
-11799715.85,4654529.13,2162.38
-11799716.6,4654528.13,2166.19
-11799717.94,4654528.74,2162.36
-11799716.63,4654526.78,2172.19
-11799719.08,4654526.5600000005,2171.11
-11799719.64,4654526.82,2169.48
-11799720.63,4654525.95,2172.54
-11799721.97,4654525.24,2174.53
-11799722.97,4654525.69,2171.67
-11799723.47,4654525.93,2170.23
-11799723.76,4654526.0600000005,2169.42
-11799724.55,4654525.09,2173.04
-11799725.450000001,4654525.5,2170.46
-11799725.76,4654525.65,2169.6
-11799728.22,4654526.75,2162.57
-11799726.33,4654524.55,2173.94
-11799729.35,4654525.92,2165.38
-11799730.32,4654526.36,2162.65
-11799732.36,4654525.96,2162.67
-11799734.4,4654525.57,2162.69
-11799736.49,4654525.17,2162.65
-11799736.17,4654524.88,2162.59
-11799734.18,4654525.24,2162.63
-11799732.21,4654525.62,2162.61
-11799726.21,4654524.2,2173.85
-11799729.19,4654525.55,2165.4
-11799724.53,4654524.71,2172.96
-11799728.23,4654526.38,2162.44
-11799721.94,4654524.79,2174.67
-11799722.92,4654525.24,2171.9
-11799723.85,4654525.68,2169.23
-11799720.620000001,4654525.47,2172.84
-11799721.16,4654525.71,2171.29
-11799722.200000001,4654526.18,2168.32
-11799719.24,4654526.11,2171.17
-11799719.63,4654526.29,2170.0
-11799716.950000001,4654526.350000001,2172.0
-11799717.84,4654526.75,2169.46
-11799718.93,4654527.25,2166.32
-11799716.68,4654527.5200000005,2166.98
-11799717.26,4654527.78,2165.33
-11799718.25,4654528.26,2162.46
-11799713.5,4654527.350000001,2170.34
-11799716.28,4654528.65,2162.32
-11799714.24,4654529.03,2162.35
-11799712.25,4654529.39,2162.38
-11799710.27,4654529.76,2162.38
-11799708.27,4654530.15,2162.31
-11799706.26,4654530.54,2162.25
-11799704.23,4654530.92,2162.19
-11799702.23,4654531.32,2162.13
-11799699.61,4654531.38,2164.0
-11799698.19,4654532.05,2162.22
-11799696.15,4654532.42,2162.26
-11799693.61,4654532.57,2163.76
-11799694.05,4654532.7700000005,2162.47
-11799686.4,4654530.36,2179.5
-11799692.15,4654533.18,2162.17
-11799684.92,4654530.99,2177.92
-11799690.120000001,4654533.57,2162.19
-11799682.450000001,4654531.15,2179.27
-11799683.27,4654531.5600000005,2176.78
-11799688.07,4654533.92,2162.24
-11799686.040000001,4654534.33,2162.17
-11799684.03,4654534.72,2162.11
-11799682.05,4654535.09,2162.13
-11799680.040000001,4654535.46,2162.07
-11799678.0,4654535.850000001,2162.09
-11799675.98,4654536.25,2162.06
-11799674.03,4654536.67,2161.8
-11799671.96,4654537.0200000005,2161.92
-11799669.93,4654537.39,2161.94
-11799667.92,4654537.7700000005,2161.94
-11799665.91,4654538.16,2161.88
-11799659.23,4654536.11,2176.53
-11799663.88,4654538.55,2161.86
-11799657.23,4654536.48,2176.54
-11799661.870000001,4654538.91,2161.84
-11799659.84,4654539.3100000005,2161.84
-11799657.8,4654539.69,2161.82
-11799655.790000001,4654540.08,2161.74
-11799653.76,4654540.48,2161.65
-11799651.72,4654540.850000001,2161.69
-11799649.72,4654541.23,2161.69
-11799647.67,4654541.62,2161.67
-11799645.6,4654542.0,2161.67
-11799643.56,4654542.37,2161.71
-11799641.56,4654542.75,2161.71
-11799639.55,4654543.13,2161.65
-11799637.47,4654543.53,2161.63
-11799635.47,4654543.91,2161.55
-11799631.200000001,4654543.0200000005,2169.08
-11799629.16,4654543.37,2169.22
-11799627.48,4654543.96,2168.02
-11799625.41,4654544.32,2168.08
-11799625.18,4654541.83,2169.61
-11799627.3,4654541.48,2169.32
-11799629.41,4654541.17,2169.02
-11799631.83,4654541.0,2167.74
-11799635.74,4654541.65,2161.61
-11799637.790000001,4654541.25,2161.65
-11799639.81,4654540.86,2161.67
-11799641.83,4654540.49,2161.69
-11799643.91,4654540.07,2161.71
-11799645.950000001,4654539.68,2161.77
-11799648.0,4654539.3100000005,2161.75
-11799650.08,4654538.93,2161.74
-11799652.11,4654538.55,2161.76
-11799654.14,4654538.14,2161.76
-11799656.22,4654537.7700000005,2161.74
-11799658.27,4654537.38,2161.8
-11799660.290000001,4654536.96,2161.86
-11799662.35,4654536.59,2161.86
-11799664.42,4654536.19,2161.92
-11799666.46,4654535.8,2161.94
-11799668.47,4654535.42,2161.98
-11799670.53,4654535.0200000005,2162.0
-11799672.59,4654534.63,2161.99
-11799674.68,4654534.23,2161.99
-11799676.75,4654533.87,2161.94
-11799678.74,4654533.45,2162.15
-11799680.84,4654533.04,2162.13
-11799682.88,4654532.67,2162.15
-11799684.91,4654532.25,2162.23
-11799683.28,4654530.0200000005,2173.49
-11799686.97,4654531.86,2162.28
-11799684.97,4654529.47,2174.55
-11799689.05,4654531.49,2162.23
-11799691.08,4654531.08,2162.34
-11799693.040000001,4654530.66,2162.59
-11799695.21,4654530.32,2162.27
-11799697.26,4654529.92,2162.32
-11799699.450000001,4654529.57,2162.11
-11799701.48,4654529.16,2162.25
-11799703.52,4654528.76,2162.28
-11799705.6,4654528.36,2162.33
-11799707.66,4654527.96,2162.38
-11799709.700000001,4654527.57,2162.42
-11799711.78,4654527.19,2162.38
-11799713.85,4654526.8100000005,2162.36
-11799715.94,4654526.41,2162.29
-11799715.53,4654524.86,2169.54
-11799718.0,4654526.0,2162.44
-11799716.75,4654524.08,2172.03
-11799717.35,4654524.36,2170.28
-11799719.93,4654525.55,2162.85
-11799718.49,4654523.55,2172.84
-11799719.94,4654522.89,2174.63
-11799721.59,4654523.64,2169.92
-11799722.120000001,4654523.88,2168.38
-11799722.85,4654522.86,2172.32
-11799724.05,4654522.08,2174.8
-11799725.200000001,4654522.600000001,2171.51
-11799727.25,4654523.53,2165.69
-11799726.6,4654521.91,2173.46
-11799729.36,4654523.15,2165.63
-11799731.5,4654522.79,2165.47
-11799734.59,4654522.86,2162.6
-11799736.6,4654522.44,2162.72
-11799736.69,4654522.07,2162.67
-11799734.700000001,4654522.45,2162.61
-11799731.74,4654522.38,2165.42
-11799729.71,4654522.72,2165.54
-11799725.53,4654522.13,2171.65
-11799727.620000001,4654523.0600000005,2165.73
-11799723.42,4654522.43,2171.96
-11799725.540000001,4654523.41,2165.92
-11799721.450000001,4654522.8100000005,2171.98
-11799724.73,4654524.3100000005,2162.61
-11799718.82,4654522.88,2173.84
-11799717.27,4654523.46,2172.57
-11799717.97,4654523.7700000005,2170.57
-11799719.13,4654524.3100000005,2167.24
-11799718.73,4654525.42,2162.63
-11799716.86,4654525.850000001,2162.27
-11799714.84,4654526.2,2162.32
-11799712.83,4654526.59,2162.33
-11799710.83,4654526.94,2162.34
-11799708.8,4654527.32,2162.36
-11799706.78,4654527.72,2162.35
-11799704.78,4654528.08,2162.3
-11799702.790000001,4654528.48,2162.25
-11799700.790000001,4654528.86,2162.21
-11799698.790000001,4654529.25,2162.11
-11799696.73,4654529.61,2162.25
-11799694.73,4654529.95,2162.28
-11799692.69,4654530.33,2162.38
-11799690.67,4654530.69,2162.4
-11799688.700000001,4654531.11,2162.23
-11799683.07,4654529.71,2173.1
-11799686.65,4654531.47,2162.25
-11799684.64,4654531.87,2162.17
-11799682.64,4654532.26,2162.09
-11799680.58,4654532.62,2162.13
-11799678.57,4654533.01,2162.13
-11799676.63,4654533.43,2161.86
-11799674.57,4654533.8,2161.97
-11799672.56,4654534.17,2161.94
-11799670.52,4654534.55,2161.94
-11799668.49,4654534.94,2161.92
-11799666.46,4654535.3100000005,2161.92
-11799664.46,4654535.7,2161.83
-11799662.42,4654536.07,2161.88
-11799660.44,4654536.45,2161.84
-11799658.41,4654536.850000001,2161.79
-11799656.38,4654537.24,2161.69
-11799654.3,4654537.61,2161.72
-11799652.32,4654537.99,2161.71
-11799650.32,4654538.350000001,2161.73
-11799648.26,4654538.74,2161.73
-11799646.21,4654539.14,2161.72
-11799644.18,4654539.5,2161.76
-11799642.17,4654539.87,2161.73
-11799640.18,4654540.28,2161.61
-11799638.13,4654540.66,2161.61
-11799635.41,4654540.68,2163.8
-11799636.07,4654541.05,2161.61
-11799632.36,4654540.47,2167.17
-11799634.07,4654541.44,2161.52
-11799630.01,4654540.68,2168.25
-11799627.6,4654540.84,2169.5
-11799625.6,4654541.26,2169.35
-11799625.46,4654539.03,2169.8
-11799627.91,4654538.86,2168.42
-11799630.31,4654538.69,2167.24
-11799632.02,4654539.66,2161.54
-11799633.07,4654538.71,2164.86
-11799633.48,4654538.94,2163.51
-11799634.03,4654539.26,2161.67
-11799635.13,4654538.37,2164.67
-11799638.11,4654538.5200000005,2161.57
-11799640.13,4654538.12,2161.61
-11799642.16,4654537.74,2161.59
-11799644.21,4654537.350000001,2161.65
-11799646.26,4654536.94,2161.72
-11799648.290000001,4654536.55,2161.82
-11799650.38,4654536.15,2161.76
-11799652.43,4654535.78,2161.78
-11799654.46,4654535.4,2161.77
-11799656.540000001,4654535.01,2161.77
-11799658.61,4654534.63,2161.75
-11799660.64,4654534.22,2161.83
-11799662.69,4654533.83,2161.85
-11799664.74,4654533.43,2161.94
-11799666.8,4654533.04,2161.96
-11799668.81,4654532.67,2161.98
-11799670.85,4654532.29,2162.0
-11799672.94,4654531.89,2162.0
-11799675.02,4654531.5,2162.0
-11799677.07,4654531.100000001,2161.98
-11799679.13,4654530.75,2161.94
-11799681.120000001,4654530.32,2162.15
-11799683.200000001,4654529.92,2162.13
-11799682.72,4654528.3100000005,2169.77
-11799685.23,4654529.55,2162.17
-11799682.96,4654527.03,2175.25
-11799683.59,4654527.34,2173.34
-11799684.870000001,4654526.58,2175.61
-11799686.36,4654525.93,2177.31
-11799691.370000001,4654528.38,2162.25
-11799693.43,4654527.99,2162.27
-11799695.51,4654527.600000001,2162.25
-11799697.61,4654527.23,2162.22
-11799699.68,4654526.84,2162.21
-11799701.71,4654526.44,2162.3
-11799703.78,4654526.04,2162.31
-11799705.85,4654525.65,2162.36
-11799707.91,4654525.25,2162.38
-11799709.96,4654524.87,2162.36
-11799712.05,4654524.48,2162.33
-11799714.14,4654524.12,2162.27
-11799716.15,4654523.68,2162.52
-11799718.22,4654523.3100000005,2162.5
-11799718.48,4654522.07,2167.76
-11799720.290000001,4654522.89,2162.57
-11799719.25,4654521.08,2171.5
-11799722.34,4654522.49,2162.65
-11799722.47,4654521.21,2168.17
-11799724.46,4654522.14,2162.5
-11799724.39,4654520.7700000005,2168.63
-11799725.26,4654521.17,2166.15
-11799727.43,4654520.78,2165.96
-11799729.56,4654520.44,2165.81
-11799731.73,4654520.07,2165.61
-11799732.9,4654519.28,2168.1
-11799733.83,4654519.7,2165.5
-11799734.870000001,4654520.16,2162.6
-11799734.61,4654518.73,2169.15
-11799735.16,4654518.98,2167.6
-11799735.58,4654519.17,2166.44
-11799736.02,4654519.37,2165.19
-11799734.71,4654518.23,2169.36
-11799735.68,4654518.66,2166.63
-11799736.23,4654518.91,2165.09
-11799733.28,4654518.850000001,2167.81
-11799735.1,4654519.65,2162.71
-11799732.08,4654519.55,2165.58
-11799730.01,4654519.9,2165.75
-11799727.97,4654520.24,2165.88
-11799725.92,4654520.61,2166.05
-11799723.1,4654520.600000001,2168.36
-11799723.75,4654520.9,2166.5
-11799719.71,4654520.33,2172.34
-11799721.55,4654521.17,2167.08
-11799723.11,4654521.9,2162.61
-11799721.16,4654522.28,2162.54
-11799716.36,4654521.33,2170.63
-11799717.77,4654521.99,2166.6
-11799719.200000001,4654522.63,2162.51
-11799717.200000001,4654523.0200000005,2162.49
-11799715.200000001,4654523.39,2162.46
-11799713.25,4654523.8,2162.27
-11799711.23,4654524.17,2162.29
-11799709.22,4654524.53,2162.33
-11799707.24,4654524.9,2162.33
-11799705.22,4654525.2700000005,2162.32
-11799703.200000001,4654525.64,2162.29
-11799701.200000001,4654526.03,2162.25
-11799699.27,4654526.41,2162.19
-11799697.24,4654526.79,2162.15
-11799695.16,4654527.16,2162.21
-11799693.15,4654527.53,2162.24
-11799686.13,4654525.43,2177.36
-11799691.15,4654527.9,2162.26
-11799684.75,4654526.11,2175.51
-11799685.24,4654526.350000001,2174.03
-11799682.93,4654526.58,2174.9
-11799682.59,4654527.79,2169.8
-11799685.07,4654529.03,2162.26
-11799683.07,4654529.42,2162.15
-11799681.03,4654529.8100000005,2162.13
-11799679.1,4654530.21,2161.88
-11799677.06,4654530.58,2161.97
-11799675.040000001,4654530.95,2161.97
-11799673.01,4654531.32,2161.99
-11799670.97,4654531.71,2161.96
-11799668.97,4654532.08,2161.94
-11799666.93,4654532.45,2161.92
-11799664.94,4654532.84,2161.86
-11799662.97,4654533.21,2161.86
-11799660.94,4654533.600000001,2161.81
-11799658.94,4654534.0,2161.69
-11799656.89,4654534.36,2161.76
-11799654.85,4654534.72,2161.78
-11799652.81,4654535.11,2161.75
-11799650.76,4654535.5,2161.78
-11799648.74,4654535.89,2161.65
-11799646.72,4654536.24,2161.71
-11799644.69,4654536.63,2161.77
-11799642.69,4654537.03,2161.61
-11799640.620000001,4654537.41,2161.59
-11799638.64,4654537.78,2161.57
-11799635.89,4654537.73,2164.06
-11799636.66,4654538.16,2161.51
-11799633.89,4654538.13,2163.96
-11799634.61,4654538.5200000005,2161.57
-11799632.02,4654538.57,2163.55
-11799632.57,4654538.89,2161.69
-11799628.63,4654538.16,2168.13
-11799626.14,4654538.29,2169.61
-11799624.6,4654536.37,2170.11
-11799626.55,4654535.95,2170.38
-11799628.88,4654535.75,2169.31
-11799629.53,4654536.11,2167.13
-11799631.23,4654537.08,2161.48
-11799632.76,4654536.4,2163.21
-11799633.26,4654536.69,2161.53
-11799634.53,4654535.86,2164.17
-11799635.34,4654536.3,2161.5
-11799637.35,4654535.9,2161.65
-11799639.43,4654535.5200000005,2161.61
-11799641.51,4654535.15,2161.58
-11799643.51,4654534.75,2161.67
-11799645.55,4654534.36,2161.72
-11799647.59,4654533.98,2161.73
-11799649.6,4654533.57,2161.84
-11799651.700000001,4654533.2,2161.77
-11799653.75,4654532.8100000005,2161.81
-11799655.78,4654532.44,2161.79
-11799657.81,4654532.05,2161.83
-11799659.89,4654531.66,2161.76
-11799661.91,4654531.2700000005,2161.83
-11799663.98,4654530.88,2161.92
-11799666.040000001,4654530.48,2161.96
-11799668.08,4654530.09,2161.94
-11799670.09,4654529.72,2162.01
-11799672.15,4654529.32,2162.02
-11799674.24,4654528.93,2162.06
-11799676.31,4654528.55,2162.03
-11799678.34,4654528.15,2162.05
-11799680.46,4654527.79,2161.98
-11799682.47,4654527.37,2162.15
-11799679.81,4654524.64,2176.48
-11799681.120000001,4654525.29,2172.54
-11799681.86,4654525.65,2170.27
-11799682.32,4654524.48,2175.1
-11799682.77,4654524.71,2173.73
-11799684.67,4654524.28,2174.06
-11799690.66,4654525.83,2162.19
-11799692.74,4654525.46,2162.17
-11799694.82,4654525.08,2162.15
-11799696.88,4654524.68,2162.19
-11799698.97,4654524.29,2162.23
-11799701.05,4654523.88,2162.32
-11799703.120000001,4654523.49,2162.34
-11799705.19,4654523.09,2162.35
-11799707.25,4654522.71,2162.35
-11799709.3,4654522.32,2162.34
-11799711.39,4654521.96,2162.28
-11799713.39,4654521.54,2162.46
-11799715.450000001,4654521.16,2162.5
-11799717.52,4654520.76,2162.53
-11799719.57,4654520.37,2162.55
-11799721.67,4654519.99,2162.54
-11799721.92,4654518.75,2167.77
-11799724.24,4654518.5,2167.03
-11799726.53,4654518.22,2166.4
-11799728.74,4654517.88,2166.04
-11799730.91,4654517.51,2165.88
-11799732.11,4654518.05,2162.47
-11799734.16,4654517.61,2162.67
-11799734.52,4654516.46,2167.57
-11799736.3,4654515.96,2168.31
-11799736.33,4654515.29,2169.13
-11799734.83,4654515.87,2167.86
-11799733.83,4654516.65,2165.17
-11799734.72,4654517.0600000005,2162.65
-11799732.450000001,4654517.3100000005,2163.35
-11799729.55,4654517.2700000005,2165.94
-11799727.52,4654517.600000001,2166.15
-11799725.34,4654517.86,2166.78
-11799723.1,4654518.13,2167.47
-11799720.88,4654518.39,2168.08
-11799720.81,4654519.66,2162.48
-11799718.8,4654520.0200000005,2162.49
-11799716.81,4654520.4,2162.49
-11799714.86,4654520.75,2162.44
-11799712.870000001,4654521.15,2162.4
-11799710.92,4654521.54,2162.22
-11799708.870000001,4654521.91,2162.27
-11799706.85,4654522.28,2162.29
-11799704.82,4654522.63,2162.34
-11799702.83,4654523.03,2162.27
-11799700.82,4654523.4,2162.24
-11799698.83,4654523.76,2162.22
-11799696.85,4654524.16,2162.15
-11799694.83,4654524.53,2162.15
-11799692.8,4654524.92,2162.1
-11799690.75,4654525.2700000005,2162.15
-11799684.84,4654523.7,2174.0
-11799688.82,4654525.67,2161.99
-11799682.91,4654524.100000001,2173.81
-11799679.58,4654523.82,2177.82
-11799680.07,4654524.0600000005,2176.35
-11799679.33,4654525.08,2172.42
-11799682.71,4654526.76,2162.15
-11799680.76,4654527.17,2161.92
-11799678.69,4654527.54,2162.03
-11799676.68,4654527.9,2162.0
-11799674.66,4654528.28,2162.0
-11799672.64,4654528.67,2161.96
-11799670.6,4654529.03,2161.96
-11799668.58,4654529.41,2161.96
-11799666.57,4654529.78,2161.88
-11799664.540000001,4654530.18,2161.85
-11799662.52,4654530.57,2161.8
-11799660.53,4654530.96,2161.67
-11799658.5,4654531.3100000005,2161.77
-11799656.46,4654531.69,2161.77
-11799654.41,4654532.07,2161.79
-11799652.32,4654532.44,2161.84
-11799650.36,4654532.83,2161.67
-11799648.34,4654533.19,2161.69
-11799646.3,4654533.58,2161.65
-11799644.27,4654533.96,2161.65
-11799642.23,4654534.34,2161.61
-11799640.200000001,4654534.74,2161.55
-11799638.19,4654535.11,2161.55
-11799636.15,4654535.47,2161.59
-11799634.15,4654535.87,2161.48
-11799632.11,4654536.25,2161.49
-11799627.73,4654535.28,2169.38
-11799628.41,4654535.65,2167.11
-11799630.11,4654536.63,2161.44
-11799625.44,4654535.5,2170.27
-11799626.21,4654533.26,2169.35
-11799626.870000001,4654533.63,2167.19
-11799628.58,4654534.600000001,2161.46
-11799630.19,4654533.98,2162.88
-11799630.63,4654534.21,2161.46
-11799632.67,4654533.83,2161.5
-11799634.67,4654533.44,2161.55
-11799636.700000001,4654533.07,2161.53
-11799638.75,4654532.65,2161.63
-11799640.88,4654532.3100000005,2161.5
-11799642.88,4654531.91,2161.61
-11799644.92,4654531.53,2161.61
-11799646.9,4654531.11,2161.85
-11799649.03,4654530.76,2161.65
-11799651.06,4654530.36,2161.77
-11799653.06,4654529.97,2161.84
-11799655.120000001,4654529.59,2161.8
-11799657.15,4654529.21,2161.84
-11799659.22,4654528.84,2161.79
-11799661.26,4654528.44,2161.88
-11799662.5,4654527.63,2164.42
-11799663.35,4654528.07,2161.78
-11799665.38,4654527.68,2161.88
-11799667.4,4654527.29,2161.92
-11799669.46,4654526.89,2161.97
-11799671.540000001,4654526.51,2161.99
-11799673.55,4654526.13,2162.04
-11799675.59,4654525.72,2162.08
-11799677.66,4654525.350000001,2162.09
-11799679.75,4654524.97,2162.05
-11799681.84,4654524.58,2162.09
-11799683.950000001,4654524.19,2161.99
-11799680.83,4654521.28,2177.61
-11799685.96,4654523.8,2162.13
-11799682.42,4654520.68,2178.94
-11799684.19,4654521.5600000005,2173.58
-11799684.36,4654520.24,2179.29
-11799685.15,4654520.63,2176.9
-11799690.1,4654523.05,2162.05
-11799686.26,4654519.78,2179.76
-11799692.15,4654522.66,2162.1
-11799694.200000001,4654522.26,2162.19
-11799696.27,4654521.87,2162.19
-11799698.32,4654521.47,2162.27
-11799700.41,4654521.08,2162.29
-11799702.46,4654520.7,2162.36
-11799704.55,4654520.32,2162.32
-11799706.63,4654519.93,2162.31
-11799708.67,4654519.57,2162.26
-11799709.620000001,4654518.67,2165.49
-11799710.69,4654519.17,2162.35
-11799712.73,4654518.78,2162.44
-11799714.8,4654518.38,2162.5
-11799716.86,4654518.0,2162.5
-11799716.98,4654516.69,2168.22
-11799718.94,4654517.59,2162.57
-11799718.89,4654516.21,2168.78
-11799720.94,4654515.83,2168.77
-11799723.26,4654515.5600000005,2168.07
-11799725.58,4654515.28,2167.42
-11799727.88,4654515.0,2166.76
-11799730.16,4654514.71,2166.11
-11799732.35,4654514.4,2165.73
-11799733.32,4654514.83,2163.04
-11799734.48,4654514.03,2165.57
-11799735.21,4654514.36,2163.55
-11799736.08,4654513.42,2166.98
-11799734.98,4654513.26,2166.86
-11799736.13,4654513.78,2163.65
-11799733.57,4654513.87,2165.25
-11799734.07,4654514.11,2163.82
-11799731.39,4654514.16,2165.8
-11799729.17,4654514.43,2166.42
-11799726.99,4654514.7,2167.02
-11799724.77,4654514.97,2167.65
-11799722.55,4654515.22,2168.27
-11799720.31,4654515.49,2168.96
-11799718.46,4654515.91,2168.55
-11799716.64,4654516.36,2168.08
-11799718.57,4654517.24,2162.58
-11799716.6,4654517.63,2162.44
-11799714.59,4654518.0,2162.47
-11799712.59,4654518.37,2162.42
-11799709.53,4654518.25,2165.48
-11799710.64,4654518.76,2162.27
-11799707.55,4654518.62,2165.49
-11799708.66,4654519.12,2162.24
-11799706.66,4654519.5,2162.26
-11799704.65,4654519.850000001,2162.28
-11799702.63,4654520.23,2162.27
-11799700.63,4654520.59,2162.25
-11799698.63,4654520.98,2162.23
-11799696.63,4654521.350000001,2162.19
-11799694.6,4654521.74,2162.11
-11799692.58,4654522.11,2162.11
-11799684.76,4654519.63,2179.55
-11799690.58,4654522.47,2162.11
-11799682.98,4654520.09,2178.99
-11799683.28,4654521.59,2172.04
-11799686.52,4654523.2,2162.22
-11799679.64,4654521.16,2176.94
-11799684.56,4654523.600000001,2162.03
-11799682.53,4654523.98,2162.03
-11799680.52,4654524.33,2162.01
-11799678.47,4654524.72,2162.09
-11799676.47,4654525.07,2162.08
-11799674.47,4654525.45,2162.04
-11799672.450000001,4654525.850000001,2161.96
-11799670.4,4654526.2,2162.01
-11799668.4,4654526.600000001,2161.94
-11799666.370000001,4654526.98,2161.88
-11799663.5,4654526.91,2164.55
-11799664.39,4654527.34,2161.8
-11799661.450000001,4654527.2700000005,2164.61
-11799661.73,4654527.42,2163.71
-11799662.32,4654527.73,2161.85
-11799660.26,4654528.11,2161.85
-11799658.25,4654528.48,2161.8
-11799656.22,4654528.86,2161.8
-11799654.19,4654529.25,2161.69
-11799652.1,4654529.61,2161.84
-11799650.15,4654530.0,2161.69
-11799648.15,4654530.38,2161.63
-11799646.08,4654530.72,2161.78
-11799644.120000001,4654531.13,2161.56
-11799642.09,4654531.51,2161.56
-11799640.08,4654531.88,2161.48
-11799638.0,4654532.22,2161.63
-11799635.98,4654532.63,2161.54
-11799633.97,4654533.0200000005,2161.47
-11799631.43,4654533.100000001,2163.13
-11799631.97,4654533.42,2161.34
-11799629.9,4654533.76,2161.44
-11799627.84,4654534.15,2161.38
-11799625.94,4654532.600000001,2161.36
-11799627.96,4654532.22,2161.38
-11799630.0,4654531.84,2161.42
-11799632.02,4654531.44,2161.44
-11799634.03,4654531.0600000005,2161.55
-11799636.040000001,4654530.67,2161.67
-11799638.17,4654530.3,2161.48
-11799640.21,4654529.93,2161.55
-11799642.28,4654529.55,2161.51
-11799644.33,4654529.15,2161.61
-11799646.370000001,4654528.7700000005,2161.61
-11799648.43,4654528.4,2161.59
-11799650.46,4654528.0,2161.72
-11799652.5,4654527.63,2161.67
-11799654.540000001,4654527.23,2161.69
-11799656.51,4654526.83,2161.94
-11799658.58,4654526.45,2161.88
-11799660.68,4654526.09,2161.85
-11799661.73,4654525.16,2165.13
-11799662.76,4654525.68,2161.92
-11799664.84,4654525.3100000005,2161.84
-11799666.86,4654524.93,2161.88
-11799668.91,4654524.55,2161.96
-11799670.950000001,4654524.16,2161.98
-11799673.03,4654523.76,2162.04
-11799675.07,4654523.38,2162.11
-11799677.08,4654523.01,2162.09
-11799679.1,4654522.63,2162.13
-11799681.16,4654522.25,2162.1
-11799683.28,4654521.87,2162.1
-11799685.43,4654521.49,2162.02
-11799683.34,4654519.07,2174.44
-11799687.450000001,4654521.100000001,2162.07
-11799685.08,4654518.57,2175.25
-11799689.47,4654520.74,2162.07
-11799691.58,4654520.32,2162.13
-11799693.65,4654519.95,2162.15
-11799695.67,4654519.57,2162.17
-11799697.72,4654519.18,2162.19
-11799699.77,4654518.79,2162.26
-11799701.84,4654518.41,2162.29
-11799703.96,4654518.01,2162.28
-11799706.09,4654517.63,2162.23
-11799707.3,4654516.87,2164.6
-11799708.08,4654517.25,2162.31
-11799709.11,4654516.38,2165.34
-11799712.200000001,4654516.45,2162.5
-11799714.31,4654516.07,2162.48
-11799714.8,4654514.93,2167.08
-11799716.39,4654515.66,2162.5
-11799716.07,4654514.2,2169.36
-11799716.68,4654514.49,2167.57
-11799718.540000001,4654514.0200000005,2168.1
-11799720.44,4654513.5600000005,2168.57
-11799722.38,4654513.13,2168.94
-11799724.69,4654512.850000001,2168.3
-11799727.0,4654512.58,2167.6
-11799729.290000001,4654512.3,2166.98
-11799731.6,4654512.0200000005,2166.3
-11799733.9,4654511.72,2165.76
-11799734.86,4654512.15,2163.06
-11799736.78,4654511.69,2163.51
-11799735.950000001,4654511.45,2163.69
-11799733.18,4654511.45,2165.9
-11799730.98,4654511.73,2166.48
-11799728.76,4654511.99,2167.13
-11799726.61,4654512.24,2167.73
-11799724.41,4654512.51,2168.36
-11799722.22,4654512.7700000005,2168.92
-11799720.370000001,4654513.22,2168.48
-11799718.53,4654513.65,2168.03
-11799716.71,4654514.09,2167.57
-11799714.86,4654514.53,2167.1
-11799716.44,4654515.26,2162.53
-11799714.450000001,4654515.63,2162.44
-11799712.44,4654516.01,2162.44
-11799709.43,4654515.93,2165.29
-11799710.46,4654516.4,2162.3
-11799707.43,4654516.28,2165.35
-11799708.450000001,4654516.75,2162.4
-11799706.48,4654517.13,2162.34
-11799704.53,4654517.51,2162.19
-11799702.49,4654517.88,2162.23
-11799700.48,4654518.24,2162.23
-11799698.49,4654518.61,2162.19
-11799696.5,4654518.98,2162.17
-11799694.52,4654519.36,2162.13
-11799692.49,4654519.72,2162.17
-11799690.5,4654520.11,2162.06
-11799688.47,4654520.49,2162.0
-11799686.49,4654520.850000001,2162.0
-11799684.43,4654521.21,2162.07
-11799682.370000001,4654521.600000001,2162.04
-11799680.3,4654521.94,2162.11
-11799678.3,4654522.32,2162.1
-11799676.28,4654522.7,2162.05
-11799674.27,4654523.07,2162.02
-11799672.3,4654523.45,2161.96
-11799670.290000001,4654523.8100000005,2161.97
-11799668.27,4654524.2,2161.9
-11799666.27,4654524.58,2161.82
-11799664.23,4654524.95,2161.86
-11799662.200000001,4654525.32,2161.86
-11799660.19,4654525.68,2161.86
-11799658.14,4654526.05,2161.88
-11799656.11,4654526.42,2161.86
-11799654.14,4654526.82,2161.67
-11799652.1,4654527.21,2161.63
-11799650.03,4654527.59,2161.65
-11799648.03,4654527.97,2161.58
-11799646.03,4654528.33,2161.61
-11799644.03,4654528.7,2161.6
-11799642.03,4654529.08,2161.51
-11799639.99,4654529.46,2161.49
-11799637.94,4654529.83,2161.48
-11799635.83,4654530.17,2161.65
-11799633.78,4654530.55,2161.65
-11799631.76,4654530.96,2161.5
-11799629.81,4654531.350000001,2161.36
-11799627.75,4654531.69,2161.44
-11799625.74,4654532.100000001,2161.3
-11799625.05,4654529.88,2161.24
-11799627.1,4654529.48,2161.33
-11799629.16,4654529.100000001,2161.36
-11799631.14,4654528.71,2161.47
-11799633.07,4654528.3,2161.76
-11799635.200000001,4654527.96,2161.51
-11799637.22,4654527.58,2161.58
-11799639.290000001,4654527.2,2161.54
-11799641.290000001,4654526.8100000005,2161.65
-11799643.39,4654526.44,2161.56
-11799645.42,4654526.05,2161.69
-11799647.48,4654525.68,2161.61
-11799649.56,4654525.3100000005,2161.55
-11799651.61,4654524.92,2161.6
-11799653.59,4654524.51,2161.84
-11799655.61,4654524.12,2161.94
-11799657.67,4654523.74,2161.96
-11799659.73,4654523.37,2161.94
-11799661.78,4654522.99,2161.88
-11799663.85,4654522.63,2161.85
-11799665.9,4654522.25,2161.88
-11799668.02,4654521.88,2161.79
-11799670.03,4654521.46,2161.94
-11799672.07,4654521.09,2162.01
-11799674.15,4654520.7,2162.05
-11799676.16,4654520.32,2162.11
-11799678.23,4654519.95,2162.08
-11799680.28,4654519.55,2162.13
-11799682.33,4654519.17,2162.15
-11799684.42,4654518.79,2162.13
-11799686.52,4654518.4,2162.15
-11799688.63,4654518.04,2162.06
-11799690.69,4654517.66,2162.07
-11799692.700000001,4654517.29,2162.1
-11799694.74,4654516.9,2162.17
-11799696.83,4654516.51,2162.17
-11799698.91,4654516.12,2162.22
-11799700.950000001,4654515.75,2162.24
-11799702.99,4654515.38,2162.21
-11799704.98,4654514.99,2162.36
-11799707.09,4654514.58,2162.4
-11799709.200000001,4654514.19,2162.47
-11799711.25,4654513.79,2162.51
-11799712.13,4654512.87,2165.94
-11799713.31,4654513.42,2162.53
-11799714.040000001,4654512.43,2166.33
-11799715.98,4654511.98,2166.74
-11799717.9,4654511.51,2167.25
-11799719.84,4654511.0600000005,2167.73
-11799721.72,4654510.59,2168.23
-11799723.58,4654510.13,2168.72
-11799725.620000001,4654509.78,2168.75
-11799727.92,4654509.49,2168.1
-11799730.25,4654509.21,2167.4
-11799732.540000001,4654508.92,2166.84
-11799734.0,4654509.58,2162.73
-11799734.94,4654508.7,2165.94
-11799736.56,4654508.12,2167.19
-11799735.99,4654507.91,2167.13
-11799734.52,4654508.49,2165.72
-11799735.15,4654508.76,2163.97
-11799732.14,4654508.64,2166.96
-11799733.700000001,4654509.33,2162.6
-11799730.0,4654508.89,2167.51
-11799727.790000001,4654509.17,2168.11
-11799725.61,4654509.42,2168.76
-11799723.66,4654509.8,2168.67
-11799721.86,4654510.23,2168.19
-11799720.07,4654510.66,2167.75
-11799718.290000001,4654511.09,2167.28
-11799716.5,4654511.49,2166.85
-11799714.68,4654511.95,2166.38
-11799712.88,4654512.34,2166.04
-11799712.16,4654513.28,2162.44
-11799710.14,4654513.65,2162.44
-11799708.200000001,4654514.0200000005,2162.35
-11799706.22,4654514.37,2162.36
-11799704.3,4654514.73,2162.32
-11799702.39,4654515.12,2162.17
-11799700.39,4654515.46,2162.22
-11799698.42,4654515.84,2162.17
-11799696.46,4654516.2,2162.15
-11799694.51,4654516.5600000005,2162.11
-11799692.48,4654516.93,2162.09
-11799690.51,4654517.3,2162.04
-11799688.52,4654517.67,2162.02
-11799686.57,4654518.01,2162.1
-11799684.59,4654518.37,2162.11
-11799682.59,4654518.71,2162.13
-11799680.6,4654519.09,2162.11
-11799678.63,4654519.44,2162.1
-11799676.68,4654519.82,2162.02
-11799674.68,4654520.18,2162.02
-11799672.700000001,4654520.55,2161.99
-11799670.74,4654520.91,2161.94
-11799668.76,4654521.3,2161.86
-11799666.76,4654521.65,2161.88
-11799664.77,4654522.0200000005,2161.85
-11799662.8,4654522.39,2161.84
-11799660.81,4654522.73,2161.9
-11799658.83,4654523.08,2161.9
-11799656.86,4654523.44,2161.92
-11799654.91,4654523.8100000005,2161.9
-11799652.93,4654524.16,2161.82
-11799651.01,4654524.59,2161.53
-11799649.05,4654524.95,2161.53
-11799647.07,4654525.29,2161.54
-11799645.040000001,4654525.66,2161.6
-11799643.08,4654526.03,2161.55
-11799641.07,4654526.39,2161.57
-11799639.07,4654526.76,2161.48
-11799637.01,4654527.100000001,2161.59
-11799635.06,4654527.51,2161.42
-11799633.040000001,4654527.83,2161.67
-11799631.15,4654528.22,2161.42
-11799629.16,4654528.59,2161.4
-11799627.21,4654528.98,2161.26
-11799625.28,4654529.350000001,2161.15
-11799625.19,4654527.16,2161.17
-11799627.21,4654526.76,2161.27
-11799629.22,4654526.38,2161.36
-11799631.24,4654526.0,2161.42
-11799633.27,4654525.61,2161.49
-11799635.33,4654525.24,2161.49
-11799637.370000001,4654524.86,2161.5
-11799639.44,4654524.49,2161.5
-11799641.48,4654524.11,2161.53
-11799643.52,4654523.72,2161.55
-11799645.58,4654523.36,2161.55
-11799647.66,4654522.99,2161.47
-11799649.67,4654522.59,2161.61
-11799651.620000001,4654522.16,2161.94
-11799651.98,4654520.89,2167.35
-11799654.61,4654520.8100000005,2165.55
-11799655.71,4654521.4,2162.04
-11799657.75,4654521.03,2161.99
-11799659.78,4654520.66,2161.98
-11799661.88,4654520.29,2161.94
-11799663.97,4654519.92,2161.92
-11799666.02,4654519.53,2161.92
-11799668.01,4654519.16,2161.98
-11799670.120000001,4654518.82,2161.82
-11799672.16,4654518.42,2161.94
-11799674.23,4654518.03,2162.03
-11799676.28,4654517.64,2162.09
-11799678.34,4654517.25,2162.13
-11799680.36,4654516.86,2162.19
-11799682.43,4654516.49,2162.19
-11799684.51,4654516.12,2162.17
-11799686.57,4654515.74,2162.17
-11799688.64,4654515.37,2162.15
-11799690.74,4654515.0,2162.09
-11799692.83,4654514.62,2162.1
-11799694.89,4654514.24,2162.15
-11799696.950000001,4654513.850000001,2162.19
-11799699.02,4654513.48,2162.19
-11799701.06,4654513.100000001,2162.22
-11799703.09,4654512.69,2162.38
-11799704.08,4654511.82,2165.47
-11799705.13,4654512.32,2162.38
-11799704.14,4654510.5,2171.31
-11799705.15,4654510.97,2168.36
-11799706.64,4654510.32,2170.13
-11799707.01,4654510.48,2169.05
-11799708.01,4654510.94,2166.13
-11799709.27,4654511.54,2162.5
-11799710.26,4654510.66,2165.63
-11799712.25,4654510.25,2165.78
-11799714.25,4654509.86,2165.97
-11799715.94,4654509.29,2167.13
-11799717.89,4654508.83,2167.57
-11799719.88,4654508.41,2167.78
-11799721.98,4654508.0600000005,2167.69
-11799723.9,4654507.600000001,2168.21
-11799725.790000001,4654507.14,2168.73
-11799727.790000001,4654506.75,2168.85
-11799731.17,4654506.96,2165.17
-11799732.05,4654507.350000001,2162.71
-11799733.32,4654506.61,2164.97
-11799734.120000001,4654506.96,2162.69
-11799736.22,4654506.58,2162.73
-11799736.8,4654505.45,2165.65
-11799735.85,4654506.2700000005,2162.69
-11799733.1,4654506.28,2164.86
-11799733.89,4654506.63,2162.65
-11799729.86,4654506.0600000005,2168.47
-11799731.09,4654506.61,2165.0
-11799731.92,4654506.98,2162.69
-11799727.68,4654506.34,2168.99
-11799725.81,4654506.75,2168.65
-11799723.97,4654507.19,2168.15
-11799722.14,4654507.63,2167.65
-11799720.200000001,4654508.0,2167.6
-11799718.16,4654508.34,2167.69
-11799716.3,4654508.7700000005,2167.3
-11799714.78,4654509.34,2165.96
-11799712.85,4654509.72,2165.8
-11799710.9,4654510.100000001,2165.65
-11799707.68,4654509.91,2169.17
-11799710.03,4654511.0,2162.38
-11799705.27,4654510.05,2170.44
-11799706.03,4654510.41,2168.24
-11799706.91,4654510.83,2165.67
-11799708.040000001,4654511.350000001,2162.38
-11799703.69,4654510.62,2169.23
-11799704.57,4654511.0200000005,2166.67
-11799704.98,4654511.22,2165.48
-11799706.03,4654511.71,2162.4
-11799704.07,4654512.09,2162.32
-11799702.08,4654512.44,2162.35
-11799700.14,4654512.84,2162.13
-11799698.1,4654513.19,2162.19
-11799696.1,4654513.5600000005,2162.17
-11799694.120000001,4654513.93,2162.11
-11799692.17,4654514.29,2162.06
-11799690.15,4654514.64,2162.15
-11799688.1,4654515.01,2162.13
-11799686.06,4654515.350000001,2162.17
-11799684.040000001,4654515.73,2162.17
-11799682.040000001,4654516.09,2162.17
-11799680.03,4654516.45,2162.15
-11799677.99,4654516.82,2162.13
-11799675.97,4654517.22,2162.03
-11799673.96,4654517.57,2161.99
-11799671.97,4654517.96,2161.92
-11799669.97,4654518.33,2161.88
-11799667.91,4654518.68,2162.0
-11799665.92,4654519.04,2161.9
-11799663.89,4654519.43,2161.9
-11799661.86,4654519.78,2161.94
-11799659.82,4654520.12,2161.98
-11799657.81,4654520.49,2162.01
-11799653.73,4654519.79,2168.44
-11799654.67,4654520.28,2165.49
-11799651.96,4654520.3,2167.63
-11799651.76,4654521.61,2161.86
-11799649.31,4654521.76,2163.21
-11799649.78,4654522.0,2161.69
-11799647.81,4654522.42,2161.47
-11799645.75,4654522.76,2161.57
-11799643.74,4654523.13,2161.54
-11799641.73,4654523.53,2161.42
-11799639.67,4654523.87,2161.49
-11799637.61,4654524.24,2161.6
-11799635.61,4654524.63,2161.42
-11799633.58,4654525.0,2161.44
-11799631.61,4654525.36,2161.42
-11799629.59,4654525.72,2161.38
-11799627.620000001,4654526.09,2161.27
-11799625.620000001,4654526.48,2161.21
-11799625.38,4654524.350000001,2161.26
-11799627.39,4654523.95,2161.36
-11799629.44,4654523.61,2161.31
-11799631.49,4654523.21,2161.38
-11799633.57,4654522.82,2161.44
-11799635.57,4654522.43,2161.63
-11799637.66,4654522.08,2161.42
-11799639.71,4654521.73,2161.4
-11799641.74,4654521.350000001,2161.44
-11799643.77,4654520.94,2161.57
-11799645.85,4654520.600000001,2161.44
-11799647.32,4654519.93,2163.33
-11799647.82,4654520.2,2161.69
-11799648.19,4654518.92,2167.07
-11799649.81,4654519.8,2161.9
-11799650.0,4654518.45,2167.8
-11799651.81,4654517.95,2168.53
-11799653.63,4654517.42,2169.36
-11799655.68,4654517.08,2169.29
-11799656.89,4654517.71,2165.48
-11799660.03,4654517.93,2161.99
-11799662.08,4654517.5600000005,2162.0
-11799664.17,4654517.18,2161.97
-11799666.25,4654516.82,2161.94
-11799668.290000001,4654516.45,2161.9
-11799670.35,4654516.0600000005,2161.99
-11799672.48,4654515.7,2161.86
-11799674.52,4654515.3100000005,2161.98
-11799676.59,4654514.93,2162.03
-11799678.64,4654514.53,2162.15
-11799680.68,4654514.16,2162.11
-11799682.72,4654513.78,2162.17
-11799684.78,4654513.41,2162.19
-11799686.86,4654513.03,2162.23
-11799688.93,4654512.65,2162.17
-11799690.98,4654512.29,2162.19
-11799693.08,4654511.94,2162.1
-11799695.13,4654511.5600000005,2162.1
-11799697.19,4654511.18,2162.13
-11799699.200000001,4654510.78,2162.31
-11799701.28,4654510.4,2162.34
-11799703.34,4654510.0200000005,2162.36
-11799703.540000001,4654508.75,2167.83
-11799704.200000001,4654509.0600000005,2165.92
-11799705.34,4654509.61,2162.59
-11799705.040000001,4654508.13,2169.48
-11799705.44,4654508.3,2168.34
-11799707.84,4654508.0600000005,2167.44
-11799708.38,4654508.32,2165.86
-11799709.28,4654508.75,2163.29
-11799711.18,4654508.24,2163.94
-11799711.69,4654508.49,2162.44
-11799712.65,4654507.62,2165.61
-11799714.66,4654507.21,2165.77
-11799716.68,4654506.8,2165.96
-11799718.17,4654506.19,2167.52
-11799718.59,4654506.39,2166.32
-11799720.36,4654505.88,2167.13
-11799722.42,4654505.49,2167.23
-11799724.32,4654505.03,2167.75
-11799726.19,4654504.58,2168.26
-11799728.22,4654505.49,2162.54
-11799728.08,4654504.14,2168.69
-11799729.43,4654504.73,2164.92
-11799730.23,4654505.100000001,2162.63
-11799730.21,4654503.8,2168.53
-11799730.86,4654504.08,2166.69
-11799732.31,4654504.73,2162.65
-11799734.06,4654504.18,2163.65
-11799736.53,4654503.96,2162.67
-11799736.92,4654502.86,2167.34
-11799736.620000001,4654502.600000001,2167.44
-11799735.88,4654503.48,2164.08
-11799736.38,4654503.7,2162.67
-11799734.05,4654503.91,2163.63
-11799730.11,4654503.39,2169.15
-11799730.97,4654503.78,2166.72
-11799732.44,4654504.42,2162.65
-11799728.92,4654504.08,2167.01
-11799730.49,4654504.7700000005,2162.65
-11799726.46,4654504.23,2168.29
-11799727.46,4654504.69,2165.47
-11799728.43,4654505.12,2162.73
-11799724.67,4654504.67,2167.79
-11799722.870000001,4654505.100000001,2167.28
-11799720.99,4654505.5200000005,2166.94
-11799718.86,4654505.8100000005,2167.36
-11799717.34,4654506.38,2166.02
-11799715.41,4654506.7700000005,2165.81
-11799713.46,4654507.15,2165.67
-11799711.56,4654507.53,2165.44
-11799712.57,4654507.99,2162.58
-11799710.15,4654508.17,2163.71
-11799707.09,4654508.04,2166.81
-11799707.540000001,4654508.23,2165.52
-11799708.58,4654508.73,2162.48
-11799704.17,4654507.97,2169.47
-11799703.55,4654508.96,2165.44
-11799704.57,4654509.45,2162.47
-11799702.61,4654509.83,2162.35
-11799700.620000001,4654510.18,2162.36
-11799698.61,4654510.5600000005,2162.31
-11799696.65,4654510.95,2162.13
-11799694.66,4654511.3100000005,2162.1
-11799692.64,4654511.67,2162.13
-11799690.620000001,4654512.0200000005,2162.21
-11799688.58,4654512.37,2162.22
-11799686.55,4654512.75,2162.17
-11799684.56,4654513.100000001,2162.19
-11799682.59,4654513.45,2162.19
-11799680.56,4654513.8100000005,2162.21
-11799678.57,4654514.2,2162.11
-11799676.58,4654514.57,2162.04
-11799674.58,4654514.94,2162.0
-11799672.58,4654515.32,2161.88
-11799670.540000001,4654515.63,2162.02
-11799668.540000001,4654516.03,2161.94
-11799666.48,4654516.4,2161.96
-11799664.46,4654516.75,2162.01
-11799662.44,4654517.11,2162.03
-11799660.41,4654517.48,2162.02
-11799656.08,4654516.68,2169.03
-11799657.11,4654517.22,2165.83
-11799653.89,4654516.93,2169.61
-11799652.13,4654517.42,2168.9
-11799650.35,4654517.91,2168.13
-11799648.58,4654518.4,2167.38
-11799648.290000001,4654519.68,2161.81
-11799646.33,4654520.100000001,2161.5
-11799644.26,4654520.46,2161.55
-11799642.28,4654520.84,2161.5
-11799640.27,4654521.2,2161.48
-11799638.23,4654521.5600000005,2161.47
-11799636.22,4654521.93,2161.4
-11799634.13,4654522.28,2161.55
-11799632.15,4654522.67,2161.4
-11799630.15,4654523.05,2161.34
-11799628.15,4654523.42,2161.27
-11799626.11,4654523.79,2161.28
-11799626.39,4654521.67,2161.27
-11799628.43,4654521.32,2161.25
-11799630.5,4654520.93,2161.36
-11799632.52,4654520.5200000005,2161.55
-11799634.56,4654520.17,2161.46
-11799636.59,4654519.83,2161.4
-11799638.6,4654519.44,2161.47
-11799640.64,4654519.05,2161.53
-11799642.68,4654518.71,2161.52
-11799644.18,4654518.05,2163.24
-11799644.700000001,4654518.3100000005,2161.59
-11799646.68,4654517.91,2161.83
-11799646.93,4654516.58,2167.6
-11799648.72,4654516.08,2168.36
-11799650.58,4654515.58,2169.15
-11799652.57,4654515.16,2169.42
-11799654.790000001,4654514.88,2168.9
-11799657.17,4654514.69,2167.81
-11799660.01,4654514.71,2165.5
-11799661.15,4654515.3,2161.9
-11799663.18,4654514.91,2162.05
-11799665.22,4654514.55,2161.99
-11799667.26,4654514.17,2162.01
-11799669.33,4654513.8100000005,2162.0
-11799671.4,4654513.43,2162.01
-11799673.48,4654513.08,2161.98
-11799675.55,4654512.69,2162.0
-11799677.59,4654512.3100000005,2162.06
-11799679.65,4654511.94,2162.08
-11799681.67,4654511.55,2162.23
-11799683.74,4654511.18,2162.23
-11799685.790000001,4654510.8,2162.26
-11799687.83,4654510.42,2162.3
-11799689.91,4654510.0600000005,2162.26
-11799692.01,4654509.68,2162.23
-11799694.07,4654509.3100000005,2162.27
-11799696.18,4654508.94,2162.15
-11799698.17,4654508.5600000005,2162.36
-11799700.23,4654508.19,2162.35
-11799702.33,4654507.8,2162.4
-11799702.59,4654506.55,2167.79
-11799703.5,4654506.98,2165.13
-11799704.44,4654507.4,2162.42
-11799703.78,4654505.8100000005,2170.15
-11799705.53,4654505.3,2171.05
-11799706.13,4654505.58,2169.32
-11799708.06,4654505.12,2169.78
-11799710.59,4654506.3,2162.49
-11799712.67,4654505.92,2162.53
-11799713.72,4654505.08,2165.42
-11799714.57,4654505.47,2163.02
-11799715.700000001,4654504.66,2165.69
-11799717.72,4654504.2700000005,2165.86
-11799719.72,4654503.850000001,2166.11
-11799721.66,4654503.42,2166.51
-11799723.55,4654502.96,2167.02
-11799726.74,4654503.08,2163.94
-11799727.790000001,4654502.24,2166.81
-11799728.53,4654502.58,2164.73
-11799729.24,4654502.9,2162.75
-11799729.11,4654501.5600000005,2168.84
-11799729.78,4654501.84,2166.97
-11799731.32,4654502.54,2162.67
-11799731.15,4654501.17,2168.96
-11799733.41,4654502.16,2162.67
-11799732.82,4654500.58,2170.17
-11799735.18,4654500.34,2169.44
-11799735.82,4654499.37,2173.29
-11799735.99,4654498.94,2173.32
-11799735.47,4654499.91,2169.38
-11799733.02,4654500.0600000005,2170.69
-11799733.91,4654501.68,2162.73
-11799729.99,4654501.17,2168.15
-11799730.63,4654501.45,2166.36
-11799731.950000001,4654502.0200000005,2162.65
-11799728.47,4654501.72,2166.94
-11799729.23,4654502.04,2164.82
-11799729.98,4654502.37,2162.72
-11799727.55,4654502.53,2163.97
-11799728.05,4654502.76,2162.58
-11799724.41,4654502.38,2167.19
-11799725.68,4654502.94,2163.63
-11799722.61,4654502.8100000005,2166.67
-11799720.78,4654503.22,2166.24
-11799718.88,4654503.62,2165.96
-11799716.98,4654504.01,2165.77
-11799715.07,4654504.39,2165.6
-11799714.03,4654505.2,2162.79
-11799712.120000001,4654505.600000001,2162.51
-11799708.4,4654505.15,2167.48
-11799709.41,4654505.63,2164.52
-11799710.14,4654505.96,2162.42
-11799705.19,4654504.93,2171.07
-11799705.74,4654505.2,2169.44
-11799703.51,4654505.43,2170.15
-11799704.32,4654505.8,2167.8
-11799702.24,4654506.14,2167.92
-11799703.23,4654506.62,2165.04
-11799704.14,4654507.03,2162.38
-11799702.15,4654507.4,2162.36
-11799700.18,4654507.76,2162.34
-11799698.16,4654508.11,2162.34
-11799696.200000001,4654508.51,2162.15
-11799694.17,4654508.850000001,2162.17
-11799692.16,4654509.22,2162.22
-11799690.16,4654509.5600000005,2162.24
-11799688.13,4654509.91,2162.24
-11799686.120000001,4654510.28,2162.23
-11799684.1,4654510.65,2162.17
-11799682.09,4654511.0200000005,2162.13
-11799680.11,4654511.39,2162.07
-11799678.120000001,4654511.73,2162.08
-11799676.14,4654512.100000001,2161.99
-11799674.15,4654512.48,2161.9
-11799672.1,4654512.82,2161.99
-11799670.11,4654513.18,2161.99
-11799668.07,4654513.54,2161.99
-11799666.0,4654513.89,2162.07
-11799663.99,4654514.26,2162.01
-11799660.9,4654514.0600000005,2165.4
-11799661.99,4654514.62,2161.97
-11799658.28,4654514.100000001,2167.3
-11799658.78,4654514.36,2165.73
-11799656.05,4654514.34,2167.92
-11799653.67,4654514.54,2168.99
-11799651.43,4654514.8,2169.61
-11799649.61,4654515.2700000005,2168.94
-11799647.84,4654515.7700000005,2168.17
-11799646.040000001,4654516.25,2167.44
-11799645.77,4654517.54,2161.82
-11799643.82,4654517.95,2161.52
-11799641.81,4654518.33,2161.46
-11799639.83,4654518.69,2161.38
-11799637.78,4654519.03,2161.48
-11799635.73,4654519.41,2161.46
-11799633.72,4654519.7700000005,2161.4
-11799631.66,4654520.11,2161.5
-11799629.700000001,4654520.5,2161.32
-11799627.69,4654520.88,2161.25
-11799625.65,4654521.25,2161.21
-11799625.58,4654519.43,2161.22
-11799627.63,4654519.0600000005,2161.25
-11799629.64,4654518.68,2161.35
-11799631.71,4654518.33,2161.3
-11799633.74,4654517.96,2161.38
-11799635.76,4654517.59,2161.4
-11799637.83,4654517.23,2161.36
-11799639.89,4654516.850000001,2161.4
-11799641.92,4654516.47,2161.51
-11799643.84,4654516.05,2161.8
-11799644.1,4654514.74,2167.5
-11799645.93,4654514.26,2168.22
-11799647.74,4654513.7700000005,2168.94
-11799649.61,4654513.3,2169.61
-11799651.870000001,4654513.03,2168.96
-11799654.02,4654512.74,2168.58
-11799656.23,4654512.42,2168.17
-11799659.120000001,4654512.5,2165.59
-11799662.32,4654512.72,2162.03
-11799664.4,4654512.350000001,2161.99
-11799666.36,4654511.97,2162.15
-11799668.48,4654511.63,2162.0
-11799670.55,4654511.25,2162.06
-11799672.64,4654510.88,2162.02
-11799674.700000001,4654510.54,2161.94
-11799676.78,4654510.15,2161.97
-11799678.81,4654509.7700000005,2162.08
-11799680.83,4654509.39,2162.15
-11799682.88,4654509.0200000005,2162.19
-11799684.96,4654508.63,2162.22
-11799687.0,4654508.2700000005,2162.27
-11799689.07,4654507.89,2162.29
-11799691.16,4654507.5200000005,2162.31
-11799693.25,4654507.15,2162.32
-11799695.31,4654506.78,2162.3
-11799697.4,4654506.42,2162.21
-11799699.4,4654506.0200000005,2162.38
-11799701.48,4654505.67,2162.4
-11799702.120000001,4654504.62,2166.59
-11799703.55,4654505.28,2162.44
-11799704.38,4654504.3100000005,2166.15
-11799705.66,4654504.91,2162.44
-11799705.67,4654503.59,2168.35
-11799706.67,4654504.0600000005,2165.46
-11799707.700000001,4654504.53,2162.49
-11799709.77,4654504.16,2162.53
-11799711.86,4654503.8,2162.53
-11799713.950000001,4654503.43,2162.49
-11799716.0,4654503.05,2162.58
-11799716.96,4654502.19,2165.63
-11799718.97,4654501.79,2165.79
-11799720.99,4654501.39,2166.01
-11799723.51,4654501.22,2164.77
-11799724.23,4654501.54,2162.71
-11799725.35,4654500.71,2165.5
-11799727.120000001,4654500.24,2166.29
-11799728.4,4654500.82,2162.67
-11799729.44,4654500.0,2165.48
-11799730.4,4654500.44,2162.77
-11799729.89,4654498.93,2169.96
-11799730.81,4654499.34,2167.36
-11799731.85,4654499.8100000005,2164.46
-11799732.47,4654500.07,2162.78
-11799731.120000001,4654498.17,2172.34
-11799733.57,4654497.94,2171.42
-11799735.85,4654497.69,2170.8
-11799736.66,4654497.32,2170.51
-11799734.52,4654497.59,2171.02
-11799732.01,4654497.7,2172.47
-11799730.25,4654498.17,2171.81
-11799730.99,4654499.71,2164.23
-11799731.55,4654499.95,2162.69
-11799728.52,4654499.8100000005,2165.78
-11799729.61,4654500.29,2162.74
-11799726.35,4654500.0600000005,2166.35
-11799727.66,4654500.66,2162.65
-11799724.8,4654500.62,2165.11
-11799725.68,4654501.0200000005,2162.63
-11799722.4,4654500.78,2166.26
-11799723.66,4654501.36,2162.69
-11799720.51,4654501.19,2165.92
-11799718.59,4654501.57,2165.76
-11799716.66,4654501.95,2165.59
-11799717.66,4654502.4,2162.74
-11799715.75,4654502.78,2162.56
-11799713.76,4654503.13,2162.49
-11799711.75,4654503.5,2162.51
-11799709.75,4654503.84,2162.52
-11799706.700000001,4654503.7,2165.55
-11799707.76,4654504.21,2162.48
-11799704.48,4654503.95,2166.24
-11799705.76,4654504.55,2162.5
-11799702.33,4654504.25,2166.63
-11799703.76,4654504.9,2162.48
-11799701.76,4654505.29,2162.4
-11799699.78,4654505.63,2162.38
-11799697.84,4654506.01,2162.23
-11799695.8,4654506.36,2162.3
-11799693.78,4654506.71,2162.31
-11799691.74,4654507.07,2162.32
-11799689.75,4654507.44,2162.28
-11799687.76,4654507.79,2162.28
-11799685.790000001,4654508.15,2162.22
-11799683.75,4654508.51,2162.19
-11799681.73,4654508.88,2162.15
-11799679.74,4654509.22,2162.11
-11799677.77,4654509.62,2161.98
-11799675.77,4654509.96,2161.94
-11799673.73,4654510.34,2161.92
-11799671.65,4654510.68,2162.04
-11799669.66,4654511.04,2162.01
-11799667.65,4654511.38,2162.0
-11799664.83,4654511.36,2164.42
-11799665.61,4654511.76,2162.0
-11799663.56,4654512.12,2162.0
-11799661.52,4654512.49,2162.0
-11799658.33,4654512.23,2165.65
-11799655.5,4654512.16,2168.21
-11799653.33,4654512.45,2168.61
-11799651.200000001,4654512.74,2168.99
-11799648.98,4654513.01,2169.58
-11799647.200000001,4654513.48,2168.88
-11799645.39,4654513.97,2168.13
-11799643.450000001,4654514.38,2167.8
-11799643.33,4654515.74,2161.78
-11799641.39,4654516.16,2161.46
-11799639.39,4654516.5200000005,2161.4
-11799637.39,4654516.89,2161.36
-11799635.34,4654517.25,2161.38
-11799633.28,4654517.62,2161.35
-11799631.25,4654517.99,2161.3
-11799629.22,4654518.32,2161.4
-11799627.27,4654518.7,2161.26
-11799625.23,4654519.0600000005,2161.22
-11799625.08,4654517.07,2161.22
-11799627.11,4654516.7,2161.29
-11799629.17,4654516.34,2161.25
-11799631.21,4654515.97,2161.29
-11799633.28,4654515.600000001,2161.33
-11799635.3,4654515.24,2161.31
-11799637.32,4654514.87,2161.36
-11799639.33,4654514.5,2161.46
-11799641.3,4654514.07,2161.82
-11799641.040000001,4654512.43,2169.38
-11799643.33,4654512.21,2168.57
-11799645.23,4654511.78,2168.97
-11799647.09,4654511.32,2169.58
-11799649.43,4654511.09,2168.75
-11799651.59,4654510.76,2168.48
-11799653.73,4654510.46,2168.15
-11799656.58,4654510.53,2165.57
-11799659.790000001,4654510.76,2161.99
-11799661.84,4654510.38,2162.01
-11799663.9,4654510.04,2161.97
-11799665.99,4654509.67,2161.94
-11799668.07,4654509.3,2161.96
-11799670.07,4654508.94,2161.99
-11799672.16,4654508.59,2161.92
-11799674.24,4654508.22,2161.94
-11799676.31,4654507.850000001,2161.94
-11799678.4,4654507.48,2161.94
-11799680.44,4654507.100000001,2162.06
-11799682.46,4654506.73,2162.11
-11799684.52,4654506.34,2162.17
-11799686.57,4654505.97,2162.26
-11799688.63,4654505.600000001,2162.3
-11799690.68,4654505.23,2162.34
-11799692.77,4654504.850000001,2162.36
-11799694.85,4654504.49,2162.35
-11799696.9,4654504.13,2162.34
-11799699.01,4654503.7700000005,2162.26
-11799701.01,4654503.39,2162.4
-11799703.06,4654503.01,2162.47
-11799704.11,4654502.16,2165.42
-11799705.14,4654502.64,2162.46
-11799707.15,4654502.28,2162.5
-11799709.22,4654501.9,2162.54
-11799711.35,4654501.54,2162.46
-11799711.64,4654500.350000001,2167.6
-11799713.4,4654501.16,2162.58
-11799713.18,4654499.74,2169.11
-11799715.46,4654500.79,2162.58
-11799717.43,4654500.38,2162.88
-11799718.55,4654499.58,2165.61
-11799719.59,4654500.0600000005,2162.65
-11799719.82,4654498.82,2167.99
-11799720.25,4654499.01,2166.79
-11799721.67,4654499.66,2162.77
-11799721.72,4654498.37,2168.53
-11799724.120000001,4654498.15,2167.65
-11799725.08,4654498.57,2164.94
-11799725.88,4654498.94,2162.69
-11799727.950000001,4654498.57,2162.69
-11799728.450000001,4654497.51,2167.06
-11799730.01,4654498.2,2162.72
-11799729.290000001,4654496.59,2170.49
-11799731.06,4654496.100000001,2171.33
-11799732.85,4654495.59,2172.22
-11799735.08,4654495.3,2171.76
-11799736.22,4654494.93,2171.19
-11799733.790000001,4654495.07,2172.48
-11799732.11,4654495.53,2171.69
-11799730.4,4654496.0,2170.92
-11799728.69,4654496.46,2170.17
-11799729.39,4654498.0,2162.69
-11799726.120000001,4654497.7700000005,2166.32
-11799727.450000001,4654498.37,2162.6
-11799723.73,4654497.95,2167.44
-11799724.56,4654498.3100000005,2165.13
-11799725.43,4654498.68,2162.67
-11799721.32,4654498.09,2168.61
-11799719.94,4654498.72,2166.9
-11799721.41,4654499.4,2162.71
-11799718.41,4654499.29,2165.57
-11799719.44,4654499.75,2162.67
-11799717.33,4654500.04,2163.0
-11799713.19,4654499.42,2169.11
-11799715.47,4654500.45,2162.6
-11799711.74,4654500.0,2167.55
-11799713.46,4654500.79,2162.63
-11799711.52,4654501.17,2162.53
-11799709.55,4654501.53,2162.46
-11799707.52,4654501.87,2162.52
-11799705.56,4654502.24,2162.44
-11799703.55,4654502.59,2162.44
-11799701.55,4654502.93,2162.42
-11799699.64,4654503.33,2162.21
-11799697.61,4654503.66,2162.3
-11799695.6,4654504.0,2162.32
-11799693.57,4654504.350000001,2162.33
-11799691.55,4654504.71,2162.33
-11799689.55,4654505.05,2162.3
-11799687.53,4654505.43,2162.28
-11799685.52,4654505.79,2162.22
-11799683.5,4654506.16,2162.19
-11799681.53,4654506.51,2162.13
-11799679.57,4654506.88,2161.97
-11799677.540000001,4654507.26,2161.92
-11799675.49,4654507.62,2161.92
-11799673.46,4654507.96,2161.94
-11799671.46,4654508.33,2161.9
-11799669.43,4654508.67,2161.96
-11799667.42,4654509.0200000005,2161.94
-11799665.39,4654509.38,2161.94
-11799663.39,4654509.72,2161.98
-11799661.36,4654510.07,2161.98
-11799659.31,4654510.43,2161.98
-11799656.14,4654510.2,2165.58
-11799653.31,4654510.13,2168.15
-11799651.34,4654510.5,2167.96
-11799649.11,4654510.74,2168.71
-11799646.83,4654510.94,2169.56
-11799644.94,4654511.39,2169.06
-11799642.99,4654511.7700000005,2168.81
-11799640.71,4654512.0,2169.61
-11799641.11,4654513.67,2161.81
-11799639.16,4654514.08,2161.51
-11799637.13,4654514.47,2161.33
-11799635.08,4654514.84,2161.26
-11799633.03,4654515.18,2161.29
-11799631.040000001,4654515.55,2161.27
-11799629.08,4654515.89,2161.26
-11799627.040000001,4654516.26,2161.22
-11799624.99,4654516.63,2161.21
-11799625.92,4654514.91,2161.19
-11799627.96,4654514.55,2161.23
-11799630.03,4654514.18,2161.27
-11799632.06,4654513.8100000005,2161.31
-11799634.120000001,4654513.44,2161.32
-11799636.21,4654513.07,2161.34
-11799637.66,4654512.38,2163.31
-11799638.17,4654512.66,2161.63
-11799638.14,4654511.16,2168.36
-11799640.15,4654512.26,2161.9
-11799639.98,4654510.7,2169.04
-11799641.84,4654510.25,2169.57
-11799643.950000001,4654509.93,2169.35
-11799646.03,4654509.58,2169.28
-11799648.35,4654509.37,2168.42
-11799650.64,4654509.17,2167.49
-11799653.22,4654509.09,2165.8
-11799655.47,4654508.8,2165.38
-11799656.57,4654509.37,2161.92
-11799658.620000001,4654508.99,2162.0
-11799660.67,4654508.64,2161.98
-11799662.700000001,4654508.28,2161.96
-11799664.78,4654507.94,2161.9
-11799666.870000001,4654507.57,2161.9
-11799668.92,4654507.2,2161.92
-11799670.97,4654506.84,2161.94
-11799673.09,4654506.46,2161.94
-11799675.13,4654506.11,2161.98
-11799677.19,4654505.73,2161.97
-11799679.26,4654505.38,2161.94
-11799681.290000001,4654504.99,2162.04
-11799683.31,4654504.62,2162.17
-11799685.370000001,4654504.25,2162.21
-11799687.41,4654503.87,2162.3
-11799689.450000001,4654503.51,2162.32
-11799691.53,4654503.15,2162.34
-11799693.66,4654502.76,2162.35
-11799695.72,4654502.41,2162.35
-11799697.790000001,4654502.05,2162.32
-11799699.870000001,4654501.68,2162.31
-11799701.97,4654501.3100000005,2162.33
-11799704.0,4654500.92,2162.5
-11799706.05,4654500.55,2162.51
-11799708.15,4654500.19,2162.5
-11799710.200000001,4654499.8100000005,2162.54
-11799710.28,4654498.5600000005,2168.21
-11799712.27,4654499.47,2162.5
-11799713.08,4654498.5,2166.17
-11799714.36,4654497.79,2168.4
-11799716.4,4654498.73,2162.58
-11799718.46,4654498.36,2162.6
-11799719.42,4654497.47,2165.81
-11799720.53,4654497.98,2162.69
-11799720.72,4654496.76,2168.04
-11799723.61,4654496.76,2165.79
-11799724.74,4654497.2700000005,2162.61
-11799725.3,4654496.22,2166.77
-11799725.82,4654495.19,2171.07
-11799728.11,4654494.91,2170.52
-11799729.9,4654494.43,2171.28
-11799732.06,4654494.100000001,2171.08
-11799733.870000001,4654493.62,2171.85
-11799735.78,4654493.15,2172.4
-11799735.16,4654492.96,2172.31
-11799733.51,4654493.43,2171.5
-11799731.700000001,4654493.86,2171.0
-11799729.61,4654494.15,2171.34
-11799727.86,4654494.59,2170.67
-11799725.6,4654494.8100000005,2171.49
-11799725.24,4654495.88,2166.92
-11799723.47,4654496.33,2166.27
-11799724.27,4654496.68,2164.06
-11799724.76,4654496.91,2162.67
-11799721.0,4654496.43,2167.8
-11799719.790000001,4654497.12,2165.61
-11799720.82,4654497.58,2162.73
-11799718.86,4654497.94,2162.63
-11799716.870000001,4654498.29,2162.6
-11799712.91,4654497.74,2168.13
-11799714.85,4654498.63,2162.61
-11799712.07,4654498.65,2164.77
-11799712.84,4654499.0,2162.59
-11799710.86,4654499.34,2162.56
-11799708.94,4654499.7,2162.46
-11799706.92,4654500.04,2162.5
-11799704.92,4654500.4,2162.51
-11799702.950000001,4654500.74,2162.4
-11799701.0,4654501.13,2162.27
-11799698.98,4654501.46,2162.36
-11799696.94,4654501.8,2162.38
-11799694.92,4654502.17,2162.34
-11799692.9,4654502.51,2162.38
-11799690.91,4654502.87,2162.34
-11799688.94,4654503.21,2162.32
-11799686.94,4654503.57,2162.26
-11799684.9,4654503.94,2162.22
-11799682.870000001,4654504.32,2162.11
-11799680.88,4654504.67,2161.99
-11799678.89,4654505.04,2161.96
-11799676.84,4654505.4,2161.94
-11799674.82,4654505.75,2161.92
-11799672.790000001,4654506.09,2161.94
-11799670.76,4654506.44,2161.96
-11799668.790000001,4654506.8,2161.92
-11799666.8,4654507.16,2161.86
-11799664.72,4654507.5,2161.94
-11799662.65,4654507.86,2161.92
-11799660.64,4654508.2,2161.97
-11799658.66,4654508.54,2161.98
-11799655.57,4654508.3100000005,2165.42
-11799656.69,4654508.89,2161.94
-11799653.47,4654508.64,2165.67
-11799650.9,4654508.72,2167.33
-11799648.64,4654508.92,2168.11
-11799646.39,4654509.14,2168.98
-11799644.15,4654509.39,2169.55
-11799642.1,4654509.74,2169.54
-11799640.25,4654510.19,2168.94
-11799638.38,4654510.66,2168.34
-11799638.38,4654512.12,2161.76
-11799636.46,4654512.53,2161.38
-11799634.46,4654512.91,2161.28
-11799632.43,4654513.2700000005,2161.31
-11799630.42,4654513.61,2161.24
-11799628.39,4654513.99,2161.21
-11799626.39,4654514.33,2161.19
-11799624.38,4654514.67,2161.24
-11799625.370000001,4654513.0,2161.22
-11799627.42,4654512.63,2161.19
-11799629.5,4654512.2700000005,2161.22
-11799631.55,4654511.89,2161.3
-11799633.61,4654511.53,2161.32
-11799635.09,4654510.850000001,2163.22
-11799635.59,4654511.14,2161.56
-11799637.540000001,4654510.74,2161.84
-11799637.81,4654509.4,2167.63
-11799639.65,4654508.94,2168.29
-11799641.450000001,4654508.46,2169.01
-11799643.370000001,4654508.0200000005,2169.51
-11799645.53,4654507.72,2169.15
-11799647.870000001,4654507.53,2168.17
-11799650.16,4654507.3,2167.36
-11799650.63,4654507.57,2165.86
-11799652.790000001,4654507.2700000005,2165.51
-11799655.98,4654507.51,2161.94
-11799658.07,4654507.14,2161.97
-11799660.13,4654506.7700000005,2161.94
-11799662.19,4654506.43,2161.9
-11799664.26,4654506.08,2161.86
-11799666.3,4654505.73,2161.88
-11799668.39,4654505.350000001,2161.94
-11799670.46,4654504.98,2161.97
-11799672.540000001,4654504.62,2161.98
-11799674.540000001,4654504.25,2162.02
-11799676.61,4654503.9,2162.0
-11799678.700000001,4654503.54,2161.98
-11799680.75,4654503.17,2162.03
-11799682.84,4654502.8,2162.06
-11799684.86,4654502.44,2162.17
-11799686.92,4654502.07,2162.21
-11799688.97,4654501.69,2162.3
-11799691.0,4654501.33,2162.33
-11799693.05,4654500.96,2162.36
-11799695.13,4654500.61,2162.38
-11799697.22,4654500.24,2162.4
-11799699.31,4654499.88,2162.36
-11799701.4,4654499.51,2162.36
-11799703.5,4654499.15,2162.31
-11799705.49,4654498.7700000005,2162.52
-11799707.58,4654498.39,2162.51
-11799709.67,4654498.04,2162.54
-11799711.71,4654497.65,2162.61
-11799712.85,4654496.87,2165.29
-11799713.77,4654497.29,2162.69
-11799715.86,4654496.94,2162.65
-11799717.93,4654496.57,2162.65
-11799719.07,4654495.78,2165.35
-11799719.56,4654496.0,2163.97
-11799720.96,4654495.3100000005,2165.9
-11799722.1,4654495.84,2162.67
-11799722.88,4654494.9,2166.32
-11799723.68,4654495.25,2164.11
-11799724.55,4654494.36,2167.4
-11799725.200000001,4654493.38,2171.36
-11799729.46,4654492.65,2171.21
-11799731.81,4654492.43,2170.44
-11799733.69,4654492.0,2170.88
-11799735.41,4654491.5200000005,2171.74
-11799736.9,4654490.9,2172.38
-11799735.23,4654491.36,2171.63
-11799733.57,4654491.83,2170.84
-11799731.78,4654492.24,2170.34
-11799729.51,4654492.46,2171.13
-11799727.64,4654492.850000001,2170.84
-11799725.43,4654493.07,2171.55
-11799724.01,4654493.66,2170.02
-11799724.58,4654493.91,2168.4
-11799723.26,4654494.57,2166.48
-11799721.09,4654494.83,2166.99
-11799722.65,4654495.54,2162.63
-11799719.71,4654495.43,2165.34
-11799720.21,4654495.66,2163.94
-11799718.18,4654495.98,2164.09
-11799718.700000001,4654496.19,2162.63
-11799716.72,4654496.54,2162.63
-11799713.33,4654496.25,2166.6
-11799714.77,4654496.92,2162.52
-11799712.72,4654497.25,2162.65
-11799710.74,4654497.600000001,2162.56
-11799708.790000001,4654497.96,2162.51
-11799706.790000001,4654498.3,2162.5
-11799704.76,4654498.64,2162.49
-11799702.81,4654499.03,2162.28
-11799700.8,4654499.36,2162.36
-11799698.8,4654499.71,2162.38
-11799696.8,4654500.0600000005,2162.36
-11799694.76,4654500.4,2162.36
-11799692.73,4654500.75,2162.35
-11799690.73,4654501.12,2162.32
-11799688.77,4654501.46,2162.29
-11799686.74,4654501.83,2162.23
-11799684.75,4654502.17,2162.13
-11799682.78,4654502.55,2162.03
-11799680.790000001,4654502.9,2161.99
-11799678.790000001,4654503.25,2161.99
-11799676.76,4654503.59,2161.99
-11799674.73,4654503.93,2162.01
-11799672.72,4654504.3,2161.96
-11799670.700000001,4654504.64,2162.0
-11799668.700000001,4654505.0,2161.94
-11799666.69,4654505.37,2161.86
-11799664.67,4654505.72,2161.83
-11799662.6,4654506.0600000005,2161.9
-11799660.56,4654506.42,2161.9
-11799658.56,4654506.76,2161.92
-11799656.52,4654507.12,2161.92
-11799653.41,4654506.88,2165.4
-11799654.55,4654507.47,2161.81
-11799651.31,4654507.16,2165.77
-11799648.59,4654507.14,2167.94
-11799646.25,4654507.34,2168.9
-11799643.99,4654507.57,2169.58
-11799642.120000001,4654508.01,2169.09
-11799640.22,4654508.42,2168.67
-11799638.450000001,4654508.93,2167.83
-11799636.64,4654509.37,2167.19
-11799638.26,4654510.2700000005,2161.92
-11799636.3,4654510.65,2161.77
-11799634.4,4654511.05,2161.35
-11799632.25,4654511.37,2161.63
-11799630.31,4654511.79,2161.24
-11799628.28,4654512.16,2161.21
-11799626.26,4654512.51,2161.19
-11799625.26,4654511.15,2161.21
-11799627.3,4654510.8,2161.22
-11799629.31,4654510.44,2161.27
-11799631.38,4654510.07,2161.34
-11799633.39,4654509.68,2161.44
-11799635.33,4654509.28,2161.8
-11799637.25,4654508.88,2162.1
-11799637.71,4654507.66,2167.15
-11799638.21,4654507.95,2165.52
-11799639.42,4654507.100000001,2168.38
-11799641.39,4654506.69,2168.72
-11799643.32,4654506.29,2169.03
-11799645.23,4654505.84,2169.56
-11799647.46,4654505.57,2169.0
-11799649.72,4654506.7700000005,2161.84
-11799650.61,4654505.8,2165.48
-11799651.21,4654506.11,2163.6
-11799651.72,4654506.4,2161.98
-11799653.82,4654506.03,2161.92
-11799655.86,4654505.69,2161.94
-11799657.91,4654505.33,2161.94
-11799660.01,4654504.98,2161.92
-11799662.07,4654504.61,2161.92
-11799664.200000001,4654504.26,2161.88
-11799666.23,4654503.91,2161.9
-11799668.25,4654503.53,2161.98
-11799670.28,4654503.17,2162.03
-11799672.32,4654502.82,2162.03
-11799674.38,4654502.45,2162.04
-11799676.5,4654502.100000001,2162.0
-11799678.58,4654501.73,2162.05
-11799680.64,4654501.38,2162.02
-11799682.68,4654501.0200000005,2162.03
-11799684.73,4654500.65,2162.11
-11799686.77,4654500.2700000005,2162.26
-11799688.84,4654499.9,2162.28
-11799690.9,4654499.54,2162.35
-11799692.98,4654499.14,2162.4
-11799695.07,4654498.79,2162.44
-11799697.16,4654498.43,2162.42
-11799699.23,4654498.0600000005,2162.42
-11799701.31,4654497.72,2162.4
-11799703.36,4654497.36,2162.4
-11799705.42,4654496.98,2162.44
-11799707.450000001,4654496.62,2162.56
-11799709.51,4654496.2700000005,2162.53
-11799711.540000001,4654495.9,2162.6
-11799713.63,4654495.53,2162.67
-11799715.71,4654495.15,2162.69
-11799717.14,4654494.49,2164.53
-11799719.21,4654494.15,2164.54
-11799719.92,4654494.46,2162.56
-11799721.93,4654494.07,2162.77
-11799722.77,4654493.14,2166.29
-11799723.53,4654493.49,2164.13
-11799724.6,4654492.65,2167.02
-11799725.58,4654491.78,2170.11
-11799727.64,4654491.43,2170.21
-11799729.55,4654491.0,2170.65
-11799732.0,4654490.8,2169.57
-11799733.83,4654490.36,2170.19
-11799735.63,4654489.87,2171.03
-11799735.61,4654489.58,2170.97
-11799733.93,4654490.04,2170.22
-11799732.18,4654490.47,2169.61
-11799730.0,4654490.71,2170.21
-11799728.0,4654491.04,2170.25
-11799726.13,4654491.41,2170.0
-11799726.870000001,4654491.76,2167.94
-11799725.15,4654492.2,2167.24
-11799723.4,4654492.67,2166.48
-11799722.73,4654493.58,2162.86
-11799720.48,4654493.8,2163.65
-11799720.77,4654493.93,2162.88
-11799718.19,4654493.99,2164.54
-11799716.34,4654494.39,2164.21
-11799714.92,4654494.98,2162.63
-11799712.94,4654495.32,2162.61
-11799710.98,4654495.68,2162.54
-11799708.96,4654496.03,2162.5
-11799706.96,4654496.37,2162.52
-11799705.05,4654496.75,2162.29
-11799703.01,4654497.100000001,2162.34
-11799700.98,4654497.43,2162.38
-11799698.99,4654497.78,2162.33
-11799696.98,4654498.12,2162.36
-11799695.0,4654498.45,2162.36
-11799693.040000001,4654498.8100000005,2162.33
-11799691.03,4654499.15,2162.32
-11799689.03,4654499.51,2162.23
-11799687.06,4654499.850000001,2162.19
-11799685.11,4654500.21,2162.11
-11799683.120000001,4654500.57,2162.03
-11799681.120000001,4654500.92,2162.0
-11799679.06,4654501.2700000005,2162.01
-11799677.03,4654501.64,2161.96
-11799675.0,4654501.95,2162.03
-11799672.99,4654502.32,2162.01
-11799670.96,4654502.68,2161.99
-11799668.98,4654503.0200000005,2161.94
-11799666.99,4654503.37,2161.92
-11799665.0,4654503.72,2161.83
-11799662.950000001,4654504.09,2161.81
-11799660.88,4654504.43,2161.86
-11799658.85,4654504.7700000005,2161.88
-11799656.83,4654505.13,2161.9
-11799654.84,4654505.47,2161.88
-11799652.84,4654505.8100000005,2161.86
-11799650.77,4654506.15,2161.92
-11799646.370000001,4654505.24,2169.42
-11799644.41,4654505.63,2169.19
-11799642.49,4654506.04,2168.86
-11799640.57,4654506.43,2168.54
-11799638.67,4654506.84,2168.19
-11799637.69,4654507.76,2164.75
-11799636.53,4654508.62,2161.86
-11799634.56,4654508.97,2161.72
-11799632.63,4654509.39,2161.38
-11799630.66,4654509.76,2161.27
-11799628.64,4654510.100000001,2161.21
-11799626.6,4654510.48,2161.15
-11799624.59,4654510.83,2161.13
-11799625.61,4654509.42,2161.17
-11799627.64,4654509.05,2161.23
-11799629.66,4654508.69,2161.3
-11799631.66,4654508.34,2161.34
-11799633.28,4654507.76,2162.63
-11799633.56,4654507.91,2161.73
-11799635.64,4654507.55,2161.78
-11799637.72,4654507.17,2161.9
-11799639.040000001,4654506.45,2164.08
-11799639.78,4654505.41,2168.19
-11799641.73,4654505.0,2168.53
-11799643.74,4654504.63,2168.63
-11799645.620000001,4654504.17,2169.26
-11799647.950000001,4654505.4,2161.85
-11799650.03,4654505.05,2161.92
-11799652.11,4654504.69,2161.88
-11799654.16,4654504.32,2161.9
-11799656.21,4654503.98,2161.92
-11799658.25,4654503.64,2161.9
-11799660.290000001,4654503.29,2161.86
-11799662.4,4654502.94,2161.85
-11799664.46,4654502.5600000005,2161.94
-11799666.49,4654502.2,2161.97
-11799668.52,4654501.84,2162.03
-11799670.55,4654501.48,2162.08
-11799672.620000001,4654501.12,2162.09
-11799674.68,4654500.76,2162.09
-11799676.78,4654500.41,2162.08
-11799678.84,4654500.04,2162.05
-11799680.92,4654499.7,2162.07
-11799682.98,4654499.34,2162.07
-11799685.05,4654498.96,2162.15
-11799687.15,4654498.59,2162.19
-11799689.19,4654498.22,2162.27
-11799691.23,4654497.87,2162.33
-11799693.28,4654497.48,2162.38
-11799695.35,4654497.14,2162.42
-11799697.41,4654496.7700000005,2162.44
-11799699.5,4654496.4,2162.44
-11799701.56,4654496.0600000005,2162.46
-11799703.67,4654495.7,2162.42
-11799705.790000001,4654495.36,2162.35
-11799707.78,4654494.97,2162.57
-11799709.85,4654494.61,2162.57
-11799711.92,4654494.25,2162.59
-11799713.950000001,4654493.89,2162.65
-11799715.51,4654493.28,2164.15
-11799717.59,4654492.91,2164.25
-11799720.22,4654492.79,2162.72
-11799722.28,4654492.44,2162.71
-11799723.9,4654491.850000001,2164.08
-11799725.1,4654491.100000001,2166.58
-11799727.13,4654490.73,2166.65
-11799727.98,4654489.83,2170.0
-11799728.51,4654490.07,2168.52
-11799730.01,4654489.44,2170.13
-11799730.78,4654489.8,2168.01
-11799732.200000001,4654489.15,2169.86
-11799734.290000001,4654488.79,2169.85
-11799736.08,4654488.3100000005,2170.59
-11799736.47,4654487.95,2170.77
-11799734.83,4654488.43,2169.92
-11799732.88,4654488.74,2169.98
-11799731.08,4654489.13,2169.56
-11799731.46,4654489.3,2168.55
-11799728.92,4654489.39,2170.09
-11799728.06,4654490.23,2166.96
-11799726.26,4654490.66,2166.44
-11799724.32,4654491.0,2166.38
-11799723.34,4654491.8,2163.57
-11799721.69,4654492.28,2162.65
-11799719.700000001,4654492.62,2162.61
-11799717.18,4654492.72,2164.11
-11799717.78,4654493.0,2162.42
-11799715.200000001,4654493.0600000005,2164.11
-11799713.74,4654493.64,2162.63
-11799711.74,4654494.0,2162.55
-11799709.72,4654494.34,2162.56
-11799707.77,4654494.68,2162.52
-11799705.870000001,4654495.05,2162.31
-11799703.83,4654495.38,2162.38
-11799701.85,4654495.72,2162.38
-11799699.83,4654496.07,2162.38
-11799697.82,4654496.41,2162.38
-11799695.8,4654496.76,2162.38
-11799693.83,4654497.11,2162.33
-11799691.83,4654497.45,2162.31
-11799689.82,4654497.79,2162.26
-11799687.82,4654498.16,2162.19
-11799685.84,4654498.53,2162.08
-11799683.83,4654498.87,2162.08
-11799681.86,4654499.21,2162.04
-11799679.82,4654499.55,2162.03
-11799677.83,4654499.9,2162.0
-11799675.83,4654500.24,2162.05
-11799673.8,4654500.58,2162.04
-11799671.790000001,4654500.92,2162.06
-11799669.75,4654501.2700000005,2162.04
-11799667.72,4654501.65,2161.96
-11799665.75,4654501.99,2161.92
-11799663.77,4654502.350000001,2161.86
-11799661.74,4654502.69,2161.82
-11799659.700000001,4654503.03,2161.82
-11799657.64,4654503.4,2161.84
-11799655.61,4654503.74,2161.86
-11799653.64,4654504.08,2161.84
-11799651.58,4654504.43,2161.84
-11799649.51,4654504.7700000005,2161.88
-11799645.22,4654503.92,2169.03
-11799647.48,4654505.13,2161.85
-11799643.41,4654504.38,2168.38
-11799641.38,4654504.72,2168.36
-11799639.47,4654505.11,2168.07
-11799639.92,4654505.36,2166.63
-11799637.290000001,4654506.88,2161.83
-11799635.33,4654507.25,2161.67
-11799633.32,4654507.59,2161.63
-11799631.38,4654508.01,2161.28
-11799629.35,4654508.36,2161.22
-11799627.34,4654508.72,2161.17
-11799625.33,4654509.07,2161.15
-11799625.74,4654507.62,2161.15
-11799627.82,4654507.26,2161.22
-11799629.89,4654506.88,2161.26
-11799631.96,4654506.53,2161.35
-11799634.03,4654506.13,2161.5
-11799635.55,4654505.46,2163.36
-11799636.09,4654505.75,2161.6
-11799638.11,4654505.36,2161.86
-11799640.16,4654504.97,2162.03
-11799640.71,4654503.75,2167.08
-11799641.200000001,4654504.03,2165.48
-11799642.59,4654503.29,2167.71
-11799644.48,4654502.82,2168.36
-11799646.52,4654503.91,2161.9
-11799648.61,4654503.55,2161.9
-11799650.71,4654503.18,2161.88
-11799652.8,4654502.84,2161.86
-11799654.92,4654502.48,2161.86
-11799657.040000001,4654502.12,2161.86
-11799659.11,4654501.75,2161.82
-11799661.21,4654501.4,2161.88
-11799663.32,4654501.0200000005,2161.92
-11799665.4,4654500.66,2161.98
-11799667.46,4654500.28,2162.05
-11799669.540000001,4654499.94,2162.04
-11799671.620000001,4654499.58,2162.09
-11799673.72,4654499.21,2162.1
-11799675.86,4654498.850000001,2162.09
-11799677.96,4654498.48,2162.11
-11799680.07,4654498.14,2162.04
-11799682.16,4654497.76,2162.09
-11799684.23,4654497.4,2162.13
-11799686.32,4654497.0200000005,2162.21
-11799688.450000001,4654496.66,2162.23
-11799690.49,4654496.3100000005,2162.29
-11799692.58,4654495.93,2162.36
-11799694.67,4654495.55,2162.44
-11799696.74,4654495.2,2162.44
-11799698.870000001,4654494.83,2162.44
-11799700.96,4654494.46,2162.5
-11799703.07,4654494.12,2162.44
-11799705.14,4654493.76,2162.46
-11799707.27,4654493.42,2162.38
-11799709.27,4654493.01,2162.61
-11799711.39,4654492.66,2162.61
-11799713.49,4654492.29,2162.63
-11799715.52,4654491.89,2162.86
-11799717.700000001,4654491.58,2162.63
-11799719.74,4654491.21,2162.71
-11799721.82,4654490.850000001,2162.73
-11799723.97,4654490.49,2162.69
-11799726.06,4654490.11,2162.76
-11799726.92,4654489.19,2166.28
-11799727.67,4654489.5200000005,2164.19
-11799728.91,4654488.76,2166.63
-11799730.78,4654488.3,2167.27
-11799732.5,4654487.8,2168.24
-11799734.32,4654487.32,2168.99
-11799736.040000001,4654486.8,2169.99
-11799736.66,4654487.18,2166.96
-11799733.99,4654487.2,2168.85
-11799732.31,4654487.65,2168.17
-11799730.68,4654488.13,2167.24
-11799728.950000001,4654488.57,2166.61
-11799727.11,4654488.93,2166.28
-11799726.39,4654489.850000001,2162.76
-11799724.4,4654490.19,2162.72
-11799722.43,4654490.54,2162.67
-11799720.43,4654490.88,2162.67
-11799718.46,4654491.22,2162.65
-11799715.97,4654491.32,2164.13
-11799716.53,4654491.5600000005,2162.56
-11799714.5,4654491.9,2162.63
-11799712.5,4654492.25,2162.61
-11799710.48,4654492.59,2162.58
-11799708.53,4654492.96,2162.48
-11799706.6,4654493.3,2162.4
-11799704.59,4654493.62,2162.44
-11799702.55,4654493.96,2162.44
-11799700.53,4654494.3,2162.48
-11799698.53,4654494.64,2162.48
-11799696.540000001,4654495.01,2162.4
-11799694.56,4654495.350000001,2162.34
-11799692.540000001,4654495.7,2162.34
-11799690.55,4654496.05,2162.27
-11799688.58,4654496.41,2162.17
-11799686.6,4654496.75,2162.21
-11799684.61,4654497.09,2162.13
-11799682.57,4654497.43,2162.13
-11799680.540000001,4654497.8,2162.09
-11799678.56,4654498.14,2162.06
-11799676.56,4654498.46,2162.07
-11799674.540000001,4654498.8,2162.09
-11799672.5,4654499.17,2162.09
-11799670.46,4654499.5200000005,2162.09
-11799668.47,4654499.87,2162.03
-11799666.450000001,4654500.21,2162.0
-11799664.44,4654500.5600000005,2161.97
-11799662.450000001,4654500.92,2161.88
-11799660.44,4654501.28,2161.82
-11799658.42,4654501.62,2161.81
-11799656.4,4654501.96,2161.83
-11799654.34,4654502.32,2161.81
-11799652.28,4654502.66,2161.83
-11799650.25,4654502.99,2161.88
-11799648.24,4654503.34,2161.86
-11799646.24,4654503.68,2161.9
-11799642.42,4654503.05,2167.58
-11799640.540000001,4654503.5,2167.03
-11799641.09,4654503.8,2165.29
-11799640.07,4654504.72,2161.92
-11799638.07,4654505.07,2161.86
-11799635.6,4654505.17,2163.32
-11799636.14,4654505.47,2161.55
-11799634.15,4654505.82,2161.47
-11799632.15,4654506.19,2161.36
-11799630.13,4654506.55,2161.29
-11799628.120000001,4654506.9,2161.22
-11799626.120000001,4654507.24,2161.15
-11799625.14,4654506.0200000005,2161.17
-11799627.17,4654505.68,2161.21
-11799629.21,4654505.3100000005,2161.31
-11799631.24,4654504.94,2161.36
-11799633.32,4654504.59,2161.38
-11799635.36,4654504.23,2161.44
-11799636.82,4654503.57,2163.29
-11799637.36,4654503.86,2161.55
-11799639.33,4654503.46,2161.86
-11799641.36,4654503.100000001,2161.92
-11799641.84,4654501.89,2166.99
-11799642.4,4654502.19,2165.21
-11799645.47,4654502.39,2161.94
-11799647.53,4654502.0600000005,2161.9
-11799649.57,4654501.72,2161.88
-11799651.64,4654501.36,2161.85
-11799653.73,4654501.0200000005,2161.83
-11799655.8,4654500.66,2161.85
-11799657.85,4654500.32,2161.81
-11799659.91,4654499.95,2161.86
-11799661.99,4654499.58,2161.9
-11799664.06,4654499.23,2161.97
-11799666.1,4654498.87,2162.02
-11799668.15,4654498.5,2162.06
-11799670.19,4654498.15,2162.1
-11799672.26,4654497.79,2162.13
-11799674.32,4654497.45,2162.11
-11799676.38,4654497.08,2162.1
-11799678.450000001,4654496.74,2162.09
-11799680.47,4654496.38,2162.15
-11799682.55,4654496.0200000005,2162.17
-11799684.68,4654495.65,2162.17
-11799686.77,4654495.28,2162.26
-11799688.86,4654494.95,2162.15
-11799690.91,4654494.57,2162.3
-11799692.98,4654494.2,2162.38
-11799695.03,4654493.850000001,2162.4
-11799697.07,4654493.49,2162.42
-11799699.120000001,4654493.15,2162.44
-11799701.19,4654492.78,2162.48
-11799703.27,4654492.42,2162.48
-11799705.39,4654492.0600000005,2162.47
-11799707.43,4654491.71,2162.44
-11799709.49,4654491.4,2162.4
-11799711.55,4654491.01,2162.53
-11799713.6,4654490.63,2162.65
-11799715.69,4654490.28,2162.67
-11799717.8,4654489.89,2162.69
-11799719.88,4654489.55,2162.72
-11799721.94,4654489.19,2162.72
-11799724.06,4654488.84,2162.73
-11799726.16,4654488.47,2162.75
-11799728.03,4654488.04,2163.27
-11799728.870000001,4654487.13,2166.69
-11799730.83,4654486.73,2167.01
-11799732.700000001,4654486.29,2167.53
-11799734.450000001,4654485.8,2168.4
-11799734.96,4654486.03,2167.0
-11799736.5,4654486.7,2162.79
-11799734.0,4654485.65,2168.13
-11799734.450000001,4654485.850000001,2166.9
-11799735.93,4654486.5200000005,2162.84
-11799732.33,4654486.13,2167.29
-11799730.56,4654486.55,2166.73
-11799728.540000001,4654486.87,2166.84
-11799727.98,4654487.8100000005,2163.04
-11799726.120000001,4654488.19,2162.72
-11799724.16,4654488.54,2162.63
-11799722.17,4654488.87,2162.67
-11799720.23,4654489.2,2162.67
-11799718.24,4654489.5200000005,2162.65
-11799716.25,4654489.89,2162.61
-11799714.26,4654490.2,2162.63
-11799712.33,4654490.54,2162.55
-11799710.43,4654490.91,2162.4
-11799708.43,4654491.25,2162.4
-11799706.4,4654491.57,2162.44
-11799704.38,4654491.91,2162.44
-11799702.370000001,4654492.26,2162.44
-11799700.38,4654492.600000001,2162.4
-11799698.370000001,4654492.94,2162.42
-11799696.4,4654493.28,2162.35
-11799694.39,4654493.62,2162.35
-11799692.4,4654493.97,2162.29
-11799690.43,4654494.33,2162.24
-11799688.41,4654494.68,2162.19
-11799686.370000001,4654495.03,2162.17
-11799684.4,4654495.36,2162.17
-11799682.4,4654495.7,2162.17
-11799680.42,4654496.05,2162.11
-11799678.44,4654496.4,2162.03
-11799676.42,4654496.73,2162.08
-11799674.39,4654497.07,2162.06
-11799672.35,4654497.43,2162.05
-11799670.3,4654497.7700000005,2162.06
-11799668.27,4654498.12,2162.03
-11799666.27,4654498.46,2162.04
-11799664.28,4654498.8100000005,2161.98
-11799662.24,4654499.16,2161.9
-11799660.19,4654499.5200000005,2161.85
-11799658.16,4654499.88,2161.81
-11799656.19,4654500.22,2161.78
-11799654.200000001,4654500.53,2161.83
-11799652.16,4654500.89,2161.81
-11799650.09,4654501.24,2161.83
-11799648.1,4654501.55,2161.86
-11799646.06,4654501.9,2161.88
-11799642.41,4654501.37,2167.06
-11799644.01,4654502.24,2161.92
-11799641.93,4654502.58,2161.97
-11799639.93,4654502.95,2161.83
-11799637.96,4654503.32,2161.63
-11799635.97,4654503.7,2161.48
-11799633.98,4654504.05,2161.36
-11799631.950000001,4654504.4,2161.34
-11799629.93,4654504.7700000005,2161.32
-11799627.91,4654505.12,2161.26
-11799625.9,4654505.48,2161.19
-11799626.23,4654504.3100000005,2161.21
-11799628.26,4654503.96,2161.27
-11799630.32,4654503.59,2161.35
-11799632.39,4654503.23,2161.4
-11799634.450000001,4654502.88,2161.4
-11799636.51,4654502.51,2161.47
-11799637.99,4654501.87,2163.21
-11799638.52,4654502.16,2161.53
-11799640.49,4654501.74,2161.84
-11799642.56,4654501.4,2161.92
-11799644.61,4654501.04,2161.92
-11799646.65,4654500.7,2161.9
-11799648.69,4654500.37,2161.88
-11799650.790000001,4654500.01,2161.85
-11799652.89,4654499.66,2161.84
-11799654.91,4654499.33,2161.83
-11799656.99,4654498.97,2161.82
-11799659.09,4654498.600000001,2161.88
-11799661.16,4654498.24,2161.9
-11799663.17,4654497.86,2162.0
-11799665.19,4654497.5200000005,2162.04
-11799667.23,4654497.18,2162.07
-11799669.32,4654496.82,2162.11
-11799671.38,4654496.44,2162.13
-11799673.450000001,4654496.12,2162.1
-11799675.49,4654495.75,2162.13
-11799677.59,4654495.41,2162.08
-11799679.67,4654495.05,2162.17
-11799681.77,4654494.67,2162.19
-11799683.23,4654494.0200000005,2164.03
-11799683.84,4654494.33,2162.25
-11799685.88,4654493.99,2162.25
-11799687.97,4654493.63,2162.27
-11799690.08,4654493.29,2162.17
-11799692.1,4654492.92,2162.31
-11799694.15,4654492.5600000005,2162.36
-11799696.21,4654492.19,2162.44
-11799698.290000001,4654491.84,2162.46
-11799700.34,4654491.47,2162.5
-11799702.41,4654491.13,2162.53
-11799704.51,4654490.7700000005,2162.51
-11799706.59,4654490.41,2162.51
-11799708.66,4654490.07,2162.49
-11799710.77,4654489.73,2162.42
-11799712.84,4654489.350000001,2162.57
-11799714.88,4654488.96,2162.67
-11799716.92,4654488.62,2162.67
-11799718.97,4654488.28,2162.69
-11799721.06,4654487.92,2162.75
-11799723.200000001,4654487.57,2162.72
-11799725.28,4654487.22,2162.69
-11799727.27,4654486.83,2162.94
-11799729.33,4654486.45,2163.06
-11799730.1,4654485.5200000005,2166.63
-11799732.1,4654485.15,2166.78
-11799735.55,4654485.4,2163.0
-11799735.540000001,4654485.21,2162.9
-11799732.18,4654484.93,2166.76
-11799730.35,4654485.32,2166.38
-11799729.57,4654486.19,2163.08
-11799727.68,4654486.58,2162.72
-11799725.71,4654486.92,2162.65
-11799723.73,4654487.25,2162.67
-11799721.77,4654487.58,2162.69
-11799719.82,4654487.92,2162.65
-11799717.82,4654488.24,2162.65
-11799715.84,4654488.58,2162.61
-11799713.85,4654488.92,2162.58
-11799711.94,4654489.29,2162.4
-11799709.99,4654489.63,2162.38
-11799707.950000001,4654489.95,2162.44
-11799705.92,4654490.29,2162.44
-11799703.92,4654490.64,2162.44
-11799701.950000001,4654490.96,2162.44
-11799699.97,4654491.29,2162.5
-11799698.02,4654491.65,2162.38
-11799696.01,4654491.99,2162.36
-11799693.98,4654492.33,2162.32
-11799692.02,4654492.69,2162.23
-11799690.08,4654493.03,2162.13
-11799688.040000001,4654493.36,2162.21
-11799685.99,4654493.7,2162.21
-11799683.200000001,4654493.67,2164.5
-11799684.02,4654494.0600000005,2162.06
-11799682.040000001,4654494.39,2162.15
-11799680.03,4654494.73,2162.13
-11799678.03,4654495.09,2162.06
-11799676.01,4654495.42,2162.09
-11799674.0,4654495.74,2162.09
-11799672.0,4654496.09,2162.1
-11799669.98,4654496.44,2162.06
-11799667.92,4654496.7700000005,2162.06
-11799665.91,4654497.13,2162.01
-11799663.91,4654497.47,2161.99
-11799661.89,4654497.83,2161.94
-11799659.89,4654498.17,2161.86
-11799657.9,4654498.51,2161.83
-11799655.89,4654498.88,2161.75
-11799653.81,4654499.22,2161.78
-11799651.81,4654499.54,2161.8
-11799649.8,4654499.88,2161.81
-11799647.74,4654500.22,2161.85
-11799645.69,4654500.57,2161.88
-11799643.65,4654500.9,2161.94
-11799641.68,4654501.25,2161.84
-11799639.65,4654501.62,2161.71
-11799637.65,4654501.96,2161.65
-11799635.700000001,4654502.33,2161.44
-11799633.700000001,4654502.7,2161.36
-11799631.67,4654503.04,2161.35
-11799629.64,4654503.38,2161.33
-11799627.67,4654503.74,2161.25
-11799625.64,4654504.09,2161.17
-11799626.28,4654502.47,2161.24
-11799628.33,4654502.12,2161.31
-11799630.39,4654501.75,2161.34
-11799632.41,4654501.4,2161.4
-11799634.46,4654501.05,2161.4
-11799636.5,4654500.71,2161.42
-11799638.51,4654500.32,2161.57
-11799640.040000001,4654499.67,2163.34
-11799640.55,4654499.96,2161.71
-11799642.57,4654499.59,2161.88
-11799644.620000001,4654499.25,2161.85
-11799646.67,4654498.9,2161.85
-11799648.74,4654498.5600000005,2161.82
-11799650.8,4654498.22,2161.79
-11799652.870000001,4654497.87,2161.79
-11799654.96,4654497.5200000005,2161.79
-11799657.0,4654497.16,2161.81
-11799659.040000001,4654496.8100000005,2161.86
-11799661.08,4654496.44,2161.97
-11799663.13,4654496.09,2162.0
-11799665.22,4654495.73,2162.04
-11799667.26,4654495.36,2162.07
-11799669.28,4654495.01,2162.1
-11799671.38,4654494.67,2162.06
-11799673.44,4654494.33,2162.09
-11799675.51,4654493.98,2162.07
-11799677.58,4654493.63,2162.1
-11799679.65,4654493.2700000005,2162.13
-11799681.26,4654492.69,2163.5
-11799681.68,4654492.9,2162.27
-11799682.64,4654491.97,2165.71
-11799685.91,4654492.2,2162.22
-11799687.96,4654491.850000001,2162.25
-11799690.01,4654491.51,2162.25
-11799692.120000001,4654491.16,2162.19
-11799694.18,4654490.78,2162.34
-11799696.26,4654490.4,2162.4
-11799698.31,4654490.0600000005,2162.44
-11799700.34,4654489.71,2162.44
-11799702.38,4654489.36,2162.5
-11799704.47,4654489.0,2162.55
-11799706.57,4654488.63,2162.54
-11799708.66,4654488.29,2162.5
-11799710.73,4654487.95,2162.48
-11799712.83,4654487.600000001,2162.44
-11799714.86,4654487.23,2162.63
-11799716.91,4654486.88,2162.65
-11799718.97,4654486.53,2162.65
-11799721.06,4654486.17,2162.71
-11799722.77,4654485.62,2163.79
-11799723.13,4654485.8,2162.8
-11799725.18,4654485.42,2162.94
-11799727.35,4654485.08,2162.73
-11799729.35,4654484.73,2162.88
-11799731.03,4654484.2,2163.92
-11799733.17,4654483.88,2163.8
-11799735.61,4654483.66,2162.88
-11799735.790000001,4654483.5,2162.82
-11799733.78,4654483.8100000005,2162.97
-11799731.39,4654483.95,2164.11
-11799731.83,4654484.16,2162.85
-11799729.72,4654484.42,2163.27
-11799727.950000001,4654484.850000001,2162.67
-11799725.98,4654485.18,2162.69
-11799723.52,4654485.29,2164.05
-11799724.01,4654485.5,2162.69
-11799722.01,4654485.83,2162.74
-11799720.06,4654486.18,2162.65
-11799716.9,4654485.98,2165.9
-11799718.08,4654486.53,2162.59
-11799716.05,4654486.86,2162.63
-11799714.120000001,4654487.19,2162.57
-11799712.22,4654487.57,2162.35
-11799710.14,4654487.89,2162.47
-11799708.14,4654488.23,2162.42
-11799706.14,4654488.55,2162.51
-11799704.15,4654488.89,2162.5
-11799702.16,4654489.21,2162.48
-11799700.18,4654489.55,2162.44
-11799698.19,4654489.89,2162.4
-11799696.22,4654490.26,2162.32
-11799694.24,4654490.57,2162.29
-11799692.28,4654490.94,2162.21
-11799690.24,4654491.26,2162.24
-11799688.21,4654491.600000001,2162.21
-11799686.21,4654491.94,2162.22
-11799683.11,4654491.73,2165.55
-11799681.46,4654492.25,2164.44
-11799680.18,4654492.97,2162.15
-11799678.19,4654493.34,2162.06
-11799676.19,4654493.66,2162.05
-11799674.18,4654494.0,2162.07
-11799672.16,4654494.34,2162.05
-11799670.1,4654494.68,2162.1
-11799668.07,4654495.03,2162.05
-11799666.02,4654495.37,2162.08
-11799664.040000001,4654495.71,2162.02
-11799662.05,4654496.05,2161.94
-11799660.03,4654496.42,2161.88
-11799658.03,4654496.78,2161.81
-11799656.0,4654497.12,2161.77
-11799653.99,4654497.46,2161.79
-11799651.97,4654497.8100000005,2161.76
-11799649.91,4654498.15,2161.77
-11799647.870000001,4654498.48,2161.79
-11799645.81,4654498.82,2161.83
-11799643.63,4654499.04,2162.44
-11799641.82,4654499.51,2161.74
-11799639.39,4654499.62,2163.02
-11799639.81,4654499.87,2161.65
-11799637.81,4654500.24,2161.49
-11799635.82,4654500.58,2161.42
-11799633.84,4654500.93,2161.38
-11799631.81,4654501.28,2161.35
-11799629.77,4654501.63,2161.32
-11799627.75,4654501.98,2161.26
-11799625.71,4654502.34,2161.19
-11799625.05,4654501.0600000005,2161.28
-11799627.11,4654500.71,2161.29
-11799629.15,4654500.350000001,2161.36
-11799631.22,4654499.99,2161.42
-11799633.28,4654499.65,2161.38
-11799635.31,4654499.3,2161.42
-11799637.31,4654498.95,2161.48
-11799639.39,4654498.58,2161.57
-11799641.44,4654498.2,2161.65
-11799643.44,4654497.850000001,2161.78
-11799645.28,4654497.39,2162.48
-11799647.57,4654497.15,2161.8
-11799649.620000001,4654496.8100000005,2161.8
-11799651.700000001,4654496.46,2161.79
-11799653.69,4654496.12,2161.84
-11799655.76,4654495.78,2161.82
-11799657.82,4654495.41,2161.9
-11799659.9,4654495.05,2161.94
-11799661.950000001,4654494.7,2162.0
-11799663.950000001,4654494.33,2162.06
-11799666.0,4654493.99,2162.08
-11799668.09,4654493.63,2162.11
-11799670.200000001,4654493.29,2162.06
-11799672.25,4654492.94,2162.09
-11799674.34,4654492.600000001,2162.06
-11799676.41,4654492.24,2162.1
-11799678.47,4654491.87,2162.13
-11799680.51,4654491.5200000005,2162.27
-11799681.99,4654490.87,2164.01
-11799682.51,4654491.14,2162.44
-11799683.96,4654490.48,2164.23
-11799684.6,4654490.79,2162.32
-11799686.65,4654490.45,2162.33
-11799688.75,4654490.13,2162.26
-11799690.870000001,4654489.76,2162.29
-11799693.0,4654489.42,2162.23
-11799695.02,4654489.07,2162.32
-11799697.040000001,4654488.71,2162.4
-11799699.120000001,4654488.350000001,2162.44
-11799701.21,4654487.98,2162.49
-11799703.290000001,4654487.63,2162.53
-11799705.34,4654487.2700000005,2162.55
-11799707.43,4654486.93,2162.55
-11799709.52,4654486.59,2162.5
-11799711.61,4654486.22,2162.57
-11799713.73,4654485.87,2162.47
-11799714.950000001,4654485.15,2164.82
-11799715.68,4654485.48,2162.78
-11799716.18,4654484.41,2167.22
-11799718.76,4654484.28,2165.88
-11799719.91,4654484.79,2162.65
-11799721.71,4654484.3,2163.53
-11799724.09,4654484.09,2162.72
-11799726.16,4654483.75,2162.69
-11799728.21,4654483.39,2162.74
-11799730.26,4654483.03,2162.81
-11799732.34,4654482.68,2162.85
-11799734.43,4654482.33,2162.88
-11799736.51,4654481.97,2162.86
-11799735.040000001,4654481.95,2162.84
-11799733.08,4654482.29,2162.81
-11799731.15,4654482.62,2162.78
-11799729.17,4654482.94,2162.75
-11799727.200000001,4654483.28,2162.71
-11799725.24,4654483.62,2162.65
-11799723.25,4654483.95,2162.69
-11799721.06,4654484.16,2163.36
-11799717.450000001,4654483.74,2167.96
-11799718.19,4654484.07,2165.88
-11799719.4,4654484.63,2162.51
-11799715.8,4654484.24,2166.94
-11799717.35,4654484.95,2162.6
-11799714.620000001,4654484.95,2164.63
-11799715.31,4654485.28,2162.67
-11799713.42,4654485.66,2162.4
-11799711.4,4654485.96,2162.52
-11799709.43,4654486.29,2162.52
-11799707.46,4654486.62,2162.52
-11799705.450000001,4654486.96,2162.5
-11799703.47,4654487.29,2162.49
-11799701.53,4654487.61,2162.44
-11799699.51,4654487.95,2162.42
-11799697.5,4654488.29,2162.38
-11799695.47,4654488.66,2162.34
-11799693.52,4654489.0200000005,2162.19
-11799691.53,4654489.32,2162.24
-11799689.53,4654489.66,2162.24
-11799687.48,4654490.01,2162.22
-11799685.43,4654490.34,2162.31
-11799682.91,4654490.42,2163.84
-11799683.450000001,4654490.69,2162.21
-11799681.450000001,4654491.0200000005,2162.23
-11799679.450000001,4654491.36,2162.19
-11799677.49,4654491.72,2162.07
-11799675.46,4654492.0600000005,2162.06
-11799673.48,4654492.4,2162.01
-11799671.49,4654492.72,2162.06
-11799669.47,4654493.0600000005,2162.06
-11799667.43,4654493.41,2162.04
-11799665.4,4654493.72,2162.09
-11799663.43,4654494.0600000005,2162.03
-11799661.44,4654494.41,2162.0
-11799659.44,4654494.75,2161.92
-11799657.38,4654495.12,2161.86
-11799655.33,4654495.47,2161.77
-11799653.290000001,4654495.82,2161.78
-11799651.32,4654496.16,2161.74
-11799649.34,4654496.49,2161.75
-11799647.3,4654496.8100000005,2161.76
-11799645.200000001,4654497.15,2161.86
-11799643.21,4654497.5200000005,2161.72
-11799641.22,4654497.83,2161.69
-11799639.23,4654498.21,2161.55
-11799637.23,4654498.57,2161.46
-11799635.22,4654498.91,2161.4
-11799633.23,4654499.25,2161.36
-11799631.19,4654499.600000001,2161.38
-11799629.16,4654499.94,2161.36
-11799627.16,4654500.28,2161.27
-11799625.07,4654500.63,2161.28
-11799624.27,4654499.25,2161.34
-11799626.35,4654498.91,2161.34
-11799628.4,4654498.55,2161.36
-11799630.42,4654498.21,2161.4
-11799632.51,4654497.86,2161.38
-11799634.55,4654497.51,2161.47
-11799636.61,4654497.14,2161.49
-11799638.68,4654496.8,2161.57
-11799640.71,4654496.44,2161.65
-11799642.73,4654496.09,2161.72
-11799644.77,4654495.72,2161.74
-11799646.790000001,4654495.37,2161.78
-11799648.88,4654495.03,2161.75
-11799650.94,4654494.69,2161.73
-11799653.01,4654494.34,2161.81
-11799655.07,4654493.99,2161.85
-11799657.09,4654493.63,2161.92
-11799659.15,4654493.28,2161.98
-11799661.23,4654492.91,2162.04
-11799663.27,4654492.57,2162.05
-11799665.32,4654492.22,2162.05
-11799667.4,4654491.88,2162.07
-11799669.48,4654491.5200000005,2162.07
-11799671.57,4654491.18,2162.04
-11799673.63,4654490.82,2162.08
-11799675.68,4654490.48,2162.1
-11799677.72,4654490.11,2162.21
-11799679.75,4654489.7700000005,2162.25
-11799681.78,4654489.43,2162.26
-11799683.83,4654489.07,2162.3
-11799685.92,4654488.72,2162.34
-11799688.0,4654488.350000001,2162.42
-11799690.13,4654488.03,2162.28
-11799692.17,4654487.69,2162.3
-11799694.27,4654487.34,2162.24
-11799696.32,4654486.97,2162.35
-11799698.4,4654486.62,2162.4
-11799700.450000001,4654486.26,2162.47
-11799702.52,4654485.89,2162.47
-11799704.57,4654485.55,2162.54
-11799706.65,4654485.19,2162.58
-11799708.700000001,4654484.850000001,2162.61
-11799710.8,4654484.51,2162.54
-11799712.88,4654484.16,2162.57
-11799715.0,4654483.83,2162.44
-11799715.6,4654482.8,2166.61
-11799716.040000001,4654483.0,2165.4
-11799717.01,4654483.44,2162.65
-11799717.94,4654482.5600000005,2165.96
-11799719.120000001,4654483.100000001,2162.67
-11799721.22,4654482.74,2162.67
-11799723.25,4654482.4,2162.67
-11799725.34,4654482.05,2162.67
-11799726.94,4654481.5,2163.94
-11799729.450000001,4654481.33,2162.76
-11799731.51,4654480.99,2162.84
-11799733.6,4654480.63,2162.88
-11799735.700000001,4654480.2700000005,2162.9
-11799736.41,4654479.96,2162.86
-11799734.450000001,4654480.2700000005,2162.88
-11799732.49,4654480.62,2162.84
-11799730.57,4654480.93,2162.81
-11799728.66,4654481.26,2162.77
-11799726.3,4654481.41,2163.86
-11799724.74,4654481.94,2162.65
-11799722.76,4654482.25,2162.67
-11799720.82,4654482.59,2162.63
-11799717.69,4654482.38,2165.92
-11799718.85,4654482.91,2162.71
-11799715.92,4654482.8,2165.36
-11799716.91,4654483.25,2162.61
-11799715.02,4654483.62,2162.42
-11799712.97,4654483.91,2162.53
-11799711.02,4654484.25,2162.53
-11799709.08,4654484.5600000005,2162.56
-11799707.11,4654484.88,2162.57
-11799705.15,4654485.22,2162.54
-11799703.19,4654485.57,2162.48
-11799701.200000001,4654485.88,2162.5
-11799699.28,4654486.22,2162.44
-11799697.31,4654486.54,2162.4
-11799695.38,4654486.91,2162.24
-11799693.35,4654487.22,2162.31
-11799691.35,4654487.57,2162.27
-11799689.42,4654487.9,2162.25
-11799687.38,4654488.2,2162.36
-11799685.41,4654488.54,2162.31
-11799683.450000001,4654488.88,2162.3
-11799681.49,4654489.21,2162.26
-11799679.53,4654489.55,2162.23
-11799677.540000001,4654489.88,2162.22
-11799675.61,4654490.24,2162.07
-11799673.63,4654490.57,2162.07
-11799671.63,4654490.91,2162.04
-11799669.64,4654491.23,2162.06
-11799667.69,4654491.5600000005,2162.08
-11799665.71,4654491.89,2162.06
-11799663.69,4654492.23,2162.04
-11799661.72,4654492.5600000005,2162.03
-11799659.77,4654492.87,2162.0
-11799657.77,4654493.22,2161.96
-11799655.78,4654493.5600000005,2161.88
-11799653.81,4654493.93,2161.79
-11799651.86,4654494.24,2161.75
-11799649.91,4654494.58,2161.73
-11799647.92,4654494.91,2161.74
-11799645.88,4654495.24,2161.77
-11799643.89,4654495.600000001,2161.67
-11799641.950000001,4654495.93,2161.65
-11799639.99,4654496.24,2161.61
-11799638.01,4654496.59,2161.54
-11799636.02,4654496.95,2161.44
-11799634.05,4654497.3,2161.4
-11799632.08,4654497.61,2161.38
-11799630.11,4654497.95,2161.4
-11799628.15,4654498.28,2161.36
-11799626.17,4654498.61,2161.35
-11799624.33,4654497.2700000005,2161.34
-11799626.41,4654496.93,2161.33
-11799628.43,4654496.59,2161.38
-11799630.52,4654496.24,2161.38
-11799632.56,4654495.9,2161.38
-11799634.6,4654495.55,2161.42
-11799636.66,4654495.2,2161.44
-11799638.68,4654494.82,2161.57
-11799640.75,4654494.48,2161.61
-11799642.790000001,4654494.14,2161.63
-11799644.81,4654493.78,2161.72
-11799646.89,4654493.44,2161.72
-11799648.96,4654493.09,2161.72
-11799651.02,4654492.75,2161.72
-11799653.05,4654492.4,2161.79
-11799655.11,4654492.03,2161.9
-11799657.18,4654491.67,2161.94
-11799659.23,4654491.3100000005,2161.99
-11799661.31,4654490.96,2162.04
-11799663.36,4654490.62,2162.04
-11799665.4,4654490.2700000005,2162.03
-11799667.47,4654489.93,2162.05
-11799669.57,4654489.5600000005,2162.06
-11799671.65,4654489.24,2162.03
-11799673.66,4654488.9,2162.05
-11799675.71,4654488.53,2162.15
-11799677.81,4654488.16,2162.22
-11799679.870000001,4654487.83,2162.19
-11799681.94,4654487.45,2162.27
-11799684.03,4654487.11,2162.3
-11799686.1,4654486.76,2162.32
-11799688.18,4654486.41,2162.34
-11799690.26,4654486.07,2162.32
-11799692.34,4654485.73,2162.28
-11799694.4,4654485.38,2162.31
-11799696.51,4654485.05,2162.23
-11799698.53,4654484.68,2162.38
-11799700.6,4654484.3100000005,2162.42
-11799702.66,4654483.97,2162.49
-11799704.73,4654483.62,2162.49
-11799706.77,4654483.2700000005,2162.54
-11799708.85,4654482.91,2162.56
-11799710.950000001,4654482.54,2162.59
-11799713.05,4654482.23,2162.54
-11799715.11,4654481.86,2162.57
-11799717.21,4654481.54,2162.5
-11799719.25,4654481.15,2162.74
-11799721.35,4654480.8,2162.69
-11799723.43,4654480.46,2162.67
-11799725.32,4654480.03,2163.21
-11799727.57,4654479.75,2162.77
-11799729.65,4654479.4,2162.81
-11799731.72,4654479.05,2162.86
-11799733.790000001,4654478.69,2162.9
-11799735.870000001,4654478.350000001,2162.88
-11799735.24,4654478.15,2162.88
-11799733.27,4654478.48,2162.88
-11799731.33,4654478.8,2162.84
-11799729.35,4654479.14,2162.81
-11799727.39,4654479.48,2162.75
-11799725.11,4654479.66,2163.59
-11799723.48,4654480.14,2162.69
-11799721.5,4654480.45,2162.67
-11799719.53,4654480.8,2162.65
-11799717.63,4654481.14,2162.55
-11799715.620000001,4654481.47,2162.57
-11799713.620000001,4654481.8,2162.56
-11799711.620000001,4654482.13,2162.58
-11799709.620000001,4654482.44,2162.61
-11799707.63,4654482.79,2162.59
-11799705.6,4654483.13,2162.55
-11799703.64,4654483.46,2162.51
-11799701.69,4654483.79,2162.44
-11799699.700000001,4654484.13,2162.42
-11799697.73,4654484.47,2162.32
-11799695.72,4654484.79,2162.33
-11799693.75,4654485.13,2162.32
-11799691.77,4654485.47,2162.27
-11799689.67,4654485.76,2162.48
-11799687.74,4654486.13,2162.31
-11799685.74,4654486.45,2162.33
-11799683.73,4654486.79,2162.3
-11799681.75,4654487.13,2162.28
-11799678.93,4654487.0600000005,2164.65
-11799679.75,4654487.47,2162.23
-11799677.72,4654487.8,2162.22
-11799675.71,4654488.15,2162.21
-11799673.74,4654488.5,2162.08
-11799671.75,4654488.83,2162.04
-11799669.74,4654489.17,2161.99
-11799667.69,4654489.5,2162.05
-11799665.69,4654489.850000001,2162.0
-11799663.65,4654490.16,2162.04
-11799661.66,4654490.51,2162.0
-11799659.61,4654490.850000001,2162.01
-11799657.58,4654491.19,2161.96
-11799655.56,4654491.53,2161.92
-11799653.55,4654491.88,2161.85
-11799651.59,4654492.22,2161.75
-11799649.58,4654492.5600000005,2161.72
-11799647.55,4654492.9,2161.69
-11799645.47,4654493.25,2161.69
-11799643.46,4654493.59,2161.65
-11799641.46,4654493.93,2161.61
-11799639.44,4654494.2700000005,2161.59
-11799637.450000001,4654494.62,2161.51
-11799635.44,4654494.96,2161.44
-11799633.43,4654495.3,2161.42
-11799631.41,4654495.64,2161.4
-11799629.39,4654495.99,2161.4
-11799627.36,4654496.33,2161.33
-11799625.290000001,4654496.67,2161.35
-11799624.290000001,4654495.17,2161.38
-11799626.38,4654494.83,2161.36
-11799628.44,4654494.47,2161.38
-11799630.450000001,4654494.14,2161.38
-11799632.49,4654493.8,2161.4
-11799634.56,4654493.46,2161.42
-11799636.58,4654493.100000001,2161.51
-11799638.620000001,4654492.73,2161.57
-11799640.64,4654492.39,2161.61
-11799642.71,4654492.05,2161.65
-11799644.78,4654491.69,2161.71
-11799646.84,4654491.350000001,2161.72
-11799648.9,4654491.0,2161.73
-11799650.92,4654490.65,2161.79
-11799652.94,4654490.28,2161.86
-11799654.98,4654489.94,2161.94
-11799657.08,4654489.58,2161.96
-11799659.15,4654489.24,2162.01
-11799661.16,4654488.9,2162.0
-11799663.23,4654488.55,2162.02
-11799665.3,4654488.21,2162.01
-11799667.39,4654487.850000001,2162.04
-11799666.700000001,4654486.09,2170.44
-11799667.370000001,4654486.43,2168.42
-11799669.5,4654487.5200000005,2162.0
-11799668.78,4654485.76,2170.35
-11799669.14,4654485.94,2169.28
-11799671.52,4654487.17,2162.07
-11799671.1,4654485.53,2169.67
-11799673.19,4654486.58,2163.4
-11799675.71,4654486.45,2162.15
-11799676.86,4654485.63,2164.94
-11799677.82,4654486.11,2162.09
-11799678.65,4654485.14,2165.77
-11799681.01,4654484.95,2164.88
-11799681.91,4654485.4,2162.24
-11799683.94,4654485.03,2162.3
-11799686.02,4654484.69,2162.32
-11799688.11,4654484.34,2162.38
-11799690.19,4654483.99,2162.38
-11799692.26,4654483.66,2162.33
-11799694.370000001,4654483.3100000005,2162.32
-11799696.42,4654482.97,2162.35
-11799698.5,4654482.63,2162.27
-11799700.53,4654482.2700000005,2162.42
-11799702.58,4654481.9,2162.5
-11799704.68,4654481.5600000005,2162.53
-11799706.73,4654481.2,2162.55
-11799708.8,4654480.86,2162.6
-11799710.9,4654480.49,2162.65
-11799712.98,4654480.16,2162.61
-11799715.040000001,4654479.82,2162.59
-11799717.15,4654479.46,2162.61
-11799719.290000001,4654479.12,2162.6
-11799721.33,4654478.76,2162.67
-11799723.38,4654478.39,2162.73
-11799725.4,4654478.04,2162.88
-11799727.5,4654477.71,2162.79
-11799729.6,4654477.350000001,2162.84
-11799731.69,4654477.0,2162.84
-11799733.73,4654476.67,2162.86
-11799735.790000001,4654476.3100000005,2162.86
-11799736.9,4654475.46,2164.46
-11799734.71,4654475.69,2165.05
-11799735.53,4654476.0600000005,2162.83
-11799732.870000001,4654476.09,2164.67
-11799733.55,4654476.39,2162.83
-11799731.6,4654476.7,2162.81
-11799729.65,4654477.03,2162.81
-11799727.700000001,4654477.36,2162.79
-11799725.76,4654477.68,2162.72
-11799723.790000001,4654478.0200000005,2162.71
-11799721.84,4654478.350000001,2162.67
-11799719.9,4654478.68,2162.61
-11799717.94,4654479.0200000005,2162.55
-11799715.92,4654479.34,2162.6
-11799713.92,4654479.66,2162.59
-11799711.93,4654479.99,2162.61
-11799709.97,4654480.3100000005,2162.61
-11799707.99,4654480.64,2162.59
-11799705.96,4654480.98,2162.57
-11799703.96,4654481.34,2162.48
-11799701.97,4654481.67,2162.47
-11799700.06,4654482.01,2162.35
-11799698.1,4654482.34,2162.31
-11799696.07,4654482.65,2162.33
-11799694.05,4654483.0,2162.3
-11799692.01,4654483.3100000005,2162.44
-11799690.040000001,4654483.64,2162.36
-11799688.03,4654483.97,2162.4
-11799686.040000001,4654484.32,2162.34
-11799684.03,4654484.66,2162.3
-11799681.15,4654484.55,2164.86
-11799682.040000001,4654484.99,2162.25
-11799678.93,4654484.75,2165.59
-11799677.1,4654485.2,2165.0
-11799678.05,4654485.66,2162.19
-11799676.06,4654486.0,2162.13
-11799671.19,4654484.9,2170.63
-11799671.53,4654485.05,2169.65
-11799673.63,4654486.13,2163.33
-11799669.450000001,4654485.38,2169.77
-11799671.5,4654486.42,2163.61
-11799672.040000001,4654486.7,2161.99
-11799667.23,4654485.59,2170.48
-11799667.63,4654485.8,2169.26
-11799670.040000001,4654487.03,2162.0
-11799665.42,4654486.0,2169.92
-11799665.98,4654486.29,2168.23
-11799668.040000001,4654487.33,2162.03
-11799666.01,4654487.68,2162.02
-11799663.97,4654488.0200000005,2161.99
-11799661.96,4654488.36,2162.01
-11799659.96,4654488.69,2162.01
-11799657.92,4654489.0200000005,2161.98
-11799655.89,4654489.38,2161.94
-11799653.88,4654489.71,2161.88
-11799651.91,4654490.05,2161.83
-11799649.91,4654490.39,2161.76
-11799647.89,4654490.75,2161.69
-11799645.85,4654491.08,2161.67
-11799643.82,4654491.39,2161.69
-11799641.82,4654491.74,2161.65
-11799639.84,4654492.08,2161.6
-11799637.81,4654492.42,2161.55
-11799635.77,4654492.79,2161.5
-11799633.76,4654493.13,2161.38
-11799631.76,4654493.47,2161.36
-11799629.76,4654493.79,2161.38
-11799627.71,4654494.13,2161.4
-11799625.67,4654494.48,2161.36
-11799624.96,4654492.88,2161.38
-11799627.01,4654492.54,2161.4
-11799629.040000001,4654492.2,2161.38
-11799631.08,4654491.850000001,2161.44
-11799633.13,4654491.51,2161.46
-11799635.21,4654491.17,2161.44
-11799637.23,4654490.82,2161.51
-11799639.25,4654490.46,2161.67
-11799641.31,4654490.11,2161.67
-11799643.38,4654489.7700000005,2161.69
-11799645.44,4654489.4,2161.72
-11799647.5,4654489.08,2161.72
-11799649.51,4654488.71,2161.82
-11799651.56,4654488.37,2161.86
-11799653.64,4654488.0200000005,2161.94
-11799655.73,4654487.66,2161.98
-11799657.78,4654487.32,2162.01
-11799659.82,4654486.97,2162.01
-11799661.89,4654486.64,2161.98
-11799663.92,4654486.29,2162.03
-11799663.57,4654484.69,2169.42
-11799666.01,4654485.96,2161.98
-11799664.58,4654483.79,2172.63
-11799665.39,4654484.22,2170.17
-11799668.1,4654485.600000001,2161.99
-11799666.55,4654483.4,2172.94
-11799670.18,4654485.26,2162.02
-11799669.57,4654483.5600000005,2170.04
-11799671.71,4654484.65,2163.59
-11799671.43,4654483.100000001,2170.67
-11799673.96,4654484.38,2163.09
-11799676.32,4654484.2,2162.17
-11799677.36,4654483.33,2165.23
-11799681.74,4654482.76,2164.61
-11799682.57,4654483.16,2162.21
-11799684.61,4654482.8100000005,2162.32
-11799686.71,4654482.44,2162.34
-11799688.81,4654482.09,2162.36
-11799690.86,4654481.75,2162.36
-11799692.07,4654481.01,2164.82
-11799694.28,4654480.74,2164.38
-11799695.0,4654481.09,2162.3
-11799697.05,4654480.72,2162.36
-11799699.14,4654480.38,2162.4
-11799701.23,4654480.03,2162.36
-11799703.26,4654479.68,2162.46
-11799705.33,4654479.34,2162.49
-11799704.78,4654477.71,2170.1
-11799706.78,4654477.33,2170.32
-11799709.540000001,4654478.62,2162.55
-11799706.48,4654475.86,2177.03
-11799707.13,4654476.17,2175.24
-11799711.59,4654478.2700000005,2162.63
-11799713.67,4654477.91,2162.67
-11799715.75,4654477.58,2162.63
-11799717.84,4654477.24,2162.63
-11799719.97,4654476.91,2162.55
-11799721.93,4654476.53,2162.78
-11799724.01,4654476.18,2162.75
-11799726.13,4654475.84,2162.73
-11799728.22,4654475.48,2162.8
-11799730.26,4654475.14,2162.84
-11799731.56,4654474.46,2164.86
-11799732.3,4654474.7700000005,2162.86
-11799733.42,4654474.01,2165.47
-11799734.41,4654474.45,2162.81
-11799735.75,4654473.8,2164.76
-11799736.48,4654474.12,2162.78
-11799735.69,4654473.49,2164.98
-11799736.47,4654473.84,2162.84
-11799733.540000001,4654473.72,2165.53
-11799734.55,4654474.17,2162.76
-11799731.790000001,4654474.14,2164.86
-11799732.52,4654474.49,2162.86
-11799730.620000001,4654474.79,2162.82
-11799728.700000001,4654475.12,2162.81
-11799726.73,4654475.46,2162.72
-11799724.71,4654475.79,2162.72
-11799722.72,4654476.11,2162.73
-11799720.83,4654476.47,2162.52
-11799718.84,4654476.78,2162.63
-11799716.870000001,4654477.11,2162.63
-11799714.85,4654477.42,2162.63
-11799708.15,4654475.5600000005,2175.9
-11799712.86,4654477.75,2162.63
-11799705.84,4654475.7,2176.92
-11799710.91,4654478.08,2162.63
-11799706.19,4654477.09,2170.4
-11799703.86,4654477.26,2171.42
-11799704.48,4654477.5600000005,2169.63
-11799706.99,4654478.74,2162.56
-11799705.01,4654479.08,2162.5
-11799703.0,4654479.41,2162.48
-11799701.05,4654479.7700000005,2162.34
-11799699.06,4654480.08,2162.4
-11799697.1,4654480.4,2162.38
-11799694.290000001,4654480.350000001,2164.67
-11799695.11,4654480.74,2162.3
-11799692.040000001,4654480.58,2165.29
-11799691.040000001,4654481.4,2162.36
-11799689.06,4654481.73,2162.36
-11799687.040000001,4654482.0600000005,2162.34
-11799685.01,4654482.4,2162.32
-11799682.55,4654482.51,2163.65
-11799683.03,4654482.76,2162.21
-11799680.08,4654482.600000001,2165.05
-11799677.88,4654482.83,2165.63
-11799676.28,4654483.34,2164.42
-11799677.03,4654483.73,2162.21
-11799672.370000001,4654482.73,2170.08
-11799674.76,4654483.94,2162.97
-11799670.56,4654483.18,2169.44
-11799672.49,4654484.16,2163.67
-11799667.57,4654483.0,2172.4
-11799668.42,4654483.43,2169.86
-11799670.42,4654484.46,2163.82
-11799665.200000001,4654483.15,2173.54
-11799669.05,4654485.12,2161.9
-11799664.39,4654484.0600000005,2169.96
-11799667.02,4654485.42,2161.99
-11799662.57,4654484.49,2169.4
-11799665.02,4654485.76,2161.97
-11799662.97,4654486.11,2161.97
-11799660.950000001,4654486.44,2161.97
-11799658.950000001,4654486.74,2161.99
-11799656.9,4654487.08,2162.0
-11799654.870000001,4654487.43,2161.98
-11799652.86,4654487.7700000005,2161.92
-11799650.88,4654488.11,2161.83
-11799648.88,4654488.45,2161.78
-11799646.870000001,4654488.8,2161.69
-11799644.83,4654489.14,2161.69
-11799642.8,4654489.48,2161.65
-11799640.76,4654489.8100000005,2161.69
-11799638.73,4654490.17,2161.59
-11799636.73,4654490.51,2161.53
-11799634.74,4654490.850000001,2161.48
-11799632.74,4654491.17,2161.53
-11799630.75,4654491.5200000005,2161.42
-11799628.73,4654491.850000001,2161.4
-11799626.68,4654492.2,2161.38
-11799624.64,4654492.54,2161.38
-11799625.69,4654490.65,2161.36
-11799627.68,4654490.29,2161.42
-11799629.74,4654489.97,2161.42
-11799631.82,4654489.600000001,2161.46
-11799633.870000001,4654489.24,2161.58
-11799635.77,4654488.84,2161.99
-11799637.89,4654488.5600000005,2161.67
-11799639.97,4654488.23,2161.67
-11799642.08,4654487.87,2161.65
-11799644.16,4654487.53,2161.67
-11799646.19,4654487.17,2161.75
-11799648.24,4654486.8100000005,2161.82
-11799650.3,4654486.46,2161.88
-11799652.36,4654486.11,2161.96
-11799654.38,4654485.78,2161.96
-11799656.41,4654485.43,2161.96
-11799658.5,4654485.09,2161.96
-11799660.58,4654484.75,2161.94
-11799662.620000001,4654484.4,2161.99
-11799662.200000001,4654482.78,2169.53
-11799664.68,4654484.0600000005,2162.01
-11799663.44,4654482.0200000005,2172.01
-11799663.82,4654482.22,2170.84
-11799664.42,4654482.54,2169.0
-11799666.74,4654483.72,2162.02
-11799664.99,4654481.43,2173.53
-11799666.39,4654482.12,2169.34
-11799668.31,4654483.11,2163.52
-11799668.81,4654483.38,2162.02
-11799666.55,4654480.83,2175.01
-11799667.1,4654481.12,2173.33
-11799668.84,4654481.99,2168.13
-11799670.31,4654482.76,2163.71
-11799670.31,4654481.37,2169.85
-11799672.43,4654482.45,2163.49
-11799672.08,4654480.88,2170.69
-11799674.68,4654482.21,2162.94
-11799674.93,4654482.33,2162.17
-11799676.36,4654481.63,2164.27
-11799677.05,4654481.98,2162.21
-11799678.200000001,4654481.17,2164.97
-11799679.13,4654481.63,2162.22
-11799680.23,4654480.79,2165.1
-11799681.23,4654481.3,2162.15
-11799683.28,4654480.92,2162.31
-11799684.96,4654480.39,2163.47
-11799687.4,4654480.24,2162.33
-11799689.49,4654479.89,2162.32
-11799691.18,4654479.36,2163.5
-11799691.48,4654479.5,2162.61
-11799692.71,4654478.73,2165.1
-11799695.75,4654478.850000001,2162.4
-11799697.84,4654478.5200000005,2162.36
-11799699.91,4654478.16,2162.4
-11799699.48,4654476.62,2169.6
-11799702.040000001,4654477.83,2162.31
-11799701.17,4654476.100000001,2170.63
-11799701.700000001,4654476.36,2169.13
-11799704.05,4654477.48,2162.44
-11799700.99,4654474.69,2177.04
-11799703.24,4654475.75,2170.67
-11799706.1,4654477.100000001,2162.55
-11799703.35,4654474.47,2176.28
-11799708.22,4654476.75,2162.51
-11799705.47,4654474.17,2176.13
-11799706.77,4654474.7700000005,2172.44
-11799706.78,4654473.47,2178.21
-11799711.4,4654474.3100000005,2171.05
-11799711.97,4654474.59,2169.44
-11799714.4,4654475.72,2162.61
-11799711.0,4654472.82,2178.05
-11799711.75,4654473.17,2175.9
-11799713.27,4654473.86,2171.69
-11799713.01,4654472.47,2178.11
-11799713.950000001,4654472.89,2175.51
-11799718.59,4654475.04,2162.56
-11799720.63,4654474.69,2162.61
-11799722.73,4654474.350000001,2162.6
-11799723.92,4654473.61,2165.08
-11799724.75,4654473.98,2162.81
-11799725.38,4654472.96,2166.83
-11799726.69,4654472.2700000005,2169.01
-11799727.870000001,4654472.79,2165.77
-11799728.98,4654473.3100000005,2162.69
-11799731.0,4654472.94,2162.83
-11799732.43,4654472.3100000005,2164.58
-11799733.08,4654472.600000001,2162.83
-11799735.15,4654472.25,2162.83
-11799735.64,4654471.89,2162.83
-11799733.67,4654472.19,2162.83
-11799731.700000001,4654472.53,2162.82
-11799729.73,4654472.86,2162.79
-11799725.52,4654472.18,2168.9
-11799724.38,4654472.87,2166.63
-11799725.78,4654473.51,2162.78
-11799723.86,4654473.84,2162.72
-11799721.94,4654474.18,2162.57
-11799719.9,4654474.48,2162.67
-11799712.450000001,4654472.2700000005,2177.97
-11799713.32,4654472.68,2175.52
-11799710.290000001,4654472.5,2178.55
-11799711.4,4654473.01,2175.47
-11799712.44,4654473.5,2172.56
-11799712.870000001,4654473.7,2171.33
-11799710.99,4654474.07,2171.06
-11799706.57,4654473.24,2177.94
-11799705.33,4654473.9,2175.9
-11799706.53,4654474.47,2172.51
-11799703.08,4654474.08,2176.73
-11799708.11,4654476.46,2162.52
-11799701.03,4654474.37,2176.94
-11799706.1,4654476.7700000005,2162.56
-11799699.27,4654474.8100000005,2176.26
-11799701.23,4654475.75,2170.67
-11799701.86,4654476.05,2168.88
-11799704.13,4654477.12,2162.38
-11799699.66,4654476.26,2169.49
-11799702.17,4654477.46,2162.32
-11799700.14,4654477.79,2162.4
-11799698.13,4654478.12,2162.36
-11799695.290000001,4654478.03,2164.83
-11799696.14,4654478.45,2162.36
-11799693.51,4654478.44,2164.31
-11799694.23,4654478.79,2162.24
-11799691.61,4654478.8,2164.06
-11799690.18,4654479.44,2162.34
-11799688.16,4654479.7700000005,2162.34
-11799685.75,4654479.88,2163.52
-11799686.17,4654480.08,2162.27
-11799683.72,4654480.22,2163.53
-11799684.13,4654480.43,2162.31
-11799681.450000001,4654480.4,2164.3
-11799682.16,4654480.7700000005,2162.21
-11799679.33,4654480.68,2164.67
-11799680.13,4654481.08,2162.29
-11799677.290000001,4654480.96,2164.88
-11799677.61,4654481.12,2163.92
-11799678.13,4654481.39,2162.4
-11799673.39,4654480.32,2170.57
-11799676.22,4654481.74,2162.17
-11799671.38,4654480.68,2170.5
-11799673.89,4654481.93,2162.99
-11799668.16,4654480.39,2174.13
-11799671.67,4654482.19,2163.55
-11799665.82,4654480.5200000005,2175.15
-11799668.23,4654481.7700000005,2167.9
-11799669.61,4654482.46,2163.8
-11799664.46,4654481.18,2173.27
-11799665.950000001,4654481.96,2168.77
-11799667.74,4654482.850000001,2163.4
-11799668.19,4654483.100000001,2162.03
-11799663.81,4654482.2,2169.21
-11799666.18,4654483.43,2162.02
-11799661.870000001,4654482.54,2169.06
-11799664.19,4654483.75,2162.0
-11799662.17,4654484.09,2161.96
-11799660.14,4654484.43,2161.96
-11799658.11,4654484.76,2161.96
-11799656.09,4654485.09,2161.97
-11799654.07,4654485.43,2161.94
-11799652.03,4654485.78,2161.9
-11799650.03,4654486.12,2161.84
-11799648.040000001,4654486.44,2161.8
-11799646.040000001,4654486.78,2161.72
-11799643.99,4654487.15,2161.67
-11799641.94,4654487.49,2161.63
-11799639.94,4654487.8100000005,2161.65
-11799637.9,4654488.14,2161.69
-11799635.790000001,4654488.43,2161.92
-11799633.84,4654488.8100000005,2161.65
-11799631.89,4654489.18,2161.42
-11799629.9,4654489.51,2161.42
-11799627.88,4654489.84,2161.44
-11799625.870000001,4654490.18,2161.38
-11799624.36,4654488.57,2161.44
-11799626.43,4654488.25,2161.42
-11799628.51,4654487.91,2161.44
-11799630.57,4654487.57,2161.4
-11799632.55,4654487.19,2161.65
-11799634.56,4654486.83,2161.81
-11799636.65,4654486.51,2161.63
-11799638.73,4654486.17,2161.65
-11799640.83,4654485.82,2161.63
-11799642.9,4654485.48,2161.65
-11799644.91,4654485.14,2161.73
-11799646.94,4654484.78,2161.84
-11799649.0,4654484.42,2161.88
-11799651.03,4654484.09,2161.9
-11799653.1,4654483.74,2161.94
-11799655.17,4654483.4,2161.94
-11799657.27,4654483.05,2161.94
-11799659.32,4654482.72,2161.94
-11799661.370000001,4654482.39,2161.88
-11799663.44,4654482.04,2161.94
-11799662.74,4654480.24,2170.4
-11799663.18,4654480.47,2169.08
-11799665.51,4654481.68,2162.01
-11799663.94,4654479.47,2173.0
-11799665.72,4654480.38,2167.65
-11799667.53,4654481.3,2162.23
-11799665.64,4654478.92,2174.11
-11799666.72,4654479.49,2170.88
-11799667.78,4654480.03,2167.71
-11799669.3,4654480.8100000005,2163.13
-11799667.42,4654478.47,2174.92
-11799668.74,4654479.14,2170.96
-11799671.370000001,4654480.46,2163.07
-11799669.75,4654478.26,2174.1
-11799671.05,4654478.91,2170.19
-11799673.39,4654480.11,2163.24
-11799673.72,4654480.28,2162.23
-11799671.81,4654477.89,2174.19
-11799673.040000001,4654478.5200000005,2170.53
-11799675.83,4654479.94,2162.23
-11799673.8,4654477.54,2174.38
-11799677.35,4654479.33,2163.82
-11799677.92,4654479.61,2162.15
-11799679.96,4654479.25,2162.23
-11799681.56,4654478.67,2163.63
-11799682.01,4654478.9,2162.33
-11799683.620000001,4654478.33,2163.65
-11799685.64,4654477.96,2163.79
-11799687.74,4654477.67,2163.58
-11799688.19,4654477.89,2162.27
-11799690.24,4654477.5200000005,2162.4
-11799692.39,4654477.17,2162.4
-11799693.94,4654476.5600000005,2163.98
-11799694.44,4654476.79,2162.54
-11799695.450000001,4654475.95,2165.6
-11799698.620000001,4654476.14,2162.42
-11799697.06,4654474.04,2172.84
-11799697.72,4654474.350000001,2170.97
-11799700.700000001,4654475.79,2162.44
-11799699.72,4654473.98,2171.19
-11799702.84,4654475.48,2162.32
-11799699.98,4654472.8,2176.31
-11799701.63,4654472.26,2177.49
-11799706.92,4654474.7700000005,2162.5
-11799702.9,4654471.55,2179.73
-11799704.5,4654472.3,2175.21
-11799704.68,4654471.07,2180.48
-11799705.22,4654471.33,2178.94
-11799705.950000001,4654471.69,2176.9
-11799708.07,4654471.350000001,2176.77
-11799709.66,4654470.8,2178.13
-11799710.24,4654471.0600000005,2176.52
-11799711.64,4654471.71,2172.63
-11799711.56,4654470.39,2178.53
-11799714.370000001,4654470.4,2176.4
-11799719.32,4654472.67,2162.65
-11799721.4,4654472.32,2162.71
-11799723.53,4654471.98,2162.63
-11799724.39,4654471.09,2166.07
-11799725.58,4654471.63,2162.76
-11799726.33,4654470.67,2166.44
-11799727.56,4654471.24,2163.04
-11799729.74,4654470.95,2162.78
-11799731.83,4654470.600000001,2162.82
-11799733.870000001,4654470.24,2162.86
-11799735.14,4654469.5600000005,2164.98
-11799735.9,4654469.13,2165.07
-11799736.73,4654469.49,2162.8
-11799734.17,4654469.5600000005,2164.4
-11799734.73,4654469.8100000005,2162.9
-11799732.78,4654470.15,2162.78
-11799730.790000001,4654470.47,2162.74
-11799728.84,4654470.79,2162.77
-11799725.69,4654470.5600000005,2166.13
-11799726.870000001,4654471.09,2162.92
-11799723.81,4654470.91,2165.9
-11799725.01,4654471.44,2162.61
-11799723.02,4654471.7700000005,2162.67
-11799721.040000001,4654472.09,2162.67
-11799713.43,4654469.82,2178.32
-11799714.16,4654470.16,2176.29
-11799719.09,4654472.43,2162.58
-11799711.44,4654470.11,2178.46
-11799710.22,4654470.7700000005,2176.44
-11799707.03,4654470.53,2179.82
-11799708.120000001,4654471.03,2176.74
-11799704.78,4654470.74,2180.54
-11799705.32,4654470.99,2179.02
-11799703.14,4654471.19,2179.63
-11799704.67,4654471.92,2175.32
-11799701.86,4654471.82,2177.8
-11799707.26,4654474.38,2162.5
-11799700.33,4654472.350000001,2176.58
-11799700.14,4654473.5200000005,2171.44
-11799700.6,4654473.76,2170.1
-11799703.31,4654475.04,2162.4
-11799696.94,4654473.3,2174.83
-11799697.44,4654473.53,2173.38
-11799695.52,4654473.89,2173.24
-11799699.290000001,4654475.69,2162.42
-11799696.700000001,4654475.7,2164.21
-11799697.290000001,4654476.0,2162.55
-11799694.620000001,4654475.99,2164.44
-11799693.33,4654476.67,2162.4
-11799691.3,4654476.99,2162.44
-11799689.28,4654477.33,2162.4
-11799686.790000001,4654477.41,2163.88
-11799684.870000001,4654477.75,2163.76
-11799682.86,4654478.08,2163.74
-11799680.89,4654478.46,2163.48
-11799681.3,4654478.65,2162.29
-11799679.33,4654478.99,2162.22
-11799673.23,4654477.26,2174.4
-11799677.35,4654479.33,2162.17
-11799670.83,4654477.36,2175.61
-11799671.31,4654477.63,2174.17
-11799675.34,4654479.66,2162.17
-11799668.84,4654477.71,2175.53
-11799669.66,4654478.13,2173.07
-11799670.01,4654478.3100000005,2172.06
-11799670.700000001,4654478.65,2169.98
-11799667.08,4654478.16,2174.83
-11799667.870000001,4654478.5600000005,2172.48
-11799670.51,4654479.91,2164.55
-11799671.03,4654480.17,2163.02
-11799665.43,4654478.65,2173.82
-11799666.57,4654479.26,2170.35
-11799667.48,4654479.71,2167.65
-11799663.53,4654479.03,2173.55
-11799664.58,4654479.57,2170.36
-11799667.290000001,4654480.97,2162.17
-11799662.66,4654479.94,2170.13
-11799663.1,4654480.17,2168.8
-11799665.34,4654481.32,2162.01
-11799662.290000001,4654481.13,2165.13
-11799663.33,4654481.67,2161.96
-11799661.32,4654482.01,2161.94
-11799659.26,4654482.34,2161.92
-11799657.25,4654482.67,2161.92
-11799655.22,4654482.98,2161.96
-11799653.19,4654483.33,2161.96
-11799651.21,4654483.66,2161.92
-11799649.18,4654483.99,2161.9
-11799647.16,4654484.34,2161.83
-11799645.14,4654484.67,2161.8
-11799643.120000001,4654485.03,2161.71
-11799641.120000001,4654485.37,2161.63
-11799639.1,4654485.7,2161.61
-11799637.09,4654486.0200000005,2161.63
-11799635.03,4654486.3100000005,2161.84
-11799633.040000001,4654486.65,2161.75
-11799631.1,4654487.03,2161.5
-11799629.05,4654487.37,2161.51
-11799627.01,4654487.72,2161.46
-11799624.96,4654488.05,2161.48
-11799625.36,4654485.87,2161.44
-11799627.4,4654485.53,2161.46
-11799629.44,4654485.21,2161.47
-11799631.370000001,4654484.8,2161.88
-11799633.51,4654484.5,2161.6
-11799635.58,4654484.16,2161.61
-11799637.64,4654483.82,2161.59
-11799639.67,4654483.47,2161.61
-11799641.71,4654483.13,2161.71
-11799643.75,4654482.79,2161.78
-11799645.82,4654482.45,2161.81
-11799647.89,4654482.09,2161.86
-11799649.950000001,4654481.73,2161.92
-11799652.02,4654481.39,2161.92
-11799654.1,4654481.0600000005,2161.88
-11799656.14,4654480.72,2161.92
-11799658.19,4654480.39,2161.86
-11799660.27,4654480.04,2161.92
-11799659.78,4654478.34,2169.82
-11799660.98,4654478.96,2166.19
-11799662.38,4654479.69,2161.96
-11799660.950000001,4654477.55,2172.52
-11799661.78,4654477.98,2169.98
-11799664.24,4654479.24,2162.58
-11799663.5,4654477.47,2171.01
-11799666.42,4654478.96,2162.22
-11799664.81,4654476.74,2173.27
-11799668.47,4654478.62,2162.26
-11799666.13,4654476.01,2175.6
-11799668.34,4654477.14,2168.96
-11799670.64,4654478.3,2162.07
-11799668.52,4654475.83,2174.63
-11799669.08,4654476.100000001,2172.94
-11799672.68,4654477.93,2162.19
-11799670.3,4654475.37,2175.36
-11799671.53,4654475.97,2171.72
-11799674.73,4654477.59,2162.19
-11799672.99,4654475.37,2173.4
-11799676.790000001,4654477.2700000005,2162.15
-11799678.85,4654476.91,2162.27
-11799680.58,4654476.4,2163.3
-11799682.63,4654476.0600000005,2163.31
-11799683.86,4654475.29,2165.81
-11799686.14,4654475.03,2165.31
-11799689.21,4654475.16,2162.46
-11799691.25,4654474.82,2162.49
-11799693.34,4654474.48,2162.5
-11799695.44,4654474.13,2162.49
-11799697.48,4654473.7700000005,2162.57
-11799695.450000001,4654471.47,2174.34
-11799696.620000001,4654472.03,2170.98
-11799697.92,4654472.66,2167.27
-11799699.48,4654473.4,2162.82
-11799697.26,4654470.99,2175.11
-11799700.11,4654471.03,2172.9
-11799700.83,4654471.37,2170.83
-11799703.78,4654472.7700000005,2162.46
-11799700.46,4654469.87,2177.79
-11799701.58,4654470.4,2174.59
-11799702.24,4654469.42,2178.52
-11799702.71,4654469.64,2177.17
-11799704.02,4654470.26,2173.47
-11799703.75,4654468.82,2180.06
-11799705.6,4654468.37,2180.73
-11799706.11,4654468.59,2179.31
-11799707.69,4654469.350000001,2174.85
-11799709.450000001,4654468.86,2175.73
-11799711.58,4654468.53,2175.56
-11799716.21,4654470.68,2162.65
-11799713.41,4654468.09,2176.25
-11799713.91,4654468.33,2174.85
-11799720.370000001,4654469.99,2162.74
-11799722.44,4654469.65,2162.73
-11799724.540000001,4654469.3,2162.72
-11799726.65,4654468.98,2162.63
-11799728.65,4654468.600000001,2162.85
-11799730.77,4654468.2700000005,2162.8
-11799732.85,4654467.93,2162.8
-11799734.89,4654467.57,2162.86
-11799735.93,4654467.100000001,2162.86
-11799734.0,4654467.43,2162.81
-11799732.05,4654467.75,2162.78
-11799730.1,4654468.0600000005,2162.76
-11799728.13,4654468.39,2162.79
-11799726.23,4654468.73,2162.61
-11799724.23,4654469.04,2162.72
-11799722.26,4654469.350000001,2162.74
-11799720.290000001,4654469.67,2162.74
-11799713.38,4654467.74,2176.36
-11799711.69,4654468.19,2175.65
-11799716.35,4654470.33,2162.67
-11799709.790000001,4654468.5,2175.53
-11799710.42,4654468.8,2173.77
-11799706.5,4654468.22,2179.17
-11799707.99,4654468.93,2175.01
-11799704.24,4654468.41,2180.02
-11799702.77,4654468.95,2178.61
-11799703.31,4654469.21,2177.13
-11799700.83,4654469.29,2178.53
-11799702.28,4654469.99,2174.38
-11799700.49,4654470.39,2173.96
-11799701.19,4654470.72,2171.94
-11799698.200000001,4654470.55,2174.84
-11799696.25,4654470.89,2174.71
-11799698.49,4654473.2700000005,2162.57
-11799696.52,4654473.600000001,2162.51
-11799694.59,4654473.93,2162.46
-11799692.57,4654474.24,2162.49
-11799690.57,4654474.58,2162.44
-11799687.540000001,4654474.41,2165.36
-11799688.450000001,4654474.86,2162.74
-11799685.58,4654474.75,2165.31
-11799683.33,4654474.93,2166.07
-11799682.370000001,4654475.8,2162.94
-11799680.24,4654476.07,2163.28
-11799678.6,4654476.57,2162.24
-11799672.85,4654475.0200000005,2173.36
-11799676.64,4654476.92,2162.17
-11799670.19,4654475.0,2175.36
-11799674.64,4654477.25,2162.13
-11799668.11,4654475.3,2175.54
-11799669.6,4654476.04,2171.11
-11799672.6,4654477.5600000005,2162.15
-11799666.120000001,4654475.61,2175.55
-11799670.61,4654477.91,2162.11
-11799664.83,4654476.3,2173.46
-11799665.63,4654476.72,2171.05
-11799668.55,4654478.2,2162.27
-11799662.94,4654476.66,2173.19
-11799663.64,4654477.0200000005,2171.07
-11799664.6,4654477.5200000005,2168.17
-11799666.58,4654478.54,2162.24
-11799661.15,4654477.100000001,2172.59
-11799661.93,4654477.5,2170.19
-11799659.88,4654477.83,2170.26
-11799661.24,4654478.53,2166.15
-11799659.58,4654479.0600000005,2164.97
-11799660.57,4654479.57,2161.92
-11799658.56,4654479.91,2161.86
-11799656.55,4654480.25,2161.86
-11799654.53,4654480.57,2161.92
-11799652.52,4654480.89,2161.9
-11799650.46,4654481.23,2161.9
-11799648.42,4654481.57,2161.9
-11799646.42,4654481.91,2161.83
-11799644.41,4654482.24,2161.79
-11799642.39,4654482.600000001,2161.72
-11799640.39,4654482.94,2161.63
-11799638.39,4654483.2700000005,2161.59
-11799636.38,4654483.600000001,2161.57
-11799634.35,4654483.93,2161.6
-11799632.34,4654484.2700000005,2161.53
-11799630.26,4654484.59,2161.65
-11799628.3,4654484.95,2161.48
-11799626.33,4654485.2700000005,2161.44
-11799624.32,4654485.600000001,2161.4
-11799624.23,4654483.64,2161.51
-11799626.3,4654483.33,2161.47
-11799628.35,4654482.96,2161.52
-11799630.44,4654482.64,2161.5
-11799632.49,4654482.2700000005,2161.59
-11799634.53,4654481.93,2161.6
-11799636.57,4654481.61,2161.59
-11799638.6,4654481.24,2161.65
-11799640.64,4654480.9,2161.73
-11799642.69,4654480.5600000005,2161.79
-11799644.72,4654480.21,2161.82
-11799646.76,4654479.87,2161.9
-11799648.84,4654479.53,2161.88
-11799650.94,4654479.18,2161.9
-11799653.01,4654478.84,2161.88
-11799655.06,4654478.5,2161.88
-11799657.1,4654478.18,2161.86
-11799652.91,4654474.5600000005,2180.98
-11799653.64,4654474.94,2178.77
-11799660.71,4654477.19,2163.6
-11799661.25,4654477.47,2161.98
-11799661.41,4654476.16,2167.71
-11799661.74,4654476.32,2166.71
-11799662.19,4654476.5600000005,2165.35
-11799662.97,4654476.96,2162.96
-11799665.24,4654476.73,2162.35
-11799663.72,4654474.51,2173.28
-11799667.36,4654476.38,2162.36
-11799666.24,4654474.43,2171.86
-11799667.32,4654474.98,2168.63
-11799669.49,4654476.08,2162.13
-11799667.24,4654473.54,2175.07
-11799668.18,4654474.0200000005,2172.27
-11799671.55,4654475.73,2162.19
-11799669.59,4654473.33,2174.23
-11799671.35,4654474.24,2168.97
-11799672.09,4654474.61,2166.78
-11799673.63,4654475.38,2162.17
-11799671.84,4654473.12,2173.58
-11799675.68,4654475.04,2162.21
-11799676.58,4654474.100000001,2165.71
-11799678.63,4654473.75,2165.75
-11799680.63,4654473.36,2166.04
-11799682.35,4654472.87,2167.04
-11799684.64,4654472.62,2166.38
-11799686.97,4654472.43,2165.63
-11799688.96,4654472.01,2166.0
-11799691.33,4654471.8100000005,2165.23
-11799692.35,4654472.3,2162.3
-11799694.32,4654471.93,2162.5
-11799696.4,4654471.58,2162.49
-11799698.44,4654471.23,2162.59
-11799698.0,4654469.64,2169.9
-11799698.48,4654469.88,2168.53
-11799699.49,4654469.0200000005,2171.61
-11799700.46,4654469.49,2168.85
-11799699.63,4654467.78,2177.04
-11799700.99,4654468.43,2173.19
-11799701.01,4654467.15,2178.86
-11799702.91,4654466.73,2179.33
-11799703.89,4654467.18,2176.6
-11799704.76,4654466.29,2179.94
-11799705.58,4654466.68,2177.63
-11799706.21,4654466.96,2175.88
-11799707.97,4654466.47,2176.76
-11799708.47,4654466.7,2175.38
-11799709.0,4654465.62,2179.71
-11799715.13,4654468.47,2162.67
-11799717.19,4654468.100000001,2162.75
-11799719.26,4654467.76,2162.77
-11799721.31,4654467.41,2162.79
-11799723.370000001,4654467.07,2162.82
-11799725.48,4654466.75,2162.78
-11799727.58,4654466.42,2162.72
-11799729.63,4654466.07,2162.79
-11799731.700000001,4654465.72,2162.81
-11799733.78,4654465.350000001,2162.85
-11799735.84,4654465.04,2162.85
-11799735.43,4654464.68,2162.84
-11799733.5,4654464.99,2162.83
-11799731.53,4654465.33,2162.8
-11799729.6,4654465.66,2162.69
-11799727.6,4654465.96,2162.76
-11799725.68,4654466.29,2162.73
-11799723.69,4654466.61,2162.75
-11799721.71,4654466.92,2162.77
-11799719.74,4654467.25,2162.74
-11799717.790000001,4654467.58,2162.69
-11799715.81,4654467.9,2162.69
-11799707.84,4654465.42,2179.48
-11799706.0,4654465.8,2179.13
-11799706.83,4654466.17,2176.84
-11799703.84,4654466.0,2179.76
-11799706.17,4654467.100000001,2173.21
-11799702.44,4654466.59,2178.17
-11799703.370000001,4654467.0200000005,2175.54
-11799704.68,4654467.65,2171.85
-11799700.620000001,4654466.99,2177.74
-11799702.53,4654467.89,2172.34
-11799700.44,4654468.15,2172.67
-11799698.83,4654468.65,2171.61
-11799699.94,4654469.17,2168.44
-11799697.41,4654469.25,2169.94
-11799698.01,4654469.54,2168.24
-11799699.950000001,4654470.47,2162.71
-11799698.0,4654470.8100000005,2162.57
-11799696.05,4654471.15,2162.49
-11799694.05,4654471.46,2162.5
-11799690.44,4654471.01,2167.08
-11799691.08,4654471.32,2165.24
-11799688.790000001,4654471.51,2166.13
-11799686.950000001,4654471.91,2165.69
-11799684.68,4654472.08,2166.47
-11799682.53,4654472.33,2166.98
-11799680.69,4654472.76,2166.4
-11799678.950000001,4654473.2,2165.69
-11799676.98,4654473.53,2165.69
-11799672.31,4654472.49,2173.6
-11799676.16,4654474.42,2162.19
-11799670.23,4654472.78,2173.82
-11799670.81,4654473.09,2172.08
-11799674.15,4654474.76,2162.15
-11799668.18,4654473.100000001,2173.92
-11799672.11,4654475.09,2162.23
-11799666.290000001,4654473.49,2173.55
-11799667.69,4654474.19,2169.36
-11799670.09,4654475.44,2162.15
-11799664.16,4654473.76,2173.92
-11799668.120000001,4654475.78,2162.04
-11799662.52,4654474.25,2172.83
-11799663.07,4654474.55,2171.13
-11799665.14,4654475.62,2164.92
-11799666.07,4654476.08,2162.15
-11799660.96,4654474.83,2171.42
-11799663.22,4654476.01,2164.58
-11799663.76,4654476.2700000005,2162.98
-11799661.55,4654476.5,2163.5
-11799662.08,4654476.79,2161.88
-11799652.950000001,4654473.42,2183.55
-11799653.73,4654473.82,2181.17
-11799652.6,4654474.58,2178.61
-11799656.1,4654477.7700000005,2161.85
-11799654.07,4654478.09,2161.86
-11799652.0,4654478.43,2161.86
-11799649.98,4654478.76,2161.9
-11799647.950000001,4654479.09,2161.88
-11799645.96,4654479.41,2161.86
-11799643.97,4654479.75,2161.81
-11799641.93,4654480.09,2161.78
-11799639.91,4654480.43,2161.69
-11799637.92,4654480.78,2161.63
-11799635.92,4654481.12,2161.57
-11799633.88,4654481.45,2161.57
-11799631.84,4654481.78,2161.56
-11799629.82,4654482.12,2161.48
-11799627.8,4654482.44,2161.53
-11799625.78,4654482.7700000005,2161.54
-11799625.91,4654480.69,2161.44
-11799627.93,4654480.350000001,2161.5
-11799629.97,4654480.0,2161.54
-11799632.03,4654479.66,2161.56
-11799634.03,4654479.34,2161.57
-11799636.05,4654478.97,2161.67
-11799638.120000001,4654478.63,2161.73
-11799640.22,4654478.29,2161.74
-11799642.26,4654477.93,2161.81
-11799644.27,4654477.600000001,2161.86
-11799646.32,4654477.26,2161.86
-11799648.39,4654476.92,2161.86
-11799650.46,4654476.57,2161.84
-11799652.56,4654476.23,2161.82
-11799654.6,4654475.89,2161.88
-11799650.790000001,4654472.49,2179.83
-11799651.23,4654472.72,2178.5
-11799651.69,4654472.97,2177.06
-11799651.88,4654471.63,2182.84
-11799654.06,4654472.78,2176.19
-11799660.39,4654474.63,2163.32
-11799662.47,4654474.29,2163.31
-11799663.01,4654473.18,2167.88
-11799664.950000001,4654474.17,2162.03
-11799663.85,4654472.21,2171.56
-11799664.75,4654472.67,2168.85
-11799667.01,4654473.83,2162.06
-11799665.64,4654471.73,2172.38
-11799666.790000001,4654472.32,2168.94
-11799669.05,4654473.47,2162.15
-11799667.48,4654471.28,2173.07
-11799668.200000001,4654471.65,2170.88
-11799669.48,4654470.92,2173.13
-11799673.16,4654472.79,2162.23
-11799671.55,4654470.61,2173.08
-11799674.1,4654471.88,2165.5
-11799676.17,4654471.54,2165.6
-11799678.25,4654471.18,2165.67
-11799680.33,4654470.84,2165.67
-11799682.200000001,4654470.41,2166.21
-11799684.03,4654469.96,2166.82
-11799686.16,4654469.64,2166.72
-11799688.200000001,4654469.28,2166.86
-11799690.19,4654468.92,2167.06
-11799692.94,4654468.9,2165.13
-11799695.92,4654468.97,2162.55
-11799696.44,4654467.89,2167.04
-11799697.98,4654468.63,2162.63
-11799698.120000001,4654467.39,2168.11
-11799700.040000001,4654468.29,2162.65
-11799699.92,4654466.9,2168.86
-11799702.13,4654467.97,2162.59
-11799701.28,4654466.25,2170.86
-11799701.73,4654466.45,2169.63
-11799704.19,4654467.600000001,2162.65
-11799701.59,4654465.0600000005,2175.88
-11799703.28,4654464.55,2176.96
-11799704.35,4654465.03,2173.97
-11799704.89,4654463.96,2178.3
-11799705.52,4654464.28,2176.54
-11799706.8,4654463.5600000005,2178.79
-11799709.39,4654463.48,2177.3
-11799714.65,4654465.91,2162.61
-11799716.67,4654465.57,2162.71
-11799718.74,4654465.2,2162.74
-11799720.85,4654464.850000001,2162.8
-11799722.94,4654464.51,2162.82
-11799725.02,4654464.17,2162.83
-11799727.08,4654463.82,2162.81
-11799729.16,4654463.48,2162.79
-11799731.28,4654463.18,2162.71
-11799733.32,4654462.82,2162.82
-11799735.370000001,4654462.45,2162.88
-11799735.38,4654462.17,2162.86
-11799733.43,4654462.47,2162.84
-11799731.51,4654462.8100000005,2162.69
-11799729.49,4654463.13,2162.81
-11799727.55,4654463.45,2162.76
-11799725.57,4654463.76,2162.81
-11799723.61,4654464.08,2162.8
-11799721.65,4654464.41,2162.8
-11799719.700000001,4654464.73,2162.77
-11799717.73,4654465.0600000005,2162.73
-11799715.78,4654465.38,2162.67
-11799707.86,4654462.97,2179.19
-11799708.43,4654463.23,2177.61
-11799713.790000001,4654465.71,2162.63
-11799706.09,4654463.39,2178.58
-11799707.3,4654463.94,2175.21
-11799704.3,4654463.78,2178.13
-11799702.85,4654464.350000001,2176.67
-11799703.78,4654464.7700000005,2174.04
-11799701.26,4654464.84,2175.61
-11799703.77,4654466.03,2168.5
-11799704.16,4654466.2,2167.4
-11799701.42,4654466.17,2169.57
-11799703.86,4654467.32,2162.65
-11799699.72,4654466.62,2168.77
-11799701.870000001,4654467.65,2162.63
-11799697.96,4654467.07,2168.06
-11799699.870000001,4654467.97,2162.61
-11799696.33,4654467.5600000005,2167.02
-11799697.870000001,4654468.3,2162.61
-11799695.91,4654468.64,2162.53
-11799693.02,4654468.54,2165.05
-11799690.44,4654468.58,2166.76
-11799688.35,4654468.84,2167.07
-11799686.53,4654469.24,2166.63
-11799684.47,4654469.5200000005,2166.88
-11799682.68,4654469.95,2166.26
-11799680.86,4654470.37,2165.73
-11799678.86,4654470.7,2165.67
-11799676.85,4654471.04,2165.6
-11799674.85,4654471.34,2165.61
-11799670.26,4654470.36,2173.4
-11799674.01,4654472.25,2162.28
-11799668.28,4654470.7,2173.31
-11799672.03,4654472.59,2162.15
-11799666.290000001,4654471.04,2173.25
-11799667.15,4654471.48,2170.67
-11799669.99,4654472.92,2162.19
-11799665.0,4654471.71,2171.22
-11799665.52,4654471.97,2169.63
-11799666.61,4654472.5200000005,2166.36
-11799668.040000001,4654473.2700000005,2162.08
-11799662.82,4654471.95,2171.65
-11799664.07,4654472.600000001,2167.88
-11799665.99,4654473.57,2162.11
-11799662.15,4654473.01,2167.48
-11799663.950000001,4654473.91,2162.06
-11799654.56,4654470.42,2184.48
-11799654.59,4654471.8,2178.33
-11799655.450000001,4654472.25,2175.72
-11799651.200000001,4654471.38,2182.57
-11799651.82,4654471.7,2180.69
-11799653.05,4654472.350000001,2176.94
-11799654.49,4654473.11,2172.56
-11799651.55,4654472.93,2175.49
-11799652.38,4654473.350000001,2172.94
-11799653.98,4654475.600000001,2161.84
-11799651.950000001,4654475.92,2161.85
-11799649.93,4654476.25,2161.86
-11799647.89,4654476.59,2161.85
-11799645.86,4654476.92,2161.84
-11799643.83,4654477.24,2161.86
-11799641.8,4654477.58,2161.79
-11799639.75,4654477.92,2161.72
-11799637.72,4654478.26,2161.69
-11799635.74,4654478.61,2161.63
-11799633.77,4654478.94,2161.57
-11799631.77,4654479.26,2161.55
-11799629.73,4654479.58,2161.54
-11799627.72,4654479.92,2161.49
-11799625.700000001,4654480.2700000005,2161.44
-11799626.03,4654477.83,2161.55
-11799628.11,4654477.5,2161.54
-11799630.17,4654477.14,2161.59
-11799632.200000001,4654476.8,2161.65
-11799634.23,4654476.46,2161.69
-11799636.28,4654476.11,2161.75
-11799638.31,4654475.7700000005,2161.78
-11799640.33,4654475.43,2161.84
-11799642.4,4654475.08,2161.84
-11799644.48,4654474.74,2161.84
-11799646.56,4654474.41,2161.84
-11799648.66,4654474.07,2161.85
-11799650.74,4654473.72,2161.82
-11799649.200000001,4654471.46,2172.97
-11799651.41,4654472.64,2166.19
-11799652.790000001,4654473.37,2161.94
-11799652.38,4654471.74,2169.44
-11799652.83,4654471.98,2168.05
-11799653.64,4654471.01,2171.78
-11799654.48,4654471.45,2169.21
-11799655.450000001,4654471.95,2166.28
-11799654.85,4654470.23,2174.38
-11799654.07,4654468.42,2182.99
-11799663.07,4654471.65,2162.08
-11799665.13,4654471.3100000005,2162.09
-11799667.200000001,4654470.98,2162.06
-11799667.27,4654469.61,2168.09
-11799669.28,4654470.64,2162.11
-11799670.22,4654469.73,2165.44
-11799671.33,4654470.28,2162.17
-11799672.28,4654469.39,2165.48
-11799674.3,4654469.03,2165.56
-11799676.38,4654468.69,2165.6
-11799678.47,4654468.33,2165.63
-11799680.55,4654467.99,2165.65
-11799682.55,4654467.62,2165.79
-11799684.370000001,4654467.18,2166.42
-11799686.18,4654466.72,2167.19
-11799688.48,4654466.48,2166.65
-11799690.88,4654466.2700000005,2165.78
-11799692.040000001,4654466.82,2162.4
-11799694.08,4654466.48,2162.55
-11799696.15,4654466.14,2162.59
-11799698.21,4654465.79,2162.61
-11799700.290000001,4654465.44,2162.67
-11799702.34,4654465.09,2162.71
-11799702.700000001,4654463.94,2167.56
-11799704.4,4654464.74,2162.78
-11799701.700000001,4654462.15,2176.26
-11799702.64,4654462.59,2173.61
-11799703.0,4654462.75,2172.63
-11799703.89,4654461.86,2175.94
-11799706.65,4654461.84,2174.05
-11799707.11,4654462.05,2172.76
-11799710.75,4654463.73,2162.57
-11799708.49,4654461.36,2174.81
-11799712.81,4654463.38,2162.74
-11799714.98,4654463.05,2162.63
-11799717.02,4654462.69,2162.72
-11799719.07,4654462.350000001,2162.76
-11799721.14,4654461.99,2162.84
-11799723.21,4654461.65,2162.86
-11799725.28,4654461.3100000005,2162.88
-11799727.33,4654460.98,2162.86
-11799729.4,4654460.63,2162.88
-11799731.47,4654460.29,2162.88
-11799733.620000001,4654459.96,2162.76
-11799735.64,4654459.600000001,2162.94
-11799736.14,4654459.24,2162.94
-11799734.25,4654459.58,2162.73
-11799732.290000001,4654459.9,2162.76
-11799730.3,4654460.21,2162.8
-11799728.32,4654460.5,2162.84
-11799726.41,4654460.83,2162.84
-11799724.450000001,4654461.16,2162.82
-11799722.47,4654461.48,2162.82
-11799720.53,4654461.8100000005,2162.77
-11799718.6,4654462.13,2162.67
-11799716.65,4654462.46,2162.65
-11799714.67,4654462.78,2162.57
-11799708.3,4654461.09,2174.77
-11799712.65,4654463.11,2162.63
-11799707.15,4654461.79,2172.51
-11799710.69,4654463.44,2162.6
-11799703.99,4654461.55,2175.85
-11799704.84,4654461.93,2173.49
-11799701.89,4654461.8,2176.25
-11799702.31,4654462.0,2175.03
-11799703.13,4654462.38,2172.72
-11799703.44,4654462.53,2171.86
-11799701.32,4654462.7700000005,2172.28
-11799702.94,4654463.55,2167.67
-11799704.700000001,4654464.38,2162.71
-11799702.74,4654464.71,2162.67
-11799699.700000001,4654464.55,2165.55
-11799700.71,4654465.0200000005,2162.67
-11799698.75,4654465.36,2162.56
-11799696.24,4654465.44,2164.1
-11799696.85,4654465.73,2162.35
-11799694.81,4654466.04,2162.51
-11799692.82,4654466.37,2162.46
-11799689.61,4654466.11,2165.92
-11799687.290000001,4654466.28,2166.82
-11799685.25,4654466.58,2166.98
-11799683.53,4654467.0200000005,2166.27
-11799681.72,4654467.45,2165.67
-11799679.73,4654467.7700000005,2165.63
-11799677.74,4654468.11,2165.59
-11799675.75,4654468.45,2165.52
-11799673.75,4654468.78,2165.5
-11799671.78,4654469.13,2165.36
-11799669.75,4654469.46,2165.35
-11799670.83,4654470.0200000005,2162.11
-11799668.83,4654470.33,2162.07
-11799666.81,4654470.68,2162.01
-11799664.78,4654471.01,2162.05
-11799662.78,4654471.34,2162.02
-11799654.3,4654468.34,2181.53
-11799655.02,4654468.71,2179.35
-11799655.34,4654468.88,2178.36
-11799653.99,4654469.53,2176.35
-11799654.67,4654469.91,2174.28
-11799654.42,4654471.13,2169.0
-11799652.47,4654471.47,2168.84
-11799652.97,4654471.74,2167.33
-11799653.370000001,4654471.95,2166.1
-11799647.27,4654470.12,2178.69
-11799647.99,4654470.5,2176.48
-11799649.09,4654471.07,2173.08
-11799651.38,4654472.28,2166.07
-11799650.75,4654473.34,2161.79
-11799648.74,4654473.68,2161.76
-11799646.75,4654474.0,2161.79
-11799644.69,4654474.33,2161.79
-11799642.65,4654474.66,2161.79
-11799640.64,4654474.97,2161.78
-11799638.6,4654475.32,2161.74
-11799636.57,4654475.66,2161.71
-11799634.58,4654475.99,2161.65
-11799632.57,4654476.33,2161.6
-11799630.56,4654476.69,2161.5
-11799628.5,4654477.0200000005,2161.51
-11799626.48,4654477.350000001,2161.5
-11799624.48,4654477.69,2161.44
-11799625.43,4654475.5,2161.48
-11799627.49,4654475.16,2161.51
-11799629.48,4654474.8100000005,2161.59
-11799631.5,4654474.47,2161.65
-11799633.56,4654474.12,2161.72
-11799635.59,4654473.7700000005,2161.78
-11799637.67,4654473.4,2161.81
-11799639.73,4654473.09,2161.82
-11799641.78,4654472.74,2161.82
-11799643.86,4654472.41,2161.82
-11799645.93,4654472.07,2161.82
-11799648.02,4654471.73,2161.8
-11799647.85,4654470.22,2168.65
-11799650.06,4654471.38,2161.85
-11799647.67,4654468.7,2175.52
-11799647.84,4654467.38,2181.3
-11799648.700000001,4654467.82,2178.67
-11799653.97,4654469.16,2168.83
-11799654.63,4654469.51,2166.84
-11799655.18,4654469.79,2165.15
-11799658.3,4654470.0,2162.0
-11799660.35,4654469.67,2162.0
-11799662.39,4654469.33,2162.05
-11799664.47,4654468.97,2162.08
-11799666.56,4654468.63,2162.11
-11799667.78,4654467.86,2164.61
-11799668.61,4654468.28,2162.11
-11799669.68,4654467.46,2164.99
-11799671.65,4654467.05,2165.38
-11799673.73,4654466.7,2165.44
-11799675.77,4654466.350000001,2165.53
-11799677.86,4654466.0,2165.56
-11799679.9,4654465.65,2165.63
-11799681.91,4654465.28,2165.79
-11799683.540000001,4654464.72,2167.13
-11799685.790000001,4654464.45,2166.67
-11799688.19,4654464.25,2165.81
-11799690.64,4654464.11,2164.71
-11799691.42,4654464.48,2162.44
-11799692.73,4654463.78,2164.6
-11799693.46,4654464.14,2162.49
-11799694.950000001,4654463.53,2164.13
-11799697.59,4654463.45,2162.54
-11799698.56,4654462.58,2165.67
-11799699.620000001,4654463.09,2162.69
-11799700.6,4654462.24,2165.73
-11799703.8,4654462.42,2162.61
-11799701.68,4654460.100000001,2174.47
-11799702.17,4654460.33,2173.1
-11799705.84,4654462.0600000005,2162.74
-11799703.1,4654459.47,2176.22
-11799705.08,4654459.08,2176.58
-11799705.67,4654459.34,2174.94
-11799710.08,4654461.39,2162.58
-11799708.1,4654459.16,2174.02
-11799712.16,4654461.04,2162.67
-11799714.200000001,4654460.7,2162.75
-11799716.33,4654460.36,2162.6
-11799718.39,4654460.0200000005,2162.69
-11799720.47,4654459.67,2162.75
-11799722.52,4654459.3100000005,2162.85
-11799724.59,4654458.97,2162.86
-11799726.64,4654458.600000001,2162.92
-11799728.72,4654458.25,2162.92
-11799730.8,4654457.94,2162.92
-11799732.85,4654457.61,2162.86
-11799734.93,4654457.28,2162.81
-11799735.49,4654456.82,2162.74
-11799733.5,4654457.11,2162.9
-11799731.57,4654457.42,2162.86
-11799729.58,4654457.76,2162.83
-11799727.61,4654458.07,2162.85
-11799725.64,4654458.39,2162.85
-11799723.74,4654458.71,2162.81
-11799721.81,4654459.0200000005,2162.78
-11799719.86,4654459.36,2162.71
-11799717.91,4654459.68,2162.65
-11799715.97,4654460.03,2162.52
-11799713.91,4654460.33,2162.69
-11799707.92,4654458.78,2173.92
-11799711.98,4654460.66,2162.63
-11799705.700000001,4654458.98,2174.61
-11799710.01,4654461.0,2162.52
-11799703.22,4654459.0600000005,2175.97
-11799701.65,4654459.55,2175.01
-11799706.0,4654461.59,2162.74
-11799704.07,4654461.93,2162.6
-11799701.01,4654461.74,2165.67
-11799699.03,4654462.07,2165.69
-11799697.09,4654462.43,2165.44
-11799698.120000001,4654462.91,2162.52
-11799695.540000001,4654462.98,2164.13
-11799696.16,4654463.28,2162.36
-11799693.77,4654463.38,2163.6
-11799691.42,4654463.51,2164.72
-11799689.43,4654463.84,2164.67
-11799687.02,4654463.94,2165.92
-11799684.74,4654464.13,2166.74
-11799682.64,4654464.41,2166.99
-11799683.03,4654464.600000001,2165.88
-11799681.120000001,4654464.97,2165.65
-11799679.120000001,4654465.3100000005,2165.56
-11799677.14,4654465.64,2165.5
-11799675.18,4654465.97,2165.47
-11799673.18,4654466.28,2165.44
-11799671.19,4654466.65,2165.32
-11799669.33,4654467.0600000005,2164.85
-11799667.48,4654467.45,2164.44
-11799668.28,4654467.850000001,2162.07
-11799666.290000001,4654468.18,2162.05
-11799664.27,4654468.5,2162.05
-11799662.28,4654468.84,2162.0
-11799660.26,4654469.17,2161.96
-11799658.27,4654469.51,2161.9
-11799654.6,4654468.95,2167.03
-11799648.47,4654467.14,2179.54
-11799650.8,4654468.36,2172.42
-11799651.950000001,4654468.97,2168.88
-11799646.33,4654467.37,2180.0
-11799647.0,4654467.74,2177.94
-11799646.96,4654469.08,2171.9
-11799647.33,4654469.29,2170.76
-11799648.08,4654469.69,2168.48
-11799648.22,4654471.17,2161.76
-11799646.18,4654471.49,2161.76
-11799644.16,4654471.82,2161.77
-11799642.15,4654472.15,2161.78
-11799640.13,4654472.47,2161.74
-11799638.1,4654472.8100000005,2161.75
-11799636.09,4654473.14,2161.76
-11799634.07,4654473.47,2161.71
-11799632.08,4654473.8100000005,2161.63
-11799630.07,4654474.15,2161.58
-11799628.06,4654474.51,2161.44
-11799626.03,4654474.84,2161.44
-11799623.99,4654475.16,2161.42
-11799625.02,4654472.57,2161.42
-11799627.03,4654472.21,2161.56
-11799629.06,4654471.84,2161.63
-11799631.1,4654471.5,2161.67
-11799633.18,4654471.16,2161.73
-11799635.24,4654470.8100000005,2161.77
-11799637.3,4654470.47,2161.76
-11799639.34,4654470.13,2161.78
-11799641.4,4654469.8100000005,2161.75
-11799643.450000001,4654469.48,2161.76
-11799645.52,4654469.14,2161.76
-11799647.61,4654468.78,2161.81
-11799646.86,4654466.98,2170.4
-11799647.85,4654466.12,2173.48
-11799649.15,4654466.82,2169.47
-11799648.1,4654464.8100000005,2179.13
-11799650.13,4654465.87,2172.97
-11799650.74,4654466.18,2171.11
-11799650.41,4654464.5600000005,2178.53
-11799655.14,4654467.03,2164.15
-11799657.91,4654467.07,2161.97
-11799659.96,4654466.72,2161.99
-11799662.03,4654466.38,2162.01
-11799664.09,4654466.04,2162.06
-11799666.13,4654465.69,2162.08
-11799668.200000001,4654465.350000001,2162.1
-11799670.120000001,4654464.96,2162.49
-11799671.42,4654464.21,2164.82
-11799673.35,4654463.7700000005,2165.33
-11799675.34,4654463.41,2165.51
-11799677.42,4654463.08,2165.5
-11799679.57,4654462.79,2165.19
-11799681.51,4654462.39,2165.61
-11799683.59,4654462.03,2165.67
-11799685.71,4654461.69,2165.67
-11799687.86,4654461.39,2165.44
-11799690.41,4654461.29,2164.02
-11799690.99,4654461.55,2162.35
-11799693.01,4654461.21,2162.49
-11799695.07,4654460.87,2162.49
-11799694.88,4654459.44,2169.01
-11799697.08,4654460.48,2162.73
-11799696.47,4654458.88,2170.36
-11799698.03,4654458.2700000005,2171.85
-11799702.3,4654458.97,2165.71
-11799704.38,4654458.61,2165.77
-11799705.5,4654459.14,2162.61
-11799707.56,4654458.78,2162.71
-11799709.64,4654458.44,2162.75
-11799711.75,4654458.11,2162.67
-11799713.82,4654457.76,2162.67
-11799715.85,4654457.42,2162.73
-11799718.02,4654457.09,2162.57
-11799720.11,4654456.73,2162.69
-11799722.15,4654456.39,2162.75
-11799724.16,4654456.03,2162.86
-11799726.24,4654455.69,2162.88
-11799728.27,4654455.350000001,2162.94
-11799730.33,4654455.01,2162.92
-11799732.41,4654454.66,2162.94
-11799734.48,4654454.33,2162.94
-11799736.540000001,4654453.99,2162.94
-11799735.36,4654453.82,2162.94
-11799733.43,4654454.14,2162.92
-11799731.47,4654454.43,2162.96
-11799729.52,4654454.7700000005,2162.92
-11799727.6,4654455.09,2162.86
-11799725.64,4654455.4,2162.86
-11799723.700000001,4654455.74,2162.76
-11799721.76,4654456.0600000005,2162.76
-11799719.82,4654456.4,2162.65
-11799717.870000001,4654456.73,2162.58
-11799715.88,4654457.03,2162.67
-11799713.92,4654457.36,2162.61
-11799711.97,4654457.67,2162.63
-11799709.98,4654457.97,2162.73
-11799707.98,4654458.3,2162.69
-11799704.89,4654458.12,2165.76
-11799705.99,4654458.64,2162.63
-11799702.94,4654458.46,2165.67
-11799698.65,4654457.67,2172.24
-11799696.98,4654458.14,2171.36
-11799695.51,4654458.69,2169.98
-11799693.93,4654459.21,2168.84
-11799696.120000001,4654460.26,2162.55
-11799694.14,4654460.61,2162.44
-11799692.16,4654460.92,2162.42
-11799689.72,4654461.03,2163.67
-11799690.120000001,4654461.23,2162.54
-11799687.17,4654461.09,2165.32
-11799685.06,4654461.350000001,2165.71
-11799683.11,4654461.68,2165.65
-11799681.14,4654461.98,2165.63
-11799679.31,4654462.41,2165.08
-11799680.25,4654462.87,2162.36
-11799677.15,4654462.66,2165.48
-11799678.1,4654463.15,2162.67
-11799675.13,4654463.01,2165.44
-11799673.23,4654463.39,2165.15
-11799671.35,4654463.78,2164.74
-11799670.07,4654464.47,2162.57
-11799668.24,4654464.89,2162.05
-11799666.24,4654465.21,2162.05
-11799664.27,4654465.5200000005,2162.01
-11799662.28,4654465.86,2161.98
-11799660.24,4654466.19,2161.97
-11799658.22,4654466.5200000005,2161.96
-11799655.450000001,4654466.47,2164.25
-11799656.23,4654466.87,2161.88
-11799648.99,4654464.45,2177.9
-11799649.790000001,4654464.87,2175.47
-11799651.25,4654465.61,2171.01
-11799652.99,4654466.54,2165.69
-11799648.22,4654465.4,2174.19
-11799650.25,4654466.47,2167.98
-11799646.93,4654466.12,2171.94
-11799646.74,4654467.43,2166.22
-11799648.16,4654468.19,2161.84
-11799646.14,4654468.54,2161.73
-11799644.11,4654468.87,2161.69
-11799642.15,4654469.19,2161.73
-11799640.11,4654469.5200000005,2161.73
-11799638.07,4654469.850000001,2161.69
-11799636.040000001,4654470.16,2161.71
-11799634.05,4654470.49,2161.72
-11799632.05,4654470.82,2161.69
-11799630.0,4654471.17,2161.65
-11799627.98,4654471.51,2161.59
-11799625.97,4654471.850000001,2161.5
-11799623.98,4654472.21,2161.38
-11799624.23,4654469.54,2161.51
-11799626.26,4654469.19,2161.61
-11799628.26,4654468.850000001,2161.67
-11799630.3,4654468.51,2161.69
-11799632.39,4654468.17,2161.71
-11799634.47,4654467.82,2161.75
-11799636.540000001,4654467.48,2161.73
-11799638.55,4654467.16,2161.73
-11799640.6,4654466.83,2161.71
-11799642.69,4654466.48,2161.74
-11799644.76,4654466.13,2161.77
-11799646.8,4654465.79,2161.81
-11799647.68,4654464.82,2165.47
-11799649.21,4654464.2,2167.11
-11799651.34,4654463.89,2166.9
-11799651.77,4654464.13,2165.58
-11799654.620000001,4654464.19,2163.25
-11799655.05,4654464.42,2161.92
-11799652.39,4654461.64,2176.22
-11799657.07,4654464.05,2162.0
-11799652.46,4654460.29,2182.15
-11799653.17,4654460.66,2180.01
-11799655.09,4654460.25,2180.42
-11799661.22,4654463.39,2161.96
-11799663.28,4654463.05,2162.0
-11799665.370000001,4654462.7,2162.03
-11799667.450000001,4654462.36,2162.04
-11799669.49,4654462.0200000005,2162.07
-11799671.36,4654461.55,2162.71
-11799672.84,4654460.89,2164.58
-11799673.66,4654461.3,2162.15
-11799674.86,4654460.53,2164.74
-11799675.75,4654460.96,2162.13
-11799676.86,4654460.18,2164.88
-11799677.790000001,4654460.62,2162.17
-11799678.85,4654459.8100000005,2165.0
-11799679.69,4654460.23,2162.56
-11799680.76,4654459.41,2165.44
-11799682.84,4654459.05,2165.54
-11799684.92,4654458.69,2165.63
-11799688.09,4654458.88,2162.49
-11799690.17,4654458.55,2162.46
-11799692.26,4654458.19,2162.48
-11799692.02,4654456.73,2169.15
-11799694.3,4654457.82,2162.63
-11799693.56,4654456.12,2170.67
-11799695.15,4654455.57,2172.07
-11799697.42,4654455.350000001,2171.4
-11799700.16,4654455.32,2169.52
-11799703.58,4654455.59,2165.78
-11799705.67,4654455.26,2165.73
-11799707.69,4654454.91,2165.85
-11799708.24,4654455.16,2164.31
-11799708.84,4654455.44,2162.6
-11799710.86,4654455.08,2162.75
-11799712.950000001,4654454.73,2162.73
-11799715.06,4654454.42,2162.67
-11799717.15,4654454.05,2162.72
-11799719.22,4654453.7,2162.75
-11799721.34,4654453.4,2162.63
-11799723.38,4654453.0200000005,2162.79
-11799725.44,4654452.67,2162.86
-11799727.49,4654452.32,2162.94
-11799729.56,4654451.97,2162.96
-11799731.6,4654451.64,2162.99
-11799733.68,4654451.29,2163.03
-11799735.78,4654450.96,2162.99
-11799735.07,4654450.63,2163.01
-11799733.14,4654450.96,2162.94
-11799731.19,4654451.28,2162.96
-11799729.22,4654451.61,2162.9
-11799727.25,4654451.94,2162.86
-11799725.32,4654452.25,2162.78
-11799723.38,4654452.58,2162.74
-11799721.540000001,4654452.92,2162.58
-11799719.56,4654453.21,2162.69
-11799717.57,4654453.54,2162.69
-11799715.620000001,4654453.87,2162.63
-11799713.64,4654454.17,2162.69
-11799711.69,4654454.48,2162.67
-11799709.72,4654454.8100000005,2162.67
-11799706.69,4654454.62,2165.69
-11799704.73,4654454.94,2165.69
-11799702.03,4654454.94,2167.67
-11799702.75,4654455.2700000005,2165.65
-11799699.43,4654454.93,2169.51
-11799696.85,4654454.99,2171.19
-11799694.5,4654455.15,2172.11
-11799692.93,4654455.71,2170.78
-11799691.44,4654456.28,2169.35
-11799691.88,4654457.75,2162.5
-11799689.96,4654458.07,2162.4
-11799687.98,4654458.38,2162.38
-11799684.85,4654458.19,2165.55
-11799685.88,4654458.7,2162.58
-11799682.86,4654458.54,2165.44
-11799680.99,4654458.88,2165.25
-11799679.13,4654459.26,2164.94
-11799679.950000001,4654459.66,2162.55
-11799677.15,4654459.61,2164.81
-11799677.86,4654459.95,2162.76
-11799675.16,4654459.94,2164.75
-11799676.07,4654460.39,2162.06
-11799673.200000001,4654460.3,2164.55
-11799674.05,4654460.72,2162.07
-11799672.02,4654461.04,2162.13
-11799670.02,4654461.37,2162.06
-11799668.03,4654461.71,2162.0
-11799666.02,4654462.03,2162.0
-11799664.01,4654462.37,2161.96
-11799662.01,4654462.7,2161.94
-11799653.09,4654459.49,2182.76
-11799653.55,4654459.71,2181.36
-11799651.47,4654460.01,2181.63
-11799652.03,4654460.3,2179.92
-11799652.72,4654460.65,2177.82
-11799653.53,4654461.05,2175.38
-11799652.43,4654461.86,2172.65
-11799652.88,4654462.09,2171.27
-11799655.93,4654463.68,2161.97
-11799652.71,4654463.39,2165.58
-11799653.52,4654463.82,2163.11
-11799653.92,4654464.0200000005,2161.88
-11799650.38,4654463.55,2166.61
-11799648.49,4654463.92,2166.27
-11799648.950000001,4654464.16,2164.84
-11799646.89,4654464.47,2164.96
-11799647.91,4654465.01,2161.79
-11799645.92,4654465.34,2161.78
-11799643.92,4654465.68,2161.72
-11799641.91,4654466.01,2161.69
-11799639.88,4654466.33,2161.67
-11799637.870000001,4654466.67,2161.67
-11799635.84,4654467.0,2161.65
-11799633.78,4654467.33,2161.69
-11799631.76,4654467.65,2161.71
-11799629.75,4654467.98,2161.69
-11799627.72,4654468.32,2161.65
-11799625.72,4654468.66,2161.58
-11799624.01,4654466.4,2161.61
-11799626.05,4654466.04,2161.67
-11799628.06,4654465.71,2161.69
-11799630.11,4654465.37,2161.69
-11799632.22,4654465.04,2161.65
-11799634.31,4654464.7,2161.65
-11799636.4,4654464.350000001,2161.65
-11799638.450000001,4654464.0200000005,2161.63
-11799640.47,4654463.68,2161.69
-11799642.52,4654463.34,2161.72
-11799644.61,4654462.98,2161.77
-11799646.69,4654462.64,2161.8
-11799647.94,4654461.9,2164.09
-11799648.69,4654462.29,2161.81
-11799649.74,4654461.46,2164.74
-11799650.69,4654461.96,2161.83
-11799651.97,4654461.22,2164.25
-11799652.370000001,4654461.42,2163.03
-11799650.65,4654459.09,2174.69
-11799651.200000001,4654459.38,2173.01
-11799651.49,4654458.12,2178.42
-11799651.8,4654458.2700000005,2177.5
-11799652.75,4654458.76,2174.59
-11799653.33,4654457.65,2179.11
-11799653.8,4654457.89,2177.67
-11799656.16,4654459.12,2170.54
-11799655.9,4654457.600000001,2177.52
-11799661.08,4654460.24,2161.94
-11799663.15,4654459.89,2161.97
-11799665.22,4654459.55,2162.0
-11799667.28,4654459.21,2162.02
-11799669.32,4654458.86,2162.05
-11799671.38,4654458.53,2162.02
-11799673.450000001,4654458.19,2162.04
-11799675.51,4654457.850000001,2162.08
-11799676.68,4654457.05,2164.72
-11799677.59,4654457.5,2162.07
-11799678.69,4654456.7,2164.86
-11799680.870000001,4654456.39,2164.61
-11799681.72,4654456.8,2162.15
-11799683.66,4654456.39,2162.58
-11799685.55,4654455.94,2163.19
-11799687.93,4654455.74,2162.38
-11799687.8,4654454.350000001,2168.65
-11799689.94,4654455.38,2162.49
-11799689.44,4654453.8100000005,2169.9
-11799691.02,4654453.22,2171.33
-11799692.75,4654452.71,2172.32
-11799695.08,4654452.5200000005,2171.55
-11799697.38,4654452.29,2170.86
-11799699.89,4654452.14,2169.69
-11799702.43,4654451.99,2168.51
-11799706.58,4654452.61,2162.65
-11799708.63,4654452.29,2162.65
-11799709.58,4654451.44,2165.75
-11799710.67,4654451.92,2162.74
-11799711.52,4654451.0200000005,2166.22
-11799712.76,4654451.58,2162.75
-11799712.82,4654450.3,2168.38
-11799713.89,4654450.8,2165.42
-11799714.88,4654451.24,2162.71
-11799714.8,4654449.9,2168.77
-11799715.86,4654450.38,2165.83
-11799716.99,4654449.61,2168.48
-11799717.89,4654450.0200000005,2165.99
-11799719.34,4654449.41,2167.65
-11799721.14,4654450.21,2162.73
-11799723.21,4654449.89,2162.69
-11799725.27,4654449.5200000005,2162.78
-11799727.32,4654449.18,2162.83
-11799729.33,4654448.84,2162.9
-11799731.36,4654448.49,2162.99
-11799733.44,4654448.15,2162.99
-11799735.48,4654447.79,2163.06
-11799735.17,4654447.42,2163.01
-11799733.25,4654447.73,2162.96
-11799731.34,4654448.07,2162.9
-11799729.4,4654448.4,2162.84
-11799727.450000001,4654448.7,2162.79
-11799725.52,4654449.04,2162.69
-11799723.57,4654449.39,2162.59
-11799721.56,4654449.68,2162.72
-11799717.790000001,4654449.18,2167.75
-11799715.78,4654449.47,2167.81
-11799716.32,4654449.73,2166.32
-11799713.25,4654449.55,2169.28
-11799711.8,4654450.100000001,2167.92
-11799712.94,4654450.62,2164.73
-11799710.040000001,4654450.49,2167.4
-11799710.5,4654450.71,2166.15
-11799711.74,4654451.2700000005,2162.71
-11799709.78,4654451.600000001,2162.69
-11799707.85,4654451.94,2162.59
-11799705.86,4654452.25,2162.6
-11799701.620000001,4654451.54,2168.9
-11799699.25,4654451.65,2170.08
-11799696.88,4654451.78,2171.26
-11799694.89,4654452.08,2171.3
-11799692.76,4654452.34,2171.67
-11799690.74,4654452.65,2171.8
-11799689.25,4654453.2,2170.44
-11799687.74,4654453.75,2169.05
-11799690.02,4654454.850000001,2162.46
-11799686.83,4654454.62,2165.8
-11799688.02,4654455.2,2162.36
-11799685.69,4654455.38,2163.26
-11799686.0,4654455.51,2162.34
-11799683.76,4654455.74,2163.02
-11799681.27,4654455.8100000005,2164.55
-11799681.8,4654456.0600000005,2163.02
-11799679.200000001,4654456.0600000005,2164.84
-11799680.17,4654456.54,2161.99
-11799677.23,4654456.4,2164.74
-11799678.13,4654456.86,2162.09
-11799676.120000001,4654457.19,2162.07
-11799674.14,4654457.53,2161.99
-11799672.15,4654457.86,2161.94
-11799670.13,4654458.19,2161.96
-11799668.11,4654458.5,2161.98
-11799666.08,4654458.850000001,2161.94
-11799664.08,4654459.16,2161.96
-11799662.09,4654459.49,2161.92
-11799654.93,4654457.19,2177.4
-11799660.09,4654459.84,2161.84
-11799653.22,4654457.67,2176.56
-11799651.83,4654458.28,2174.79
-11799650.48,4654458.94,2172.78
-11799651.3,4654459.38,2170.28
-11799651.97,4654459.73,2168.24
-11799652.51,4654460.01,2166.57
-11799651.61,4654460.9,2163.19
-11799652.0,4654461.12,2162.02
-11799649.13,4654461.01,2164.55
-11799650.03,4654461.48,2161.79
-11799648.03,4654461.8,2161.75
-11799646.01,4654462.14,2161.73
-11799643.98,4654462.47,2161.73
-11799641.98,4654462.82,2161.67
-11799639.96,4654463.15,2161.65
-11799637.96,4654463.46,2161.61
-11799635.93,4654463.8100000005,2161.56
-11799633.89,4654464.15,2161.58
-11799631.85,4654464.47,2161.63
-11799629.83,4654464.78,2161.63
-11799627.790000001,4654465.13,2161.6
-11799625.75,4654465.46,2161.63
-11799625.25,4654462.79,2161.67
-11799627.3,4654462.45,2161.65
-11799629.36,4654462.13,2161.63
-11799631.47,4654461.79,2161.6
-11799633.52,4654461.47,2161.56
-11799635.57,4654461.13,2161.58
-11799637.63,4654460.7700000005,2161.67
-11799639.68,4654460.43,2161.67
-11799641.700000001,4654460.09,2161.71
-11799643.76,4654459.74,2161.76
-11799645.82,4654459.4,2161.76
-11799647.86,4654459.0600000005,2161.78
-11799649.94,4654458.72,2161.8
-11799651.99,4654458.36,2161.9
-11799651.19,4654456.53,2170.63
-11799652.13,4654457.0200000005,2167.77
-11799653.03,4654457.48,2165.03
-11799653.97,4654457.97,2162.17
-11799653.05,4654456.08,2171.28
-11799653.82,4654456.48,2168.96
-11799658.18,4654457.33,2161.96
-11799660.21,4654456.99,2161.97
-11799662.28,4654456.66,2161.97
-11799664.4,4654456.3,2161.98
-11799666.47,4654455.96,2161.97
-11799668.51,4654455.63,2162.0
-11799670.6,4654455.28,2161.98
-11799672.67,4654454.94,2162.01
-11799674.040000001,4654454.25,2164.11
-11799674.75,4654454.59,2162.04
-11799676.13,4654453.9,2164.02
-11799676.77,4654454.22,2162.15
-11799677.74,4654453.33,2165.42
-11799678.040000001,4654453.5,2164.52
-11799678.870000001,4654453.9,2162.13
-11799680.84,4654453.48,2162.44
-11799682.97,4654453.19,2162.25
-11799683.870000001,4654452.28,2165.65
-11799685.0,4654452.83,2162.38
-11799685.88,4654451.91,2165.82
-11799687.83,4654451.53,2166.09
-11799688.870000001,4654452.03,2163.11
-11799688.82,4654450.66,2169.3
-11799690.1,4654449.9,2171.65
-11799692.870000001,4654449.87,2169.75
-11799694.78,4654449.48,2170.17
-11799696.53,4654449.03,2170.94
-11799698.35,4654448.57,2171.63
-11799703.67,4654449.73,2162.55
-11799705.74,4654449.36,2162.63
-11799707.78,4654449.01,2162.76
-11799709.870000001,4654448.66,2162.75
-11799710.120000001,4654447.48,2167.86
-11799710.76,4654447.76,2166.09
-11799711.120000001,4654447.94,2165.08
-11799711.97,4654448.33,2162.73
-11799712.42,4654447.25,2167.21
-11799712.75,4654447.4,2166.28
-11799713.99,4654447.96,2162.88
-11799713.89,4654446.64,2168.84
-11799714.43,4654446.87,2167.35
-11799715.86,4654446.25,2169.17
-11799716.4,4654446.49,2167.69
-11799718.06,4654445.96,2168.83
-11799719.18,4654446.46,2165.8
-11799720.33,4654446.98,2162.61
-11799722.4,4654446.62,2162.71
-11799724.450000001,4654446.26,2162.81
-11799726.59,4654445.93,2162.67
-11799728.61,4654445.59,2162.82
-11799730.620000001,4654445.23,2162.9
-11799732.67,4654444.87,2162.98
-11799734.74,4654444.53,2163.03
-11799736.8,4654444.16,2163.06
-11799736.63,4654443.7700000005,2163.03
-11799734.73,4654444.08,2162.94
-11799732.8,4654444.41,2162.96
-11799730.91,4654444.74,2162.85
-11799729.0,4654445.07,2162.78
-11799727.07,4654445.41,2162.63
-11799725.06,4654445.7,2162.78
-11799723.120000001,4654446.0200000005,2162.71
-11799721.200000001,4654446.350000001,2162.69
-11799717.200000001,4654445.71,2168.36
-11799718.370000001,4654446.24,2165.17
-11799715.22,4654446.03,2168.46
-11799715.870000001,4654446.3100000005,2166.67
-11799713.1,4654446.28,2168.9
-11799713.89,4654446.64,2166.69
-11799711.67,4654446.83,2167.44
-11799713.36,4654447.600000001,2162.77
-11799709.72,4654447.15,2167.42
-11799710.63,4654447.55,2164.9
-11799711.42,4654447.91,2162.74
-11799708.4,4654447.7700000005,2165.6
-11799709.44,4654448.26,2162.67
-11799707.450000001,4654448.57,2162.69
-11799705.46,4654448.92,2162.63
-11799703.540000001,4654449.26,2162.48
-11799698.39,4654448.0600000005,2171.54
-11799701.64,4654449.57,2162.4
-11799696.67,4654448.5,2170.82
-11799694.92,4654448.95,2170.11
-11799693.18,4654449.4,2169.38
-11799690.71,4654449.5,2170.69
-11799689.25,4654450.08,2169.17
-11799688.31,4654450.89,2166.27
-11799686.42,4654451.25,2165.99
-11799684.46,4654451.61,2165.79
-11799683.69,4654452.53,2162.23
-11799681.71,4654452.86,2162.19
-11799679.6,4654453.12,2162.58
-11799677.8,4654453.51,2162.07
-11799675.23,4654453.58,2163.65
-11799675.77,4654453.84,2162.08
-11799673.790000001,4654454.2,2161.97
-11799671.82,4654454.51,2161.94
-11799669.83,4654454.83,2161.94
-11799667.81,4654455.17,2161.96
-11799665.790000001,4654455.5,2161.92
-11799663.78,4654455.83,2161.92
-11799661.25,4654455.89,2163.46
-11799661.76,4654456.15,2161.9
-11799659.77,4654456.48,2161.9
-11799657.77,4654456.8100000005,2161.9
-11799652.73,4654455.58,2171.04
-11799653.24,4654455.850000001,2169.5
-11799655.77,4654457.15,2161.84
-11799652.17,4654456.68,2166.59
-11799653.66,4654457.44,2162.04
-11799651.71,4654457.8100000005,2161.8
-11799649.68,4654458.15,2161.79
-11799647.68,4654458.48,2161.74
-11799645.65,4654458.8100000005,2161.73
-11799643.620000001,4654459.14,2161.71
-11799641.63,4654459.49,2161.67
-11799639.63,4654459.82,2161.63
-11799637.61,4654460.15,2161.61
-11799635.6,4654460.49,2161.52
-11799633.6,4654460.83,2161.48
-11799631.52,4654461.15,2161.56
-11799629.51,4654461.46,2161.54
-11799627.48,4654461.79,2161.59
-11799625.47,4654462.12,2161.6
-11799624.9,4654459.24,2161.6
-11799626.950000001,4654458.91,2161.56
-11799627.16,4654457.54,2167.48
-11799629.02,4654458.57,2161.56
-11799631.11,4654458.24,2161.47
-11799633.19,4654457.9,2161.51
-11799635.22,4654457.54,2161.59
-11799637.24,4654457.2,2161.63
-11799639.32,4654456.86,2161.67
-11799641.39,4654456.51,2161.69
-11799643.44,4654456.16,2161.73
-11799645.49,4654455.8100000005,2161.75
-11799647.52,4654455.47,2161.8
-11799649.57,4654455.13,2161.83
-11799651.63,4654454.79,2161.83
-11799653.71,4654454.44,2161.86
-11799655.700000001,4654454.07,2162.01
-11799657.34,4654453.53,2163.22
-11799657.82,4654453.7700000005,2161.8
-11799659.46,4654453.2,2163.15
-11799661.450000001,4654452.8100000005,2163.44
-11799662.0,4654453.08,2161.81
-11799664.040000001,4654452.73,2161.9
-11799666.120000001,4654452.38,2161.92
-11799668.16,4654452.04,2161.97
-11799670.23,4654451.67,2162.03
-11799672.31,4654451.33,2162.07
-11799674.39,4654450.99,2162.07
-11799676.49,4654450.64,2162.05
-11799678.57,4654450.3,2162.08
-11799680.620000001,4654449.94,2162.13
-11799682.44,4654449.49,2162.84
-11799683.6,4654448.69,2165.5
-11799684.36,4654449.07,2163.3
-11799685.6,4654448.3,2165.82
-11799687.6,4654447.93,2166.0
-11799689.58,4654447.5600000005,2166.23
-11799691.58,4654447.17,2166.44
-11799693.06,4654446.55,2168.19
-11799694.89,4654446.08,2168.94
-11799697.89,4654446.19,2166.22
-11799699.25,4654446.82,2162.36
-11799701.3,4654446.47,2162.44
-11799703.33,4654446.08,2162.69
-11799705.42,4654445.74,2162.72
-11799706.35,4654444.87,2165.88
-11799708.35,4654444.5,2166.07
-11799710.56,4654444.23,2165.63
-11799711.28,4654444.54,2163.67
-11799712.47,4654443.79,2166.17
-11799713.69,4654444.350000001,2162.83
-11799714.01,4654443.22,2167.65
-11799714.86,4654443.61,2165.31
-11799715.78,4654444.0200000005,2162.79
-11799717.870000001,4654443.66,2162.82
-11799719.96,4654443.32,2162.82
-11799722.02,4654442.99,2162.79
-11799724.09,4654442.65,2162.78
-11799726.18,4654442.3,2162.78
-11799728.22,4654441.96,2162.83
-11799730.31,4654441.64,2162.73
-11799732.370000001,4654441.26,2162.88
-11799734.43,4654440.91,2162.98
-11799736.47,4654440.54,2163.07
-11799736.77,4654440.0,2163.05
-11799734.86,4654440.34,2162.96
-11799732.96,4654440.68,2162.86
-11799731.05,4654441.01,2162.75
-11799729.09,4654441.3100000005,2162.77
-11799727.13,4654441.64,2162.75
-11799725.18,4654441.97,2162.69
-11799723.17,4654442.29,2162.78
-11799721.23,4654442.600000001,2162.77
-11799719.27,4654442.92,2162.78
-11799717.25,4654443.25,2162.78
-11799715.27,4654443.5600000005,2162.78
-11799712.16,4654443.350000001,2165.97
-11799712.92,4654443.71,2163.86
-11799713.34,4654443.88,2162.73
-11799710.3,4654443.71,2165.74
-11799708.200000001,4654443.97,2166.11
-11799706.24,4654444.3,2166.04
-11799704.4,4654444.7,2165.65
-11799703.46,4654445.51,2162.65
-11799701.51,4654445.83,2162.6
-11799699.620000001,4654446.2,2162.38
-11799695.31,4654445.42,2169.0
-11799696.31,4654445.89,2166.15
-11799693.57,4654445.87,2168.27
-11799691.81,4654446.3100000005,2167.6
-11799692.19,4654446.47,2166.5
-11799690.32,4654446.850000001,2166.24
-11799688.44,4654447.2,2166.03
-11799686.5,4654447.55,2165.84
-11799684.57,4654447.93,2165.61
-11799683.55,4654448.69,2162.82
-11799681.58,4654449.04,2162.81
-11799679.84,4654449.48,2162.09
-11799677.84,4654449.82,2162.03
-11799675.86,4654450.15,2161.96
-11799673.36,4654450.24,2163.36
-11799673.82,4654450.48,2162.0
-11799671.81,4654450.8,2162.02
-11799669.81,4654451.13,2161.98
-11799667.83,4654451.47,2161.9
-11799665.8,4654451.8,2161.88
-11799663.76,4654452.14,2161.88
-11799661.22,4654452.19,2163.48
-11799661.77,4654452.46,2161.82
-11799659.03,4654452.41,2164.08
-11799657.36,4654452.92,2163.04
-11799657.76,4654453.13,2161.82
-11799655.71,4654453.43,2161.9
-11799653.74,4654453.78,2161.81
-11799651.75,4654454.09,2161.84
-11799649.75,4654454.43,2161.76
-11799647.68,4654454.78,2161.76
-11799645.67,4654455.09,2161.72
-11799643.67,4654455.44,2161.72
-11799641.67,4654455.7700000005,2161.67
-11799639.66,4654456.11,2161.63
-11799637.64,4654456.44,2161.61
-11799635.63,4654456.78,2161.56
-11799633.64,4654457.12,2161.48
-11799631.64,4654457.44,2161.46
-11799629.61,4654457.78,2161.42
-11799627.55,4654458.100000001,2161.52
-11799625.49,4654458.44,2161.49
-11799624.1,4654455.65,2161.48
-11799626.120000001,4654455.33,2161.42
-11799628.14,4654454.99,2161.47
-11799630.18,4654454.62,2161.52
-11799632.27,4654454.28,2161.54
-11799634.35,4654453.94,2161.56
-11799636.42,4654453.59,2161.56
-11799638.48,4654453.25,2161.61
-11799640.53,4654452.89,2161.65
-11799642.31,4654452.4,2162.59
-11799644.34,4654452.0600000005,2162.63
-11799646.66,4654451.86,2161.75
-11799650.34,4654450.93,2163.17
-11799652.870000001,4654450.84,2161.82
-11799654.92,4654450.48,2161.86
-11799656.15,4654449.75,2164.23
-11799658.24,4654449.4,2164.21
-11799660.38,4654449.0600000005,2164.15
-11799662.48,4654448.72,2164.11
-11799665.26,4654448.74,2161.99
-11799667.34,4654448.42,2161.94
-11799669.39,4654448.05,2162.0
-11799671.4,4654447.68,2162.19
-11799673.56,4654447.37,2161.98
-11799675.6,4654447.0200000005,2162.0
-11799677.6,4654446.68,2162.06
-11799679.69,4654446.34,2162.13
-11799681.63,4654445.91,2162.65
-11799683.65,4654445.5200000005,2162.85
-11799685.540000001,4654445.09,2163.4
-11799686.9,4654444.41,2165.44
-11799687.8,4654444.84,2162.86
-11799688.86,4654443.99,2165.83
-11799690.81,4654443.59,2166.26
-11799692.8,4654443.19,2166.52
-11799695.11,4654442.96,2165.86
-11799698.34,4654443.16,2162.59
-11799700.38,4654442.8,2162.67
-11799701.39,4654441.97,2165.69
-11799702.46,4654442.46,2162.67
-11799703.33,4654441.57,2166.05
-11799705.290000001,4654441.16,2166.44
-11799707.200000001,4654440.74,2166.83
-11799709.370000001,4654440.46,2166.52
-11799711.6,4654440.19,2166.11
-11799713.82,4654439.91,2165.69
-11799714.9,4654440.4,2162.72
-11799716.950000001,4654440.03,2162.88
-11799717.98,4654439.21,2165.77
-11799719.0,4654439.68,2162.94
-11799721.13,4654439.36,2162.81
-11799723.21,4654439.0,2162.85
-11799725.290000001,4654438.66,2162.84
-11799727.370000001,4654438.33,2162.84
-11799729.46,4654437.98,2162.81
-11799731.56,4654437.64,2162.78
-11799733.63,4654437.3,2162.79
-11799735.620000001,4654436.94,2162.92
-11799736.34,4654436.32,2162.92
-11799734.450000001,4654436.66,2162.79
-11799732.51,4654436.96,2162.85
-11799730.59,4654437.28,2162.8
-11799728.61,4654437.61,2162.78
-11799726.66,4654437.91,2162.77
-11799724.68,4654438.23,2162.82
-11799722.72,4654438.55,2162.83
-11799719.26,4654438.2,2166.98
-11799720.03,4654438.5200000005,2164.86
-11799720.77,4654438.86,2162.85
-11799718.78,4654439.18,2162.88
-11799716.83,4654439.51,2162.86
-11799713.870000001,4654439.39,2165.56
-11799714.88,4654439.84,2162.77
-11799711.74,4654439.63,2165.98
-11799709.65,4654439.89,2166.38
-11799707.55,4654440.15,2166.75
-11799705.6,4654440.48,2166.69
-11799703.77,4654440.86,2166.31
-11799701.92,4654441.23,2165.94
-11799700.1,4654441.61,2165.59
-11799701.11,4654442.09,2162.71
-11799699.15,4654442.43,2162.63
-11799696.120000001,4654442.26,2165.59
-11799697.22,4654442.7700000005,2162.47
-11799693.93,4654442.49,2166.15
-11799691.82,4654442.76,2166.51
-11799690.01,4654443.16,2166.05
-11799688.17,4654443.55,2165.61
-11799688.78,4654443.83,2163.86
-11799687.15,4654444.33,2162.83
-11799685.1,4654444.62,2162.96
-11799683.16,4654444.99,2162.78
-11799681.31,4654445.4,2162.36
-11799679.4,4654445.75,2162.11
-11799677.41,4654446.09,2162.06
-11799675.44,4654446.43,2161.98
-11799673.450000001,4654446.76,2161.94
-11799671.42,4654447.07,2162.0
-11799669.4,4654447.41,2162.0
-11799667.41,4654447.75,2161.92
-11799665.16,4654447.98,2162.54
-11799662.66,4654448.05,2164.08
-11799660.66,4654448.37,2164.11
-11799658.63,4654448.67,2164.19
-11799656.620000001,4654448.99,2164.23
-11799654.49,4654449.28,2164.48
-11799653.370000001,4654450.0600000005,2161.81
-11799649.09,4654450.57,2162.6
-11799647.35,4654451.05,2161.73
-11799645.040000001,4654451.23,2162.65
-11799645.35,4654451.38,2161.73
-11799643.07,4654451.55,2162.59
-11799641.34,4654452.04,2161.73
-11799639.35,4654452.38,2161.6
-11799637.33,4654452.72,2161.53
-11799635.26,4654453.07,2161.53
-11799633.22,4654453.4,2161.53
-11799631.24,4654453.73,2161.54
-11799629.24,4654454.04,2161.54
-11799627.21,4654454.39,2161.51
-11799625.21,4654454.73,2161.38
-11799625.22,4654451.33,2161.52
-11799627.26,4654450.99,2161.58
-11799629.32,4654450.64,2161.61
-11799631.33,4654450.29,2161.69
-11799633.42,4654449.97,2161.59
-11799633.620000001,4654448.65,2167.34
-11799635.47,4654449.63,2161.58
-11799637.57,4654449.28,2161.57
-11799639.63,4654448.94,2161.56
-11799641.63,4654448.600000001,2161.61
-11799643.67,4654448.26,2161.65
-11799645.38,4654447.7,2162.86
-11799647.84,4654447.54,2161.76
-11799649.89,4654447.19,2161.85
-11799651.07,4654446.42,2164.4
-11799653.14,4654446.09,2164.38
-11799655.21,4654445.73,2164.42
-11799657.28,4654445.38,2164.47
-11799659.4,4654445.08,2164.25
-11799661.450000001,4654444.75,2164.19
-11799663.53,4654444.41,2164.17
-11799665.69,4654444.100000001,2163.92
-11799666.41,4654444.47,2161.79
-11799668.120000001,4654443.9,2163.07
-11799670.540000001,4654443.74,2161.94
-11799671.94,4654443.11,2163.73
-11799672.55,4654443.41,2161.94
-11799674.65,4654443.0600000005,2162.01
-11799676.700000001,4654442.68,2162.1
-11799678.8,4654442.33,2162.1
-11799680.89,4654441.99,2162.1
-11799682.950000001,4654441.65,2162.11
-11799685.03,4654441.3,2162.13
-11799687.09,4654440.96,2162.15
-11799689.18,4654440.62,2162.13
-11799691.22,4654440.25,2162.28
-11799692.09,4654439.350000001,2165.69
-11799694.72,4654439.3,2163.98
-11799695.21,4654439.53,2162.59
-11799696.25,4654438.69,2165.55
-11799697.26,4654439.17,2162.69
-11799698.200000001,4654438.2700000005,2165.92
-11799700.13,4654437.88,2166.3
-11799702.07,4654437.48,2166.71
-11799704.09,4654437.08,2166.98
-11799706.32,4654436.8,2166.52
-11799708.540000001,4654436.53,2166.13
-11799710.74,4654436.2700000005,2165.72
-11799713.83,4654436.39,2162.86
-11799715.91,4654436.04,2162.86
-11799718.0,4654435.69,2162.9
-11799720.07,4654435.34,2162.92
-11799722.16,4654435.01,2162.86
-11799724.22,4654434.68,2162.83
-11799726.3,4654434.34,2162.83
-11799728.33,4654433.98,2162.9
-11799730.38,4654433.65,2162.88
-11799732.46,4654433.3100000005,2162.83
-11799733.83,4654432.65,2164.72
-11799734.55,4654432.97,2162.79
-11799735.4,4654432.12,2166.0
-11799734.39,4654431.94,2165.33
-11799733.41,4654432.66,2162.8
-11799731.450000001,4654432.97,2162.84
-11799729.5,4654433.29,2162.88
-11799727.57,4654433.61,2162.86
-11799725.65,4654433.92,2162.8
-11799723.700000001,4654434.25,2162.81
-11799721.75,4654434.57,2162.83
-11799719.78,4654434.87,2162.86
-11799717.83,4654435.18,2162.88
-11799715.88,4654435.5200000005,2162.85
-11799713.93,4654435.83,2162.84
-11799710.92,4654435.69,2165.75
-11799708.84,4654435.94,2166.11
-11799706.71,4654436.19,2166.51
-11799704.63,4654436.45,2166.88
-11799702.65,4654436.76,2166.94
-11799700.790000001,4654437.13,2166.6
-11799698.94,4654437.5200000005,2166.21
-11799697.1,4654437.91,2165.84
-11799695.26,4654438.29,2165.48
-11799696.27,4654438.7700000005,2162.61
-11799694.290000001,4654439.07,2162.63
-11799691.32,4654438.94,2165.47
-11799691.9,4654439.2,2163.81
-11799692.4,4654439.44,2162.38
-11799690.51,4654439.8100000005,2162.11
-11799688.47,4654440.15,2162.11
-11799686.47,4654440.48,2162.1
-11799684.48,4654440.78,2162.1
-11799682.52,4654441.13,2162.09
-11799680.57,4654441.44,2162.06
-11799678.56,4654441.7700000005,2162.06
-11799676.55,4654442.100000001,2162.07
-11799674.59,4654442.43,2162.03
-11799672.59,4654442.7700000005,2161.96
-11799670.59,4654443.11,2161.9
-11799668.55,4654443.43,2161.98
-11799665.96,4654443.46,2163.71
-11799666.61,4654443.79,2161.79
-11799663.83,4654443.71,2164.15
-11799661.8,4654444.04,2164.19
-11799659.76,4654444.36,2164.25
-11799657.72,4654444.65,2164.42
-11799655.73,4654444.98,2164.38
-11799653.74,4654445.32,2164.35
-11799651.73,4654445.63,2164.38
-11799649.75,4654446.0,2164.25
-11799650.55,4654446.39,2161.84
-11799648.52,4654446.73,2161.77
-11799646.17,4654446.88,2162.85
-11799646.56,4654447.07,2161.69
-11799644.56,4654447.41,2161.67
-11799642.540000001,4654447.74,2161.63
-11799640.53,4654448.08,2161.59
-11799638.51,4654448.43,2161.56
-11799634.65,4654447.76,2167.38
-11799636.51,4654448.73,2161.58
-11799634.47,4654449.07,2161.57
-11799632.43,4654449.4,2161.6
-11799630.38,4654449.73,2161.61
-11799628.38,4654450.05,2161.6
-11799626.4,4654450.39,2161.55
-11799624.39,4654450.74,2161.5
-11799624.200000001,4654447.34,2161.48
-11799625.03,4654446.33,2165.4
-11799626.21,4654446.97,2161.61
-11799627.51,4654446.21,2164.06
-11799630.290000001,4654446.29,2161.63
-11799631.700000001,4654445.62,2163.63
-11799632.33,4654445.94,2161.65
-11799633.75,4654445.23,2163.76
-11799635.82,4654444.89,2163.81
-11799636.51,4654445.26,2161.63
-11799638.57,4654444.91,2161.67
-11799640.620000001,4654444.57,2161.65
-11799642.71,4654444.23,2161.63
-11799644.790000001,4654443.87,2161.67
-11799646.85,4654443.53,2161.72
-11799648.790000001,4654443.13,2162.05
-11799650.120000001,4654442.43,2164.21
-11799652.15,4654442.07,2164.31
-11799654.15,4654441.72,2164.38
-11799656.200000001,4654441.37,2164.4
-11799658.28,4654441.03,2164.44
-11799660.34,4654440.67,2164.48
-11799662.63,4654440.43,2163.86
-11799663.31,4654440.7700000005,2161.84
-11799665.35,4654440.4,2161.96
-11799667.43,4654440.05,2162.0
-11799669.49,4654439.72,2161.97
-11799671.540000001,4654439.37,2161.98
-11799673.620000001,4654439.0,2162.06
-11799675.700000001,4654438.64,2162.11
-11799677.790000001,4654438.29,2162.11
-11799679.83,4654437.95,2162.11
-11799681.88,4654437.61,2162.11
-11799683.99,4654437.26,2162.13
-11799686.1,4654436.92,2162.11
-11799687.64,4654436.3100000005,2163.67
-11799688.18,4654436.58,2162.15
-11799690.13,4654436.18,2162.47
-11799692.17,4654435.84,2162.48
-11799693.07,4654434.96,2165.8
-11799694.18,4654435.47,2162.65
-11799695.05,4654434.55,2166.11
-11799697.02,4654434.16,2166.42
-11799699.0,4654433.76,2166.73
-11799700.97,4654433.37,2167.01
-11799703.05,4654433.03,2167.06
-11799705.16,4654432.7,2166.94
-11799707.19,4654432.3,2167.11
-11799709.42,4654432.04,2166.73
-11799711.6,4654431.7700000005,2166.33
-11799713.82,4654431.49,2165.9
-11799715.99,4654431.19,2165.65
-11799717.0,4654431.63,2162.88
-11799719.07,4654431.29,2162.88
-11799721.14,4654430.95,2162.88
-11799723.24,4654430.600000001,2162.88
-11799725.290000001,4654430.26,2162.9
-11799727.35,4654429.93,2162.84
-11799729.41,4654429.59,2162.83
-11799731.43,4654429.26,2162.85
-11799733.46,4654428.91,2162.86
-11799735.52,4654428.5600000005,2162.88
-11799736.790000001,4654427.8100000005,2162.86
-11799734.91,4654428.14,2162.86
-11799732.98,4654428.44,2162.85
-11799731.040000001,4654428.79,2162.82
-11799729.13,4654429.100000001,2162.76
-11799727.16,4654429.42,2162.8
-11799725.19,4654429.72,2162.86
-11799723.28,4654430.04,2162.88
-11799721.370000001,4654430.350000001,2162.85
-11799719.4,4654430.67,2162.86
-11799717.44,4654431.0,2162.85
-11799714.4,4654430.84,2165.79
-11799712.3,4654431.11,2166.17
-11799710.18,4654431.36,2166.59
-11799708.06,4654431.600000001,2166.98
-11799706.07,4654431.94,2166.99
-11799704.22,4654432.28,2166.75
-11799702.17,4654432.58,2167.01
-11799700.21,4654432.89,2167.0
-11799698.34,4654433.26,2166.69
-11799696.450000001,4654433.64,2166.42
-11799694.58,4654433.99,2166.13
-11799692.71,4654434.36,2165.88
-11799691.96,4654435.25,2162.46
-11799689.97,4654435.58,2162.42
-11799687.53,4654435.7,2163.69
-11799688.03,4654435.94,2162.24
-11799686.11,4654436.28,2162.08
-11799684.13,4654436.61,2162.09
-11799682.14,4654436.92,2162.11
-11799680.13,4654437.25,2162.1
-11799678.13,4654437.58,2162.1
-11799676.15,4654437.92,2162.05
-11799674.14,4654438.24,2162.1
-11799672.15,4654438.5600000005,2162.05
-11799670.16,4654438.93,2161.94
-11799668.16,4654439.24,2161.94
-11799666.16,4654439.5600000005,2161.99
-11799664.18,4654439.9,2161.94
-11799661.36,4654439.83,2164.36
-11799659.33,4654440.15,2164.38
-11799657.32,4654440.48,2164.38
-11799655.31,4654440.8100000005,2164.4
-11799653.38,4654441.15,2164.27
-11799651.41,4654441.49,2164.22
-11799649.41,4654441.850000001,2164.09
-11799649.85,4654442.0600000005,2162.76
-11799648.13,4654442.5600000005,2161.78
-11799646.15,4654442.91,2161.65
-11799644.15,4654443.25,2161.61
-11799642.15,4654443.58,2161.61
-11799638.21,4654442.93,2167.47
-11799640.1,4654443.91,2161.61
-11799638.09,4654444.23,2161.63
-11799635.43,4654444.2,2163.71
-11799633.39,4654444.53,2163.75
-11799631.35,4654444.88,2163.75
-11799632.02,4654445.2,2161.67
-11799629.28,4654445.17,2163.94
-11799630.03,4654445.57,2161.59
-11799627.23,4654445.46,2164.09
-11799625.11,4654445.74,2164.42
-11799626.0,4654446.22,2161.63
-11799623.96,4654446.53,2161.67
-11799625.22,4654440.65,2170.08
-11799626.15,4654441.14,2167.19
-11799627.91,4654442.07,2161.63
-11799629.9,4654441.72,2161.69
-11799631.98,4654441.38,2161.67
-11799633.42,4654440.69,2163.73
-11799634.05,4654441.01,2161.72
-11799635.42,4654440.33,2163.82
-11799637.5,4654439.99,2163.81
-11799638.200000001,4654440.350000001,2161.65
-11799640.27,4654439.98,2161.65
-11799642.31,4654439.67,2161.65
-11799644.370000001,4654439.32,2161.61
-11799646.43,4654438.98,2161.65
-11799648.51,4654438.61,2161.65
-11799650.540000001,4654438.2700000005,2161.74
-11799652.55,4654437.9,2161.88
-11799653.88,4654437.18,2164.19
-11799655.94,4654436.8100000005,2164.27
-11799657.82,4654436.39,2164.77
-11799659.620000001,4654435.9,2165.61
-11799661.48,4654435.46,2166.24
-11799663.85,4654435.26,2165.31
-11799667.07,4654435.47,2161.97
-11799669.11,4654435.12,2162.03
-11799670.69,4654434.5200000005,2163.42
-11799673.23,4654434.42,2162.06
-11799674.790000001,4654433.82,2163.58
-11799675.33,4654434.09,2162.0
-11799677.36,4654433.73,2162.06
-11799679.44,4654433.38,2162.09
-11799681.55,4654433.03,2162.09
-11799683.1,4654432.44,2163.61
-11799683.620000001,4654432.66,2162.13
-11799685.59,4654432.29,2162.38
-11799687.66,4654431.93,2162.42
-11799688.540000001,4654431.03,2165.85
-11799690.47,4654430.64,2166.17
-11799692.42,4654430.26,2166.46
-11799694.39,4654429.87,2166.76
-11799696.4,4654429.46,2167.04
-11799698.53,4654429.14,2166.88
-11799700.68,4654428.850000001,2166.61
-11799702.86,4654428.54,2166.32
-11799705.01,4654428.21,2166.19
-11799706.950000001,4654427.82,2166.56
-11799708.9,4654427.41,2166.88
-11799710.63,4654426.92,2167.8
-11799711.01,4654427.08,2166.77
-11799713.21,4654426.79,2166.42
-11799715.44,4654426.5200000005,2166.02
-11799717.700000001,4654426.24,2165.59
-11799718.75,4654426.68,2162.74
-11799720.76,4654426.33,2162.86
-11799722.84,4654425.99,2162.81
-11799724.93,4654425.67,2162.67
-11799726.97,4654425.33,2162.72
-11799729.040000001,4654424.96,2162.76
-11799731.09,4654424.62,2162.79
-11799733.1,4654424.28,2162.81
-11799735.17,4654423.93,2162.83
-11799736.65,4654423.13,2162.86
-11799734.790000001,4654423.45,2162.82
-11799732.870000001,4654423.76,2162.79
-11799730.93,4654424.08,2162.77
-11799729.0,4654424.41,2162.78
-11799727.09,4654424.74,2162.69
-11799725.15,4654425.05,2162.69
-11799723.24,4654425.37,2162.67
-11799721.23,4654425.66,2162.86
-11799718.24,4654425.54,2165.63
-11799719.28,4654425.98,2162.8
-11799716.17,4654425.82,2165.92
-11799714.08,4654426.07,2166.33
-11799711.98,4654426.34,2166.71
-11799709.91,4654426.61,2166.97
-11799708.06,4654427.0,2166.63
-11799706.200000001,4654427.36,2166.31
-11799704.35,4654427.74,2166.02
-11799702.290000001,4654428.0200000005,2166.28
-11799700.21,4654428.3,2166.54
-11799698.120000001,4654428.55,2166.88
-11799696.08,4654428.850000001,2167.1
-11799694.19,4654429.23,2166.84
-11799692.34,4654429.58,2166.54
-11799690.46,4654429.96,2166.28
-11799688.66,4654430.36,2165.73
-11799686.870000001,4654430.79,2165.21
-11799687.83,4654431.23,2162.47
-11799685.85,4654431.5600000005,2162.44
-11799683.88,4654431.9,2162.38
-11799682.02,4654432.28,2162.02
-11799680.0,4654432.600000001,2162.06
-11799678.01,4654432.93,2162.09
-11799675.42,4654432.96,2163.88
-11799676.08,4654433.2700000005,2161.94
-11799674.05,4654433.57,2162.06
-11799671.57,4654433.69,2163.42
-11799670.02,4654434.23,2162.1
-11799668.07,4654434.59,2161.94
-11799665.21,4654434.49,2164.53
-11799666.11,4654434.93,2161.88
-11799662.99,4654434.7,2165.3
-11799660.69,4654434.86,2166.21
-11799658.870000001,4654435.29,2165.65
-11799657.11,4654435.73,2164.86
-11799655.35,4654436.18,2164.23
-11799656.1,4654436.55,2161.97
-11799653.39,4654436.5200000005,2164.08
-11799653.96,4654436.82,2162.38
-11799652.1,4654437.25,2161.8
-11799650.07,4654437.59,2161.71
-11799648.09,4654437.94,2161.67
-11799646.120000001,4654438.25,2161.67
-11799642.200000001,4654437.63,2167.47
-11799644.1,4654438.59,2161.65
-11799642.040000001,4654438.94,2161.65
-11799640.0,4654439.25,2161.69
-11799637.32,4654439.21,2163.86
-11799638.0,4654439.57,2161.76
-11799635.3,4654439.55,2163.86
-11799633.98,4654440.26,2161.65
-11799631.94,4654440.59,2161.67
-11799629.89,4654440.93,2161.65
-11799625.16,4654439.8100000005,2170.27
-11799626.06,4654440.29,2167.42
-11799627.9,4654441.26,2161.65
-11799625.31,4654438.15,2161.63
-11799624.49,4654436.2700000005,2170.76
-11799627.39,4654437.79,2161.63
-11799629.39,4654437.45,2161.67
-11799631.39,4654437.08,2161.83
-11799633.53,4654436.73,2161.69
-11799635.64,4654436.39,2161.67
-11799637.18,4654435.78,2163.3
-11799637.700000001,4654436.05,2161.63
-11799639.74,4654435.71,2161.67
-11799641.72,4654435.3100000005,2161.99
-11799643.870000001,4654435.0200000005,2161.73
-11799645.93,4654434.68,2161.69
-11799645.96,4654433.33,2167.8
-11799647.98,4654434.33,2161.67
-11799650.07,4654433.99,2161.65
-11799652.13,4654433.63,2161.69
-11799654.14,4654433.29,2161.74
-11799656.15,4654432.91,2161.9
-11799656.81,4654431.86,2166.17
-11799657.3,4654432.100000001,2164.72
-11799657.71,4654432.3,2163.49
-11799659.16,4654431.67,2165.3
-11799661.51,4654431.47,2164.44
-11799662.4,4654431.88,2161.8
-11799664.47,4654431.54,2161.88
-11799666.56,4654431.18,2161.86
-11799668.55,4654430.8,2162.05
-11799670.040000001,4654430.19,2163.75
-11799670.6,4654430.46,2162.07
-11799672.700000001,4654430.11,2162.08
-11799674.03,4654429.41,2164.3
-11799676.31,4654429.16,2163.61
-11799676.83,4654429.42,2162.11
-11799678.3,4654428.7700000005,2163.94
-11799678.88,4654429.03,2162.25
-11799680.98,4654428.68,2162.31
-11799683.03,4654428.32,2162.38
-11799684.07,4654427.5,2165.31
-11799686.03,4654427.11,2165.6
-11799687.98,4654426.72,2165.92
-11799689.96,4654426.3,2166.22
-11799691.91,4654425.9,2166.59
-11799693.85,4654425.5,2166.94
-11799696.03,4654425.21,2166.63
-11799698.24,4654424.91,2166.3
-11799700.43,4654424.62,2165.99
-11799702.59,4654424.3100000005,2165.71
-11799703.48,4654424.7,2163.25
-11799704.71,4654423.98,2165.61
-11799705.52,4654424.350000001,2163.36
-11799706.71,4654423.600000001,2165.85
-11799708.66,4654423.2,2166.17
-11799710.700000001,4654422.84,2166.27
-11799712.94,4654422.5600000005,2165.86
-11799716.14,4654422.69,2162.79
-11799718.200000001,4654422.350000001,2162.78
-11799720.33,4654422.04,2162.57
-11799722.39,4654421.69,2162.6
-11799724.44,4654421.34,2162.63
-11799726.49,4654420.97,2162.69
-11799727.32,4654420.12,2165.96
-11799728.56,4654420.63,2162.67
-11799730.59,4654420.29,2162.73
-11799732.65,4654419.93,2162.77
-11799734.69,4654419.59,2162.82
-11799736.71,4654419.23,2162.88
-11799736.58,4654418.67,2162.84
-11799734.68,4654418.99,2162.81
-11799732.78,4654419.3,2162.75
-11799730.84,4654419.64,2162.72
-11799728.91,4654419.96,2162.69
-11799727.01,4654420.28,2162.63
-11799725.08,4654420.61,2162.63
-11799723.14,4654420.93,2162.61
-11799721.21,4654421.25,2162.56
-11799719.28,4654421.58,2162.56
-11799717.25,4654421.87,2162.77
-11799715.3,4654422.17,2162.77
-11799712.24,4654422.03,2165.82
-11799710.13,4654422.28,2166.19
-11799708.25,4654422.62,2165.99
-11799706.41,4654423.01,2165.65
-11799704.49,4654423.33,2165.65
-11799705.35,4654423.72,2163.27
-11799702.51,4654423.65,2165.69
-11799703.38,4654424.03,2163.25
-11799700.43,4654423.94,2165.88
-11799698.35,4654424.23,2166.15
-11799696.26,4654424.51,2166.47
-11799694.22,4654424.78,2166.76
-11799692.35,4654425.14,2166.5
-11799690.370000001,4654425.48,2166.38
-11799688.5,4654425.86,2166.13
-11799686.65,4654426.22,2165.82
-11799684.78,4654426.600000001,2165.54
-11799682.89,4654426.98,2165.28
-11799683.88,4654427.43,2162.44
-11799681.88,4654427.7700000005,2162.33
-11799679.84,4654428.100000001,2162.4
-11799677.4,4654428.23,2163.65
-11799675.21,4654428.46,2164.25
-11799673.19,4654428.78,2164.28
-11799671.93,4654429.46,2162.17
-11799669.39,4654429.51,2163.78
-11799666.97,4654429.64,2165.03
-11799668.01,4654430.14,2161.97
-11799666.03,4654430.46,2161.97
-11799664.040000001,4654430.8,2161.94
-11799662.040000001,4654431.14,2161.83
-11799658.91,4654430.96,2165.06
-11799657.6,4654431.61,2163.07
-11799656.040000001,4654432.14,2161.85
-11799654.08,4654432.48,2161.75
-11799652.07,4654432.83,2161.67
-11799650.03,4654433.17,2161.67
-11799646.040000001,4654432.51,2167.69
-11799648.01,4654433.49,2161.72
-11799646.03,4654433.83,2161.69
-11799644.02,4654434.16,2161.69
-11799641.89,4654434.45,2161.98
-11799639.040000001,4654434.350000001,2164.56
-11799639.98,4654434.83,2161.65
-11799637.96,4654435.16,2161.65
-11799635.41,4654435.21,2163.35
-11799635.96,4654435.5,2161.63
-11799633.93,4654435.83,2161.65
-11799631.88,4654436.16,2161.67
-11799629.83,4654436.49,2161.71
-11799627.83,4654436.84,2161.65
-11799625.41,4654432.98,2164.77
-11799626.44,4654432.14,2167.88
-11799627.44,4654432.66,2164.73
-11799630.52,4654432.82,2161.63
-11799632.56,4654432.46,2161.72
-11799633.72,4654431.69,2164.32
-11799634.56,4654432.12,2161.75
-11799635.74,4654431.34,2164.4
-11799637.8,4654430.99,2164.38
-11799639.93,4654430.64,2164.36
-11799641.97,4654430.28,2164.44
-11799642.88,4654430.75,2161.65
-11799644.93,4654430.37,2161.71
-11799647.02,4654430.0200000005,2161.73
-11799649.06,4654429.68,2161.75
-11799651.13,4654429.34,2161.72
-11799653.18,4654428.99,2161.69
-11799655.23,4654428.65,2161.71
-11799657.31,4654428.29,2161.76
-11799659.33,4654427.95,2161.8
-11799661.34,4654427.600000001,2161.86
-11799662.870000001,4654426.99,2163.47
-11799663.41,4654427.25,2161.88
-11799664.25,4654426.28,2165.61
-11799665.94,4654425.75,2166.74
-11799667.61,4654425.23,2167.86
-11799669.950000001,4654425.0,2167.13
-11799673.040000001,4654425.11,2164.23
-11799675.86,4654425.12,2162.09
-11799677.86,4654424.74,2162.26
-11799679.4,4654424.17,2163.69
-11799679.93,4654424.41,2162.17
-11799681.9,4654424.03,2162.34
-11799682.790000001,4654423.13,2165.84
-11799683.540000001,4654423.47,2163.69
-11799684.8,4654422.71,2166.15
-11799686.77,4654422.32,2166.42
-11799688.85,4654421.97,2166.4
-11799691.05,4654421.68,2166.08
-11799693.21,4654421.39,2165.78
-11799695.39,4654421.08,2165.49
-11799697.36,4654420.69,2165.78
-11799698.47,4654421.18,2162.65
-11799700.42,4654420.78,2162.97
-11799701.53,4654420.0200000005,2165.69
-11799702.63,4654420.49,2162.59
-11799703.78,4654419.73,2165.25
-11799704.69,4654420.14,2162.71
-11799704.870000001,4654418.95,2167.94
-11799705.8,4654419.350000001,2165.4
-11799706.77,4654419.79,2162.69
-11799705.99,4654418.21,2170.46
-11799707.71,4654417.72,2171.42
-11799708.26,4654417.97,2169.88
-11799710.9,4654419.12,2162.63
-11799709.61,4654417.29,2171.94
-11799710.11,4654417.5,2170.56
-11799712.450000001,4654417.28,2169.81
-11799714.63,4654416.97,2169.53
-11799714.97,4654417.100000001,2168.61
-11799717.44,4654416.96,2167.46
-11799721.290000001,4654417.38,2162.59
-11799723.36,4654417.03,2162.61
-11799725.41,4654416.66,2162.69
-11799727.47,4654416.3100000005,2162.71
-11799729.540000001,4654415.97,2162.72
-11799731.540000001,4654415.61,2162.79
-11799733.58,4654415.2700000005,2162.8
-11799735.67,4654414.9,2162.81
-11799735.84,4654414.36,2162.8
-11799733.94,4654414.69,2162.79
-11799732.02,4654414.99,2162.8
-11799730.13,4654415.33,2162.73
-11799728.21,4654415.65,2162.71
-11799726.27,4654415.96,2162.69
-11799724.36,4654416.3,2162.65
-11799722.41,4654416.63,2162.6
-11799720.46,4654416.96,2162.58
-11799715.950000001,4654416.2,2169.46
-11799716.76,4654416.54,2167.26
-11799713.450000001,4654416.28,2171.01
-11799714.0,4654416.5200000005,2169.5
-11799711.28,4654416.49,2171.69
-11799712.03,4654416.8100000005,2169.63
-11799709.27,4654416.79,2171.86
-11799707.56,4654417.22,2171.17
-11799708.14,4654417.47,2169.57
-11799710.22,4654418.37,2163.86
-11799706.33,4654417.87,2169.1
-11799706.8,4654418.09,2167.78
-11799704.66,4654418.33,2168.27
-11799705.82,4654418.84,2165.05
-11799704.74,4654419.54,2162.67
-11799702.8,4654419.87,2162.63
-11799700.73,4654420.14,2162.94
-11799698.86,4654420.5200000005,2162.67
-11799695.96,4654420.41,2165.32
-11799693.91,4654420.69,2165.61
-11799691.82,4654420.98,2165.88
-11799689.75,4654421.26,2166.17
-11799687.67,4654421.54,2166.46
-11799685.700000001,4654421.88,2166.38
-11799683.84,4654422.25,2166.13
-11799683.16,4654423.17,2162.44
-11799681.19,4654423.51,2162.34
-11799679.17,4654423.850000001,2162.33
-11799677.200000001,4654424.22,2162.11
-11799675.24,4654424.5600000005,2162.05
-11799672.44,4654424.51,2164.4
-11799669.58,4654424.43,2166.92
-11799667.21,4654424.58,2168.0
-11799665.57,4654425.0600000005,2167.01
-11799663.950000001,4654425.58,2165.94
-11799662.28,4654426.0600000005,2164.94
-11799663.22,4654426.5200000005,2162.15
-11799661.28,4654426.9,2161.88
-11799659.28,4654427.26,2161.82
-11799657.27,4654427.600000001,2161.75
-11799655.33,4654427.93,2161.69
-11799653.370000001,4654428.2700000005,2161.65
-11799651.33,4654428.59,2161.72
-11799649.3,4654428.93,2161.72
-11799647.3,4654429.25,2161.75
-11799645.31,4654429.59,2161.67
-11799642.4,4654429.48,2164.36
-11799643.290000001,4654429.95,2161.6
-11799640.38,4654429.83,2164.38
-11799638.35,4654430.17,2164.36
-11799636.31,4654430.5,2164.4
-11799634.31,4654430.83,2164.4
-11799633.200000001,4654431.61,2161.63
-11799630.23,4654431.47,2164.53
-11799628.17,4654431.78,2164.67
-11799626.14,4654432.11,2164.71
-11799624.13,4654432.44,2164.75
-11799624.27,4654428.76,2164.67
-11799626.33,4654428.41,2164.61
-11799628.36,4654428.08,2164.59
-11799630.44,4654427.74,2164.56
-11799632.53,4654427.4,2164.51
-11799634.58,4654427.05,2164.38
-11799636.67,4654426.74,2164.34
-11799638.75,4654426.39,2164.29
-11799640.81,4654426.0200000005,2164.29
-11799642.9,4654425.68,2164.3
-11799644.98,4654425.34,2164.26
-11799647.84,4654425.42,2161.71
-11799649.88,4654425.05,2161.81
-11799651.97,4654424.72,2161.73
-11799654.03,4654424.37,2161.74
-11799656.120000001,4654424.0200000005,2161.73
-11799658.18,4654423.67,2161.73
-11799660.25,4654423.3,2161.78
-11799662.27,4654422.96,2161.84
-11799664.31,4654422.61,2161.85
-11799665.21,4654421.68,2165.38
-11799667.03,4654421.23,2166.1
-11799669.46,4654421.03,2165.06
-11799670.52,4654421.53,2161.94
-11799672.620000001,4654421.18,2161.96
-11799674.700000001,4654420.82,2162.01
-11799676.72,4654420.45,2162.11
-11799678.72,4654420.100000001,2162.19
-11799680.76,4654419.74,2162.25
-11799682.85,4654419.37,2162.3
-11799684.92,4654419.03,2162.31
-11799686.52,4654418.46,2163.67
-11799687.8,4654417.7700000005,2165.86
-11799688.99,4654417.01,2168.38
-11799689.99,4654417.46,2165.55
-11799690.71,4654416.45,2169.54
-11799692.24,4654417.15,2165.25
-11799695.25,4654417.22,2162.58
-11799697.32,4654416.89,2162.52
-11799699.34,4654416.54,2162.59
-11799701.42,4654416.17,2162.63
-11799703.540000001,4654415.8100000005,2162.63
-11799704.68,4654415.04,2165.27
-11799705.61,4654415.46,2162.67
-11799706.05,4654414.39,2167.23
-11799706.93,4654414.78,2164.79
-11799707.72,4654415.11,2162.61
-11799706.88,4654413.49,2170.63
-11799707.52,4654413.78,2168.86
-11799708.83,4654413.100000001,2170.88
-11799709.5,4654413.4,2169.07
-11799712.36,4654413.38,2166.96
-11799713.96,4654414.0600000005,2162.58
-11799714.05,4654412.86,2168.01
-11799715.63,4654412.32,2169.31
-11799717.52,4654411.92,2169.69
-11799720.67,4654412.04,2166.72
-11799721.33,4654412.3100000005,2164.96
-11799722.19,4654412.67,2162.61
-11799724.25,4654412.33,2162.61
-11799726.28,4654411.97,2162.65
-11799728.33,4654411.61,2162.72
-11799730.39,4654411.25,2162.77
-11799732.450000001,4654410.91,2162.77
-11799734.5,4654410.5600000005,2162.77
-11799736.55,4654410.22,2162.77
-11799736.88,4654409.58,2162.75
-11799733.67,4654409.36,2166.22
-11799734.96,4654409.88,2162.79
-11799733.08,4654410.21,2162.75
-11799731.15,4654410.54,2162.74
-11799729.22,4654410.850000001,2162.75
-11799727.290000001,4654411.18,2162.69
-11799725.38,4654411.51,2162.63
-11799721.02,4654410.78,2169.27
-11799723.49,4654411.83,2162.61
-11799720.05,4654411.53,2166.65
-11799721.53,4654412.15,2162.65
-11799716.950000001,4654411.36,2169.77
-11799715.450000001,4654411.87,2168.57
-11799713.86,4654412.34,2167.61
-11799712.38,4654412.87,2166.33
-11799708.98,4654412.55,2170.4
-11799711.03,4654413.44,2164.73
-11799711.870000001,4654413.8,2162.48
-11799706.950000001,4654412.84,2170.59
-11799707.72,4654413.16,2168.48
-11799705.370000001,4654413.36,2169.42
-11799706.11,4654413.67,2167.42
-11799705.89,4654414.76,2162.59
-11799703.94,4654415.08,2162.61
-11799701.97,4654415.41,2162.61
-11799699.98,4654415.74,2162.63
-11799698.02,4654416.08,2162.52
-11799696.06,4654416.39,2162.53
-11799690.59,4654415.15,2172.48
-11799691.93,4654415.75,2168.72
-11799692.32,4654415.92,2167.59
-11799694.13,4654416.74,2162.48
-11799689.14,4654415.71,2170.98
-11799689.92,4654416.0600000005,2168.77
-11799691.13,4654416.62,2165.34
-11799687.41,4654416.16,2170.3
-11799687.9,4654416.37,2168.9
-11799689.040000001,4654416.88,2165.67
-11799687.01,4654417.19,2165.83
-11799687.620000001,4654417.45,2164.11
-11799686.26,4654418.08,2162.35
-11799684.290000001,4654418.4,2162.3
-11799682.3,4654418.74,2162.28
-11799680.32,4654419.08,2162.22
-11799678.36,4654419.42,2162.15
-11799676.41,4654419.76,2162.07
-11799674.43,4654420.11,2161.97
-11799672.44,4654420.45,2161.92
-11799670.450000001,4654420.79,2161.92
-11799667.23,4654420.5600000005,2165.5
-11799665.56,4654421.04,2164.55
-11799664.5,4654421.8,2161.85
-11799662.49,4654422.13,2161.84
-11799660.51,4654422.48,2161.8
-11799658.5,4654422.82,2161.75
-11799656.52,4654423.14,2161.73
-11799654.51,4654423.48,2161.74
-11799652.5,4654423.82,2161.71
-11799650.49,4654424.16,2161.69
-11799648.43,4654424.51,2161.69
-11799645.57,4654424.42,2164.28
-11799643.58,4654424.75,2164.26
-11799641.57,4654425.08,2164.28
-11799639.55,4654425.42,2164.27
-11799637.53,4654425.74,2164.29
-11799635.49,4654426.07,2164.36
-11799633.47,4654426.4,2164.44
-11799631.43,4654426.72,2164.48
-11799629.39,4654427.0600000005,2164.53
-11799627.370000001,4654427.39,2164.56
-11799625.35,4654427.69,2164.6
-11799624.36,4654424.18,2164.55
-11799626.41,4654423.84,2164.5
-11799628.5,4654423.49,2164.47
-11799630.6,4654423.15,2164.42
-11799632.67,4654422.8100000005,2164.36
-11799634.71,4654422.46,2164.27
-11799636.77,4654422.12,2164.25
-11799638.85,4654421.78,2164.23
-11799640.72,4654421.33,2164.82
-11799642.57,4654420.88,2165.51
-11799644.78,4654420.61,2164.97
-11799647.09,4654420.350000001,2164.31
-11799649.16,4654420.01,2164.32
-11799652.11,4654420.08,2161.69
-11799654.21,4654419.72,2161.72
-11799656.21,4654419.37,2161.79
-11799658.26,4654419.0,2161.79
-11799660.34,4654418.66,2161.8
-11799662.39,4654418.3100000005,2161.78
-11799664.39,4654417.97,2161.84
-11799666.44,4654417.62,2161.88
-11799668.56,4654417.23,2161.9
-11799670.620000001,4654416.89,2161.9
-11799672.68,4654416.55,2161.9
-11799674.74,4654416.18,2161.98
-11799676.82,4654415.8100000005,2162.03
-11799678.870000001,4654415.44,2162.13
-11799680.92,4654415.09,2162.17
-11799683.01,4654414.72,2162.19
-11799685.07,4654414.36,2162.26
-11799685.6,4654413.350000001,2166.4
-11799687.03,4654412.74,2168.23
-11799688.07,4654411.89,2171.26
-11799688.84,4654412.24,2169.08
-11799689.85,4654411.38,2172.19
-11799690.25,4654411.55,2171.08
-11799690.59,4654411.72,2170.07
-11799692.68,4654411.39,2169.97
-11799694.48,4654412.19,2164.9
-11799697.39,4654412.21,2162.49
-11799699.44,4654411.87,2162.51
-11799701.540000001,4654411.51,2162.52
-11799703.18,4654410.96,2163.78
-11799703.63,4654411.16,2162.54
-11799705.77,4654410.83,2162.36
-11799707.790000001,4654410.45,2162.47
-11799709.83,4654410.100000001,2162.5
-11799711.27,4654409.48,2164.24
-11799711.92,4654409.76,2162.44
-11799712.39,4654408.73,2166.83
-11799714.82,4654408.55,2165.8
-11799716.790000001,4654408.14,2166.11
-11799718.03,4654408.67,2162.71
-11799718.120000001,4654407.49,2168.08
-11799718.75,4654407.75,2166.36
-11799720.13,4654408.34,2162.61
-11799719.540000001,4654406.89,2169.72
-11799721.6,4654406.54,2169.76
-11799722.13,4654406.76,2168.31
-11799726.3,4654407.29,2162.61
-11799728.32,4654406.94,2162.65
-11799730.36,4654406.58,2162.67
-11799732.42,4654406.23,2162.72
-11799734.49,4654405.86,2162.78
-11799736.53,4654405.5200000005,2162.78
-11799735.14,4654405.12,2162.76
-11799733.23,4654405.44,2162.75
-11799731.34,4654405.75,2162.71
-11799729.46,4654406.09,2162.67
-11799727.55,4654406.41,2162.63
-11799723.5,4654405.88,2168.24
-11799725.63,4654406.76,2162.51
-11799721.120000001,4654406.0,2169.44
-11799721.66,4654406.23,2168.02
-11799719.35,4654406.4,2169.06
-11799717.88,4654406.9,2167.81
-11799716.57,4654407.49,2166.1
-11799717.92,4654408.0600000005,2162.44
-11799714.84,4654407.89,2165.56
-11799715.36,4654408.12,2164.17
-11799715.950000001,4654408.37,2162.53
-11799712.69,4654408.13,2166.15
-11799712.07,4654409.03,2162.5
-11799710.09,4654409.36,2162.46
-11799708.13,4654409.68,2162.44
-11799706.19,4654410.03,2162.4
-11799704.23,4654410.37,2162.35
-11799702.200000001,4654410.66,2162.52
-11799700.24,4654410.99,2162.51
-11799698.28,4654411.33,2162.49
-11799695.4,4654411.2700000005,2164.92
-11799696.34,4654411.69,2162.27
-11799691.68,4654410.83,2169.86
-11799692.72,4654411.29,2166.92
-11799693.47,4654411.61,2164.82
-11799689.200000001,4654410.9,2171.42
-11799689.6,4654411.07,2170.32
-11799689.97,4654411.23,2169.27
-11799687.700000001,4654411.41,2170.19
-11799686.72,4654412.19,2167.4
-11799685.25,4654412.7700000005,2165.82
-11799686.47,4654413.33,2162.36
-11799684.51,4654413.69,2162.21
-11799682.57,4654414.0200000005,2162.17
-11799680.61,4654414.34,2162.15
-11799678.620000001,4654414.69,2162.11
-11799676.67,4654415.03,2162.03
-11799674.72,4654415.37,2161.97
-11799672.74,4654415.71,2161.92
-11799670.76,4654416.0600000005,2161.88
-11799668.73,4654416.37,2161.9
-11799666.71,4654416.71,2161.86
-11799664.74,4654417.0600000005,2161.84
-11799662.76,4654417.4,2161.82
-11799660.77,4654417.74,2161.8
-11799658.77,4654418.07,2161.78
-11799656.73,4654418.41,2161.77
-11799654.76,4654418.76,2161.73
-11799652.81,4654419.08,2161.71
-11799649.94,4654419.0,2164.29
-11799647.92,4654419.34,2164.32
-11799645.92,4654419.67,2164.33
-11799643.13,4654419.63,2166.69
-11799643.94,4654420.01,2164.24
-11799641.48,4654420.14,2165.55
-11799639.86,4654420.69,2164.28
-11799637.89,4654421.03,2164.26
-11799635.870000001,4654421.36,2164.27
-11799633.870000001,4654421.7,2164.27
-11799631.83,4654422.01,2164.42
-11799632.73,4654422.46,2161.63
-11799629.790000001,4654422.350000001,2164.42
-11799627.72,4654422.68,2164.46
-11799625.700000001,4654423.01,2164.5
-11799623.71,4654423.33,2164.53
-11799624.4,4654419.14,2164.44
-11799626.47,4654418.79,2164.4
-11799629.42,4654418.88,2161.65
-11799631.43,4654418.51,2161.78
-11799633.49,4654418.19,2161.63
-11799635.55,4654417.850000001,2161.57
-11799636.8,4654417.08,2164.17
-11799637.28,4654417.3,2162.67
-11799638.83,4654416.7,2164.27
-11799639.700000001,4654417.14,2161.63
-11799640.84,4654416.36,2164.34
-11799642.88,4654416.01,2164.33
-11799644.99,4654415.66,2164.3
-11799647.08,4654415.3,2164.28
-11799649.13,4654414.96,2164.25
-11799651.21,4654414.59,2164.27
-11799654.14,4654414.66,2161.71
-11799656.22,4654414.3,2161.72
-11799658.27,4654413.92,2161.76
-11799660.31,4654413.57,2161.86
-11799662.33,4654413.18,2161.96
-11799664.42,4654412.87,2161.85
-11799666.46,4654412.5200000005,2161.84
-11799668.52,4654412.16,2161.88
-11799670.59,4654411.8,2161.94
-11799672.65,4654411.42,2162.01
-11799674.67,4654411.08,2162.04
-11799676.75,4654410.72,2162.08
-11799678.790000001,4654410.350000001,2162.17
-11799680.89,4654409.99,2162.17
-11799682.96,4654409.64,2162.17
-11799685.040000001,4654409.3,2162.15
-11799687.1,4654408.93,2162.17
-11799689.17,4654408.5600000005,2162.23
-11799690.44,4654407.850000001,2164.54
-11799690.950000001,4654408.0600000005,2163.09
-11799692.44,4654407.46,2164.73
-11799694.46,4654407.100000001,2164.8
-11799696.53,4654406.72,2164.86
-11799699.120000001,4654406.62,2163.38
-11799701.01,4654406.18,2163.85
-11799701.450000001,4654406.38,2162.63
-11799703.6,4654406.08,2162.36
-11799705.58,4654405.71,2162.42
-11799707.65,4654405.37,2162.44
-11799709.74,4654405.01,2162.44
-11799711.83,4654404.63,2162.51
-11799713.91,4654404.2700000005,2162.56
-11799715.950000001,4654403.93,2162.54
-11799718.03,4654403.58,2162.55
-11799714.25,4654403.55,2162.53
-11799712.3,4654403.88,2162.51
-11799710.4,4654404.2,2162.48
-11799708.46,4654404.54,2162.44
-11799706.48,4654404.88,2162.38
-11799704.53,4654405.22,2162.3
-11799702.06,4654405.3100000005,2163.82
-11799702.620000001,4654405.55,2162.25
-11799700.26,4654405.67,2163.51
-11799700.64,4654405.84,2162.44
-11799698.4,4654406.0600000005,2163.15
-11799695.83,4654406.14,2164.82
-11799693.88,4654406.48,2164.75
-11799691.94,4654406.82,2164.65
-11799690.82,4654407.53,2162.31
-11799688.89,4654407.87,2162.19
-11799686.92,4654408.21,2162.13
-11799684.91,4654408.55,2162.13
-11799682.94,4654408.88,2162.11
-11799680.96,4654409.21,2162.15
-11799678.96,4654409.53,2162.15
-11799677.0,4654409.87,2162.09
-11799675.05,4654410.24,2162.01
-11799673.07,4654410.55,2162.0
-11799671.1,4654410.9,2161.94
-11799669.11,4654411.24,2161.88
-11799667.11,4654411.58,2161.86
-11799665.08,4654411.92,2161.83
-11799663.040000001,4654412.2700000005,2161.92
-11799661.05,4654412.600000001,2161.9
-11799659.1,4654412.95,2161.78
-11799657.14,4654413.29,2161.69
-11799655.14,4654413.64,2161.69
-11799652.34,4654413.59,2164.13
-11799653.15,4654413.98,2161.71
-11799650.31,4654413.89,2164.25
-11799648.31,4654414.24,2164.27
-11799646.31,4654414.58,2164.25
-11799644.27,4654414.91,2164.25
-11799642.24,4654415.24,2164.31
-11799640.23,4654415.57,2164.35
-11799638.23,4654415.91,2164.31
-11799639.1,4654416.350000001,2161.63
-11799637.05,4654416.67,2161.69
-11799635.05,4654417.01,2161.74
-11799633.040000001,4654417.350000001,2161.63
-11799631.040000001,4654417.69,2161.59
-11799629.02,4654418.04,2161.6
-11799626.120000001,4654417.93,2164.4
-11799627.040000001,4654418.4,2161.49
-11799624.1,4654418.2700000005,2164.4
-11799625.15,4654414.53,2161.58
-11799627.16,4654414.16,2161.61
-11799629.200000001,4654413.8,2161.69
-11799631.33,4654413.45,2161.67
-11799632.83,4654412.8100000005,2163.4
-11799633.33,4654413.0600000005,2161.85
-11799635.38,4654412.73,2161.72
-11799637.49,4654412.39,2161.65
-11799639.5,4654411.98,2161.85
-11799641.35,4654411.57,2162.42
-11799642.81,4654410.91,2164.26
-11799644.85,4654410.57,2164.27
-11799646.96,4654410.2,2164.21
-11799649.8,4654410.22,2161.86
-11799651.9,4654409.87,2161.78
-11799653.98,4654409.53,2161.81
-11799656.03,4654409.18,2161.79
-11799658.02,4654408.79,2161.94
-11799660.11,4654408.45,2161.86
-11799662.16,4654408.100000001,2161.94
-11799664.09,4654407.7,2162.24
-11799666.27,4654407.4,2161.94
-11799666.450000001,4654406.16,2167.46
-11799668.36,4654407.03,2161.86
-11799670.44,4654406.68,2161.9
-11799672.53,4654406.32,2161.94
-11799674.55,4654405.97,2161.94
-11799676.58,4654405.600000001,2162.01
-11799678.66,4654405.24,2162.11
-11799680.75,4654404.87,2162.11
-11799682.83,4654404.5200000005,2162.09
-11799684.92,4654404.15,2162.11
-11799686.93,4654403.7700000005,2162.24
-11799683.38,4654403.68,2162.07
-11799681.43,4654404.03,2162.04
-11799679.39,4654404.34,2162.09
-11799677.4,4654404.71,2162.02
-11799675.450000001,4654405.05,2161.98
-11799673.51,4654405.37,2161.92
-11799671.5,4654405.71,2161.92
-11799669.51,4654406.05,2161.9
-11799667.52,4654406.4,2161.9
-11799665.48,4654406.73,2161.97
-11799662.620000001,4654406.67,2164.5
-11799663.52,4654407.08,2161.86
-11799661.52,4654407.42,2161.88
-11799659.52,4654407.7700000005,2161.86
-11799657.5,4654408.100000001,2161.92
-11799655.53,4654408.45,2161.81
-11799653.53,4654408.79,2161.8
-11799650.92,4654408.82,2163.69
-11799651.58,4654409.13,2161.73
-11799649.59,4654409.48,2161.71
-11799646.69,4654409.42,2164.23
-11799647.53,4654409.82,2161.67
-11799644.66,4654409.76,2164.24
-11799642.68,4654410.09,2164.24
-11799641.47,4654410.83,2161.76
-11799639.48,4654411.18,2161.69
-11799637.51,4654411.53,2161.65
-11799635.51,4654411.87,2161.61
-11799633.49,4654412.2,2161.67
-11799631.47,4654412.55,2161.61
-11799629.46,4654412.89,2161.61
-11799627.46,4654413.24,2161.59
-11799625.42,4654413.57,2161.61
-11799623.4,4654413.92,2161.63
-11799623.6,4654409.5200000005,2162.52
-11799625.27,4654408.97,2163.69
-11799625.96,4654409.32,2161.48
-11799627.48,4654408.7,2163.19
-11799627.950000001,4654408.93,2161.75
-11799629.49,4654408.3100000005,2163.4
-11799630.05,4654408.59,2161.65
-11799631.09,4654407.7,2164.92
-11799632.870000001,4654407.25,2165.63
-11799634.21,4654407.9,2161.52
-11799636.23,4654407.53,2161.6
-11799638.28,4654407.18,2161.63
-11799640.35,4654406.79,2161.67
-11799642.4,4654406.44,2161.72
-11799644.43,4654406.100000001,2161.69
-11799646.53,4654405.75,2161.65
-11799648.61,4654405.37,2161.65
-11799650.66,4654405.01,2161.74
-11799652.69,4654404.66,2161.74
-11799654.69,4654404.28,2161.92
-11799656.870000001,4654403.93,2161.78
-11799658.92,4654403.58,2161.81
-11799652.73,4654403.89,2161.71
-11799650.73,4654404.22,2161.69
-11799648.73,4654404.57,2161.65
-11799646.73,4654404.92,2161.61
-11799644.71,4654405.26,2161.67
-11799642.69,4654405.59,2161.69
-11799640.700000001,4654405.94,2161.65
-11799638.700000001,4654406.29,2161.6
-11799636.68,4654406.64,2161.58
-11799634.67,4654406.98,2161.55
-11799631.35,4654406.69,2165.56
-11799631.85,4654406.94,2163.99
-11799629.72,4654407.22,2164.42
-11799630.64,4654407.67,2161.55
-11799628.6,4654408.01,2161.57
-11799626.39,4654408.28,2162.09
-11799624.52,4654408.7,2161.61
-11799623.38,4654404.25,2164.19
-11799624.22,4654404.67,2161.54
-11799625.36,4654403.87,2164.4
-11799623.18,4654403.92,2161.61
-11799624.06,4654403.66,2164.42
-11799624.07,4654404.36,2164.34
-11799625.57,4654403.65,2164.52
-11799627.44,4654404.15,2164.61
-11799625.92,4654404.87,2164.42
-11799624.42,4654405.62,2164.31
-11799624.09,4654405.74,2161.59
-11799624.620000001,4654406.25,2163.35
-11799624.41,4654406.33,2161.61
-11799626.24,4654405.49,2164.38
-11799627.74,4654404.76,2164.59
-11799629.23,4654404.03,2164.75
-11799632.620000001,4654403.94,2164.59
-11799632.26,4654404.07,2161.63
-11799630.78,4654404.8,2161.63
-11799629.67,4654405.4,2164.69
-11799629.3,4654405.5200000005,2161.67
-11799628.16,4654406.13,2164.52
-11799626.66,4654406.84,2164.31
-11799626.33,4654406.95,2161.61
-11799624.86,4654407.68,2161.67
-11799623.370000001,4654408.4,2161.67
-11799623.41,4654408.99,2161.67
-11799624.9,4654408.28,2161.63
-11799626.74,4654407.43,2164.34
-11799626.41,4654407.54,2161.63
-11799628.24,4654406.71,2164.44
-11799629.700000001,4654406.0,2164.32
-11799629.370000001,4654406.11,2161.65
-11799630.85,4654405.4,2161.65
-11799632.32,4654404.68,2161.65
-11799634.16,4654403.850000001,2164.47
-11799637.33,4654403.84,2161.67
-11799635.870000001,4654404.55,2161.75
-11799634.700000001,4654405.18,2164.26
-11799634.38,4654405.28,2161.65
-11799632.9,4654406.0,2161.65
-11799631.78,4654406.61,2164.72
-11799631.41,4654406.73,2161.6
-11799630.42,4654407.2700000005,2165.74
-11799630.25,4654407.34,2164.46
-11799629.91,4654407.45,2161.65
-11799628.73,4654408.05,2163.82
-11799628.46,4654408.16,2161.61
-11799627.23,4654408.78,2163.42
-11799627.01,4654408.850000001,2161.73
-11799625.790000001,4654409.47,2163.67
-11799625.540000001,4654409.57,2161.67
-11799624.31,4654410.2,2163.67
-11799624.03,4654410.29,2161.54
-11799623.67,4654411.2700000005,2161.61
-11799625.41,4654410.47,2163.71
-11799626.63,4654409.83,2161.59
-11799628.11,4654409.12,2161.67
-11799630.11,4654408.24,2165.71
-11799629.96,4654408.28,2164.57
-11799629.59,4654408.41,2161.56
-11799631.6,4654407.5200000005,2165.59
-11799631.1,4654407.68,2161.52
-11799632.98,4654406.82,2164.86
-11799632.8,4654406.88,2163.34
-11799632.59,4654406.96,2161.63
-11799634.06,4654406.26,2161.61
-11799635.53,4654405.54,2161.65
-11799637.03,4654404.8,2161.61
-11799638.52,4654404.100000001,2161.72
-11799641.94,4654404.01,2161.75
-11799640.43,4654404.74,2161.74
-11799638.96,4654405.45,2161.71
-11799637.48,4654406.17,2161.63
-11799635.96,4654406.89,2161.63
-11799634.43,4654407.64,2161.63
-11799633.46,4654408.19,2165.9
-11799632.93,4654408.36,2161.65
-11799631.78,4654408.97,2164.33
-11799630.39,4654409.66,2165.32
-11799629.950000001,4654409.79,2161.71
-11799628.63,4654410.47,2163.4
-11799628.41,4654410.55,2161.67
-11799627.14,4654411.21,2163.74
-11799625.65,4654411.93,2163.73
-11799625.39,4654412.01,2161.59
-11799623.9,4654412.73,2161.63
-11799623.93,4654413.49,2161.61
-11799625.43,4654412.7700000005,2161.61
-11799627.19,4654411.96,2163.69
-11799626.93,4654412.04,2161.69
-11799628.38,4654411.350000001,2161.61
-11799630.35,4654410.47,2165.54
-11799630.21,4654410.5200000005,2164.38
-11799629.870000001,4654410.63,2161.67
-11799631.71,4654409.8,2164.58
-11799633.38,4654409.01,2165.9
-11799632.84,4654409.2,2161.49
-11799634.700000001,4654408.36,2164.42
-11799634.35,4654408.46,2161.63
-11799635.84,4654407.75,2161.61
-11799637.33,4654407.05,2161.63
-11799638.8,4654406.34,2161.65
-11799640.290000001,4654405.62,2161.71
-11799641.77,4654404.91,2161.71
-11799643.27,4654404.19,2161.71
-11799647.46,4654403.97,2161.67
-11799645.98,4654404.69,2161.67
-11799644.51,4654405.4,2161.73
-11799643.01,4654406.12,2161.73
-11799641.53,4654406.83,2161.75
-11799640.05,4654407.55,2161.72
-11799638.58,4654408.26,2161.65
-11799637.1,4654408.97,2161.65
-11799635.620000001,4654409.68,2161.63
-11799634.14,4654410.39,2161.63
-11799633.09,4654410.98,2165.15
-11799632.89,4654411.04,2163.49
-11799632.66,4654411.100000001,2161.63
-11799631.44,4654411.75,2163.84
-11799631.200000001,4654411.83,2161.88
-11799629.68,4654412.55,2161.63
-11799628.22,4654413.26,2161.67
-11799626.74,4654413.97,2161.61
-11799625.26,4654414.69,2161.63
-11799623.78,4654415.4,2161.69
-11799624.34,4654415.92,2161.63
-11799625.82,4654415.21,2161.61
-11799627.34,4654414.48,2161.71
-11799628.84,4654413.7700000005,2161.61
-11799630.32,4654413.05,2161.61
-11799631.99,4654412.28,2163.35
-11799631.83,4654412.34,2162.03
-11799633.64,4654411.51,2164.84
-11799633.25,4654411.63,2161.65
-11799634.76,4654410.92,2161.63
-11799636.26,4654410.2,2161.65
-11799637.74,4654409.49,2161.65
-11799639.23,4654408.7700000005,2161.72
-11799640.72,4654408.0600000005,2161.75
-11799642.18,4654407.350000001,2161.74
-11799643.67,4654406.64,2161.74
-11799645.14,4654405.93,2161.73
-11799646.6,4654405.23,2161.67
-11799648.1,4654404.5,2161.69
-11799649.61,4654403.78,2161.74
-11799652.5,4654404.15,2161.79
-11799651.02,4654404.86,2161.79
-11799649.540000001,4654405.57,2161.74
-11799648.07,4654406.2700000005,2161.72
-11799646.61,4654406.98,2161.74
-11799645.14,4654407.69,2161.79
-11799643.950000001,4654408.3100000005,2164.27
-11799643.67,4654408.4,2161.78
-11799642.200000001,4654409.11,2161.94
-11799640.92,4654409.76,2163.8
-11799640.75,4654409.82,2162.46
-11799639.200000001,4654410.55,2161.79
-11799638.09,4654411.14,2164.74
-11799637.72,4654411.26,2161.69
-11799636.23,4654411.97,2161.65
-11799634.74,4654412.7,2161.65
-11799633.31,4654413.4,2162.05
-11799631.81,4654414.11,2161.73
-11799630.33,4654414.82,2161.73
-11799628.86,4654415.5200000005,2161.84
-11799627.36,4654416.26,2161.67
-11799625.88,4654416.97,2161.65
-11799624.75,4654417.57,2164.44
-11799623.33,4654419.14,2164.49
-11799624.81,4654418.44,2164.44
-11799626.28,4654417.73,2164.34
-11799625.94,4654417.84,2161.65
-11799627.5,4654417.09,2162.07
-11799629.07,4654416.36,2162.71
-11799628.950000001,4654416.41,2161.67
-11799630.5,4654415.67,2162.23
-11799631.93,4654414.98,2161.63
-11799633.64,4654414.19,2163.42
-11799633.43,4654414.24,2161.69
-11799635.120000001,4654413.48,2163.65
-11799634.96,4654413.53,2162.22
-11799636.39,4654412.83,2161.65
-11799637.88,4654412.12,2161.67
-11799639.33,4654411.42,2161.74
-11799640.81,4654410.71,2161.83
-11799642.59,4654409.91,2164.28
-11799642.3,4654410.0,2161.78
-11799644.08,4654409.2,2164.3
-11799645.290000001,4654408.5600000005,2161.79
-11799646.76,4654407.850000001,2161.75
-11799648.22,4654407.16,2161.69
-11799649.73,4654406.42,2161.73
-11799651.24,4654405.71,2161.78
-11799652.73,4654405.01,2161.79
-11799654.19,4654404.3,2161.84
-11799655.65,4654403.59,2161.77
-11799659.19,4654403.65,2164.6
-11799657.4,4654404.47,2161.81
-11799656.1,4654405.12,2163.52
-11799655.93,4654405.18,2161.9
-11799654.450000001,4654405.88,2161.94
-11799653.790000001,4654406.33,2169.47
-11799652.97,4654406.61,2161.85
-11799651.47,4654407.3100000005,2161.78
-11799650.01,4654408.0200000005,2161.73
-11799648.540000001,4654408.72,2161.75
-11799647.040000001,4654409.44,2161.76
-11799645.85,4654410.0600000005,2164.31
-11799644.38,4654410.76,2164.31
-11799642.89,4654411.47,2164.32
-11799641.42,4654412.18,2164.33
-11799639.65,4654413.0,2161.98
-11799638.15,4654413.72,2161.76
-11799636.66,4654414.43,2161.74
-11799635.41,4654415.07,2163.36
-11799633.74,4654415.83,2161.67
-11799632.26,4654416.55,2161.67
-11799630.78,4654417.26,2162.05
-11799629.24,4654417.98,2161.67
-11799627.78,4654418.69,2161.67
-11799626.67,4654419.28,2164.44
-11799625.19,4654420.0,2164.49
-11799623.72,4654420.71,2164.53
-11799623.58,4654421.57,2164.55
-11799625.07,4654420.86,2164.5
-11799626.56,4654420.14,2164.44
-11799628.02,4654419.46,2164.35
-11799627.68,4654419.5600000005,2161.65
-11799629.15,4654418.87,2161.65
-11799630.63,4654418.16,2161.61
-11799632.16,4654417.41,2161.69
-11799633.65,4654416.7,2161.71
-11799635.1,4654416.0200000005,2161.65
-11799636.6,4654415.3100000005,2161.88
-11799638.07,4654414.600000001,2161.81
-11799639.86,4654413.79,2164.36
-11799639.56,4654413.89,2161.85
-11799641.35,4654413.08,2164.33
-11799642.82,4654412.37,2164.31
-11799644.3,4654411.68,2164.32
-11799645.8,4654410.95,2164.28
-11799647.28,4654410.23,2164.15
-11799647.02,4654410.33,2161.75
-11799648.48,4654409.62,2161.71
-11799649.93,4654408.92,2161.78
-11799651.65,4654408.15,2163.74
-11799651.44,4654408.21,2161.84
-11799652.94,4654407.49,2161.86
-11799654.44,4654406.7700000005,2161.9
-11799655.91,4654406.07,2161.94
-11799657.41,4654405.350000001,2162.07
-11799659.14,4654404.5600000005,2164.36
-11799658.870000001,4654404.66,2161.79
-11799660.66,4654403.850000001,2164.78
-11799665.36,4654403.5600000005,2165.53
-11799665.0,4654403.67,2162.04
-11799663.870000001,4654404.28,2165.25
-11799662.36,4654404.99,2164.85
-11799660.84,4654405.71,2164.42
-11799660.56,4654405.8,2161.79
-11799659.08,4654406.51,2161.83
-11799657.61,4654407.22,2161.86
-11799656.15,4654407.9,2161.86
-11799654.66,4654408.64,2161.86
-11799653.19,4654409.33,2161.86
-11799651.73,4654410.04,2161.81
-11799650.21,4654410.75,2161.8
-11799648.71,4654411.49,2161.69
-11799647.55,4654412.09,2164.3
-11799646.08,4654412.8,2164.33
-11799644.6,4654413.51,2164.34
-11799643.14,4654414.19,2164.33
-11799641.68,4654414.91,2164.36
-11799640.19,4654415.62,2164.36
-11799638.69,4654416.33,2164.42
-11799637.19,4654417.0600000005,2164.26
-11799636.870000001,4654417.17,2161.67
-11799635.41,4654417.86,2161.75
-11799633.91,4654418.57,2161.71
-11799632.43,4654419.28,2161.67
-11799631.0,4654419.99,2161.94
-11799629.86,4654420.58,2164.4
-11799629.52,4654420.7,2161.67
-11799628.35,4654421.3,2164.46
-11799626.85,4654422.01,2164.5
-11799625.39,4654422.72,2164.54
-11799623.94,4654423.43,2164.6
-11799624.86,4654423.74,2164.58
-11799626.34,4654423.03,2164.53
-11799627.82,4654422.32,2164.48
-11799629.31,4654421.600000001,2164.44
-11799630.450000001,4654421.01,2161.67
-11799631.94,4654420.3,2161.67
-11799633.43,4654419.58,2161.69
-11799634.89,4654418.88,2161.69
-11799636.68,4654418.08,2164.29
-11799636.36,4654418.19,2161.61
-11799638.18,4654417.350000001,2164.23
-11799637.870000001,4654417.45,2161.74
-11799639.700000001,4654416.64,2164.4
-11799641.200000001,4654415.93,2164.36
-11799642.68,4654415.22,2164.36
-11799644.14,4654414.5,2164.34
-11799645.620000001,4654413.79,2164.31
-11799647.1,4654413.11,2164.31
-11799648.56,4654412.4,2164.3
-11799649.75,4654411.7700000005,2161.69
-11799651.25,4654411.0600000005,2161.78
-11799652.74,4654410.350000001,2161.82
-11799654.24,4654409.64,2161.86
-11799655.72,4654408.92,2161.86
-11799657.200000001,4654408.21,2161.92
-11799658.85,4654407.48,2163.52
-11799658.67,4654407.53,2161.86
-11799660.17,4654406.8,2161.83
-11799661.96,4654406.01,2164.53
-11799663.46,4654405.3,2164.94
-11799664.96,4654404.59,2165.3
-11799664.620000001,4654404.68,2162.03
-11799666.1,4654403.97,2162.03
-11799669.77,4654404.01,2162.04
-11799668.28,4654404.72,2161.99
-11799667.370000001,4654405.2700000005,2167.61
-11799666.8,4654405.44,2162.01
-11799665.3,4654406.15,2162.02
-11799663.98,4654406.8100000005,2163.36
-11799663.84,4654406.86,2162.02
-11799662.620000001,4654407.49,2164.32
-11799662.38,4654407.55,2161.99
-11799660.88,4654408.28,2161.94
-11799659.36,4654409.0,2161.9
-11799657.9,4654409.71,2161.98
-11799656.42,4654410.42,2161.84
-11799654.97,4654411.11,2161.82
-11799653.48,4654411.82,2161.8
-11799651.98,4654412.53,2161.74
-11799650.790000001,4654413.14,2164.22
-11799650.52,4654413.24,2161.75
-11799649.34,4654413.850000001,2164.3
-11799647.870000001,4654414.5600000005,2164.33
-11799646.370000001,4654415.28,2164.33
-11799644.870000001,4654415.99,2164.35
-11799643.370000001,4654416.7,2164.36
-11799641.91,4654417.41,2164.38
-11799640.46,4654418.100000001,2164.48
-11799640.13,4654418.21,2161.67
-11799639.06,4654418.79,2165.05
-11799637.46,4654419.55,2164.27
-11799635.99,4654420.24,2164.33
-11799634.53,4654420.95,2164.33
-11799632.700000001,4654421.78,2161.67
-11799631.53,4654422.38,2164.38
-11799631.200000001,4654422.5,2161.71
-11799630.05,4654423.09,2164.47
-11799628.61,4654423.79,2164.51
-11799627.16,4654424.47,2164.57
-11799625.68,4654425.18,2164.6
-11799624.200000001,4654425.89,2164.63
-11799623.47,4654427.15,2164.67
-11799624.93,4654426.45,2164.61
-11799626.4,4654425.76,2164.6
-11799627.89,4654425.05,2164.56
-11799629.39,4654424.33,2164.5
-11799630.89,4654423.62,2164.47
-11799632.36,4654422.91,2164.38
-11799632.03,4654423.0200000005,2161.75
-11799633.82,4654422.2,2164.33
-11799635.290000001,4654421.5200000005,2164.32
-11799636.78,4654420.79,2164.29
-11799638.28,4654420.09,2164.28
-11799639.83,4654419.350000001,2164.83
-11799641.56,4654418.57,2166.92
-11799641.370000001,4654418.63,2165.38
-11799642.83,4654417.94,2165.19
-11799644.19,4654417.2700000005,2164.36
-11799645.68,4654416.5600000005,2164.35
-11799647.19,4654415.84,2164.32
-11799648.65,4654415.14,2164.31
-11799650.11,4654414.43,2164.31
-11799651.61,4654413.72,2164.15
-11799651.34,4654413.8,2161.75
-11799652.84,4654413.100000001,2161.74
-11799654.31,4654412.4,2161.79
-11799655.8,4654411.68,2161.8
-11799657.28,4654410.98,2161.83
-11799658.76,4654410.2700000005,2161.96
-11799660.28,4654409.55,2161.9
-11799661.8,4654408.83,2162.0
-11799663.25,4654408.14,2161.96
-11799664.85,4654407.39,2163.4
-11799664.71,4654407.44,2162.03
-11799666.73,4654406.5600000005,2167.49
-11799666.16,4654406.73,2161.98
-11799667.66,4654406.0200000005,2162.0
-11799669.18,4654405.3,2161.97
-11799670.67,4654404.59,2161.97
-11799672.13,4654403.88,2161.99
-11799675.91,4654403.7700000005,2162.04
-11799674.450000001,4654404.47,2162.01
-11799672.97,4654405.16,2162.01
-11799671.49,4654405.87,2161.99
-11799670.01,4654406.59,2161.98
-11799668.5,4654407.3,2161.94
-11799667.02,4654408.0,2161.97
-11799665.57,4654408.71,2161.98
-11799664.69,4654409.25,2167.63
-11799664.11,4654409.42,2162.01
-11799662.68,4654410.100000001,2162.42
-11799661.16,4654410.83,2161.92
-11799659.67,4654411.53,2161.99
-11799658.19,4654412.26,2161.85
-11799656.71,4654412.95,2161.78
-11799655.23,4654413.66,2161.79
-11799653.74,4654414.37,2161.78
-11799652.53,4654415.0,2164.27
-11799652.25,4654415.09,2161.79
-11799651.06,4654415.71,2164.33
-11799649.58,4654416.41,2164.31
-11799648.1,4654417.12,2164.33
-11799646.620000001,4654417.82,2164.34
-11799645.16,4654418.53,2164.36
-11799643.85,4654419.16,2165.77
-11799643.74,4654419.21,2164.74
-11799642.46,4654419.86,2166.61
-11799640.82,4654420.63,2165.27
-11799639.24,4654421.36,2164.31
-11799637.76,4654422.0600000005,2164.31
-11799636.27,4654422.7700000005,2164.33
-11799634.82,4654423.47,2164.33
-11799633.33,4654424.18,2164.42
-11799631.870000001,4654424.88,2164.48
-11799630.4,4654425.59,2164.52
-11799628.94,4654426.3,2164.57
-11799627.450000001,4654427.0,2164.61
-11799625.98,4654427.69,2164.65
-11799624.49,4654428.42,2164.69
-11799624.78,4654429.12,2164.67
-11799626.27,4654428.41,2164.63
-11799627.75,4654427.71,2164.61
-11799629.21,4654427.01,2164.58
-11799630.69,4654426.3,2164.53
-11799632.19,4654425.59,2164.47
-11799633.69,4654424.87,2164.44
-11799635.15,4654424.19,2164.34
-11799636.61,4654423.49,2164.31
-11799638.08,4654422.78,2164.29
-11799639.57,4654422.08,2164.26
-11799641.21,4654421.3100000005,2165.42
-11799642.85,4654420.55,2166.63
-11799644.21,4654419.9,2165.65
-11799645.55,4654419.23,2164.36
-11799647.040000001,4654418.5200000005,2164.33
-11799648.5,4654417.82,2164.33
-11799649.96,4654417.12,2164.32
-11799651.450000001,4654416.42,2164.3
-11799652.92,4654415.71,2164.31
-11799654.14,4654415.08,2161.75
-11799655.64,4654414.37,2161.77
-11799657.120000001,4654413.66,2161.77
-11799658.6,4654412.96,2161.82
-11799660.1,4654412.25,2161.94
-11799661.59,4654411.54,2162.04
-11799663.63,4654410.68,2167.5
-11799663.1,4654410.84,2162.4
-11799664.540000001,4654410.15,2162.11
-11799666.01,4654409.44,2161.94
-11799667.53,4654408.72,2161.92
-11799669.02,4654408.01,2161.94
-11799670.48,4654407.3100000005,2161.96
-11799671.94,4654406.62,2161.98
-11799673.44,4654405.91,2161.99
-11799674.93,4654405.19,2162.0
-11799676.42,4654404.48,2162.05
-11799677.89,4654403.7700000005,2162.05
-11799682.08,4654403.62,2162.11
-11799680.6,4654404.33,2162.11
-11799679.13,4654405.04,2162.15
-11799677.64,4654405.75,2162.13
-11799676.16,4654406.46,2162.06
-11799674.69,4654407.15,2162.02
-11799673.200000001,4654407.86,2162.0
-11799671.72,4654408.57,2161.99
-11799670.24,4654409.28,2161.97
-11799668.76,4654409.99,2161.94
-11799667.3,4654410.67,2161.92
-11799665.8,4654411.4,2161.92
-11799664.34,4654412.100000001,2161.92
-11799662.89,4654412.79,2162.01
-11799661.38,4654413.5200000005,2161.97
-11799660.49,4654414.05,2167.61
-11799659.870000001,4654414.22,2161.88
-11799658.41,4654414.93,2161.81
-11799656.92,4654415.64,2161.79
-11799655.42,4654416.36,2161.78
-11799653.93,4654417.07,2161.78
-11799652.47,4654417.7700000005,2161.76
-11799651.28,4654418.38,2164.33
-11799650.99,4654418.48,2161.72
-11799649.82,4654419.08,2164.34
-11799648.34,4654419.79,2164.35
-11799646.86,4654420.5,2164.38
-11799645.4,4654421.19,2164.49
-11799644.06,4654421.86,2165.61
-11799643.6,4654421.99,2161.76
-11799642.44,4654422.61,2164.5
-11799640.92,4654423.33,2164.31
-11799639.450000001,4654424.04,2164.34
-11799637.98,4654424.72,2164.36
-11799636.53,4654425.43,2164.4
-11799635.05,4654426.14,2164.47
-11799633.56,4654426.86,2164.5
-11799632.08,4654427.5600000005,2164.55
-11799630.620000001,4654428.25,2164.6
-11799629.13,4654428.97,2164.63
-11799627.65,4654429.68,2164.69
-11799626.19,4654430.38,2164.72
-11799624.700000001,4654431.09,2164.75
-11799624.76,4654431.82,2164.76
-11799626.69,4654430.96,2168.11
-11799626.25,4654431.11,2164.72
-11799627.72,4654430.39,2164.69
-11799629.22,4654429.68,2164.61
-11799630.69,4654428.99,2164.6
-11799632.15,4654428.29,2164.55
-11799633.65,4654427.58,2164.5
-11799635.14,4654426.87,2164.4
-11799636.61,4654426.17,2164.36
-11799638.09,4654425.46,2164.36
-11799639.56,4654424.76,2164.32
-11799641.05,4654424.05,2164.31
-11799642.52,4654423.34,2164.27
-11799644.120000001,4654422.600000001,2165.1
-11799645.61,4654421.91,2165.22
-11799646.97,4654421.24,2164.38
-11799648.44,4654420.53,2164.35
-11799649.950000001,4654419.82,2164.36
-11799651.450000001,4654419.100000001,2164.33
-11799651.16,4654419.18,2161.74
-11799652.65,4654418.47,2161.75
-11799654.120000001,4654417.79,2161.75
-11799655.58,4654417.09,2161.82
-11799657.08,4654416.38,2161.82
-11799658.57,4654415.68,2161.81
-11799660.65,4654414.78,2167.63
-11799660.040000001,4654414.97,2161.86
-11799661.53,4654414.26,2161.92
-11799663.0,4654413.55,2161.9
-11799664.49,4654412.84,2161.9
-11799665.99,4654412.13,2161.92
-11799667.49,4654411.44,2161.92
-11799668.96,4654410.73,2161.94
-11799670.450000001,4654410.0200000005,2161.94
-11799671.92,4654409.32,2161.99
-11799673.4,4654408.61,2162.03
-11799674.88,4654407.91,2162.04
-11799676.370000001,4654407.21,2162.07
-11799677.85,4654406.5,2162.15
-11799679.370000001,4654405.78,2162.15
-11799680.85,4654405.07,2162.11
-11799682.290000001,4654404.39,2162.1
-11799683.790000001,4654403.68,2162.13
-11799686.450000001,4654404.21,2162.32
-11799684.98,4654404.91,2162.13
-11799683.49,4654405.62,2162.15
-11799682.0,4654406.34,2162.17
-11799680.56,4654407.0200000005,2162.21
-11799679.08,4654407.73,2162.23
-11799677.58,4654408.45,2162.19
-11799676.1,4654409.16,2162.11
-11799674.620000001,4654409.84,2162.1
-11799673.120000001,4654410.58,2162.06
-11799671.620000001,4654411.29,2162.03
-11799670.14,4654412.01,2161.99
-11799668.68,4654412.71,2161.94
-11799667.21,4654413.4,2161.92
-11799665.73,4654414.11,2161.92
-11799664.25,4654414.8100000005,2161.9
-11799662.75,4654415.53,2161.9
-11799661.27,4654416.24,2161.88
-11799659.81,4654416.93,2161.86
-11799658.32,4654417.65,2161.88
-11799657.47,4654418.15,2167.69
-11799656.82,4654418.36,2161.85
-11799655.36,4654419.0600000005,2161.81
-11799653.870000001,4654419.7700000005,2161.79
-11799652.39,4654420.47,2161.78
-11799650.9,4654421.18,2161.75
-11799649.43,4654421.89,2161.76
-11799648.23,4654422.51,2164.4
-11799647.93,4654422.59,2161.78
-11799646.77,4654423.22,2164.42
-11799646.48,4654423.3,2161.96
-11799645.26,4654423.92,2164.27
-11799643.790000001,4654424.63,2164.31
-11799642.33,4654425.32,2164.34
-11799640.85,4654426.0200000005,2164.35
-11799639.36,4654426.73,2164.36
-11799637.89,4654427.44,2164.38
-11799636.43,4654428.15,2164.4
-11799634.94,4654428.86,2164.42
-11799633.43,4654429.58,2164.44
-11799631.98,4654430.28,2164.56
-11799631.61,4654430.4,2161.58
-11799630.55,4654430.95,2164.59
-11799629.07,4654431.65,2164.67
-11799628.69,4654431.7700000005,2161.72
-11799627.59,4654432.38,2164.75
-11799626.52,4654432.95,2168.05
-11799626.1,4654433.08,2164.79
-11799624.64,4654433.78,2164.83
-11799623.620000001,4654435.32,2170.96
-11799624.31,4654434.86,2164.83
-11799625.790000001,4654434.15,2164.79
-11799627.27,4654433.47,2164.75
-11799628.75,4654432.76,2164.65
-11799628.38,4654432.88,2161.72
-11799630.23,4654432.0600000005,2164.6
-11799631.700000001,4654431.36,2164.52
-11799631.33,4654431.48,2161.65
-11799633.17,4654430.65,2164.44
-11799634.66,4654429.94,2164.44
-11799636.14,4654429.23,2164.4
-11799637.61,4654428.55,2164.36
-11799639.11,4654427.84,2164.36
-11799640.6,4654427.13,2164.31
-11799642.09,4654426.41,2164.35
-11799643.61,4654425.7,2164.3
-11799645.040000001,4654425.0200000005,2164.29
-11799646.49,4654424.3100000005,2164.27
-11799646.22,4654424.41,2161.99
-11799647.700000001,4654423.71,2161.78
-11799649.200000001,4654422.98,2161.73
-11799650.68,4654422.29,2161.75
-11799652.14,4654421.58,2161.76
-11799653.64,4654420.87,2161.79
-11799655.14,4654420.15,2161.81
-11799657.42,4654419.21,2169.0
-11799657.27,4654419.2700000005,2167.61
-11799656.63,4654419.47,2161.84
-11799658.13,4654418.73,2161.86
-11799659.6,4654418.05,2161.86
-11799661.08,4654417.34,2161.86
-11799662.59,4654416.63,2161.86
-11799664.07,4654415.92,2161.88
-11799665.56,4654415.21,2161.88
-11799667.05,4654414.51,2161.92
-11799668.55,4654413.8,2161.94
-11799670.0,4654413.100000001,2161.98
-11799671.47,4654412.39,2162.0
-11799672.99,4654411.68,2162.02
-11799674.47,4654410.99,2162.06
-11799675.94,4654410.28,2162.1
-11799677.44,4654409.57,2162.17
-11799678.94,4654408.86,2162.21
-11799680.41,4654408.15,2162.23
-11799681.88,4654407.46,2162.17
-11799683.35,4654406.76,2162.13
-11799684.84,4654406.04,2162.15
-11799686.33,4654405.33,2162.3
-11799687.8,4654404.65,2162.17
-11799689.61,4654403.86,2166.13
-11799689.46,4654403.9,2164.4
-11799692.76,4654403.9,2165.56
-11799692.620000001,4654403.93,2164.03
-11799692.48,4654403.97,2162.4
-11799691.290000001,4654404.58,2165.6
-11799691.13,4654404.64,2163.8
-11799691.0,4654404.68,2162.27
-11799689.5,4654405.39,2162.44
-11799687.98,4654406.11,2162.26
-11799686.52,4654406.8,2162.17
-11799685.08,4654407.49,2162.15
-11799683.61,4654408.2,2162.17
-11799682.120000001,4654408.9,2162.23
-11799680.620000001,4654409.61,2162.25
-11799679.120000001,4654410.33,2162.23
-11799677.64,4654411.04,2162.17
-11799676.15,4654411.75,2162.11
-11799674.68,4654412.46,2162.07
-11799673.16,4654413.17,2162.02
-11799671.68,4654413.88,2162.01
-11799670.200000001,4654414.59,2161.98
-11799668.73,4654415.28,2161.96
-11799667.23,4654416.0,2161.94
-11799665.72,4654416.73,2161.9
-11799664.21,4654417.43,2161.88
-11799662.74,4654418.14,2161.86
-11799661.25,4654418.850000001,2161.86
-11799659.75,4654419.57,2161.84
-11799658.23,4654420.28,2161.85
-11799656.75,4654420.99,2161.83
-11799655.26,4654421.7,2161.83
-11799654.44,4654422.22,2167.8
-11799653.76,4654422.43,2161.82
-11799652.25,4654423.14,2161.78
-11799650.74,4654423.86,2161.76
-11799649.25,4654424.57,2161.75
-11799647.77,4654425.28,2161.79
-11799646.290000001,4654425.99,2162.05
-11799645.06,4654426.62,2164.35
-11799644.75,4654426.71,2161.77
-11799643.55,4654427.33,2164.34
-11799642.02,4654428.08,2164.36
-11799640.52,4654428.79,2164.38
-11799639.05,4654429.49,2164.38
-11799637.55,4654430.2,2164.42
-11799636.040000001,4654430.92,2164.44
-11799634.53,4654431.65,2164.46
-11799632.700000001,4654432.46,2161.67
-11799631.26,4654433.16,2162.08
-11799629.67,4654433.89,2161.72
-11799628.14,4654434.64,2161.71
-11799627.0,4654435.24,2164.69
-11799626.620000001,4654435.36,2161.69
-11799625.52,4654435.95,2164.82
-11799624.64,4654436.46,2169.6
-11799624.290000001,4654436.58,2166.88
-11799624.02,4654436.66,2164.85
-11799623.66,4654437.89,2171.08
-11799625.0,4654437.24,2169.96
-11799624.33,4654437.46,2164.92
-11799623.89,4654437.600000001,2161.63
-11799625.81,4654436.7700000005,2164.86
-11799625.39,4654436.9,2161.65
-11799626.89,4654436.19,2161.67
-11799628.36,4654435.5,2161.71
-11799629.84,4654434.8,2161.69
-11799631.33,4654434.08,2161.67
-11799632.85,4654433.37,2161.67
-11799634.69,4654432.54,2164.48
-11799634.35,4654432.66,2161.69
-11799636.18,4654431.83,2164.42
-11799637.68,4654431.12,2164.42
-11799639.14,4654430.43,2164.4
-11799640.61,4654429.72,2164.36
-11799642.1,4654429.0200000005,2164.36
-11799643.57,4654428.33,2164.32
-11799643.25,4654428.41,2161.71
-11799644.74,4654427.73,2161.74
-11799646.23,4654427.0200000005,2161.84
-11799647.71,4654426.3100000005,2161.77
-11799649.21,4654425.600000001,2161.9
-11799650.700000001,4654424.89,2161.76
-11799652.88,4654423.97,2167.9
-11799652.18,4654424.18,2161.76
-11799653.67,4654423.47,2161.8
-11799655.16,4654422.78,2161.81
-11799656.67,4654422.0600000005,2161.81
-11799658.16,4654421.350000001,2161.8
-11799659.620000001,4654420.66,2161.82
-11799661.1,4654419.96,2161.84
-11799662.63,4654419.22,2161.86
-11799664.09,4654418.54,2161.88
-11799665.56,4654417.84,2161.92
-11799667.040000001,4654417.13,2161.92
-11799668.55,4654416.43,2161.96
-11799670.01,4654415.72,2161.98
-11799671.5,4654415.01,2161.99
-11799672.98,4654414.3,2161.99
-11799674.48,4654413.600000001,2162.03
-11799675.97,4654412.91,2162.09
-11799677.44,4654412.2,2162.13
-11799678.94,4654411.49,2162.22
-11799680.4,4654410.79,2162.23
-11799681.870000001,4654410.09,2162.22
-11799683.35,4654409.4,2162.17
-11799684.83,4654408.69,2162.15
-11799686.31,4654407.99,2162.17
-11799687.790000001,4654407.29,2162.19
-11799689.27,4654406.58,2162.22
-11799690.99,4654405.82,2164.79
-11799690.76,4654405.87,2162.25
-11799692.49,4654405.11,2165.13
-11799692.25,4654405.16,2162.33
-11799693.97,4654404.4,2164.92
-11799695.370000001,4654403.72,2164.05
-11799695.23,4654403.76,2162.49
-11799699.0,4654403.86,2162.46
-11799697.540000001,4654404.5600000005,2162.38
-11799696.07,4654405.25,2162.38
-11799694.96,4654405.87,2166.82
-11799694.78,4654405.91,2164.82
-11799693.32,4654406.61,2164.78
-11799691.85,4654407.3100000005,2164.75
-11799691.64,4654407.36,2162.4
-11799690.16,4654408.07,2162.28
-11799688.67,4654408.78,2162.28
-11799687.44,4654409.42,2165.09
-11799687.17,4654409.49,2162.21
-11799685.71,4654410.19,2162.22
-11799684.26,4654410.88,2162.23
-11799682.78,4654411.59,2162.19
-11799681.3,4654412.29,2162.23
-11799679.83,4654412.99,2162.22
-11799678.35,4654413.7,2162.17
-11799676.88,4654414.4,2162.1
-11799675.38,4654415.12,2162.07
-11799673.870000001,4654415.83,2162.02
-11799672.4,4654416.54,2161.98
-11799670.93,4654417.23,2161.96
-11799669.450000001,4654417.94,2161.97
-11799667.99,4654418.62,2161.94
-11799666.51,4654419.33,2161.97
-11799665.01,4654420.04,2161.9
-11799663.53,4654420.76,2161.9
-11799662.03,4654421.47,2161.88
-11799660.55,4654422.18,2161.86
-11799659.120000001,4654422.86,2161.85
-11799657.63,4654423.57,2161.82
-11799656.14,4654424.28,2161.81
-11799654.65,4654424.99,2161.81
-11799653.15,4654425.71,2161.8
-11799651.63,4654426.43,2161.84
-11799651.01,4654426.86,2169.36
-11799650.81,4654426.93,2167.63
-11799650.15,4654427.14,2161.86
-11799649.91,4654427.45,2172.23
-11799648.700000001,4654427.8100000005,2161.8
-11799647.21,4654428.5200000005,2161.78
-11799645.73,4654429.23,2161.78
-11799644.24,4654429.95,2161.75
-11799642.75,4654430.66,2161.73
-11799641.6,4654431.26,2164.33
-11799641.28,4654431.37,2161.73
-11799640.15,4654431.96,2164.42
-11799638.68,4654432.65,2164.44
-11799637.19,4654433.36,2164.46
-11799635.370000001,4654434.18,2161.72
-11799633.88,4654434.88,2161.72
-11799632.39,4654435.61,2161.69
-11799630.9,4654436.3100000005,2161.73
-11799629.44,4654437.0,2161.74
-11799627.950000001,4654437.71,2161.73
-11799626.450000001,4654438.42,2161.73
-11799626.0,4654438.79,2169.52
-11799625.75,4654438.86,2167.63
-11799624.98,4654439.14,2161.73
-11799624.71,4654439.43,2171.02
-11799624.48,4654439.51,2169.3
-11799623.92,4654440.62,2170.44
-11799625.370000001,4654439.93,2170.29
-11799625.05,4654440.03,2167.88
-11799624.22,4654440.3100000005,2161.69
-11799626.58,4654439.3100000005,2168.03
-11799626.42,4654439.36,2166.85
-11799625.75,4654439.59,2161.74
-11799627.25,4654438.88,2161.73
-11799628.74,4654438.17,2161.72
-11799630.22,4654437.46,2161.77
-11799631.68,4654436.76,2161.79
-11799633.17,4654436.05,2161.69
-11799634.69,4654435.34,2161.71
-11799636.17,4654434.63,2161.69
-11799638.01,4654433.83,2164.44
-11799639.51,4654433.09,2164.42
-11799641.0,4654432.41,2164.42
-11799640.67,4654432.5200000005,2161.72
-11799642.14,4654431.8100000005,2161.71
-11799643.61,4654431.11,2161.72
-11799645.11,4654430.4,2161.75
-11799646.6,4654429.69,2161.76
-11799648.07,4654429.0,2161.79
-11799650.72,4654427.93,2171.69
-11799650.44,4654428.01,2169.28
-11799650.290000001,4654428.0600000005,2168.04
-11799649.57,4654428.29,2161.82
-11799651.07,4654427.57,2161.85
-11799652.56,4654426.86,2161.77
-11799654.05,4654426.15,2161.78
-11799655.53,4654425.44,2161.78
-11799657.02,4654424.73,2161.79
-11799658.5,4654424.05,2161.82
-11799659.98,4654423.34,2161.85
-11799661.47,4654422.65,2161.86
-11799662.950000001,4654421.94,2161.86
-11799664.44,4654421.23,2161.88
-11799665.94,4654420.5200000005,2161.9
-11799667.44,4654419.8100000005,2162.0
-11799668.92,4654419.100000001,2161.96
-11799670.38,4654418.41,2161.97
-11799671.86,4654417.71,2161.97
-11799673.36,4654417.0,2161.96
-11799674.84,4654416.29,2162.0
-11799676.33,4654415.58,2162.07
-11799677.82,4654414.89,2162.11
-11799679.3,4654414.18,2162.15
-11799680.78,4654413.46,2162.19
-11799682.25,4654412.78,2162.21
-11799683.73,4654412.08,2162.22
-11799685.21,4654411.37,2162.22
-11799687.58,4654410.42,2171.6
-11799687.35,4654410.49,2169.11
-11799686.950000001,4654410.600000001,2164.78
-11799686.71,4654410.66,2162.19
-11799688.99,4654409.74,2170.65
-11799688.75,4654409.79,2168.03
-11799688.450000001,4654409.89,2164.75
-11799688.22,4654409.94,2162.26
-11799689.67,4654409.26,2162.3
-11799691.36,4654408.48,2164.75
-11799692.86,4654407.7700000005,2164.78
-11799694.370000001,4654407.0600000005,2164.82
-11799695.85,4654406.36,2164.85
-11799697.09,4654405.74,2162.42
-11799698.55,4654405.04,2162.4
-11799700.05,4654404.34,2162.4
-11799701.56,4654403.61,2162.47
-11799705.55,4654403.66,2162.4
-11799704.08,4654404.34,2162.27
-11799702.61,4654405.05,2162.3
-11799701.14,4654405.76,2162.42
-11799699.77,4654406.44,2163.61
-11799698.42,4654407.11,2164.99
-11799698.28,4654407.12,2163.19
-11799696.96,4654407.8100000005,2164.94
-11799695.49,4654408.49,2164.9
-11799693.99,4654409.22,2164.86
-11799692.64,4654409.89,2166.22
-11799692.53,4654409.92,2164.85
-11799691.31,4654410.55,2168.04
-11799691.16,4654410.600000001,2166.28
-11799690.09,4654411.19,2170.76
-11799688.84,4654411.82,2173.05
-11799688.69,4654411.87,2171.38
-11799688.540000001,4654411.91,2169.71
-11799687.17,4654412.58,2170.52
-11799686.91,4654412.65,2167.79
-11799686.71,4654412.7,2165.54
-11799685.25,4654413.41,2165.94
-11799684.9,4654413.5,2162.22
-11799683.43,4654414.21,2162.25
-11799681.94,4654414.89,2162.21
-11799680.47,4654415.600000001,2162.21
-11799679.01,4654416.3100000005,2162.19
-11799677.51,4654417.0200000005,2162.13
-11799676.02,4654417.73,2162.07
-11799674.56,4654418.42,2162.02
-11799673.09,4654419.13,2162.02
-11799671.6,4654419.84,2161.98
-11799670.1,4654420.55,2162.01
-11799668.93,4654421.17,2164.98
-11799668.64,4654421.26,2162.19
-11799667.57,4654421.83,2165.92
-11799666.23,4654422.49,2166.94
-11799664.870000001,4654423.15,2167.98
-11799664.22,4654423.36,2161.82
-11799662.73,4654424.07,2161.94
-11799661.25,4654424.78,2161.88
-11799659.76,4654425.48,2161.86
-11799658.26,4654426.19,2161.81
-11799656.790000001,4654426.89,2161.81
-11799655.31,4654427.600000001,2161.78
-11799653.81,4654428.29,2161.76
-11799652.35,4654429.0,2161.76
-11799650.88,4654429.71,2161.75
-11799649.38,4654430.42,2161.8
-11799647.870000001,4654431.13,2161.8
-11799646.38,4654431.850000001,2161.76
-11799644.89,4654432.5600000005,2161.75
-11799643.42,4654433.2700000005,2161.73
-11799641.96,4654433.96,2161.77
-11799640.46,4654434.67,2161.72
-11799638.950000001,4654435.39,2161.71
-11799637.450000001,4654436.12,2161.69
-11799636.200000001,4654436.74,2163.44
-11799635.97,4654436.8100000005,2161.69
-11799634.540000001,4654437.48,2161.71
-11799633.05,4654438.19,2161.72
-11799631.59,4654438.9,2161.88
-11799630.07,4654439.63,2161.73
-11799628.59,4654440.32,2161.72
-11799627.14,4654441.0200000005,2161.72
-11799626.4,4654441.47,2167.52
-11799625.63,4654441.75,2161.71
-11799625.21,4654442.100000001,2169.92
-11799624.99,4654442.18,2168.28
-11799624.11,4654442.45,2161.67
-11799623.89,4654442.73,2171.15
-11799624.41,4654443.41,2170.53
-11799625.67,4654442.8100000005,2168.92
-11799624.700000001,4654443.13,2161.67
-11799626.200000001,4654442.42,2161.72
-11799627.700000001,4654441.71,2161.71
-11799629.17,4654441.01,2161.72
-11799630.67,4654440.29,2161.72
-11799632.16,4654439.58,2161.72
-11799633.63,4654438.9,2161.69
-11799635.13,4654438.19,2161.69
-11799636.63,4654437.46,2161.67
-11799638.120000001,4654436.7700000005,2161.67
-11799639.64,4654436.05,2161.67
-11799641.13,4654435.34,2161.72
-11799642.620000001,4654434.65,2161.9
-11799644.08,4654433.94,2161.74
-11799645.59,4654433.23,2161.77
-11799647.09,4654432.5200000005,2161.77
-11799648.55,4654431.83,2161.78
-11799650.01,4654431.13,2161.76
-11799651.51,4654430.42,2161.73
-11799653.02,4654429.69,2161.74
-11799654.51,4654429.0,2161.76
-11799655.98,4654428.3,2161.78
-11799657.47,4654427.600000001,2161.8
-11799658.96,4654426.89,2161.85
-11799660.47,4654426.17,2161.92
-11799661.96,4654425.47,2161.92
-11799663.94,4654424.62,2166.83
-11799665.53,4654423.88,2168.0
-11799666.94,4654423.2,2167.09
-11799668.33,4654422.5200000005,2166.11
-11799669.71,4654421.850000001,2165.1
-11799670.85,4654421.25,2162.0
-11799672.35,4654420.54,2161.99
-11799673.85,4654419.83,2162.02
-11799675.31,4654419.13,2162.06
-11799676.81,4654418.43,2162.09
-11799678.31,4654417.72,2162.15
-11799679.77,4654417.0200000005,2162.19
-11799681.26,4654416.33,2162.23
-11799682.74,4654415.62,2162.23
-11799684.22,4654414.92,2162.25
-11799686.44,4654414.01,2170.19
-11799686.33,4654414.04,2169.03
-11799688.02,4654413.28,2171.36
-11799689.63,4654412.54,2172.97
-11799689.450000001,4654412.59,2170.97
-11799689.3,4654412.62,2169.34
-11799690.85,4654411.91,2169.88
-11799690.700000001,4654411.95,2168.22
-11799692.21,4654411.24,2168.61
-11799692.03,4654411.28,2166.61
-11799691.89,4654411.3100000005,2164.98
-11799693.33,4654410.64,2164.86
-11799694.8,4654409.95,2164.9
-11799696.3,4654409.24,2164.94
-11799697.790000001,4654408.53,2164.99
-11799699.25,4654407.83,2164.96
-11799699.16,4654407.86,2163.82
-11799699.040000001,4654407.89,2162.44
-11799700.63,4654407.15,2163.98
-11799702.13,4654406.44,2164.22
-11799701.99,4654406.49,2162.51
-11799703.47,4654405.79,2162.29
-11799704.94,4654405.08,2162.36
-11799706.4,4654404.39,2162.44
-11799707.89,4654403.7,2162.48
-11799710.83,4654404.08,2162.56
-11799709.370000001,4654404.76,2162.55
-11799707.89,4654405.47,2162.49
-11799706.39,4654406.19,2162.48
-11799704.92,4654406.9,2162.47
-11799703.450000001,4654407.59,2162.46
-11799702.1,4654408.26,2163.94
-11799700.61,4654408.97,2163.61
-11799700.51,4654409.0,2162.44
-11799699.040000001,4654409.68,2162.48
-11799697.58,4654410.39,2162.53
-11799696.33,4654411.03,2165.02
-11799694.85,4654411.74,2164.98
-11799693.4,4654412.44,2165.02
-11799693.17,4654412.48,2162.46
-11799692.28,4654413.04,2168.92
-11799692.13,4654413.08,2167.26
-11799691.69,4654413.19,2162.44
-11799690.950000001,4654413.71,2170.94
-11799690.76,4654413.76,2168.86
-11799689.75,4654414.32,2173.96
-11799689.52,4654414.4,2171.44
-11799689.36,4654414.44,2169.58
-11799688.1,4654415.08,2171.73
-11799687.96,4654415.12,2170.22
-11799686.4,4654415.850000001,2169.23
-11799686.27,4654415.89,2167.9
-11799684.27,4654416.73,2162.31
-11799682.77,4654417.44,2162.29
-11799681.290000001,4654418.16,2162.28
-11799679.81,4654418.850000001,2162.25
-11799678.35,4654419.55,2162.19
-11799676.89,4654420.23,2162.15
-11799675.41,4654420.95,2162.05
-11799673.91,4654421.66,2162.04
-11799672.43,4654422.37,2162.03
-11799671.28,4654422.97,2165.01
-11799671.0,4654423.05,2162.27
-11799669.89,4654423.66,2165.94
-11799668.53,4654424.33,2167.0
-11799667.15,4654424.99,2168.03
-11799665.56,4654425.73,2167.07
-11799663.96,4654426.47,2165.82
-11799662.06,4654427.29,2161.97
-11799660.74,4654427.95,2163.52
-11799660.55,4654428.03,2161.85
-11799659.07,4654428.74,2161.86
-11799657.59,4654429.42,2161.85
-11799656.14,4654430.13,2161.81
-11799654.66,4654430.82,2161.77
-11799653.17,4654431.55,2161.76
-11799651.700000001,4654432.24,2161.74
-11799650.22,4654432.95,2161.74
-11799648.75,4654433.63,2161.76
-11799647.25,4654434.37,2161.75
-11799645.74,4654435.08,2161.75
-11799644.26,4654435.7700000005,2161.76
-11799642.82,4654436.48,2161.75
-11799641.38,4654437.16,2162.11
-11799639.98,4654437.84,2162.9
-11799638.52,4654438.55,2163.26
-11799638.32,4654438.61,2161.63
-11799636.84,4654439.3100000005,2161.75
-11799635.65,4654439.92,2163.9
-11799634.15,4654440.64,2163.92
-11799633.870000001,4654440.73,2161.71
-11799632.38,4654441.44,2161.72
-11799630.91,4654442.15,2161.72
-11799629.42,4654442.86,2161.71
-11799627.94,4654443.55,2161.73
-11799626.71,4654444.18,2163.59
-11799626.46,4654444.26,2161.71
-11799625.31,4654444.87,2164.32
-11799624.950000001,4654444.98,2161.69
-11799623.950000001,4654445.53,2165.47
-11799624.120000001,4654446.46,2164.86
-11799623.71,4654446.600000001,2161.69
-11799625.59,4654445.75,2164.72
-11799625.18,4654445.89,2161.63
-11799627.0,4654445.08,2164.15
-11799628.370000001,4654444.42,2163.44
-11799628.14,4654444.49,2161.67
-11799629.63,4654443.78,2161.69
-11799631.13,4654443.07,2161.69
-11799632.89,4654442.28,2163.9
-11799632.6,4654442.36,2161.65
-11799634.370000001,4654441.59,2163.86
-11799635.870000001,4654440.88,2163.84
-11799637.39,4654440.16,2163.78
-11799637.14,4654440.22,2161.82
-11799638.61,4654439.54,2161.75
-11799640.1,4654438.83,2161.94
-11799641.66,4654438.100000001,2162.53
-11799643.06,4654437.43,2161.74
-11799644.56,4654436.72,2161.72
-11799646.05,4654436.01,2161.73
-11799647.53,4654435.3,2161.73
-11799649.0,4654434.59,2161.75
-11799650.48,4654433.91,2161.74
-11799651.950000001,4654433.21,2161.73
-11799653.46,4654432.49,2161.77
-11799654.96,4654431.78,2161.8
-11799656.44,4654431.09,2161.85
-11799657.950000001,4654430.38,2161.9
-11799659.61,4654429.62,2163.54
-11799659.42,4654429.67,2161.85
-11799660.91,4654428.96,2161.85
-11799662.41,4654428.25,2161.92
-11799664.24,4654427.45,2165.33
-11799665.84,4654426.71,2166.49
-11799667.450000001,4654425.95,2167.73
-11799668.93,4654425.2700000005,2167.49
-11799670.3,4654424.59,2166.44
-11799671.66,4654423.93,2165.4
-11799672.8,4654423.33,2162.05
-11799674.31,4654422.62,2162.03
-11799675.81,4654421.9,2162.06
-11799677.31,4654421.19,2162.17
-11799678.76,4654420.51,2162.22
-11799680.23,4654419.8100000005,2162.26
-11799681.75,4654419.09,2162.3
-11799683.23,4654418.39,2162.34
-11799684.71,4654417.69,2162.36
-11799686.64,4654416.86,2167.15
-11799686.19,4654416.99,2162.36
-11799688.46,4654416.05,2170.81
-11799688.33,4654416.11,2169.38
-11799689.98,4654415.36,2171.33
-11799689.89,4654415.38,2170.36
-11799689.74,4654415.43,2168.65
-11799691.44,4654414.65,2171.23
-11799691.09,4654414.74,2167.27
-11799692.72,4654414.01,2169.17
-11799692.55,4654414.0600000005,2167.13
-11799692.13,4654414.17,2162.49
-11799693.88,4654413.39,2165.48
-11799693.63,4654413.47,2162.52
-11799695.32,4654412.71,2165.02
-11799695.1,4654412.76,2162.52
-11799696.56,4654412.07,2162.53
-11799698.06,4654411.350000001,2162.53
-11799699.55,4654410.66,2162.52
-11799701.1,4654409.93,2163.88
-11799700.98,4654409.98,2162.44
-11799702.47,4654409.2700000005,2162.38
-11799703.97,4654408.5600000005,2162.47
-11799705.450000001,4654407.850000001,2162.48
-11799706.93,4654407.16,2162.5
-11799708.39,4654406.46,2162.47
-11799709.86,4654405.7700000005,2162.53
-11799711.36,4654405.0600000005,2162.57
-11799712.85,4654404.350000001,2162.59
-11799714.32,4654403.64,2162.59
-11799717.88,4654404.03,2166.1
-11799717.64,4654404.08,2162.61
-11799716.15,4654404.8,2162.58
-11799714.69,4654405.5,2162.6
-11799713.200000001,4654406.21,2162.59
-11799711.74,4654406.9,2162.54
-11799710.28,4654407.58,2162.53
-11799708.82,4654408.29,2162.52
-11799707.34,4654408.99,2162.51
-11799705.85,4654409.71,2162.46
-11799704.36,4654410.42,2162.42
-11799703.01,4654411.09,2163.86
-11799702.9,4654411.11,2162.49
-11799701.450000001,4654411.8,2162.56
-11799699.99,4654412.5,2162.58
-11799698.51,4654413.2,2162.57
-11799697.03,4654413.91,2162.56
-11799695.540000001,4654414.62,2162.55
-11799694.05,4654415.33,2162.56
-11799692.94,4654415.94,2166.78
-11799692.78,4654415.98,2165.13
-11799692.56,4654416.04,2162.58
-11799691.64,4654416.600000001,2168.78
-11799691.5,4654416.62,2167.36
-11799691.31,4654416.66,2165.21
-11799690.24,4654417.2700000005,2169.61
-11799690.05,4654417.32,2167.51
-11799689.870000001,4654417.37,2165.51
-11799688.43,4654418.07,2165.8
-11799686.98,4654418.76,2166.09
-11799685.56,4654419.45,2166.38
-11799685.17,4654419.55,2162.38
-11799683.700000001,4654420.26,2162.38
-11799682.23,4654420.96,2162.36
-11799680.78,4654421.64,2162.33
-11799679.3,4654422.350000001,2162.3
-11799677.790000001,4654423.0600000005,2162.17
-11799676.290000001,4654423.7700000005,2162.1
-11799674.82,4654424.49,2162.08
-11799673.55,4654425.13,2164.17
-11799673.36,4654425.18,2162.24
-11799672.09,4654425.83,2164.35
-11799670.66,4654426.51,2164.77
-11799669.51,4654427.12,2167.92
-11799667.91,4654427.86,2166.85
-11799666.31,4654428.61,2165.67
-11799664.48,4654429.42,2162.38
-11799662.96,4654430.12,2162.11
-11799661.48,4654430.83,2161.9
-11799660.31,4654431.43,2164.54
-11799660.02,4654431.53,2161.88
-11799658.94,4654432.11,2165.35
-11799657.53,4654432.79,2166.15
-11799656.01,4654433.5,2165.85
-11799655.57,4654433.65,2161.92
-11799654.07,4654434.37,2161.83
-11799652.57,4654435.08,2161.86
-11799651.11,4654435.7700000005,2161.76
-11799649.620000001,4654436.46,2161.73
-11799648.120000001,4654437.19,2161.72
-11799646.620000001,4654437.9,2161.73
-11799645.15,4654438.61,2161.71
-11799643.700000001,4654439.29,2161.69
-11799642.22,4654440.0,2161.71
-11799640.74,4654440.71,2161.71
-11799640.120000001,4654441.13,2168.77
-11799639.98,4654441.18,2167.58
-11799639.24,4654441.42,2161.72
-11799638.02,4654442.03,2163.75
-11799637.76,4654442.13,2161.65
-11799636.540000001,4654442.74,2163.8
-11799635.05,4654443.45,2163.8
-11799633.56,4654444.16,2163.83
-11799632.08,4654444.87,2163.85
-11799630.32,4654445.67,2161.69
-11799629.120000001,4654446.2700000005,2163.75
-11799628.84,4654446.350000001,2161.63
-11799627.67,4654446.96,2164.0
-11799626.14,4654447.69,2163.53
-11799625.89,4654447.78,2161.6
-11799624.94,4654448.3100000005,2165.57
-11799624.39,4654448.49,2161.54
-11799624.870000001,4654449.23,2164.4
-11799624.49,4654449.38,2161.58
-11799626.42,4654448.5200000005,2165.02
-11799625.96,4654448.68,2161.63
-11799627.75,4654447.86,2164.02
-11799628.96,4654447.26,2161.67
-11799630.47,4654446.54,2161.69
-11799632.25,4654445.73,2163.82
-11799631.97,4654445.83,2161.65
-11799633.74,4654445.0200000005,2163.79
-11799635.21,4654444.33,2163.77
-11799636.700000001,4654443.63,2163.75
-11799636.42,4654443.71,2161.61
-11799639.13,4654442.61,2171.13
-11799638.68,4654442.76,2167.61
-11799637.94,4654443.0,2161.73
-11799639.44,4654442.29,2161.72
-11799640.92,4654441.58,2161.73
-11799642.42,4654440.88,2161.69
-11799643.88,4654440.19,2161.67
-11799645.36,4654439.48,2161.69
-11799646.86,4654438.78,2161.72
-11799648.34,4654438.07,2161.71
-11799649.82,4654437.37,2161.74
-11799651.3,4654436.66,2161.79
-11799652.81,4654435.96,2161.81
-11799654.64,4654435.15,2164.59
-11799654.33,4654435.23,2161.9
-11799656.23,4654434.4,2165.42
-11799657.790000001,4654433.68,2166.22
-11799659.200000001,4654432.99,2165.65
-11799660.61,4654432.3100000005,2164.82
-11799661.78,4654431.71,2161.88
-11799663.25,4654431.01,2161.9
-11799664.78,4654430.3,2162.57
-11799666.56,4654429.49,2165.25
-11799666.21,4654429.600000001,2162.08
-11799668.19,4654428.75,2166.38
-11799668.040000001,4654428.78,2165.13
-11799669.49,4654428.11,2164.77
-11799670.94,4654427.41,2164.38
-11799672.4,4654426.72,2164.28
-11799673.88,4654426.01,2164.22
-11799675.15,4654425.38,2162.1
-11799676.63,4654424.67,2162.1
-11799678.120000001,4654423.96,2162.22
-11799679.59,4654423.26,2162.31
-11799681.08,4654422.55,2162.35
-11799682.57,4654421.86,2162.36
-11799684.46,4654421.04,2166.5
-11799684.07,4654421.15,2162.38
-11799685.94,4654420.34,2166.46
-11799687.370000001,4654419.64,2166.19
-11799688.83,4654418.96,2165.88
-11799690.28,4654418.2700000005,2165.61
-11799691.74,4654417.57,2165.33
-11799692.97,4654416.93,2162.59
-11799694.42,4654416.25,2162.56
-11799695.9,4654415.54,2162.56
-11799697.41,4654414.83,2162.57
-11799698.92,4654414.12,2162.58
-11799700.39,4654413.41,2162.57
-11799701.84,4654412.73,2162.57
-11799703.290000001,4654412.03,2162.58
-11799704.76,4654411.34,2162.4
-11799706.26,4654410.62,2162.46
-11799707.76,4654409.91,2162.52
-11799709.21,4654409.24,2162.52
-11799710.69,4654408.53,2162.54
-11799712.17,4654407.83,2162.57
-11799713.91,4654407.0600000005,2165.94
-11799713.66,4654407.12,2162.6
-11799715.16,4654406.42,2162.59
-11799716.77,4654405.69,2164.82
-11799716.61,4654405.72,2162.59
-11799718.4,4654404.96,2166.69
-11799719.83,4654404.25,2165.86
-11799719.6,4654404.3,2162.57
-11799721.07,4654403.61,2162.61
-11799724.86,4654403.92,2162.67
-11799723.540000001,4654404.61,2164.82
-11799723.39,4654404.63,2162.61
-11799722.28,4654405.25,2167.63
-11799722.200000001,4654405.26,2166.33
-11799721.93,4654405.32,2162.57
-11799720.91,4654405.92,2168.86
-11799719.43,4654406.63,2168.48
-11799717.9,4654407.350000001,2167.73
-11799716.27,4654408.100000001,2166.15
-11799716.15,4654408.11,2164.42
-11799715.99,4654408.15,2162.52
-11799714.76,4654408.8,2165.76
-11799714.67,4654408.82,2164.49
-11799714.52,4654408.86,2162.54
-11799713.450000001,4654409.46,2167.51
-11799713.33,4654409.47,2165.8
-11799711.97,4654410.16,2167.04
-11799711.78,4654410.21,2164.67
-11799711.61,4654410.24,2162.52
-11799710.14,4654410.95,2162.53
-11799708.69,4654411.64,2162.57
-11799707.78,4654412.2,2169.53
-11799707.6,4654412.24,2167.36
-11799706.28,4654412.91,2169.34
-11799706.05,4654412.98,2166.5
-11799705.89,4654413.0,2164.69
-11799705.72,4654413.0600000005,2162.42
-11799704.43,4654413.71,2164.58
-11799704.27,4654413.74,2162.6
-11799702.790000001,4654414.45,2162.61
-11799701.32,4654415.16,2162.63
-11799699.86,4654415.850000001,2162.67
-11799698.4,4654416.55,2162.61
-11799696.91,4654417.24,2162.59
-11799695.44,4654417.95,2162.63
-11799694.19,4654418.600000001,2165.13
-11799693.98,4654418.66,2162.67
-11799692.73,4654419.3,2165.47
-11799691.28,4654420.0,2165.76
-11799689.85,4654420.68,2166.03
-11799688.39,4654421.39,2166.32
-11799686.950000001,4654422.07,2166.58
-11799685.49,4654422.7700000005,2166.36
-11799683.98,4654423.48,2166.06
-11799682.46,4654424.19,2165.81
-11799682.13,4654424.29,2162.3
-11799680.67,4654425.0,2162.38
-11799679.22,4654425.7,2162.75
-11799677.790000001,4654426.38,2163.35
-11799676.35,4654427.07,2163.96
-11799676.17,4654427.13,2162.15
-11799674.93,4654427.7700000005,2164.25
-11799673.46,4654428.45,2164.32
-11799672.02,4654429.15,2164.36
-11799671.78,4654429.21,2162.05
-11799670.5,4654429.87,2163.75
-11799670.3,4654429.92,2161.99
-11799669.0,4654430.58,2163.85
-11799667.34,4654431.34,2161.96
-11799665.870000001,4654432.05,2161.98
-11799664.370000001,4654432.76,2161.94
-11799663.18,4654433.37,2164.42
-11799662.91,4654433.45,2161.94
-11799661.77,4654434.05,2165.19
-11799660.38,4654434.72,2166.02
-11799658.9,4654435.43,2165.9
-11799657.32,4654436.16,2165.05
-11799655.74,4654436.9,2164.19
-11799655.48,4654436.98,2161.82
-11799654.28,4654437.61,2164.24
-11799652.78,4654438.32,2164.21
-11799652.53,4654438.4,2161.94
-11799651.040000001,4654439.11,2161.92
-11799649.540000001,4654439.82,2161.79
-11799648.03,4654440.54,2161.72
-11799646.55,4654441.25,2161.67
-11799645.1,4654441.93,2161.67
-11799643.620000001,4654442.64,2161.69
-11799642.14,4654443.350000001,2161.69
-11799640.66,4654444.03,2161.69
-11799639.18,4654444.75,2161.71
-11799637.68,4654445.46,2161.67
-11799636.200000001,4654446.17,2161.69
-11799634.950000001,4654446.8,2163.58
-11799634.700000001,4654446.88,2161.67
-11799633.51,4654447.48,2163.78
-11799633.24,4654447.59,2161.72
-11799631.76,4654448.3,2161.69
-11799630.27,4654449.0,2161.69
-11799628.76,4654449.71,2161.67
-11799627.27,4654450.43,2161.63
-11799625.77,4654451.14,2161.6
-11799624.290000001,4654451.850000001,2161.57
-11799624.14,4654452.87,2161.48
-11799625.66,4654452.16,2161.59
-11799627.15,4654451.44,2161.6
-11799628.64,4654450.74,2161.63
-11799630.13,4654450.03,2161.67
-11799631.63,4654449.32,2161.67
-11799633.13,4654448.600000001,2161.71
-11799634.63,4654447.89,2161.65
-11799636.1,4654447.18,2161.65
-11799637.59,4654446.5,2161.69
-11799639.09,4654445.79,2161.67
-11799640.57,4654445.08,2161.67
-11799642.07,4654444.36,2161.65
-11799643.56,4654443.67,2161.65
-11799645.02,4654442.97,2161.65
-11799646.51,4654442.26,2161.67
-11799648.0,4654441.55,2161.74
-11799649.5,4654440.84,2161.88
-11799651.27,4654440.0600000005,2164.21
-11799651.02,4654440.14,2162.05
-11799652.77,4654439.350000001,2164.21
-11799654.27,4654438.64,2164.27
-11799655.76,4654437.93,2164.31
-11799657.28,4654437.21,2164.47
-11799658.84,4654436.48,2165.35
-11799660.41,4654435.75,2166.19
-11799661.83,4654435.07,2165.71
-11799663.24,4654434.39,2164.9
-11799664.65,4654433.7,2164.29
-11799664.4,4654433.78,2161.92
-11799665.870000001,4654433.07,2161.92
-11799667.34,4654432.39,2161.96
-11799669.02,4654431.63,2163.8
-11799668.86,4654431.68,2162.19
-11799670.35,4654430.97,2162.22
-11799671.83,4654430.26,2162.3
-11799673.540000001,4654429.49,2164.33
-11799675.040000001,4654428.78,2164.29
-11799676.52,4654428.09,2164.19
-11799677.88,4654427.42,2162.86
-11799679.3,4654426.73,2162.51
-11799681.040000001,4654425.96,2165.33
-11799680.74,4654426.04,2162.28
-11799682.55,4654425.24,2165.59
-11799684.06,4654424.53,2165.88
-11799685.58,4654423.82,2166.17
-11799687.08,4654423.11,2166.48
-11799688.52,4654422.43,2166.47
-11799689.99,4654421.73,2166.21
-11799691.46,4654421.0200000005,2165.9
-11799692.9,4654420.33,2165.63
-11799694.34,4654419.65,2165.35
-11799695.59,4654419.0,2162.63
-11799697.07,4654418.29,2162.6
-11799698.56,4654417.600000001,2162.59
-11799700.040000001,4654416.89,2162.65
-11799701.51,4654416.21,2162.67
-11799702.98,4654415.5,2162.65
-11799704.64,4654414.75,2164.76
-11799704.47,4654414.79,2162.63
-11799706.47,4654413.96,2169.33
-11799706.31,4654413.99,2167.35
-11799708.08,4654413.22,2171.11
-11799709.52,4654412.54,2170.4
-11799709.34,4654412.58,2168.23
-11799709.22,4654412.61,2166.79
-11799709.03,4654412.66,2164.36
-11799710.370000001,4654411.99,2162.55
-11799712.22,4654411.19,2167.54
-11799712.16,4654411.22,2166.71
-11799712.0,4654411.26,2164.79
-11799711.83,4654411.3,2162.47
-11799713.71,4654410.48,2167.44
-11799713.63,4654410.51,2166.38
-11799715.22,4654409.7700000005,2167.65
-11799716.63,4654409.09,2166.85
-11799718.13,4654408.4,2167.52
-11799717.77,4654408.46,2162.63
-11799719.78,4654407.66,2169.98
-11799721.28,4654406.95,2170.35
-11799722.6,4654406.3,2168.15
-11799723.82,4654405.65,2164.75
-11799723.68,4654405.68,2162.59
-11799725.14,4654404.99,2162.65
-11799726.620000001,4654404.29,2162.67
-11799728.26,4654403.54,2165.09
-11799728.1,4654403.58,2162.72
-11799730.870000001,4654404.23,2162.77
-11799729.39,4654404.91,2162.72
-11799727.93,4654405.62,2162.67
-11799726.47,4654406.32,2162.69
-11799724.99,4654407.03,2162.63
-11799723.82,4654407.65,2166.92
-11799722.56,4654408.3100000005,2170.15
-11799722.43,4654408.350000001,2168.38
-11799721.16,4654409.0,2170.88
-11799719.540000001,4654409.73,2168.56
-11799719.36,4654409.78,2166.13
-11799719.09,4654409.83,2162.61
-11799718.01,4654410.44,2168.13
-11799717.6,4654410.54,2162.6
-11799716.63,4654411.13,2169.26
-11799715.09,4654411.850000001,2168.23
-11799713.55,4654412.5600000005,2167.33
-11799712.0,4654413.28,2166.17
-11799711.92,4654413.29,2165.15
-11799711.72,4654413.34,2162.48
-11799710.69,4654413.94,2168.17
-11799710.25,4654414.05,2162.54
-11799709.450000001,4654414.58,2171.06
-11799707.97,4654415.29,2171.07
-11799707.81,4654415.33,2169.06
-11799706.49,4654415.99,2170.53
-11799706.39,4654416.01,2169.29
-11799705.01,4654416.67,2170.05
-11799702.9,4654417.55,2162.67
-11799701.39,4654418.26,2162.67
-11799699.93,4654418.97,2162.63
-11799698.48,4654419.66,2162.69
-11799697.01,4654420.37,2162.72
-11799695.78,4654420.99,2165.38
-11799694.3,4654421.71,2165.67
-11799692.84,4654422.42,2165.94
-11799691.41,4654423.100000001,2166.22
-11799690.0,4654423.78,2166.5
-11799688.55,4654424.47,2166.44
-11799687.02,4654425.19,2166.17
-11799685.51,4654425.91,2165.88
-11799684.0,4654426.62,2165.6
-11799682.5,4654427.34,2165.31
-11799682.21,4654427.42,2162.4
-11799680.74,4654428.100000001,2162.36
-11799679.28,4654428.8100000005,2162.49
-11799677.950000001,4654429.47,2163.94
-11799676.5,4654430.18,2164.05
-11799676.31,4654430.23,2162.13
-11799674.9,4654430.91,2163.06
-11799673.450000001,4654431.61,2163.54
-11799671.99,4654432.3100000005,2163.53
-11799671.84,4654432.36,2162.06
-11799670.39,4654433.05,2162.11
-11799668.93,4654433.73,2162.08
-11799667.42,4654434.47,2162.01
-11799665.9,4654435.19,2161.97
-11799664.76,4654435.78,2164.97
-11799663.39,4654436.45,2165.74
-11799661.98,4654437.13,2166.21
-11799660.39,4654437.87,2165.32
-11799658.8,4654438.600000001,2164.44
-11799657.33,4654439.3100000005,2164.44
-11799655.86,4654440.0200000005,2164.4
-11799654.38,4654440.71,2164.36
-11799652.88,4654441.42,2164.3
-11799651.4,4654442.13,2164.27
-11799649.92,4654442.84,2164.23
-11799648.44,4654443.55,2164.21
-11799648.15,4654443.63,2161.88
-11799646.68,4654444.34,2161.73
-11799645.19,4654445.05,2161.73
-11799643.67,4654445.7700000005,2161.69
-11799642.200000001,4654446.48,2161.63
-11799640.72,4654447.18,2161.63
-11799639.24,4654447.89,2161.65
-11799637.74,4654448.600000001,2161.65
-11799636.24,4654449.3100000005,2161.65
-11799634.75,4654450.0200000005,2161.65
-11799633.25,4654450.74,2161.63
-11799631.78,4654451.44,2161.65
-11799630.33,4654452.13,2161.73
-11799628.84,4654452.84,2161.63
-11799627.370000001,4654453.54,2161.61
-11799625.870000001,4654454.25,2161.5
-11799624.36,4654454.95,2161.48
-11799624.55,4654455.97,2161.53
-11799626.0,4654455.28,2161.44
-11799627.47,4654454.59,2161.58
-11799628.91,4654453.89,2161.63
-11799630.38,4654453.21,2161.61
-11799631.84,4654452.51,2161.63
-11799633.290000001,4654451.83,2161.63
-11799634.76,4654451.14,2161.63
-11799636.22,4654450.44,2161.61
-11799637.68,4654449.73,2161.63
-11799639.16,4654449.05,2161.61
-11799640.620000001,4654448.350000001,2161.61
-11799642.09,4654447.66,2161.65
-11799643.58,4654446.96,2161.69
-11799645.03,4654446.2700000005,2161.71
-11799646.48,4654445.57,2161.74
-11799648.24,4654444.79,2164.19
-11799649.71,4654444.100000001,2164.25
-11799651.15,4654443.39,2164.28
-11799652.63,4654442.72,2164.34
-11799654.09,4654442.03,2164.4
-11799655.52,4654441.34,2164.38
-11799657.0,4654440.65,2164.42
-11799658.47,4654439.94,2164.44
-11799659.950000001,4654439.23,2164.5
-11799661.48,4654438.5200000005,2165.38
-11799663.02,4654437.8100000005,2166.23
-11799664.42,4654437.16,2165.79
-11799664.0,4654437.29,2161.98
-11799665.42,4654436.61,2162.01
-11799666.88,4654435.92,2162.01
-11799668.4,4654435.19,2162.02
-11799670.02,4654434.45,2163.55
-11799669.870000001,4654434.51,2162.08
-11799671.48,4654433.76,2163.5
-11799672.94,4654433.07,2163.5
-11799674.27,4654432.42,2162.1
-11799675.71,4654431.74,2162.13
-11799677.35,4654430.97,2164.0
-11799678.66,4654430.34,2162.48
-11799680.14,4654429.65,2162.46
-11799681.6,4654428.95,2162.36
-11799683.36,4654428.16,2165.27
-11799683.1,4654428.24,2162.48
-11799684.84,4654427.47,2165.54
-11799686.3,4654426.79,2165.82
-11799687.77,4654426.09,2166.1
-11799689.26,4654425.39,2166.4
-11799690.73,4654424.69,2166.57
-11799692.17,4654424.0,2166.27
-11799693.73,4654423.29,2167.44
-11799693.59,4654423.33,2165.94
-11799695.05,4654422.64,2166.15
-11799696.51,4654421.94,2166.02
-11799697.98,4654421.23,2165.75
-11799697.71,4654421.33,2162.69
-11799699.17,4654420.63,2162.69
-11799700.64,4654419.92,2162.67
-11799702.120000001,4654419.21,2162.69
-11799703.57,4654418.54,2162.71
-11799705.64,4654417.68,2170.09
-11799705.47,4654417.73,2168.03
-11799705.26,4654417.8,2165.36
-11799707.23,4654416.97,2171.61
-11799706.98,4654417.0200000005,2168.65
-11799708.700000001,4654416.26,2171.76
-11799708.370000001,4654416.350000001,2167.65
-11799708.22,4654416.39,2165.77
-11799707.96,4654416.46,2162.65
-11799710.17,4654415.57,2171.92
-11799710.02,4654415.600000001,2170.15
-11799711.33,4654414.95,2168.15
-11799712.78,4654414.26,2167.94
-11799714.24,4654413.58,2168.19
-11799715.8,4654412.86,2169.56
-11799717.3,4654412.15,2170.02
-11799718.67,4654411.48,2168.9
-11799718.52,4654411.5200000005,2166.92
-11799718.38,4654411.5600000005,2164.98
-11799720.08,4654410.8100000005,2168.3
-11799719.870000001,4654410.86,2165.36
-11799719.66,4654410.91,2162.54
-11799721.700000001,4654410.08,2170.29
-11799723.040000001,4654409.41,2168.63
-11799724.26,4654408.7700000005,2165.44
-11799724.07,4654408.82,2162.63
-11799725.55,4654408.11,2162.65
-11799727.05,4654407.4,2162.67
-11799728.53,4654406.69,2162.71
-11799729.99,4654406.01,2162.71
-11799731.47,4654405.3100000005,2162.74
-11799732.93,4654404.62,2162.78
-11799734.39,4654403.94,2162.8
-11799735.78,4654405.19,2162.83
-11799734.33,4654405.89,2162.82
-11799732.86,4654406.58,2162.81
-11799731.370000001,4654407.29,2162.76
-11799729.91,4654407.99,2162.75
-11799728.450000001,4654408.67,2162.71
-11799726.99,4654409.38,2162.67
-11799725.49,4654410.09,2162.69
-11799724.200000001,4654410.74,2165.47
-11799724.0,4654410.8100000005,2162.67
-11799722.950000001,4654411.4,2168.38
-11799722.67,4654411.48,2164.56
-11799722.540000001,4654411.5,2162.67
-11799721.24,4654412.16,2164.94
-11799721.08,4654412.2,2162.65
-11799719.81,4654412.850000001,2165.53
-11799719.6,4654412.91,2162.63
-11799718.53,4654413.51,2167.94
-11799718.43,4654413.5200000005,2166.51
-11799717.22,4654414.16,2169.94
-11799715.72,4654414.87,2169.48
-11799714.290000001,4654415.5600000005,2169.94
-11799712.81,4654416.26,2169.74
-11799711.49,4654416.92,2171.72
-11799711.4,4654416.95,2170.56
-11799710.07,4654417.61,2172.11
-11799709.88,4654417.67,2169.72
-11799708.42,4654418.36,2169.85
-11799708.26,4654418.4,2168.07
-11799708.03,4654418.46,2165.19
-11799707.83,4654418.51,2162.63
-11799706.99,4654419.05,2170.54
-11799705.52,4654419.75,2170.28
-11799705.33,4654419.8100000005,2167.99
-11799703.4,4654420.64,2162.71
-11799702.18,4654421.2700000005,2165.72
-11799701.97,4654421.32,2163.3
-11799700.72,4654421.96,2165.72
-11799700.51,4654422.01,2163.3
-11799699.25,4654422.66,2165.74
-11799699.0,4654422.72,2162.81
-11799698.89,4654422.76,2161.57
-11799697.81,4654423.350000001,2166.06
-11799696.35,4654424.0600000005,2166.33
-11799694.9,4654424.74,2166.63
-11799693.49,4654425.43,2166.9
-11799691.99,4654426.13,2166.6
-11799690.48,4654426.86,2166.34
-11799688.96,4654427.5600000005,2166.07
-11799687.49,4654428.2700000005,2165.77
-11799686.0,4654428.96,2165.47
-11799684.22,4654429.7700000005,2162.48
-11799682.74,4654430.48,2162.36
-11799681.25,4654431.19,2162.42
-11799679.71,4654431.91,2162.13
-11799678.28,4654432.61,2162.11
-11799676.83,4654433.28,2162.23
-11799675.52,4654433.93,2163.83
-11799675.36,4654433.98,2162.21
-11799673.870000001,4654434.69,2162.11
-11799672.38,4654435.41,2162.15
-11799671.01,4654436.08,2163.4
-11799669.4,4654436.83,2162.02
-11799667.92,4654437.53,2162.03
-11799666.41,4654438.25,2162.0
-11799664.96,4654438.94,2162.0
-11799663.49,4654439.64,2161.99
-11799662.0,4654440.36,2161.88
-11799660.77,4654440.98,2164.07
-11799659.31,4654441.69,2164.47
-11799657.81,4654442.4,2164.44
-11799656.35,4654443.09,2164.44
-11799654.870000001,4654443.8,2164.42
-11799653.39,4654444.51,2164.42
-11799651.93,4654445.19,2164.4
-11799650.44,4654445.91,2164.36
-11799648.66,4654446.71,2161.81
-11799647.17,4654447.42,2161.78
-11799645.85,4654448.08,2162.94
-11799644.370000001,4654448.7700000005,2162.94
-11799644.21,4654448.83,2161.73
-11799642.71,4654449.55,2161.71
-11799641.22,4654450.26,2161.65
-11799639.74,4654450.97,2161.65
-11799638.27,4654451.65,2161.61
-11799636.78,4654452.36,2161.6
-11799635.290000001,4654453.07,2161.61
-11799633.82,4654453.7700000005,2161.59
-11799632.32,4654454.5,2161.6
-11799630.83,4654455.2,2161.57
-11799629.35,4654455.91,2161.56
-11799627.85,4654456.62,2161.48
-11799626.39,4654457.33,2161.53
-11799624.9,4654458.03,2161.57
-11799624.16,4654459.45,2161.59
-11799625.66,4654458.76,2161.6
-11799627.16,4654458.04,2161.54
-11799628.64,4654457.34,2161.48
-11799630.14,4654456.64,2161.53
-11799631.63,4654455.93,2161.58
-11799633.13,4654455.21,2161.58
-11799634.66,4654454.5,2161.59
-11799636.11,4654453.8,2161.57
-11799637.58,4654453.11,2161.6
-11799639.07,4654452.38,2161.65
-11799640.58,4654451.67,2161.65
-11799642.07,4654450.97,2161.69
-11799643.65,4654450.24,2162.67
-11799645.26,4654449.5,2163.48
-11799646.700000001,4654448.8,2162.98
-11799648.05,4654448.14,2161.79
-11799649.540000001,4654447.44,2161.82
-11799651.33,4654446.63,2164.4
-11799652.82,4654445.92,2164.42
-11799654.3,4654445.23,2164.44
-11799655.8,4654444.51,2164.44
-11799657.26,4654443.82,2164.44
-11799658.74,4654443.12,2164.5
-11799660.24,4654442.41,2164.49
-11799661.700000001,4654441.71,2164.17
-11799663.13,4654441.0200000005,2163.82
-11799662.92,4654441.100000001,2161.88
-11799664.450000001,4654440.36,2161.99
-11799665.94,4654439.66,2162.0
-11799667.43,4654438.97,2162.03
-11799668.91,4654438.26,2162.02
-11799670.370000001,4654437.5600000005,2162.03
-11799671.86,4654436.86,2162.1
-11799673.46,4654436.12,2163.23
-11799673.35,4654436.15,2162.15
-11799674.83,4654435.44,2162.11
-11799676.3,4654434.76,2162.1
-11799677.77,4654434.0600000005,2162.13
-11799679.26,4654433.350000001,2162.11
-11799680.76,4654432.64,2162.1
-11799682.25,4654431.93,2162.36
-11799683.77,4654431.22,2162.42
-11799685.28,4654430.5,2162.53
-11799687.05,4654429.71,2165.47
-11799688.52,4654429.0200000005,2165.75
-11799690.02,4654428.32,2166.04
-11799691.59,4654427.59,2166.9
-11799693.11,4654426.87,2167.17
-11799694.58,4654426.17,2166.88
-11799696.02,4654425.47,2166.61
-11799697.450000001,4654424.79,2166.32
-11799698.9,4654424.100000001,2166.05
-11799700.36,4654423.4,2165.73
-11799700.14,4654423.45,2163.33
-11799701.82,4654422.69,2165.72
-11799701.620000001,4654422.7700000005,2163.32
-11799703.28,4654422.01,2165.69
-11799703.07,4654422.08,2163.15
-11799704.74,4654421.33,2165.54
-11799704.5,4654421.38,2162.67
-11799706.55,4654420.54,2169.5
-11799706.41,4654420.55,2167.82
-11799706.19,4654420.63,2165.24
-11799705.99,4654420.67,2162.67
-11799708.0,4654419.84,2169.22
-11799709.61,4654419.08,2170.85
-11799711.15,4654418.37,2171.75
-11799710.98,4654418.43,2169.65
-11799712.450000001,4654417.74,2169.8
-11799713.93,4654417.03,2170.13
-11799715.42,4654416.34,2169.96
-11799716.78,4654415.66,2168.31
-11799718.28,4654414.96,2168.69
-11799719.59,4654414.29,2166.46
-11799720.82,4654413.65,2162.67
-11799722.28,4654412.95,2162.65
-11799723.73,4654412.2700000005,2162.67
-11799725.19,4654411.58,2162.69
-11799726.67,4654410.87,2162.69
-11799728.16,4654410.17,2162.71
-11799729.63,4654409.46,2162.72
-11799731.120000001,4654408.7700000005,2162.76
-11799732.77,4654408.03,2165.82
-11799732.57,4654408.07,2162.76
-11799734.34,4654407.3100000005,2167.26
-11799734.06,4654407.38,2162.76
-11799735.76,4654406.61,2166.53
-11799735.53,4654406.67,2162.81
-11799736.200000001,4654408.5200000005,2166.56
-11799735.97,4654408.57,2162.86
-11799734.75,4654409.23,2167.31
-11799734.47,4654409.28,2162.78
-11799733.0,4654409.99,2162.8
-11799731.55,4654410.66,2162.76
-11799730.08,4654411.38,2162.8
-11799728.58,4654412.09,2162.78
-11799727.1,4654412.8,2162.75
-11799725.63,4654413.51,2162.71
-11799724.19,4654414.19,2162.65
-11799722.73,4654414.87,2162.65
-11799721.23,4654415.58,2162.65
-11799719.75,4654416.32,2162.61
-11799718.55,4654416.94,2166.32
-11799718.27,4654417.01,2162.6
-11799717.21,4654417.600000001,2167.63
-11799715.85,4654418.28,2169.06
-11799714.3,4654419.0,2168.35
-11799713.85,4654419.12,2162.61
-11799712.82,4654419.71,2168.33
-11799711.41,4654420.4,2168.97
-11799711.15,4654420.45,2165.63
-11799709.97,4654421.09,2168.86
-11799709.72,4654421.14,2165.94
-11799708.450000001,4654421.8,2168.34
-11799708.25,4654421.850000001,2165.81
-11799706.75,4654422.5600000005,2165.61
-11799706.52,4654422.63,2162.83
-11799705.28,4654423.2700000005,2165.69
-11799705.03,4654423.34,2162.78
-11799703.82,4654423.95,2165.72
-11799703.61,4654424.01,2163.29
-11799702.35,4654424.66,2165.73
-11799702.15,4654424.72,2163.33
-11799700.91,4654425.36,2166.0
-11799699.44,4654426.05,2166.29
-11799698.0,4654426.76,2166.56
-11799696.56,4654427.44,2166.84
-11799695.11,4654428.14,2167.13
-11799693.63,4654428.850000001,2166.94
-11799692.14,4654429.5600000005,2166.67
-11799690.63,4654430.2700000005,2166.36
-11799689.1,4654430.99,2166.09
-11799687.59,4654431.7,2165.33
-11799687.32,4654431.78,2162.44
-11799685.85,4654432.48,2162.4
-11799684.36,4654433.19,2162.38
-11799682.85,4654433.9,2162.1
-11799681.36,4654434.61,2162.13
-11799679.9,4654435.32,2162.11
-11799678.43,4654436.01,2162.15
-11799676.94,4654436.72,2162.13
-11799675.47,4654437.43,2162.11
-11799673.98,4654438.14,2162.13
-11799672.51,4654438.850000001,2162.08
-11799671.02,4654439.53,2162.02
-11799669.540000001,4654440.25,2161.99
-11799668.07,4654440.95,2161.99
-11799666.6,4654441.66,2161.96
-11799665.13,4654442.37,2161.9
-11799663.870000001,4654442.98,2163.9
-11799662.41,4654443.69,2164.25
-11799660.92,4654444.4,2164.27
-11799659.450000001,4654445.11,2164.32
-11799658.01,4654445.79,2164.5
-11799656.53,4654446.5,2164.48
-11799655.03,4654447.22,2164.47
-11799653.56,4654447.9,2164.47
-11799652.09,4654448.61,2164.47
-11799651.870000001,4654448.69,2162.63
-11799650.3,4654449.44,2161.86
-11799648.8,4654450.15,2161.81
-11799647.34,4654450.84,2161.79
-11799645.85,4654451.55,2161.77
-11799644.450000001,4654452.22,2162.65
-11799642.97,4654452.93,2162.65
-11799641.48,4654453.64,2162.61
-11799641.370000001,4654453.69,2161.65
-11799639.89,4654454.39,2161.67
-11799638.41,4654455.100000001,2161.65
-11799636.92,4654455.8100000005,2161.63
-11799635.46,4654456.49,2161.59
-11799633.99,4654457.2,2161.57
-11799632.49,4654457.93,2161.55
-11799630.96,4654458.64,2161.5
-11799629.49,4654459.34,2161.55
-11799628.040000001,4654460.04,2161.58
-11799626.57,4654460.75,2161.61
-11799625.07,4654461.46,2161.63
-11799624.05,4654462.96,2161.67
-11799625.55,4654462.25,2161.67
-11799627.02,4654461.54,2161.63
-11799628.51,4654460.83,2161.61
-11799630.01,4654460.13,2161.57
-11799631.51,4654459.42,2161.46
-11799633.01,4654458.71,2161.53
-11799634.53,4654457.99,2161.57
-11799636.03,4654457.28,2161.63
-11799637.49,4654456.57,2161.65
-11799638.99,4654455.86,2161.67
-11799640.46,4654455.18,2161.69
-11799641.950000001,4654454.47,2161.69
-11799643.55,4654453.72,2162.67
-11799644.91,4654453.0600000005,2161.75
-11799646.42,4654452.34,2161.8
-11799647.92,4654451.63,2161.8
-11799649.55,4654450.88,2162.99
-11799649.43,4654450.92,2162.0
-11799651.01,4654450.18,2162.76
-11799652.47,4654449.49,2162.71
-11799654.19,4654448.69,2164.47
-11799655.71,4654447.98,2164.5
-11799657.21,4654447.26,2164.48
-11799658.65,4654446.57,2164.27
-11799660.120000001,4654445.88,2164.27
-11799661.59,4654445.19,2164.24
-11799663.08,4654444.48,2164.21
-11799664.55,4654443.7700000005,2164.0
-11799665.8,4654443.15,2161.88
-11799667.290000001,4654442.45,2161.96
-11799668.790000001,4654441.74,2161.98
-11799670.28,4654441.03,2161.99
-11799671.77,4654440.32,2162.03
-11799673.22,4654439.62,2162.08
-11799674.71,4654438.93,2162.13
-11799676.18,4654438.23,2162.1
-11799677.68,4654437.51,2162.11
-11799679.19,4654436.8,2162.13
-11799680.65,4654436.11,2162.13
-11799682.1,4654435.41,2162.13
-11799683.6,4654434.7,2162.11
-11799685.14,4654433.98,2162.44
-11799686.65,4654433.2700000005,2162.51
-11799688.42,4654432.48,2165.86
-11799688.1,4654432.5600000005,2162.47
-11799689.92,4654431.7700000005,2166.06
-11799691.44,4654431.05,2166.36
-11799692.94,4654430.34,2166.63
-11799694.44,4654429.63,2166.9
-11799695.94,4654428.94,2167.13
-11799697.370000001,4654428.24,2166.88
-11799698.85,4654427.53,2166.6
-11799700.3,4654426.850000001,2166.3
-11799701.74,4654426.16,2166.01
-11799703.21,4654425.46,2165.82
-11799702.99,4654425.51,2163.31
-11799704.64,4654424.78,2165.69
-11799704.44,4654424.83,2163.32
-11799706.120000001,4654424.08,2165.73
-11799707.63,4654423.36,2165.94
-11799709.13,4654422.65,2166.13
-11799710.58,4654421.96,2166.01
-11799712.15,4654421.23,2167.3
-11799712.01,4654421.2700000005,2165.56
-11799713.620000001,4654420.54,2167.69
-11799715.07,4654419.86,2167.35
-11799716.65,4654419.11,2168.42
-11799718.03,4654418.44,2166.92
-11799717.93,4654418.45,2165.63
-11799717.700000001,4654418.53,2162.59
-11799719.18,4654417.82,2162.63
-11799720.620000001,4654417.14,2162.63
-11799722.1,4654416.43,2162.63
-11799723.6,4654415.72,2162.63
-11799725.08,4654415.01,2162.69
-11799726.55,4654414.33,2162.71
-11799728.03,4654413.62,2162.75
-11799729.52,4654412.91,2162.8
-11799730.98,4654412.22,2162.82
-11799732.450000001,4654411.51,2162.81
-11799733.94,4654410.83,2162.82
-11799735.540000001,4654410.09,2164.94
-11799735.41,4654410.12,2162.82
-11799736.89,4654409.42,2162.86
-11799736.92,4654411.45,2162.86
-11799735.42,4654412.17,2162.84
-11799733.9,4654412.9,2162.81
-11799732.39,4654413.61,2162.79
-11799730.91,4654414.3100000005,2162.78
-11799729.41,4654415.04,2162.78
-11799727.93,4654415.75,2162.75
-11799726.43,4654416.47,2162.73
-11799724.92,4654417.18,2162.69
-11799723.42,4654417.9,2162.65
-11799721.91,4654418.63,2162.63
-11799720.39,4654419.34,2162.61
-11799718.88,4654420.07,2162.61
-11799717.41,4654420.78,2162.61
-11799716.200000001,4654421.41,2166.48
-11799715.91,4654421.49,2162.76
-11799714.41,4654422.21,2162.77
-11799713.16,4654422.84,2165.76
-11799711.67,4654423.57,2166.11
-11799710.200000001,4654424.28,2166.52
-11799708.71,4654424.99,2166.4
-11799707.19,4654425.71,2166.21
-11799705.66,4654426.45,2166.02
-11799704.14,4654427.16,2165.9
-11799702.67,4654427.86,2166.17
-11799701.21,4654428.57,2166.44
-11799699.71,4654429.28,2166.73
-11799698.200000001,4654430.03,2167.02
-11799696.71,4654430.74,2167.06
-11799695.21,4654431.45,2166.75
-11799693.69,4654432.17,2166.47
-11799692.15,4654432.89,2166.19
-11799690.61,4654433.63,2165.88
-11799690.28,4654433.72,2162.38
-11799688.8,4654434.43,2162.5
-11799687.32,4654435.14,2162.48
-11799685.91,4654435.83,2163.74
-11799685.76,4654435.88,2162.1
-11799684.26,4654436.61,2162.11
-11799682.77,4654437.3100000005,2162.15
-11799681.26,4654438.04,2162.15
-11799679.77,4654438.74,2162.15
-11799678.26,4654439.45,2162.11
-11799676.74,4654440.19,2162.1
-11799675.24,4654440.91,2162.13
-11799673.73,4654441.63,2162.09
-11799672.21,4654442.350000001,2162.04
-11799670.700000001,4654443.0600000005,2162.0
-11799669.18,4654443.8,2161.99
-11799667.790000001,4654444.48,2163.08
-11799666.4,4654445.15,2163.88
-11799666.18,4654445.23,2161.92
-11799664.950000001,4654445.86,2164.15
-11799663.450000001,4654446.57,2164.15
-11799661.950000001,4654447.2700000005,2164.19
-11799660.41,4654448.0200000005,2164.19
-11799658.9,4654448.74,2164.23
-11799657.44,4654449.45,2164.25
-11799655.96,4654450.15,2164.28
-11799654.17,4654450.96,2161.88
-11799652.67,4654451.68,2161.88
-11799651.16,4654452.41,2161.88
-11799649.76,4654453.08,2162.86
-11799648.14,4654453.84,2161.81
-11799646.64,4654454.55,2161.82
-11799645.13,4654455.28,2161.79
-11799643.63,4654456.0,2161.77
-11799642.14,4654456.71,2161.75
-11799640.64,4654457.42,2161.72
-11799639.14,4654458.14,2161.69
-11799637.63,4654458.86,2161.69
-11799636.13,4654459.57,2161.63
-11799634.63,4654460.29,2161.59
-11799633.120000001,4654461.0,2161.52
-11799631.620000001,4654461.71,2161.58
-11799630.13,4654462.42,2161.61
-11799628.66,4654463.14,2161.65
-11799627.17,4654463.850000001,2161.67
-11799625.67,4654464.5600000005,2161.67
-11799624.15,4654465.29,2161.65
-11799625.22,4654466.0,2161.67
-11799626.72,4654465.29,2161.69
-11799628.22,4654464.58,2161.69
-11799629.69,4654463.87,2161.67
-11799631.19,4654463.16,2161.65
-11799632.68,4654462.47,2161.61
-11799634.16,4654461.76,2161.56
-11799635.69,4654461.03,2161.6
-11799637.200000001,4654460.32,2161.65
-11799638.65,4654459.63,2161.67
-11799640.15,4654458.92,2161.67
-11799641.66,4654458.2,2161.72
-11799643.16,4654457.49,2161.75
-11799644.64,4654456.8,2161.77
-11799646.120000001,4654456.09,2161.79
-11799647.61,4654455.38,2161.82
-11799649.120000001,4654454.67,2161.86
-11799650.620000001,4654453.96,2161.84
-11799652.1,4654453.25,2161.88
-11799653.58,4654452.55,2161.88
-11799655.06,4654451.84,2161.88
-11799656.83,4654451.05,2164.23
-11799658.290000001,4654450.350000001,2164.19
-11799659.77,4654449.66,2164.17
-11799661.23,4654448.96,2164.15
-11799662.71,4654448.25,2164.15
-11799664.24,4654447.5200000005,2164.13
-11799664.1,4654447.57,2162.83
-11799665.74,4654446.8100000005,2164.23
-11799665.53,4654446.89,2162.35
-11799667.22,4654446.100000001,2164.3
-11799668.620000001,4654445.44,2163.54
-11799668.42,4654445.5,2161.73
-11799669.9,4654444.79,2161.98
-11799671.59,4654444.01,2163.88
-11799671.39,4654444.09,2161.98
-11799672.9,4654443.38,2162.03
-11799674.4,4654442.65,2162.07
-11799675.88,4654441.97,2162.11
-11799677.34,4654441.2700000005,2162.11
-11799678.82,4654440.58,2162.1
-11799680.32,4654439.850000001,2162.11
-11799681.81,4654439.16,2162.13
-11799683.27,4654438.46,2162.15
-11799684.77,4654437.73,2162.13
-11799686.26,4654437.05,2162.13
-11799687.870000001,4654436.3,2163.63
-11799687.77,4654436.3100000005,2162.49
-11799689.24,4654435.63,2162.48
-11799690.72,4654434.93,2162.48
-11799692.52,4654434.12,2165.98
-11799694.03,4654433.41,2166.28
-11799695.56,4654432.7,2166.56
-11799697.02,4654431.99,2166.86
-11799698.53,4654431.29,2167.13
-11799700.0,4654430.59,2166.94
-11799701.450000001,4654429.89,2166.65
-11799702.89,4654429.2,2166.36
-11799704.32,4654428.53,2166.11
-11799705.8,4654427.82,2166.25
-11799707.32,4654427.11,2166.46
-11799708.81,4654426.4,2166.65
-11799710.3,4654425.7,2166.81
-11799711.72,4654425.01,2166.42
-11799713.22,4654424.3,2166.07
-11799714.68,4654423.59,2165.72
-11799715.91,4654422.96,2162.8
-11799717.370000001,4654422.25,2162.79
-11799718.83,4654421.57,2162.61
-11799720.290000001,4654420.88,2162.61
-11799721.77,4654420.18,2162.61
-11799723.24,4654419.48,2162.63
-11799724.73,4654418.78,2162.67
-11799726.200000001,4654418.08,2162.71
-11799727.68,4654417.37,2162.72
-11799729.19,4654416.65,2162.73
-11799730.68,4654415.95,2162.78
-11799732.120000001,4654415.26,2162.82
-11799733.59,4654414.5600000005,2162.81
-11799735.08,4654413.87,2162.82
-11799736.55,4654413.16,2162.84
-11799736.64,4654415.25,2162.88
-11799735.15,4654415.96,2162.85
-11799733.65,4654416.68,2162.81
-11799732.15,4654417.39,2162.81
-11799730.66,4654418.11,2162.76
-11799729.16,4654418.82,2162.71
-11799727.67,4654419.53,2162.69
-11799726.200000001,4654420.23,2162.69
-11799724.74,4654420.93,2162.67
-11799723.25,4654421.65,2162.65
-11799721.77,4654422.36,2162.63
-11799720.27,4654423.07,2162.63
-11799718.790000001,4654423.78,2162.82
-11799717.32,4654424.49,2162.84
-11799716.06,4654425.13,2165.79
-11799714.61,4654425.8100000005,2166.13
-11799713.18,4654426.5200000005,2166.51
-11799711.72,4654427.23,2166.79
-11799710.33,4654427.91,2167.82
-11799708.78,4654428.63,2167.0
-11799707.28,4654429.34,2166.79
-11799705.81,4654430.05,2166.59
-11799704.34,4654430.73,2166.47
-11799702.89,4654431.44,2166.69
-11799701.43,4654432.15,2166.98
-11799699.94,4654432.86,2167.09
-11799698.4,4654433.58,2166.78
-11799696.89,4654434.3100000005,2166.52
-11799695.42,4654435.0,2166.21
-11799693.92,4654435.73,2165.92
-11799692.13,4654436.5200000005,2162.48
-11799690.61,4654437.24,2162.49
-11799689.25,4654437.92,2163.73
-11799689.1,4654437.95,2162.11
-11799687.67,4654438.66,2162.13
-11799686.17,4654439.37,2162.15
-11799684.68,4654440.08,2162.17
-11799683.18,4654440.8,2162.15
-11799681.68,4654441.51,2162.13
-11799680.21,4654442.22,2162.11
-11799678.75,4654442.91,2162.13
-11799677.25,4654443.63,2162.13
-11799675.75,4654444.350000001,2162.09
-11799674.26,4654445.05,2162.05
-11799672.790000001,4654445.76,2161.98
-11799671.290000001,4654446.48,2161.98
-11799669.97,4654447.12,2163.34
-11799669.84,4654447.18,2162.11
-11799668.35,4654447.88,2162.0
-11799666.85,4654448.59,2161.96
-11799665.370000001,4654449.3100000005,2161.94
-11799663.94,4654449.98,2162.59
-11799662.48,4654450.69,2162.8
-11799661.15,4654451.350000001,2164.11
-11799659.68,4654452.0600000005,2164.17
-11799658.22,4654452.76,2164.19
-11799658.09,4654452.8,2163.11
-11799656.63,4654453.5,2163.25
-11799656.46,4654453.55,2161.85
-11799654.99,4654454.25,2161.86
-11799653.49,4654454.98,2161.88
-11799652.0,4654455.69,2161.86
-11799650.53,4654456.38,2161.84
-11799649.040000001,4654457.11,2161.84
-11799647.53,4654457.83,2161.82
-11799646.03,4654458.55,2161.81
-11799644.540000001,4654459.26,2161.79
-11799643.06,4654459.96,2161.74
-11799641.55,4654460.69,2161.74
-11799640.05,4654461.4,2161.71
-11799638.6,4654462.100000001,2161.69
-11799637.14,4654462.78,2161.65
-11799635.64,4654463.51,2161.61
-11799634.14,4654464.22,2161.65
-11799632.64,4654464.94,2161.69
-11799631.14,4654465.65,2161.69
-11799629.67,4654466.36,2161.72
-11799628.19,4654467.07,2161.72
-11799626.71,4654467.78,2161.67
-11799625.19,4654468.5,2161.61
-11799625.18,4654469.69,2161.6
-11799626.67,4654468.98,2161.67
-11799628.19,4654468.26,2161.71
-11799629.68,4654467.55,2161.74
-11799631.18,4654466.850000001,2161.72
-11799632.64,4654466.14,2161.71
-11799634.1,4654465.45,2161.65
-11799635.6,4654464.72,2161.67
-11799637.1,4654464.0200000005,2161.65
-11799638.59,4654463.33,2161.69
-11799640.08,4654462.61,2161.71
-11799641.58,4654461.9,2161.73
-11799643.08,4654461.19,2161.78
-11799644.58,4654460.48,2161.79
-11799646.06,4654459.7700000005,2161.8
-11799647.53,4654459.08,2161.82
-11799649.03,4654458.37,2161.81
-11799651.6,4654457.2700000005,2170.79
-11799650.53,4654457.66,2161.85
-11799653.15,4654456.55,2171.21
-11799652.97,4654456.62,2169.67
-11799652.03,4654456.94,2161.85
-11799653.53,4654456.23,2161.88
-11799655.0,4654455.53,2161.94
-11799656.68,4654454.76,2163.4
-11799656.5,4654454.8100000005,2161.88
-11799658.13,4654454.05,2163.15
-11799659.73,4654453.3100000005,2164.09
-11799661.14,4654452.63,2163.38
-11799660.97,4654452.68,2161.92
-11799662.47,4654451.97,2162.11
-11799663.97,4654451.2700000005,2162.33
-11799665.42,4654450.58,2161.94
-11799666.91,4654449.87,2161.96
-11799668.39,4654449.17,2162.01
-11799669.88,4654448.46,2162.01
-11799671.39,4654447.75,2162.11
-11799672.84,4654447.05,2161.99
-11799674.33,4654446.34,2162.01
-11799675.83,4654445.64,2162.06
-11799677.33,4654444.91,2162.11
-11799678.790000001,4654444.23,2162.15
-11799680.26,4654443.5200000005,2162.11
-11799681.77,4654442.8100000005,2162.11
-11799683.27,4654442.100000001,2162.15
-11799684.73,4654441.41,2162.13
-11799686.21,4654440.7,2162.17
-11799687.69,4654439.99,2162.17
-11799689.18,4654439.28,2162.15
-11799690.69,4654438.57,2162.51
-11799692.15,4654437.87,2162.51
-11799693.65,4654437.16,2162.53
-11799695.46,4654436.37,2166.02
-11799696.96,4654435.66,2166.28
-11799698.47,4654434.95,2166.57
-11799699.94,4654434.24,2166.86
-11799701.450000001,4654433.53,2167.15
-11799702.89,4654432.850000001,2166.92
-11799704.34,4654432.15,2166.67
-11799705.86,4654431.43,2166.83
-11799707.36,4654430.72,2167.01
-11799708.81,4654430.04,2166.94
-11799710.26,4654429.33,2166.73
-11799711.83,4654428.61,2167.82
-11799713.19,4654427.94,2166.36
-11799714.64,4654427.26,2166.19
-11799716.09,4654426.5600000005,2165.99
-11799717.540000001,4654425.87,2165.67
-11799718.81,4654425.21,2162.88
-11799720.28,4654424.5200000005,2162.8
-11799721.74,4654423.8100000005,2162.63
-11799723.22,4654423.13,2162.65
-11799724.700000001,4654422.39,2162.67
-11799726.52,4654421.62,2167.15
-11799726.41,4654421.64,2165.4
-11799726.22,4654421.7,2162.69
-11799728.01,4654420.91,2167.23
-11799727.92,4654420.93,2165.92
-11799727.69,4654421.0,2162.67
-11799729.14,4654420.3,2162.72
-11799730.61,4654419.600000001,2162.76
-11799732.1,4654418.89,2162.78
-11799733.6,4654418.18,2162.81
-11799735.09,4654417.47,2162.84
-11799736.55,4654416.79,2162.9
-11799736.290000001,4654419.0600000005,2162.88
-11799734.82,4654419.7700000005,2162.85
-11799733.370000001,4654420.48,2162.81
-11799731.88,4654421.19,2162.78
-11799730.4,4654421.89,2162.79
-11799729.23,4654422.5,2167.1
-11799729.14,4654422.54,2165.84
-11799728.92,4654422.59,2162.74
-11799727.77,4654423.2,2167.21
-11799726.27,4654423.93,2166.55
-11799726.0,4654423.98,2162.73
-11799724.51,4654424.69,2162.69
-11799723.05,4654425.4,2162.67
-11799721.59,4654426.11,2162.86
-11799720.1,4654426.8100000005,2162.9
-11799718.64,4654427.51,2162.88
-11799717.370000001,4654428.17,2165.54
-11799717.17,4654428.22,2162.92
-11799715.92,4654428.86,2165.67
-11799714.46,4654429.5600000005,2165.86
-11799713.01,4654430.26,2166.05
-11799711.58,4654430.95,2166.27
-11799710.16,4654431.63,2166.57
-11799708.73,4654432.32,2166.86
-11799707.26,4654433.03,2167.09
-11799705.76,4654433.74,2167.17
-11799704.3,4654434.45,2167.03
-11799702.85,4654435.13,2167.11
-11799701.36,4654435.84,2166.84
-11799699.84,4654436.58,2166.54
-11799698.33,4654437.29,2166.26
-11799696.84,4654437.99,2165.97
-11799695.35,4654438.7,2165.63
-11799695.200000001,4654438.74,2163.88
-11799695.07,4654438.8,2162.5
-11799693.6,4654439.49,2162.54
-11799692.41,4654440.11,2165.76
-11799690.92,4654440.82,2165.67
-11799690.6,4654440.92,2162.19
-11799689.14,4654441.63,2162.17
-11799687.67,4654442.33,2162.19
-11799686.26,4654443.01,2162.85
-11799684.81,4654443.72,2163.13
-11799683.4,4654444.4,2163.8
-11799683.23,4654444.45,2162.13
-11799681.77,4654445.13,2162.17
-11799680.31,4654445.84,2162.19
-11799678.8,4654446.58,2162.15
-11799677.290000001,4654447.3,2162.1
-11799675.83,4654447.98,2162.05
-11799674.38,4654448.69,2162.04
-11799672.9,4654449.39,2162.15
-11799671.39,4654450.11,2162.05
-11799669.89,4654450.83,2162.04
-11799668.42,4654451.54,2162.0
-11799666.96,4654452.23,2161.94
-11799665.48,4654452.94,2161.94
-11799664.01,4654453.65,2161.94
-11799662.540000001,4654454.350000001,2161.96
-11799661.200000001,4654455.0200000005,2163.42
-11799661.040000001,4654455.07,2161.94
-11799659.69,4654455.72,2163.13
-11799659.55,4654455.78,2161.9
-11799658.25,4654456.42,2163.38
-11799658.08,4654456.49,2161.86
-11799656.63,4654457.17,2161.96
-11799655.14,4654457.88,2161.92
-11799655.44,4654457.98,2176.88
-11799655.22,4654458.0600000005,2175.04
-11799654.85,4654458.17,2171.94
-11799654.1,4654458.63,2177.88
-11799653.98,4654458.67,2176.79
-11799652.620000001,4654459.34,2177.67
-11799651.28,4654460.0,2179.05
-11799651.17,4654460.04,2178.05
-11799649.18,4654460.72,2161.77
-11799647.67,4654461.46,2161.81
-11799646.21,4654462.14,2161.81
-11799644.75,4654462.850000001,2161.79
-11799643.25,4654463.5600000005,2161.78
-11799641.76,4654464.28,2161.73
-11799640.26,4654464.99,2161.72
-11799638.78,4654465.7,2161.71
-11799637.3,4654466.41,2161.71
-11799635.82,4654467.12,2161.71
-11799634.36,4654467.82,2161.73
-11799632.88,4654468.53,2161.75
-11799631.38,4654469.24,2161.77
-11799629.9,4654469.96,2161.73
-11799628.41,4654470.67,2161.67
-11799626.92,4654471.38,2161.61
-11799625.42,4654472.09,2161.53
-11799623.91,4654472.8100000005,2161.47
-11799624.950000001,4654473.49,2161.46
-11799626.44,4654472.8100000005,2161.54
-11799627.950000001,4654472.09,2161.61
-11799629.48,4654471.350000001,2161.65
-11799630.98,4654470.64,2161.73
-11799632.46,4654469.93,2161.76
-11799633.94,4654469.23,2161.77
-11799635.4,4654468.54,2161.74
-11799636.88,4654467.83,2161.73
-11799638.38,4654467.13,2161.71
-11799639.86,4654466.42,2161.71
-11799641.36,4654465.71,2161.71
-11799642.870000001,4654464.99,2161.74
-11799644.370000001,4654464.28,2161.77
-11799645.84,4654463.58,2161.78
-11799647.76,4654462.71,2165.27
-11799647.33,4654462.87,2161.8
-11799649.17,4654462.03,2164.69
-11799648.83,4654462.16,2161.84
-11799652.73,4654460.600000001,2181.77
-11799652.55,4654460.66,2180.29
-11799652.36,4654460.73,2178.79
-11799654.0,4654459.97,2180.15
-11799655.120000001,4654459.38,2177.11
-11799654.05,4654459.76,2168.08
-11799656.39,4654458.76,2175.21
-11799656.0,4654458.88,2171.9
-11799656.3,4654458.61,2161.96
-11799657.76,4654457.9,2161.94
-11799659.25,4654457.19,2161.97
-11799660.73,4654456.48,2161.97
-11799662.370000001,4654455.75,2163.33
-11799662.21,4654455.8,2161.9
-11799663.71,4654455.09,2161.96
-11799665.18,4654454.38,2161.96
-11799666.67,4654453.67,2161.96
-11799668.15,4654452.96,2161.98
-11799669.64,4654452.2700000005,2162.01
-11799671.14,4654451.55,2162.08
-11799672.61,4654450.850000001,2162.06
-11799674.1,4654450.14,2162.1
-11799675.6,4654449.42,2162.04
-11799677.09,4654448.71,2162.07
-11799678.55,4654448.03,2162.13
-11799680.05,4654447.29,2162.17
-11799681.6,4654446.59,2162.76
-11799683.08,4654445.88,2162.86
-11799684.57,4654445.16,2162.88
-11799686.06,4654444.47,2163.1
-11799687.52,4654443.76,2162.94
-11799689.26,4654442.98,2165.67
-11799689.07,4654443.03,2163.61
-11799690.8,4654442.25,2165.94
-11799692.31,4654441.53,2166.21
-11799693.72,4654440.86,2165.69
-11799694.89,4654440.26,2162.65
-11799696.67,4654439.46,2165.65
-11799696.4,4654439.53,2162.67
-11799698.200000001,4654438.71,2166.02
-11799699.68,4654438.04,2166.38
-11799701.15,4654437.33,2166.75
-11799702.69,4654436.61,2166.99
-11799704.17,4654435.9,2167.17
-11799705.64,4654435.21,2167.06
-11799707.1,4654434.5,2166.88
-11799708.53,4654433.83,2166.69
-11799709.99,4654433.12,2166.5
-11799711.450000001,4654432.42,2166.29
-11799712.92,4654431.73,2166.13
-11799714.36,4654431.03,2165.79
-11799715.83,4654430.34,2165.53
-11799715.65,4654430.39,2163.24
-11799717.1,4654429.68,2162.88
-11799718.57,4654428.97,2162.88
-11799720.06,4654428.26,2162.9
-11799721.53,4654427.58,2162.9
-11799723.0,4654426.87,2162.86
-11799724.46,4654426.18,2162.69
-11799725.94,4654425.47,2162.73
-11799727.42,4654424.76,2162.74
-11799728.89,4654424.08,2162.78
-11799730.35,4654423.38,2162.79
-11799731.83,4654422.67,2162.8
-11799733.33,4654421.96,2162.8
-11799734.81,4654421.26,2162.84
-11799736.27,4654420.55,2162.9
-11799736.32,4654422.62,2162.88
-11799734.870000001,4654423.32,2162.86
-11799733.39,4654424.03,2162.82
-11799731.93,4654424.74,2162.82
-11799730.450000001,4654425.42,2162.81
-11799728.99,4654426.14,2162.79
-11799727.52,4654426.84,2162.76
-11799726.06,4654427.54,2162.73
-11799724.58,4654428.25,2162.86
-11799723.1,4654428.96,2162.92
-11799721.64,4654429.66,2162.92
-11799720.16,4654430.38,2162.88
-11799718.67,4654431.09,2162.88
-11799717.19,4654431.8,2162.9
-11799715.72,4654432.48,2162.92
-11799714.46,4654433.13,2165.6
-11799714.3,4654433.19,2163.56
-11799713.03,4654433.83,2165.78
-11799711.58,4654434.53,2165.98
-11799710.16,4654435.21,2166.17
-11799708.68,4654435.92,2166.34
-11799707.22,4654436.62,2166.51
-11799705.790000001,4654437.32,2166.71
-11799704.32,4654438.0,2166.9
-11799702.84,4654438.74,2166.75
-11799701.34,4654439.45,2166.36
-11799699.81,4654440.17,2166.01
-11799698.33,4654440.88,2165.63
-11799698.06,4654440.96,2162.69
-11799696.6,4654441.65,2162.63
-11799695.42,4654442.2700000005,2165.69
-11799695.15,4654442.36,2162.65
-11799693.98,4654442.96,2166.23
-11799692.51,4654443.67,2166.61
-11799691.02,4654444.38,2166.36
-11799689.52,4654445.100000001,2165.96
-11799688.040000001,4654445.8100000005,2165.84
-11799686.56,4654446.51,2165.72
-11799685.11,4654447.21,2165.76
-11799684.82,4654447.29,2162.86
-11799683.370000001,4654448.0,2162.86
-11799681.91,4654448.7,2162.86
-11799680.4,4654449.42,2162.84
-11799678.84,4654450.14,2162.11
-11799677.39,4654450.850000001,2162.09
-11799675.92,4654451.5600000005,2162.04
-11799674.43,4654452.2700000005,2162.07
-11799672.93,4654452.98,2162.06
-11799671.44,4654453.7,2162.04
-11799669.96,4654454.41,2162.01
-11799668.5,4654455.12,2161.98
-11799667.02,4654455.82,2161.99
-11799665.540000001,4654456.53,2161.99
-11799664.06,4654457.24,2161.98
-11799662.59,4654457.95,2161.99
-11799661.13,4654458.64,2161.99
-11799659.64,4654459.350000001,2161.99
-11799658.17,4654460.0600000005,2162.0
-11799656.67,4654460.78,2162.0
-11799655.93,4654461.23,2168.25
-11799655.19,4654461.49,2162.0
-11799655.41,4654461.59,2176.04
-11799655.21,4654461.66,2174.3
-11799654.700000001,4654461.83,2170.01
-11799654.42,4654461.94,2167.72
-11799654.51,4654462.09,2180.69
-11799653.73,4654462.37,2174.21
-11799653.33,4654462.69,2183.11
-11799653.13,4654462.76,2181.36
-11799651.290000001,4654463.42,2166.3
-11799650.76,4654463.78,2173.99
-11799649.950000001,4654464.08,2167.4
-11799649.35,4654464.45,2174.55
-11799648.24,4654464.86,2165.57
-11799647.790000001,4654465.04,2161.77
-11799647.88,4654465.18,2174.33
-11799647.64,4654465.26,2172.44
-11799644.83,4654466.45,2161.81
-11799643.31,4654467.17,2161.76
-11799641.81,4654467.88,2161.75
-11799640.34,4654468.59,2161.75
-11799638.870000001,4654469.3,2161.76
-11799637.39,4654470.01,2161.77
-11799635.89,4654470.73,2161.76
-11799634.41,4654471.44,2161.77
-11799632.950000001,4654472.12,2161.75
-11799631.46,4654472.86,2161.69
-11799629.94,4654473.58,2161.65
-11799628.46,4654474.29,2161.58
-11799626.99,4654475.0,2161.52
-11799625.51,4654475.69,2161.48
-11799624.03,4654476.39,2161.53
-11799624.8,4654477.2,2161.53
-11799626.3,4654476.46,2161.48
-11799627.790000001,4654475.76,2161.52
-11799629.26,4654475.07,2161.57
-11799630.75,4654474.36,2161.67
-11799632.27,4654473.64,2161.69
-11799633.78,4654472.91,2161.75
-11799635.28,4654472.2,2161.78
-11799636.77,4654471.49,2161.8
-11799638.27,4654470.78,2161.78
-11799639.76,4654470.09,2161.78
-11799641.26,4654469.350000001,2161.76
-11799642.73,4654468.67,2161.74
-11799644.19,4654467.97,2161.76
-11799647.92,4654466.46,2179.65
-11799649.11,4654465.850000001,2177.23
-11799648.72,4654465.99,2174.05
-11799648.49,4654466.07,2172.21
-11799648.23,4654466.16,2170.19
-11799650.74,4654465.08,2178.4
-11799650.41,4654465.2,2175.69
-11799651.64,4654464.600000001,2173.8
-11799651.38,4654464.69,2171.69
-11799651.26,4654464.73,2170.63
-11799650.81,4654464.87,2166.98
-11799653.71,4654463.66,2178.78
-11799652.16,4654464.22,2165.92
-11799652.03,4654464.2700000005,2164.84
-11799651.75,4654464.38,2162.6
-11799655.15,4654462.99,2178.52
-11799655.03,4654463.03,2177.56
-11799653.290000001,4654463.65,2162.99
-11799655.23,4654462.79,2166.85
-11799654.66,4654462.99,2161.98
-11799656.16,4654462.28,2162.01
-11799657.65,4654461.57,2161.99
-11799659.13,4654460.86,2161.97
-11799660.59,4654460.16,2161.98
-11799662.08,4654459.46,2161.99
-11799663.58,4654458.73,2161.98
-11799665.05,4654458.04,2161.98
-11799666.53,4654457.33,2162.02
-11799668.03,4654456.62,2161.98
-11799669.51,4654455.9,2162.0
-11799671.0,4654455.19,2162.01
-11799672.49,4654454.48,2162.02
-11799673.97,4654453.7700000005,2162.02
-11799675.700000001,4654453.0,2164.35
-11799675.46,4654453.0600000005,2162.07
-11799676.97,4654452.37,2162.06
-11799678.43,4654451.66,2162.1
-11799679.88,4654450.98,2162.11
-11799681.46,4654450.22,2162.84
-11799682.96,4654449.51,2162.86
-11799684.72,4654448.72,2165.67
-11799684.44,4654448.8,2162.85
-11799686.200000001,4654448.0200000005,2165.84
-11799687.66,4654447.3100000005,2165.92
-11799689.16,4654446.61,2166.04
-11799690.66,4654445.9,2166.15
-11799692.14,4654445.19,2166.33
-11799693.76,4654444.44,2167.58
-11799693.620000001,4654444.48,2166.11
-11799695.05,4654443.8,2165.82
-11799696.5,4654443.100000001,2165.52
-11799696.21,4654443.19,2162.36
-11799697.72,4654442.47,2162.63
-11799699.46,4654441.68,2165.65
-11799699.19,4654441.78,2162.69
-11799700.96,4654440.98,2165.97
-11799702.47,4654440.2700000005,2166.36
-11799703.97,4654439.5600000005,2166.75
-11799705.47,4654438.84,2166.76
-11799706.94,4654438.13,2166.42
-11799708.38,4654437.45,2166.15
-11799709.83,4654436.76,2165.97
-11799711.290000001,4654436.05,2165.8
-11799712.75,4654435.350000001,2165.57
-11799712.59,4654435.4,2163.51
-11799714.01,4654434.72,2162.96
-11799715.48,4654434.0200000005,2162.88
-11799716.94,4654433.33,2162.92
-11799718.42,4654432.600000001,2162.9
-11799719.88,4654431.92,2162.88
-11799721.35,4654431.23,2162.88
-11799722.85,4654430.5200000005,2162.9
-11799724.33,4654429.8100000005,2162.9
-11799725.8,4654429.100000001,2162.84
-11799727.26,4654428.4,2162.77
-11799728.75,4654427.68,2162.78
-11799730.22,4654427.0,2162.82
-11799731.69,4654426.29,2162.84
-11799733.18,4654425.58,2162.86
-11799734.67,4654424.87,2162.86
-11799736.15,4654424.16,2162.88
-11799736.25,4654426.34,2162.94
-11799734.78,4654427.05,2162.9
-11799733.32,4654427.75,2162.86
-11799731.85,4654428.46,2162.86
-11799730.36,4654429.17,2162.86
-11799728.89,4654429.87,2162.82
-11799727.41,4654430.58,2162.86
-11799725.950000001,4654431.29,2162.9
-11799724.46,4654432.01,2162.92
-11799722.99,4654432.71,2162.88
-11799721.55,4654433.4,2162.88
-11799720.09,4654434.09,2162.9
-11799718.63,4654434.79,2162.92
-11799717.18,4654435.5,2162.92
-11799715.700000001,4654436.21,2162.9
-11799714.24,4654436.92,2162.9
-11799712.76,4654437.62,2162.9
-11799711.51,4654438.2700000005,2165.65
-11799710.040000001,4654438.98,2166.07
-11799708.6,4654439.66,2166.42
-11799707.17,4654440.36,2166.79
-11799705.71,4654441.0600000005,2166.75
-11799704.19,4654441.79,2166.34
-11799702.66,4654442.51,2165.96
-11799701.19,4654443.22,2165.65
-11799700.92,4654443.3,2162.67
-11799699.49,4654443.98,2162.67
-11799698.0,4654444.69,2162.36
-11799696.51,4654445.41,2162.38
-11799695.61,4654445.95,2169.07
-11799695.36,4654446.03,2166.33
-11799694.1,4654446.65,2168.61
-11799692.6,4654447.38,2168.1
-11799691.22,4654448.05,2169.01
-11799691.09,4654448.09,2167.72
-11799690.97,4654448.14,2166.38
-11799689.49,4654448.850000001,2166.31
-11799688.0,4654449.55,2166.17
-11799686.53,4654450.26,2166.07
-11799685.040000001,4654450.97,2165.97
-11799683.55,4654451.68,2165.8
-11799681.9,4654452.44,2163.83
-11799681.74,4654452.51,2162.22
-11799680.25,4654453.22,2162.13
-11799678.78,4654453.93,2162.3
-11799677.53,4654454.55,2164.4
-11799677.32,4654454.62,2162.36
-11799676.03,4654455.26,2164.06
-11799675.82,4654455.34,2162.04
-11799674.32,4654456.0600000005,2162.04
-11799672.83,4654456.7700000005,2162.02
-11799671.370000001,4654457.47,2162.02
-11799669.93,4654458.16,2162.04
-11799668.46,4654458.87,2162.04
-11799666.97,4654459.57,2162.02
-11799665.49,4654460.28,2162.0
-11799664.0,4654461.01,2161.99
-11799662.51,4654461.72,2162.0
-11799661.01,4654462.44,2161.98
-11799659.53,4654463.15,2161.99
-11799658.07,4654463.86,2162.01
-11799656.59,4654464.57,2162.0
-11799655.11,4654465.28,2161.99
-11799653.620000001,4654465.98,2161.94
-11799652.48,4654466.5600000005,2164.74
-11799652.16,4654466.69,2162.03
-11799651.86,4654466.98,2171.74
-11799651.66,4654467.04,2170.21
-11799650.96,4654467.3,2164.4
-11799650.64,4654467.59,2173.63
-11799650.200000001,4654467.74,2170.1
-11799649.96,4654467.82,2168.13
-11799650.08,4654467.96,2180.94
-11799649.91,4654468.03,2179.67
-11799649.34,4654468.22,2175.06
-11799648.77,4654468.42,2170.36
-11799648.67,4654468.63,2181.71
-11799644.71,4654470.26,2161.79
-11799643.25,4654470.96,2161.8
-11799641.77,4654471.68,2161.81
-11799640.3,4654472.36,2161.81
-11799638.81,4654473.100000001,2161.81
-11799637.31,4654473.82,2161.8
-11799635.82,4654474.53,2161.77
-11799634.33,4654475.24,2161.75
-11799632.86,4654475.94,2161.69
-11799631.36,4654476.67,2161.61
-11799629.86,4654477.39,2161.57
-11799628.34,4654478.100000001,2161.54
-11799626.89,4654478.8100000005,2161.56
-11799625.41,4654479.51,2161.52
-11799624.28,4654481.350000001,2161.58
-11799625.78,4654480.64,2161.52
-11799627.28,4654479.93,2161.55
-11799628.76,4654479.22,2161.56
-11799630.27,4654478.51,2161.58
-11799631.77,4654477.79,2161.58
-11799633.27,4654477.08,2161.65
-11799634.78,4654476.36,2161.71
-11799636.27,4654475.65,2161.76
-11799637.74,4654474.94,2161.8
-11799639.23,4654474.23,2161.81
-11799640.76,4654473.51,2161.82
-11799642.26,4654472.79,2161.82
-11799643.71,4654472.09,2161.8
-11799647.35,4654470.61,2179.09
-11799645.19,4654471.4,2161.8
-11799648.5,4654470.0200000005,2176.54
-11799649.55,4654469.47,2173.04
-11799649.23,4654469.59,2170.5
-11799648.99,4654469.68,2168.48
-11799648.86,4654469.7,2167.47
-11799650.92,4654468.8100000005,2172.25
-11799650.68,4654468.88,2170.29
-11799651.700000001,4654468.350000001,2166.61
-11799651.31,4654468.5,2163.46
-11799653.1,4654467.67,2165.9
-11799654.540000001,4654466.99,2165.07
-11799655.66,4654466.41,2161.96
-11799657.120000001,4654465.7,2162.0
-11799658.59,4654464.99,2162.0
-11799660.09,4654464.29,2161.99
-11799661.59,4654463.58,2162.01
-11799663.06,4654462.87,2161.98
-11799664.55,4654462.16,2161.99
-11799666.02,4654461.46,2162.01
-11799667.51,4654460.76,2162.05
-11799669.0,4654460.05,2162.07
-11799670.49,4654459.3100000005,2162.07
-11799671.97,4654458.600000001,2162.0
-11799673.44,4654457.92,2162.03
-11799674.94,4654457.21,2162.04
-11799676.82,4654456.36,2165.63
-11799676.63,4654456.41,2163.88
-11799676.44,4654456.49,2162.05
-11799678.22,4654455.68,2164.8
-11799677.93,4654455.78,2162.07
-11799679.66,4654454.99,2164.69
-11799679.39,4654455.09,2162.08
-11799680.99,4654454.34,2163.24
-11799682.39,4654453.66,2162.24
-11799684.200000001,4654452.84,2165.73
-11799683.85,4654452.96,2162.25
-11799685.700000001,4654452.12,2166.01
-11799685.41,4654452.22,2163.08
-11799687.19,4654451.42,2166.13
-11799689.24,4654450.5,2172.19
-11799688.66,4654450.71,2166.34
-11799690.58,4654449.850000001,2170.8
-11799691.94,4654449.19,2169.36
-11799693.38,4654448.48,2168.88
-11799694.89,4654447.7700000005,2169.4
-11799696.42,4654447.07,2169.92
-11799697.55,4654446.46,2166.13
-11799697.200000001,4654446.57,2162.42
-11799698.66,4654445.89,2162.4
-11799700.16,4654445.18,2162.61
-11799701.65,4654444.47,2162.69
-11799703.38,4654443.69,2165.82
-11799704.88,4654442.98,2166.19
-11799706.4,4654442.25,2166.57
-11799707.89,4654441.54,2166.72
-11799709.36,4654440.83,2166.54
-11799710.82,4654440.14,2166.17
-11799712.26,4654439.45,2165.81
-11799713.71,4654438.75,2165.48
-11799713.5,4654438.8100000005,2162.9
-11799714.98,4654438.12,2162.88
-11799716.46,4654437.41,2162.88
-11799717.950000001,4654436.7,2162.9
-11799719.41,4654435.99,2162.92
-11799720.870000001,4654435.3,2162.92
-11799722.370000001,4654434.57,2162.86
-11799723.83,4654433.89,2162.86
-11799725.27,4654433.2,2162.9
-11799726.74,4654432.5,2162.92
-11799728.22,4654431.79,2162.92
-11799729.69,4654431.08,2162.84
-11799731.18,4654430.37,2162.88
-11799732.65,4654429.68,2162.88
-11799734.120000001,4654428.97,2162.9
-11799735.620000001,4654428.25,2162.92
-11799736.13,4654430.24,2162.86
-11799734.81,4654430.9,2164.92
-11799734.67,4654430.94,2162.88
-11799733.36,4654431.59,2165.26
-11799733.200000001,4654431.65,2162.9
-11799731.73,4654432.36,2162.88
-11799730.27,4654433.0600000005,2162.92
-11799728.81,4654433.76,2162.94
-11799727.31,4654434.48,2162.92
-11799725.84,4654435.19,2162.86
-11799724.38,4654435.89,2162.85
-11799722.94,4654436.57,2162.88
-11799721.49,4654437.28,2162.92
-11799719.97,4654438.01,2162.9
-11799718.48,4654438.73,2162.9
-11799717.02,4654439.43,2162.9
-11799715.57,4654440.12,2162.9
-11799714.3,4654440.7700000005,2165.54
-11799714.09,4654440.83,2162.86
-11799712.88,4654441.46,2165.69
-11799711.39,4654442.17,2165.9
-11799709.950000001,4654442.88,2166.1
-11799708.51,4654443.5600000005,2166.27
-11799707.05,4654444.2700000005,2166.28
-11799705.55,4654444.99,2165.88
-11799703.77,4654445.79,2162.72
-11799702.3,4654446.5,2162.67
-11799700.82,4654447.21,2162.44
-11799699.34,4654447.92,2162.44
-11799698.69,4654448.36,2171.59
-11799698.21,4654448.5200000005,2166.26
-11799697.86,4654448.64,2162.44
-11799697.19,4654449.08,2171.11
-11799695.68,4654449.79,2170.63
-11799694.18,4654450.5,2170.09
-11799692.74,4654451.21,2170.44
-11799691.41,4654451.86,2171.86
-11799689.91,4654452.59,2171.73
-11799688.3,4654453.33,2170.06
-11799686.75,4654454.0600000005,2168.75
-11799686.44,4654454.16,2165.75
-11799684.61,4654454.99,2162.34
-11799683.11,4654455.73,2162.3
-11799681.85,4654456.350000001,2164.74
-11799681.69,4654456.41,2163.01
-11799680.41,4654457.0600000005,2164.94
-11799680.11,4654457.16,2162.13
-11799678.96,4654457.76,2164.92
-11799678.67,4654457.84,2162.09
-11799677.48,4654458.47,2164.86
-11799677.200000001,4654458.55,2162.11
-11799675.99,4654459.19,2164.8
-11799675.71,4654459.28,2162.1
-11799674.51,4654459.9,2164.79
-11799674.22,4654459.99,2162.09
-11799673.09,4654460.57,2165.33
-11799672.73,4654460.71,2162.1
-11799671.27,4654461.42,2162.19
-11799669.82,4654462.100000001,2162.09
-11799668.35,4654462.8100000005,2162.05
-11799666.85,4654463.5200000005,2162.04
-11799665.36,4654464.25,2162.05
-11799663.86,4654464.98,2162.04
-11799662.4,4654465.67,2162.03
-11799660.92,4654466.37,2161.99
-11799659.42,4654467.11,2162.0
-11799657.93,4654467.82,2161.98
-11799656.46,4654468.53,2161.96
-11799655.44,4654469.07,2165.73
-11799655.63,4654469.17,2179.63
-11799654.09,4654469.74,2166.9
-11799654.55,4654469.73,2182.67
-11799654.34,4654469.8,2180.94
-11799653.23,4654470.37,2183.76
-11799651.41,4654471.05,2168.85
-11799651.13,4654471.15,2166.56
-11799650.91,4654471.23,2164.67
-11799649.83,4654471.8,2167.81
-11799649.42,4654471.94,2164.58
-11799649.08,4654472.07,2161.81
-11799647.6,4654472.78,2161.84
-11799646.09,4654473.5,2161.84
-11799644.64,4654474.21,2161.83
-11799643.19,4654474.9,2161.85
-11799641.72,4654475.600000001,2161.84
-11799640.22,4654476.3100000005,2161.83
-11799638.72,4654477.05,2161.79
-11799637.25,4654477.76,2161.75
-11799635.74,4654478.49,2161.69
-11799634.27,4654479.19,2161.63
-11799632.790000001,4654479.89,2161.61
-11799631.28,4654480.63,2161.59
-11799629.790000001,4654481.34,2161.59
-11799628.290000001,4654482.0600000005,2161.58
-11799626.8,4654482.7700000005,2161.58
-11799625.34,4654483.48,2161.67
-11799625.39,4654484.78,2161.44
-11799626.91,4654484.05,2161.53
-11799628.42,4654483.34,2161.54
-11799629.92,4654482.62,2161.51
-11799631.4,4654481.91,2161.6
-11799632.870000001,4654481.2,2161.61
-11799634.36,4654480.49,2161.61
-11799635.85,4654479.78,2161.65
-11799637.34,4654479.08,2161.71
-11799638.88,4654478.350000001,2161.77
-11799640.370000001,4654477.63,2161.81
-11799641.85,4654476.94,2161.85
-11799643.32,4654476.23,2161.86
-11799644.81,4654475.5200000005,2161.86
-11799646.28,4654474.8100000005,2161.86
-11799647.78,4654474.09,2161.84
-11799651.53,4654472.53,2180.11
-11799649.28,4654473.38,2161.82
-11799653.17,4654471.7700000005,2181.61
-11799652.9,4654471.88,2179.42
-11799654.89,4654470.97,2183.72
-11799655.86,4654470.46,2179.42
-11799655.55,4654470.58,2176.82
-11799657.22,4654469.8100000005,2178.58
-11799656.32,4654470.14,2171.08
-11799655.65,4654470.37,2165.42
-11799656.99,4654469.72,2164.1
-11799656.76,4654469.8100000005,2162.17
-11799658.23,4654469.100000001,2161.98
-11799659.700000001,4654468.41,2161.97
-11799661.19,4654467.7,2162.0
-11799662.65,4654466.99,2162.02
-11799664.13,4654466.28,2162.06
-11799665.620000001,4654465.5600000005,2162.08
-11799667.08,4654464.88,2162.1
-11799668.56,4654464.18,2162.1
-11799670.120000001,4654463.43,2162.48
-11799671.86,4654462.63,2164.67
-11799671.66,4654462.7,2162.8
-11799673.36,4654461.9,2164.78
-11799673.07,4654462.0200000005,2162.03
-11799674.870000001,4654461.19,2164.86
-11799674.56,4654461.29,2162.1
-11799676.33,4654460.48,2164.92
-11799676.03,4654460.59,2162.11
-11799677.8,4654459.7700000005,2164.97
-11799677.51,4654459.88,2162.13
-11799679.290000001,4654459.08,2165.01
-11799679.0,4654459.17,2162.11
-11799680.77,4654458.38,2165.06
-11799682.26,4654457.67,2165.33
-11799683.5,4654457.03,2162.51
-11799685.0,4654456.32,2162.63
-11799686.43,4654455.64,2162.4
-11799688.540000001,4654454.72,2169.06
-11799687.88,4654454.94,2162.34
-11799690.16,4654453.97,2170.69
-11799691.78,4654453.21,2172.34
-11799693.15,4654452.54,2171.29
-11799694.620000001,4654451.83,2170.86
-11799696.17,4654451.11,2171.36
-11799697.63,4654450.41,2171.65
-11799699.05,4654449.7,2171.3
-11799699.72,4654449.2700000005,2162.42
-11799701.21,4654448.58,2162.5
-11799702.71,4654447.84,2162.6
-11799704.21,4654447.13,2162.72
-11799705.93,4654446.36,2165.65
-11799705.68,4654446.43,2162.65
-11799707.42,4654445.65,2166.03
-11799708.9,4654444.94,2166.0
-11799710.370000001,4654444.23,2165.79
-11799711.82,4654443.55,2165.58
-11799711.66,4654443.58,2163.77
-11799713.13,4654442.89,2163.73
-11799714.56,4654442.2,2162.85
-11799716.040000001,4654441.49,2162.86
-11799717.51,4654440.78,2162.88
-11799719.31,4654439.97,2167.06
-11799719.0,4654440.07,2162.82
-11799720.65,4654439.3100000005,2165.15
-11799720.48,4654439.37,2162.9
-11799721.94,4654438.66,2162.86
-11799723.46,4654437.95,2162.88
-11799724.9,4654437.24,2162.83
-11799726.34,4654436.57,2162.83
-11799727.83,4654435.850000001,2162.86
-11799729.31,4654435.14,2162.9
-11799730.77,4654434.44,2162.86
-11799732.26,4654433.74,2162.86
-11799733.950000001,4654432.96,2166.19
-11799733.870000001,4654432.97,2165.04
-11799733.72,4654433.03,2162.8
-11799735.4,4654432.26,2165.92
-11799736.68,4654431.61,2162.82
-11799735.77,4654434.36,2162.79
-11799734.28,4654435.07,2162.88
-11799732.82,4654435.7700000005,2162.86
-11799731.36,4654436.48,2162.88
-11799729.9,4654437.19,2162.84
-11799728.44,4654437.89,2162.83
-11799726.97,4654438.600000001,2162.81
-11799725.5,4654439.3,2162.86
-11799724.05,4654440.01,2162.81
-11799722.57,4654440.71,2162.86
-11799721.09,4654441.42,2162.86
-11799719.64,4654442.13,2162.86
-11799718.16,4654442.84,2162.85
-11799716.67,4654443.5600000005,2162.84
-11799715.64,4654444.12,2168.06
-11799715.41,4654444.18,2165.19
-11799715.22,4654444.26,2162.85
-11799714.17,4654444.83,2167.98
-11799714.040000001,4654444.87,2166.44
-11799713.94,4654444.9,2165.08
-11799713.75,4654444.95,2162.82
-11799712.57,4654445.58,2166.53
-11799712.25,4654445.69,2162.79
-11799711.27,4654446.24,2168.6
-11799711.18,4654446.26,2167.6
-11799711.08,4654446.29,2166.34
-11799710.98,4654446.32,2165.08
-11799709.58,4654447.01,2165.76
-11799709.42,4654447.0600000005,2163.81
-11799708.1,4654447.72,2165.71
-11799706.35,4654448.5200000005,2162.74
-11799704.89,4654449.22,2162.65
-11799703.42,4654449.93,2162.54
-11799701.97,4654450.63,2162.75
-11799701.13,4654451.13,2169.67
-11799699.700000001,4654451.83,2170.09
-11799698.28,4654452.5200000005,2170.53
-11799696.85,4654453.2,2171.0
-11799695.44,4654453.89,2171.49
-11799694.24,4654454.51,2174.13
-11799694.06,4654454.57,2172.35
-11799692.47,4654455.32,2171.13
-11799690.82,4654456.09,2169.5
-11799688.67,4654457.04,2162.4
-11799687.200000001,4654457.75,2162.38
-11799685.77,4654458.43,2162.63
-11799684.6,4654459.03,2165.6
-11799683.1,4654459.75,2165.59
-11799681.63,4654460.46,2165.55
-11799680.200000001,4654461.16,2165.55
-11799678.67,4654461.89,2165.11
-11799678.35,4654462.0,2162.13
-11799677.15,4654462.61,2165.11
-11799676.88,4654462.72,2162.52
-11799675.71,4654463.32,2165.52
-11799674.25,4654464.0200000005,2165.5
-11799672.78,4654464.72,2165.3
-11799671.26,4654465.45,2164.94
-11799669.75,4654466.16,2164.76
-11799669.46,4654466.2700000005,2162.11
-11799667.96,4654467.01,2162.13
-11799666.5,4654467.69,2162.1
-11799665.040000001,4654468.4,2162.09
-11799663.55,4654469.11,2162.08
-11799662.09,4654469.83,2162.05
-11799660.6,4654470.54,2162.02
-11799659.13,4654471.25,2162.0
-11799658.040000001,4654471.82,2165.15
-11799657.28,4654472.2700000005,2171.35
-11799656.88,4654472.41,2167.98
-11799656.67,4654472.49,2166.19
-11799655.68,4654473.03,2170.36
-11799655.290000001,4654473.16,2167.21
-11799655.18,4654473.37,2178.55
-11799654.98,4654473.43,2176.86
-11799654.24,4654473.86,2182.65
-11799653.89,4654474.01,2179.65
-11799652.36,4654474.73,2179.21
-11799650.22,4654475.54,2161.86
-11799648.75,4654476.25,2161.88
-11799647.290000001,4654476.95,2161.88
-11799645.78,4654477.68,2161.88
-11799644.290000001,4654478.38,2161.9
-11799642.82,4654479.09,2161.85
-11799641.34,4654479.8100000005,2161.83
-11799639.84,4654480.54,2161.75
-11799638.34,4654481.24,2161.72
-11799636.86,4654481.97,2161.63
-11799635.370000001,4654482.68,2161.63
-11799633.870000001,4654483.38,2161.63
-11799632.39,4654484.12,2161.61
-11799630.950000001,4654484.8,2161.82
-11799629.44,4654485.54,2161.54
-11799627.950000001,4654486.24,2161.51
-11799626.48,4654486.94,2161.46
-11799624.99,4654487.67,2161.47
-11799624.700000001,4654489.09,2161.47
-11799626.19,4654488.38,2161.53
-11799627.69,4654487.67,2161.44
-11799629.19,4654486.95,2161.47
-11799630.66,4654486.25,2161.61
-11799632.15,4654485.54,2161.69
-11799633.65,4654484.82,2161.65
-11799635.16,4654484.100000001,2161.63
-11799636.620000001,4654483.39,2161.61
-11799638.120000001,4654482.68,2161.63
-11799639.65,4654481.95,2161.72
-11799641.15,4654481.21,2161.77
-11799642.63,4654480.53,2161.8
-11799644.11,4654479.8,2161.86
-11799645.6,4654479.09,2161.9
-11799647.06,4654478.41,2161.9
-11799648.540000001,4654477.7,2161.88
-11799650.06,4654476.98,2161.86
-11799654.1,4654475.29,2182.61
-11799653.700000001,4654475.45,2179.22
-11799655.16,4654474.74,2179.5
-11799654.48,4654475.0,2173.86
-11799655.66,4654474.4,2171.54
-11799655.33,4654474.53,2168.84
-11799655.05,4654474.64,2166.46
-11799656.68,4654473.88,2167.47
-11799656.01,4654474.11,2161.88
-11799658.05,4654473.18,2166.61
-11799659.27,4654472.58,2164.54
-11799660.66,4654471.92,2163.9
-11799660.44,4654472.0,2162.04
-11799662.92,4654470.92,2170.49
-11799661.94,4654471.2700000005,2162.04
-11799663.450000001,4654470.5600000005,2162.09
-11799664.94,4654469.850000001,2162.1
-11799666.44,4654469.14,2162.11
-11799668.23,4654468.3100000005,2164.78
-11799667.92,4654468.42,2162.08
-11799669.700000001,4654467.61,2164.94
-11799671.200000001,4654466.88,2165.19
-11799672.74,4654466.16,2165.44
-11799674.23,4654465.45,2165.5
-11799675.69,4654464.74,2165.55
-11799677.17,4654464.04,2165.56
-11799678.58,4654463.34,2165.13
-11799678.34,4654463.45,2162.84
-11799680.07,4654462.63,2165.22
-11799681.61,4654461.92,2165.63
-11799683.07,4654461.2,2165.58
-11799684.540000001,4654460.49,2165.61
-11799686.040000001,4654459.78,2165.67
-11799687.22,4654459.18,2162.56
-11799688.68,4654458.47,2162.42
-11799690.15,4654457.79,2162.42
-11799692.32,4654456.83,2169.74
-11799693.96,4654456.07,2171.36
-11799695.5,4654455.350000001,2172.19
-11799696.84,4654454.68,2170.69
-11799698.25,4654453.98,2169.96
-11799699.68,4654453.3100000005,2169.51
-11799701.1,4654452.62,2169.08
-11799702.52,4654451.94,2168.61
-11799703.47,4654451.41,2162.54
-11799704.950000001,4654450.7,2162.58
-11799706.41,4654450.0,2162.71
-11799707.88,4654449.29,2162.74
-11799709.81,4654448.43,2167.77
-11799709.38,4654448.58,2162.75
-11799711.28,4654447.72,2167.57
-11799711.16,4654447.75,2166.19
-11799711.07,4654447.8,2165.09
-11799710.88,4654447.87,2162.74
-11799712.88,4654446.99,2169.0
-11799712.71,4654447.04,2166.99
-11799712.35,4654447.15,2162.8
-11799714.32,4654446.28,2168.88
-11799715.75,4654445.600000001,2168.42
-11799715.58,4654445.65,2166.48
-11799715.290000001,4654445.73,2162.82
-11799717.13,4654444.92,2167.4
-11799717.02,4654444.97,2166.0
-11799716.76,4654445.05,2162.77
-11799718.63,4654444.21,2167.55
-11799718.25,4654444.3100000005,2162.82
-11799719.71,4654443.63,2162.83
-11799721.18,4654442.92,2162.85
-11799722.66,4654442.23,2162.83
-11799724.13,4654441.5200000005,2162.84
-11799725.61,4654440.8100000005,2162.8
-11799727.07,4654440.100000001,2162.79
-11799728.55,4654439.39,2162.82
-11799730.05,4654438.68,2162.79
-11799731.540000001,4654437.96,2162.84
-11799733.0,4654437.25,2162.85
-11799734.44,4654436.58,2162.78
-11799735.91,4654435.88,2162.88
-11799735.52,4654438.44,2162.94
-11799734.03,4654439.17,2162.88
-11799732.56,4654439.87,2162.82
-11799731.08,4654440.58,2162.73
-11799729.61,4654441.29,2162.73
-11799728.15,4654442.0,2162.83
-11799726.69,4654442.71,2162.81
-11799725.23,4654443.4,2162.79
-11799723.76,4654444.11,2162.77
-11799722.32,4654444.82,2162.78
-11799720.83,4654445.5200000005,2162.8
-11799719.52,4654446.17,2165.15
-11799719.33,4654446.25,2162.76
-11799718.23,4654446.83,2167.19
-11799718.16,4654446.87,2166.36
-11799717.88,4654446.96,2162.75
-11799716.96,4654447.48,2169.54
-11799716.83,4654447.5200000005,2167.94
-11799716.64,4654447.59,2165.69
-11799715.370000001,4654448.23,2168.17
-11799713.82,4654448.98,2167.48
-11799712.53,4654449.61,2169.42
-11799712.34,4654449.66,2167.15
-11799710.92,4654450.37,2167.36
-11799710.86,4654450.4,2166.58
-11799710.540000001,4654450.49,2162.76
-11799709.07,4654451.2,2162.74
-11799707.57,4654451.93,2162.65
-11799706.09,4654452.64,2162.67
-11799704.91,4654453.24,2165.71
-11799704.64,4654453.34,2162.67
-11799703.620000001,4654453.9,2167.4
-11799703.46,4654453.95,2165.77
-11799702.17,4654454.61,2167.76
-11799700.72,4654455.3,2168.23
-11799699.4,4654455.96,2170.0
-11799698.09,4654456.61,2171.38
-11799696.72,4654457.28,2172.28
-11799695.09,4654458.03,2170.6
-11799693.46,4654458.79,2169.07
-11799692.84,4654459.0200000005,2162.48
-11799691.370000001,4654459.75,2162.46
-11799689.89,4654460.46,2162.46
-11799688.71,4654461.0600000005,2165.29
-11799688.450000001,4654461.14,2162.56
-11799687.25,4654461.7700000005,2165.38
-11799685.8,4654462.45,2165.6
-11799684.39,4654463.16,2166.35
-11799682.83,4654463.88,2165.72
-11799681.370000001,4654464.59,2165.65
-11799679.91,4654465.3,2165.65
-11799678.42,4654466.04,2165.61
-11799676.950000001,4654466.74,2165.57
-11799675.46,4654467.45,2165.52
-11799674.01,4654468.15,2165.53
-11799672.540000001,4654468.86,2165.44
-11799671.05,4654469.59,2165.42
-11799669.17,4654470.44,2162.11
-11799668.94,4654470.69,2173.04
-11799668.69,4654470.7700000005,2170.82
-11799668.41,4654470.88,2168.29
-11799667.72,4654471.15,2162.13
-11799667.52,4654471.39,2173.11
-11799667.25,4654471.48,2170.84
-11799666.28,4654471.850000001,2162.11
-11799666.07,4654472.08,2173.32
-11799664.8,4654472.5600000005,2162.1
-11799664.63,4654472.79,2173.5
-11799664.5,4654472.83,2172.4
-11799664.370000001,4654472.88,2171.28
-11799663.950000001,4654473.04,2167.65
-11799663.290000001,4654473.45,2174.67
-11799663.18,4654473.49,2173.71
-11799661.88,4654473.97,2162.58
-11799660.48,4654474.66,2163.34
-11799659.07,4654475.350000001,2163.81
-11799657.89,4654475.94,2166.29
-11799657.71,4654476.01,2164.79
-11799657.370000001,4654476.13,2161.92
-11799655.870000001,4654476.86,2161.9
-11799654.38,4654477.58,2161.88
-11799652.92,4654478.29,2161.9
-11799651.44,4654479.0,2161.9
-11799649.98,4654479.71,2161.92
-11799648.53,4654480.42,2161.92
-11799647.02,4654481.14,2161.92
-11799645.52,4654481.86,2161.86
-11799644.03,4654482.58,2161.84
-11799642.57,4654483.29,2161.79
-11799641.07,4654484.0,2161.71
-11799639.57,4654484.71,2161.63
-11799638.1,4654485.44,2161.63
-11799636.620000001,4654486.15,2161.65
-11799635.17,4654486.84,2161.79
-11799633.67,4654487.55,2161.85
-11799632.15,4654488.3,2161.53
-11799630.68,4654489.01,2161.44
-11799629.19,4654489.73,2161.44
-11799627.69,4654490.45,2161.49
-11799626.19,4654491.16,2161.42
-11799624.69,4654491.9,2161.4
-11799625.63,4654492.75,2161.44
-11799627.15,4654492.0200000005,2161.44
-11799628.64,4654491.29,2161.44
-11799630.120000001,4654490.58,2161.42
-11799631.620000001,4654489.87,2161.47
-11799633.14,4654489.15,2161.65
-11799634.63,4654488.43,2161.8
-11799636.09,4654487.73,2161.65
-11799637.6,4654487.0,2161.69
-11799639.08,4654486.3,2161.63
-11799640.56,4654485.58,2161.65
-11799642.07,4654484.850000001,2161.71
-11799643.57,4654484.14,2161.76
-11799645.06,4654483.42,2161.82
-11799646.56,4654482.71,2161.86
-11799648.05,4654482.0,2161.92
-11799649.53,4654481.29,2161.94
-11799651.040000001,4654480.5600000005,2161.92
-11799652.53,4654479.850000001,2161.92
-11799653.99,4654479.15,2161.9
-11799655.47,4654478.44,2161.88
-11799656.950000001,4654477.72,2161.9
-11799658.73,4654476.89,2164.33
-11799658.450000001,4654477.01,2161.92
-11799660.13,4654476.22,2163.63
-11799662.75,4654475.08,2173.4
-11799662.620000001,4654475.13,2172.29
-11799661.59,4654475.5200000005,2163.46
-11799664.3,4654474.350000001,2173.99
-11799663.99,4654474.45,2171.34
-11799665.47,4654473.74,2171.4
-11799665.19,4654473.850000001,2168.92
-11799664.4,4654474.15,2162.08
-11799667.17,4654472.95,2173.17
-11799665.91,4654473.42,2162.07
-11799668.66,4654472.25,2173.36
-11799668.200000001,4654472.42,2169.3
-11799667.4,4654472.71,2162.13
-11799670.09,4654471.55,2173.22
-11799669.63,4654471.72,2169.05
-11799668.86,4654472.01,2162.11
-11799671.56,4654470.84,2173.05
-11799670.36,4654471.28,2162.11
-11799672.22,4654470.44,2165.5
-11799673.71,4654469.73,2165.49
-11799675.17,4654469.0200000005,2165.55
-11799676.620000001,4654468.32,2165.57
-11799678.09,4654467.62,2165.61
-11799679.59,4654466.91,2165.63
-11799681.08,4654466.2,2165.65
-11799682.67,4654465.45,2166.82
-11799684.18,4654464.72,2167.1
-11799685.59,4654464.03,2166.34
-11799687.0,4654463.350000001,2165.61
-11799688.450000001,4654462.64,2165.36
-11799689.81,4654461.99,2164.23
-11799691.1,4654461.33,2162.47
-11799692.6,4654460.62,2162.47
-11799694.71,4654459.69,2169.07
-11799694.09,4654459.91,2162.48
-11799696.3,4654458.93,2170.55
-11799697.93,4654458.19,2172.21
-11799699.31,4654457.5,2171.47
-11799700.63,4654456.87,2170.1
-11799700.51,4654456.91,2168.82
-11799700.24,4654457.0,2165.82
-11799701.88,4654456.24,2167.51
-11799701.71,4654456.29,2165.78
-11799703.21,4654455.57,2165.77
-11799704.67,4654454.87,2165.75
-11799706.15,4654454.17,2165.72
-11799705.88,4654454.26,2162.63
-11799707.38,4654453.54,2162.67
-11799708.870000001,4654452.83,2162.65
-11799710.82,4654451.95,2168.36
-11799710.63,4654452.01,2166.09
-11799710.34,4654452.12,2162.72
-11799712.32,4654451.24,2168.5
-11799712.13,4654451.29,2166.26
-11799711.84,4654451.39,2162.69
-11799713.85,4654450.5,2169.15
-11799713.48,4654450.64,2164.69
-11799715.22,4654449.84,2168.09
-11799716.59,4654449.17,2167.44
-11799718.08,4654448.46,2167.4
-11799717.92,4654448.51,2165.47
-11799717.71,4654448.58,2162.75
-11799719.59,4654447.74,2167.73
-11799719.51,4654447.76,2166.69
-11799719.35,4654447.82,2164.67
-11799719.21,4654447.87,2162.76
-11799720.64,4654447.17,2162.74
-11799722.120000001,4654446.46,2162.75
-11799723.59,4654445.76,2162.77
-11799725.06,4654445.03,2162.8
-11799726.56,4654444.33,2162.81
-11799728.02,4654443.62,2162.81
-11799729.5,4654442.91,2162.72
-11799731.02,4654442.19,2162.78
-11799732.5,4654441.49,2162.88
-11799733.93,4654440.8,2162.92
-11799735.42,4654440.09,2162.97
-11799736.89,4654439.38,2163.04
-11799736.1,4654442.0,2163.05
-11799734.620000001,4654442.71,2162.99
-11799733.13,4654443.43,2162.94
-11799731.620000001,4654444.17,2162.86
-11799730.120000001,4654444.88,2162.85
-11799728.66,4654445.59,2162.78
-11799727.15,4654446.33,2162.69
-11799725.66,4654447.04,2162.73
-11799724.16,4654447.78,2162.81
-11799722.65,4654448.48,2162.79
-11799721.16,4654449.22,2162.77
-11799719.86,4654449.89,2165.55
-11799719.64,4654449.95,2162.71
-11799718.55,4654450.54,2168.11
-11799718.34,4654450.61,2165.52
-11799718.11,4654450.68,2162.65
-11799716.98,4654451.29,2167.19
-11799716.91,4654451.32,2166.24
-11799716.63,4654451.41,2162.69
-11799715.63,4654451.97,2168.63
-11799715.33,4654452.07,2165.01
-11799715.14,4654452.13,2162.76
-11799714.05,4654452.72,2167.56
-11799713.66,4654452.850000001,2162.78
-11799712.14,4654453.57,2162.76
-11799710.66,4654454.28,2162.72
-11799709.16,4654455.0200000005,2162.73
-11799707.82,4654455.69,2164.42
-11799707.66,4654455.75,2162.54
-11799706.450000001,4654456.36,2165.71
-11799706.36,4654456.41,2164.65
-11799704.93,4654457.100000001,2165.72
-11799703.42,4654457.84,2165.74
-11799701.9,4654458.57,2165.77
-11799700.4,4654459.29,2165.78
-11799698.91,4654460.0200000005,2165.8
-11799697.85,4654460.57,2170.36
-11799697.71,4654460.62,2168.9
-11799697.42,4654460.72,2165.77
-11799696.24,4654461.33,2169.04
-11799695.91,4654461.46,2165.56
-11799695.63,4654461.55,2162.52
-11799694.200000001,4654462.26,2163.51
-11799692.6,4654463.0200000005,2162.51
-11799691.35,4654463.66,2164.97
-11799689.82,4654464.4,2164.78
-11799688.42,4654465.08,2165.81
-11799687.01,4654465.76,2166.56
-11799685.6,4654466.47,2167.25
-11799684.040000001,4654467.22,2166.54
-11799682.450000001,4654467.97,2165.81
-11799680.950000001,4654468.7,2165.69
-11799679.44,4654469.42,2165.61
-11799677.96,4654470.13,2165.67
-11799676.46,4654470.87,2165.65
-11799674.94,4654471.600000001,2165.61
-11799673.43,4654472.32,2165.57
-11799673.05,4654472.47,2162.13
-11799672.76,4654472.74,2173.05
-11799671.56,4654473.19,2162.23
-11799671.32,4654473.43,2173.65
-11799671.07,4654473.54,2171.3
-11799670.83,4654473.63,2169.21
-11799670.05,4654473.92,2162.21
-11799670.05,4654474.0600000005,2175.44
-11799669.91,4654474.12,2174.22
-11799669.41,4654474.33,2169.63
-11799668.57,4654474.64,2162.15
-11799668.5,4654474.8100000005,2174.74
-11799668.21,4654474.93,2172.22
-11799667.91,4654475.05,2169.48
-11799667.49,4654475.21,2165.82
-11799667.16,4654475.48,2176.17
-11799665.47,4654476.28,2174.4
-11799665.35,4654476.3100000005,2173.4
-11799665.01,4654476.45,2170.44
-11799664.15,4654476.78,2162.92
-11799663.870000001,4654477.04,2173.26
-11799663.61,4654477.12,2171.05
-11799663.4,4654477.23,2169.21
-11799662.56,4654477.54,2162.06
-11799662.38,4654477.75,2173.17
-11799661.9,4654477.95,2169.02
-11799661.74,4654478.0,2167.67
-11799660.52,4654478.61,2170.25
-11799659.55,4654478.99,2161.94
-11799658.05,4654479.72,2161.92
-11799656.55,4654480.44,2161.94
-11799655.06,4654481.17,2161.94
-11799653.56,4654481.89,2161.96
-11799652.06,4654482.62,2161.94
-11799650.58,4654483.33,2161.96
-11799649.08,4654484.0600000005,2161.92
-11799647.57,4654484.79,2161.86
-11799646.040000001,4654485.5200000005,2161.84
-11799644.52,4654486.26,2161.76
-11799643.02,4654486.99,2161.69
-11799641.540000001,4654487.7,2161.69
-11799640.07,4654488.39,2161.69
-11799638.58,4654489.13,2161.72
-11799637.07,4654489.86,2161.65
-11799635.56,4654490.57,2161.67
-11799634.01,4654491.33,2161.54
-11799632.51,4654492.05,2161.58
-11799631.01,4654492.79,2161.49
-11799629.52,4654493.5,2161.47
-11799628.040000001,4654494.22,2161.42
-11799626.53,4654494.94,2161.4
-11799625.040000001,4654495.66,2161.4
-11799625.09,4654496.93,2161.36
-11799626.6,4654496.21,2161.36
-11799628.1,4654495.49,2161.4
-11799629.61,4654494.75,2161.46
-11799631.11,4654494.04,2161.4
-11799632.58,4654493.34,2161.4
-11799634.07,4654492.63,2161.47
-11799635.59,4654491.89,2161.51
-11799637.06,4654491.18,2161.54
-11799638.55,4654490.48,2161.63
-11799640.06,4654489.75,2161.71
-11799641.540000001,4654489.0200000005,2161.69
-11799643.01,4654488.34,2161.71
-11799644.49,4654487.62,2161.71
-11799646.0,4654486.88,2161.78
-11799647.5,4654486.17,2161.85
-11799648.98,4654485.46,2161.9
-11799650.46,4654484.75,2161.92
-11799651.99,4654484.0200000005,2161.97
-11799653.46,4654483.3100000005,2161.96
-11799654.950000001,4654482.600000001,2161.96
-11799656.450000001,4654481.88,2161.94
-11799657.93,4654481.15,2161.96
-11799659.42,4654480.45,2161.94
-11799662.09,4654479.2700000005,2171.9
-11799661.86,4654479.36,2169.96
-11799661.58,4654479.47,2167.59
-11799661.42,4654479.53,2166.19
-11799663.69,4654478.5200000005,2173.27
-11799662.88,4654478.84,2166.25
-11799662.53,4654478.96,2163.34
-11799662.38,4654479.01,2161.97
-11799665.370000001,4654477.73,2175.22
-11799665.05,4654477.850000001,2172.51
-11799664.55,4654478.05,2168.17
-11799663.97,4654478.2700000005,2163.13
-11799666.870000001,4654477.0200000005,2175.5
-11799666.72,4654477.08,2174.19
-11799668.32,4654476.3100000005,2175.24
-11799668.06,4654476.42,2172.94
-11799667.3,4654476.71,2166.27
-11799669.78,4654475.61,2174.98
-11799668.34,4654476.16,2162.15
-11799671.23,4654474.91,2175.06
-11799669.790000001,4654475.45,2162.17
-11799672.56,4654474.26,2173.94
-11799671.99,4654474.47,2168.79
-11799671.26,4654474.74,2162.21
-11799673.98,4654473.57,2173.38
-11799672.76,4654474.03,2162.22
-11799674.620000001,4654473.18,2165.6
-11799674.25,4654473.33,2162.19
-11799676.09,4654472.47,2165.61
-11799677.58,4654471.76,2165.67
-11799679.05,4654471.0600000005,2165.67
-11799680.55,4654470.32,2165.71
-11799682.06,4654469.61,2165.79
-11799683.540000001,4654468.89,2166.11
-11799685.03,4654468.18,2166.56
-11799686.61,4654467.42,2167.24
-11799688.03,4654466.74,2166.69
-11799689.42,4654466.0600000005,2165.92
-11799690.75,4654465.4,2164.58
-11799690.55,4654465.49,2162.5
-11799692.21,4654464.71,2164.36
-11799692.02,4654464.78,2162.44
-11799693.620000001,4654464.0200000005,2163.57
-11799693.52,4654464.0600000005,2162.52
-11799695.16,4654463.29,2164.11
-11799696.790000001,4654462.53,2165.65
-11799696.49,4654462.63,2162.53
-11799698.25,4654461.82,2165.74
-11799699.700000001,4654461.14,2165.76
-11799702.05,4654460.100000001,2175.13
-11799701.200000001,4654460.41,2165.73
-11799703.61,4654459.36,2175.84
-11799703.51,4654459.38,2174.79
-11799702.69,4654459.68,2165.74
-11799705.01,4654458.67,2175.17
-11799704.17,4654458.98,2165.71
-11799705.64,4654458.28,2165.73
-11799705.38,4654458.37,2162.67
-11799706.96,4654457.62,2164.26
-11799706.82,4654457.67,2162.69
-11799708.44,4654456.91,2164.46
-11799708.3,4654456.96,2162.74
-11799709.78,4654456.24,2162.75
-11799711.27,4654455.53,2162.74
-11799712.73,4654454.83,2162.73
-11799714.21,4654454.12,2162.74
-11799715.68,4654453.41,2162.71
-11799717.38,4654452.61,2165.58
-11799717.15,4654452.7,2162.71
-11799718.83,4654451.92,2165.19
-11799718.63,4654451.99,2162.65
-11799720.09,4654451.28,2162.75
-11799721.55,4654450.59,2162.77
-11799723.03,4654449.87,2162.77
-11799724.52,4654449.16,2162.65
-11799726.01,4654448.44,2162.72
-11799727.48,4654447.74,2162.8
-11799728.97,4654447.0200000005,2162.84
-11799730.44,4654446.3100000005,2162.9
-11799731.92,4654445.600000001,2162.92
-11799733.41,4654444.88,2162.98
-11799734.89,4654444.17,2163.01
-11799736.36,4654443.46,2163.05
-11799736.53,4654445.600000001,2163.08
-11799735.05,4654446.3100000005,2163.04
-11799733.58,4654447.0200000005,2163.0
-11799732.120000001,4654447.74,2163.0
-11799730.66,4654448.44,2162.97
-11799729.18,4654449.16,2162.92
-11799727.72,4654449.87,2162.85
-11799726.25,4654450.57,2162.8
-11799724.790000001,4654451.28,2162.78
-11799723.3,4654452.0,2162.73
-11799721.83,4654452.71,2162.61
-11799720.39,4654453.41,2162.73
-11799718.92,4654454.13,2162.75
-11799717.43,4654454.850000001,2162.73
-11799715.96,4654455.5600000005,2162.69
-11799714.47,4654456.2700000005,2162.67
-11799713.0,4654457.0,2162.65
-11799711.55,4654457.68,2162.75
-11799710.09,4654458.41,2162.78
-11799708.6,4654459.11,2162.75
-11799708.13,4654459.48,2174.19
-11799707.13,4654459.82,2162.72
-11799706.68,4654460.17,2174.24
-11799706.47,4654460.25,2171.77
-11799706.35,4654460.29,2170.57
-11799705.67,4654460.53,2162.72
-11799705.38,4654460.83,2176.06
-11799703.97,4654461.51,2176.25
-11799702.73,4654461.95,2162.63
-11799702.48,4654462.22,2175.94
-11799702.14,4654462.37,2172.22
-11799701.55,4654462.58,2165.73
-11799701.02,4654462.93,2176.25
-11799700.05,4654463.3,2165.74
-11799698.58,4654464.01,2165.65
-11799698.3,4654464.11,2162.59
-11799696.96,4654464.78,2164.19
-11799695.49,4654465.49,2164.03
-11799695.34,4654465.54,2162.51
-11799693.86,4654466.26,2162.55
-11799692.38,4654466.99,2162.53
-11799691.24,4654467.58,2165.94
-11799689.84,4654468.26,2166.69
-11799688.41,4654468.95,2167.27
-11799686.88,4654469.69,2166.61
-11799685.42,4654470.4,2166.92
-11799683.96,4654471.12,2167.03
-11799682.46,4654471.84,2166.65
-11799680.92,4654472.5600000005,2166.26
-11799679.41,4654473.3100000005,2165.84
-11799677.91,4654474.03,2165.78
-11799676.42,4654474.74,2165.71
-11799676.05,4654474.88,2162.27
-11799674.57,4654475.61,2162.21
-11799673.07,4654476.33,2162.23
-11799672.89,4654476.55,2173.9
-11799672.42,4654476.73,2169.71
-11799671.59,4654477.04,2162.25
-11799671.540000001,4654477.2,2175.19
-11799670.09,4654477.78,2162.19
-11799670.07,4654477.91,2175.07
-11799669.75,4654478.0600000005,2172.26
-11799669.4,4654478.19,2169.11
-11799668.94,4654478.350000001,2165.08
-11799668.6,4654478.62,2175.11
-11799667.68,4654478.99,2167.06
-11799667.15,4654479.2,2162.28
-11799667.0,4654479.41,2174.03
-11799666.870000001,4654479.45,2172.88
-11799666.5,4654479.600000001,2169.6
-11799665.65,4654479.92,2162.23
-11799665.6,4654480.09,2174.83
-11799664.11,4654480.67,2161.96
-11799663.91,4654480.89,2173.0
-11799663.63,4654481.0,2170.57
-11799663.46,4654481.0600000005,2169.23
-11799662.620000001,4654481.39,2162.0
-11799661.94,4654481.8,2168.98
-11799661.49,4654481.95,2165.15
-11799661.120000001,4654482.11,2161.94
-11799659.63,4654482.83,2161.98
-11799658.13,4654483.57,2161.98
-11799656.64,4654484.29,2161.97
-11799655.15,4654485.01,2162.0
-11799653.65,4654485.73,2162.0
-11799652.16,4654486.47,2161.96
-11799650.63,4654487.19,2161.9
-11799649.120000001,4654487.92,2161.86
-11799647.620000001,4654488.66,2161.8
-11799646.11,4654489.38,2161.74
-11799644.61,4654490.100000001,2161.77
-11799643.11,4654490.84,2161.74
-11799641.6,4654491.57,2161.67
-11799640.07,4654492.29,2161.65
-11799638.57,4654493.03,2161.61
-11799637.05,4654493.76,2161.57
-11799635.51,4654494.51,2161.52
-11799634.03,4654495.23,2161.49
-11799632.53,4654495.95,2161.44
-11799631.0,4654496.7,2161.46
-11799629.48,4654497.44,2161.46
-11799627.97,4654498.17,2161.42
-11799626.450000001,4654498.89,2161.38
-11799624.93,4654499.64,2161.38
-11799624.540000001,4654501.03,2161.32
-11799626.03,4654500.29,2161.35
-11799627.55,4654499.59,2161.36
-11799629.05,4654498.86,2161.42
-11799630.55,4654498.14,2161.44
-11799632.03,4654497.42,2161.42
-11799633.51,4654496.71,2161.46
-11799634.99,4654495.98,2161.47
-11799636.48,4654495.2700000005,2161.49
-11799637.98,4654494.5600000005,2161.57
-11799639.46,4654493.84,2161.63
-11799640.96,4654493.12,2161.65
-11799642.48,4654492.4,2161.69
-11799643.97,4654491.66,2161.74
-11799645.46,4654490.95,2161.73
-11799646.96,4654490.23,2161.74
-11799648.450000001,4654489.5200000005,2161.79
-11799649.91,4654488.8100000005,2161.85
-11799651.39,4654488.09,2161.9
-11799652.93,4654487.34,2161.94
-11799654.43,4654486.64,2162.0
-11799655.88,4654485.94,2162.0
-11799657.35,4654485.23,2161.99
-11799658.85,4654484.5,2162.0
-11799661.22,4654483.45,2169.44
-11799660.33,4654483.79,2161.98
-11799662.74,4654482.72,2169.72
-11799661.82,4654483.08,2161.96
-11799664.65,4654481.82,2173.56
-11799664.49,4654481.9,2172.22
-11799664.34,4654481.96,2170.88
-11799664.13,4654482.04,2169.13
-11799666.31,4654481.0600000005,2175.26
-11799667.71,4654480.37,2174.51
-11799667.49,4654480.45,2172.61
-11799666.950000001,4654480.66,2167.82
-11799666.3,4654480.91,2162.19
-11799669.02,4654479.73,2172.94
-11799668.8,4654479.8,2171.11
-11799668.41,4654479.96,2167.6
-11799667.8,4654480.18,2162.25
-11799670.620000001,4654478.97,2174.34
-11799670.35,4654479.0600000005,2172.03
-11799669.58,4654479.38,2165.03
-11799669.26,4654479.5,2162.21
-11799672.040000001,4654478.26,2174.11
-11799671.53,4654478.47,2169.56
-11799670.99,4654478.7,2164.57
-11799670.72,4654478.79,2162.17
-11799673.55,4654477.55,2174.38
-11799672.22,4654478.07,2162.23
-11799674.65,4654476.99,2170.83
-11799673.700000001,4654477.36,2162.21
-11799675.18,4654476.65,2162.19
-11799676.68,4654475.92,2162.26
-11799678.52,4654475.0600000005,2165.75
-11799679.96,4654474.38,2165.59
-11799679.64,4654474.5,2162.54
-11799681.57,4654473.62,2166.84
-11799683.07,4654472.9,2167.1
-11799684.5,4654472.2,2166.75
-11799685.950000001,4654471.49,2166.4
-11799687.4,4654470.8,2166.19
-11799688.950000001,4654470.05,2166.98
-11799690.450000001,4654469.33,2166.99
-11799691.85,4654468.65,2166.26
-11799693.24,4654467.98,2165.65
-11799692.950000001,4654468.08,2162.56
-11799694.44,4654467.36,2162.55
-11799695.92,4654466.65,2162.55
-11799697.39,4654465.94,2162.58
-11799698.86,4654465.24,2162.61
-11799701.63,4654464.05,2176.67
-11799700.35,4654464.53,2162.65
-11799703.03,4654463.37,2175.94
-11799702.8,4654463.45,2173.46
-11799704.5,4654462.66,2176.13
-11799704.16,4654462.78,2172.38
-11799703.28,4654463.100000001,2162.63
-11799705.82,4654462.0,2174.48
-11799704.77,4654462.39,2162.63
-11799707.31,4654461.28,2174.9
-11799706.9,4654461.43,2170.22
-11799706.24,4654461.68,2162.73
-11799708.66,4654460.63,2173.54
-11799707.71,4654460.97,2162.74
-11799709.18,4654460.26,2162.72
-11799710.68,4654459.54,2162.69
-11799712.15,4654458.83,2162.65
-11799713.61,4654458.12,2162.63
-11799715.08,4654457.42,2162.72
-11799716.56,4654456.71,2162.71
-11799718.06,4654455.99,2162.75
-11799719.53,4654455.25,2162.6
-11799721.0,4654454.54,2162.63
-11799722.48,4654453.86,2162.72
-11799723.96,4654453.14,2162.78
-11799725.450000001,4654452.4,2162.83
-11799726.92,4654451.7,2162.86
-11799728.4,4654450.99,2162.9
-11799729.86,4654450.28,2162.92
-11799731.35,4654449.57,2162.97
-11799732.83,4654448.86,2163.01
-11799734.28,4654448.17,2163.02
-11799735.75,4654447.46,2163.05
-11799736.31,4654449.5200000005,2163.03
-11799734.83,4654450.22,2163.02
-11799733.39,4654450.93,2163.0
-11799731.92,4654451.64,2163.0
-11799730.43,4654452.38,2162.96
-11799728.97,4654453.08,2162.94
-11799727.51,4654453.78,2162.92
-11799726.02,4654454.51,2162.92
-11799724.59,4654455.22,2162.86
-11799723.11,4654455.93,2162.82
-11799721.64,4654456.65,2162.76
-11799720.17,4654457.36,2162.72
-11799718.68,4654458.08,2162.67
-11799717.22,4654458.79,2162.55
-11799715.77,4654459.5,2162.73
-11799714.3,4654460.21,2162.76
-11799712.84,4654460.93,2162.74
-11799711.34,4654461.65,2162.63
-11799709.88,4654462.36,2162.63
-11799708.41,4654463.07,2162.63
-11799708.23,4654463.3100000005,2177.32
-11799708.07,4654463.37,2175.54
-11799706.92,4654463.97,2178.67
-11799706.6,4654464.07,2175.17
-11799705.48,4654464.65,2178.94
-11799705.28,4654464.73,2176.61
-11799704.15,4654465.3100000005,2180.11
-11799703.97,4654465.38,2178.15
-11799703.8,4654465.45,2176.38
-11799703.64,4654465.5,2174.51
-11799702.33,4654466.16,2176.01
-11799701.1,4654466.62,2162.69
-11799701.0,4654466.83,2177.63
-11799700.26,4654467.11,2169.65
-11799699.6,4654467.33,2162.61
-11799698.98,4654467.75,2171.69
-11799698.9,4654467.76,2170.8
-11799698.67,4654467.850000001,2168.44
-11799697.450000001,4654468.48,2170.9
-11799697.18,4654468.58,2168.15
-11799696.65,4654468.7700000005,2162.52
-11799695.19,4654469.49,2162.58
-11799693.96,4654470.11,2165.07
-11799693.72,4654470.2,2162.61
-11799692.51,4654470.82,2165.15
-11799691.05,4654471.53,2165.42
-11799689.64,4654472.22,2166.4
-11799689.52,4654472.25,2165.23
-11799688.1,4654472.96,2165.6
-11799686.63,4654473.67,2165.38
-11799685.22,4654474.36,2165.77
-11799683.78,4654475.07,2166.1
-11799682.23,4654475.8,2165.34
-11799681.96,4654475.91,2162.76
-11799680.57,4654476.59,2163.32
-11799678.97,4654477.37,2162.29
-11799677.48,4654478.09,2162.27
-11799675.98,4654478.8100000005,2162.25
-11799674.49,4654479.5200000005,2162.27
-11799673.02,4654480.25,2162.26
-11799672.51,4654480.58,2170.78
-11799671.66,4654480.92,2163.13
-11799670.98,4654481.33,2169.97
-11799670.25,4654481.600000001,2163.52
-11799669.3,4654482.11,2168.19
-11799668.78,4654482.3100000005,2163.51
-11799668.5,4654482.57,2174.15
-11799668.3,4654482.64,2172.35
-11799667.290000001,4654483.05,2163.56
-11799667.11,4654483.11,2162.06
-11799666.91,4654483.33,2173.07
-11799666.4,4654483.53,2168.59
-11799665.65,4654483.83,2162.05
-11799665.51,4654484.0,2173.42
-11799665.06,4654484.19,2169.53
-11799664.19,4654484.54,2161.99
-11799663.620000001,4654484.89,2169.73
-11799662.72,4654485.25,2162.01
-11799661.22,4654485.97,2162.04
-11799659.73,4654486.68,2162.02
-11799658.27,4654487.41,2162.03
-11799656.77,4654488.14,2162.03
-11799655.31,4654488.84,2162.01
-11799653.82,4654489.57,2161.94
-11799652.34,4654490.29,2161.88
-11799650.89,4654491.0,2161.85
-11799649.42,4654491.7,2161.78
-11799647.9,4654492.44,2161.75
-11799646.42,4654493.16,2161.77
-11799644.96,4654493.87,2161.77
-11799643.46,4654494.59,2161.71
-11799641.97,4654495.3100000005,2161.69
-11799640.48,4654496.03,2161.67
-11799638.97,4654496.7700000005,2161.61
-11799637.49,4654497.49,2161.57
-11799636.01,4654498.21,2161.51
-11799634.51,4654498.92,2161.44
-11799633.05,4654499.64,2161.44
-11799631.57,4654500.350000001,2161.42
-11799630.08,4654501.08,2161.42
-11799628.63,4654501.79,2161.4
-11799627.120000001,4654502.51,2161.32
-11799625.59,4654503.26,2161.27
-11799625.700000001,4654504.47,2161.22
-11799627.16,4654503.76,2161.28
-11799628.64,4654503.04,2161.34
-11799630.17,4654502.29,2161.35
-11799631.68,4654501.58,2161.4
-11799633.120000001,4654500.88,2161.38
-11799634.59,4654500.18,2161.44
-11799636.09,4654499.44,2161.46
-11799637.59,4654498.73,2161.53
-11799639.07,4654498.01,2161.61
-11799640.59,4654497.28,2161.67
-11799642.06,4654496.57,2161.72
-11799643.55,4654495.83,2161.72
-11799645.05,4654495.12,2161.73
-11799646.53,4654494.4,2161.77
-11799648.03,4654493.68,2161.74
-11799649.53,4654492.96,2161.77
-11799651.02,4654492.23,2161.78
-11799652.5,4654491.5200000005,2161.88
-11799653.98,4654490.8100000005,2161.94
-11799655.48,4654490.09,2161.96
-11799656.99,4654489.36,2162.01
-11799658.48,4654488.64,2162.03
-11799659.92,4654487.93,2162.02
-11799661.41,4654487.23,2162.03
-11799662.9,4654486.5,2162.02
-11799665.26,4654485.44,2169.54
-11799664.38,4654485.8,2161.98
-11799667.13,4654484.57,2172.96
-11799666.84,4654484.68,2170.5
-11799666.57,4654484.78,2168.11
-11799665.870000001,4654485.0600000005,2162.03
-11799668.31,4654483.97,2170.61
-11799667.33,4654484.350000001,2162.01
-11799669.41,4654483.42,2167.51
-11799669.01,4654483.58,2163.86
-11799671.16,4654482.59,2169.92
-11799670.44,4654482.88,2163.6
-11799672.71,4654481.86,2170.53
-11799671.93,4654482.16,2163.57
-11799674.15,4654481.15,2170.36
-11799673.290000001,4654481.49,2162.5
-11799674.74,4654480.78,2162.19
-11799676.25,4654480.0600000005,2162.24
-11799677.71,4654479.350000001,2162.24
-11799679.16,4654478.66,2162.29
-11799680.78,4654477.88,2163.58
-11799682.27,4654477.16,2163.42
-11799683.99,4654476.36,2165.54
-11799685.43,4654475.65,2165.34
-11799686.9,4654474.95,2165.32
-11799688.370000001,4654474.24,2165.36
-11799688.09,4654474.34,2162.56
-11799689.82,4654473.53,2165.08
-11799689.56,4654473.63,2162.53
-11799691.290000001,4654472.82,2165.11
-11799691.06,4654472.91,2162.72
-11799692.51,4654472.2,2162.52
-11799693.98,4654471.5,2162.55
-11799696.6,4654470.350000001,2174.63
-11799695.46,4654470.79,2162.57
-11799697.66,4654469.8,2170.03
-11799697.5,4654469.850000001,2168.35
-11799696.96,4654470.07,2162.59
-11799699.870000001,4654468.8,2177.92
-11799699.3,4654469.03,2171.75
-11799701.36,4654468.09,2178.19
-11799702.92,4654467.350000001,2179.29
-11799702.17,4654467.62,2171.11
-11799704.44,4654466.61,2180.08
-11799703.74,4654466.86,2172.31
-11799703.450000001,4654466.99,2169.05
-11799702.88,4654467.19,2162.72
-11799705.85,4654465.93,2179.49
-11799707.33,4654465.22,2179.56
-11799707.06,4654465.3100000005,2176.65
-11799708.69,4654464.55,2178.57
-11799709.68,4654464.01,2173.29
-11799708.75,4654464.350000001,2162.63
-11799710.23,4654463.64,2162.67
-11799711.72,4654462.93,2162.67
-11799713.18,4654462.22,2162.73
-11799714.64,4654461.5200000005,2162.61
-11799716.09,4654460.82,2162.56
-11799717.58,4654460.11,2162.65
-11799719.05,4654459.37,2162.71
-11799720.540000001,4654458.66,2162.75
-11799722.040000001,4654457.94,2162.82
-11799723.51,4654457.23,2162.84
-11799724.98,4654456.53,2162.88
-11799726.450000001,4654455.82,2162.88
-11799727.92,4654455.11,2162.94
-11799729.41,4654454.39,2162.94
-11799730.88,4654453.67,2162.94
-11799732.35,4654452.97,2163.0
-11799733.790000001,4654452.26,2162.99
-11799735.290000001,4654451.55,2163.0
-11799736.76,4654450.83,2163.03
-11799736.08,4654453.63,2162.97
-11799734.63,4654454.34,2162.94
-11799733.17,4654455.05,2162.97
-11799731.67,4654455.79,2162.94
-11799730.22,4654456.47,2162.94
-11799728.76,4654457.2,2162.92
-11799727.290000001,4654457.92,2162.94
-11799725.85,4654458.61,2162.9
-11799724.36,4654459.34,2162.88
-11799722.88,4654460.0600000005,2162.85
-11799721.4,4654460.78,2162.83
-11799719.93,4654461.5,2162.8
-11799718.47,4654462.21,2162.74
-11799716.98,4654462.92,2162.69
-11799715.51,4654463.66,2162.65
-11799714.03,4654464.36,2162.61
-11799712.56,4654465.09,2162.53
-11799711.14,4654465.78,2162.58
-11799709.68,4654466.48,2162.63
-11799709.21,4654466.83,2174.22
-11799708.700000001,4654467.01,2168.42
-11799708.19,4654467.21,2162.63
-11799708.17,4654467.39,2179.13
-11799707.84,4654467.51,2175.48
-11799706.52,4654468.17,2177.11
-11799706.35,4654468.22,2175.34
-11799706.15,4654468.3100000005,2173.03
-11799705.22,4654468.65,2162.63
-11799705.23,4654468.8100000005,2178.94
-11799704.97,4654468.91,2175.94
-11799704.620000001,4654469.05,2172.15
-11799703.9,4654469.48,2180.08
-11799703.59,4654469.58,2176.69
-11799702.44,4654470.18,2179.74
-11799702.31,4654470.24,2178.4
-11799701.9,4654470.38,2174.0
-11799700.790000001,4654470.97,2177.65
-11799700.57,4654471.05,2175.29
-11799700.46,4654471.09,2174.11
-11799700.200000001,4654471.2,2171.34
-11799699.03,4654471.8,2174.59
-11799698.75,4654471.9,2171.73
-11799698.51,4654472.0,2169.19
-11799697.9,4654472.23,2162.61
-11799697.67,4654472.47,2175.57
-11799696.16,4654473.19,2174.94
-11799696.02,4654473.24,2173.48
-11799694.97,4654473.65,2162.51
-11799693.48,4654474.39,2162.53
-11799691.98,4654475.11,2162.54
-11799690.51,4654475.82,2162.48
-11799689.06,4654476.5200000005,2162.48
-11799687.71,4654477.21,2163.75
-11799687.59,4654477.26,2162.48
-11799686.26,4654477.9,2163.9
-11799686.120000001,4654477.95,2162.57
-11799684.790000001,4654478.61,2163.92
-11799683.290000001,4654479.36,2163.79
-11799681.86,4654480.05,2164.02
-11799681.68,4654480.13,2162.28
-11799680.47,4654480.73,2164.56
-11799680.22,4654480.84,2162.19
-11799679.040000001,4654481.44,2164.9
-11799678.76,4654481.55,2162.29
-11799677.56,4654482.15,2165.15
-11799677.23,4654482.2700000005,2162.11
-11799676.01,4654482.9,2164.58
-11799675.76,4654483.0,2162.23
-11799674.39,4654483.69,2163.09
-11799672.98,4654484.37,2163.46
-11799672.25,4654484.79,2170.11
-11799671.53,4654485.08,2163.67
-11799670.75,4654485.5200000005,2169.97
-11799670.07,4654485.8,2163.83
-11799669.86,4654485.88,2162.03
-11799669.28,4654486.24,2169.92
-11799668.38,4654486.59,2162.04
-11799667.81,4654486.95,2170.19
-11799667.6,4654487.04,2168.34
-11799666.86,4654487.33,2162.03
-11799666.34,4654487.67,2170.23
-11799665.4,4654488.05,2162.07
-11799663.94,4654488.76,2162.06
-11799662.44,4654489.48,2162.06
-11799660.97,4654490.19,2162.08
-11799659.55,4654490.9,2162.06
-11799658.07,4654491.61,2162.04
-11799656.56,4654492.34,2161.98
-11799655.06,4654493.08,2161.92
-11799653.59,4654493.8,2161.86
-11799652.15,4654494.5,2161.8
-11799650.64,4654495.22,2161.76
-11799649.15,4654495.95,2161.81
-11799647.67,4654496.69,2161.82
-11799646.28,4654497.350000001,2162.47
-11799644.78,4654498.09,2162.31
-11799643.25,4654498.82,2161.85
-11799641.74,4654499.5600000005,2161.78
-11799640.24,4654500.29,2161.72
-11799638.97,4654500.94,2163.27
-11799638.74,4654501.01,2161.61
-11799637.28,4654501.72,2161.54
-11799635.8,4654502.46,2161.48
-11799634.32,4654503.18,2161.42
-11799632.83,4654503.9,2161.44
-11799631.33,4654504.62,2161.38
-11799629.84,4654505.33,2161.36
-11799628.370000001,4654506.0600000005,2161.32
-11799626.86,4654506.8,2161.25
-11799625.370000001,4654507.5200000005,2161.21
-11799624.97,4654509.01,2161.19
-11799626.450000001,4654508.29,2161.21
-11799627.93,4654507.58,2161.24
-11799629.43,4654506.86,2161.33
-11799630.93,4654506.13,2161.36
-11799632.44,4654505.41,2161.42
-11799633.92,4654504.68,2161.4
-11799635.4,4654503.98,2161.47
-11799637.13,4654503.15,2163.27
-11799636.9,4654503.23,2161.55
-11799638.42,4654502.51,2161.65
-11799639.92,4654501.78,2161.75
-11799641.43,4654501.04,2161.86
-11799642.91,4654500.33,2161.97
-11799644.370000001,4654499.62,2162.01
-11799645.85,4654498.91,2161.9
-11799647.34,4654498.19,2161.85
-11799648.81,4654497.48,2161.82
-11799650.3,4654496.76,2161.81
-11799651.790000001,4654496.05,2161.78
-11799653.27,4654495.3,2161.85
-11799654.77,4654494.59,2161.85
-11799656.26,4654493.87,2161.92
-11799657.74,4654493.16,2161.99
-11799659.24,4654492.43,2162.05
-11799660.76,4654491.7,2162.06
-11799662.26,4654490.97,2162.05
-11799663.73,4654490.2700000005,2162.08
-11799665.18,4654489.5600000005,2162.09
-11799666.65,4654488.850000001,2162.07
-11799668.14,4654488.13,2162.05
-11799670.370000001,4654487.100000001,2168.69
-11799669.64,4654487.41,2162.08
-11799671.91,4654486.37,2169.27
-11799671.290000001,4654486.61,2163.74
-11799671.1,4654486.7,2162.03
-11799672.76,4654485.9,2163.6
-11799674.200000001,4654485.21,2163.15
-11799675.58,4654484.53,2162.61
-11799677.34,4654483.71,2165.28
-11799676.99,4654483.850000001,2162.11
-11799678.870000001,4654482.94,2165.67
-11799680.33,4654482.24,2165.31
-11799681.72,4654481.58,2164.38
-11799681.49,4654481.67,2162.29
-11799683.09,4654480.91,2163.58
-11799682.950000001,4654480.96,2162.29
-11799684.55,4654480.19,2163.57
-11799686.05,4654479.47,2163.65
-11799687.52,4654478.76,2163.76
-11799687.4,4654478.8100000005,2162.44
-11799688.870000001,4654478.100000001,2162.44
-11799690.370000001,4654477.37,2162.46
-11799691.870000001,4654476.65,2162.46
-11799693.36,4654475.93,2162.52
-11799695.86,4654474.8,2173.44
-11799694.8,4654475.23,2162.51
-11799697.41,4654474.0600000005,2174.49
-11799697.27,4654474.13,2172.94
-11799696.28,4654474.51,2162.55
-11799698.85,4654473.37,2173.99
-11799698.620000001,4654473.46,2171.59
-11799700.56,4654472.55,2176.56
-11799700.370000001,4654472.64,2174.47
-11799700.06,4654472.76,2171.23
-11799699.25,4654473.05,2162.61
-11799702.33,4654471.74,2179.97
-11799703.78,4654471.03,2179.82
-11799703.53,4654471.13,2177.06
-11799702.200000001,4654471.65,2162.53
-11799705.34,4654470.28,2180.77
-11799706.65,4654469.64,2179.0
-11799706.3,4654469.7700000005,2175.17
-11799705.93,4654469.92,2171.11
-11799705.17,4654470.21,2162.61
-11799707.700000001,4654469.09,2174.56
-11799707.43,4654469.17,2171.56
-11799707.1,4654469.3100000005,2167.73
-11799709.17,4654468.37,2174.42
-11799710.52,4654467.71,2173.27
-11799710.28,4654467.8,2170.44
-11799710.09,4654467.86,2168.27
-11799709.59,4654468.07,2162.52
-11799711.040000001,4654467.36,2162.48
-11799712.5,4654466.65,2162.59
-11799713.98,4654465.94,2162.6
-11799715.47,4654465.22,2162.67
-11799716.94,4654464.51,2162.71
-11799718.41,4654463.79,2162.77
-11799719.9,4654463.07,2162.81
-11799721.38,4654462.36,2162.83
-11799722.84,4654461.63,2162.84
-11799724.32,4654460.92,2162.88
-11799725.78,4654460.21,2162.9
-11799727.26,4654459.5,2162.9
-11799728.75,4654458.78,2162.92
-11799730.21,4654458.07,2162.92
-11799731.67,4654457.36,2162.9
-11799733.13,4654456.65,2162.92
-11799734.61,4654455.95,2162.94
-11799736.07,4654455.24,2162.92
-11799735.71,4654457.86,2162.83
-11799734.27,4654458.57,2162.83
-11799732.8,4654459.2700000005,2162.88
-11799731.32,4654460.01,2162.88
-11799729.86,4654460.73,2162.88
-11799728.4,4654461.44,2162.86
-11799726.950000001,4654462.15,2162.88
-11799725.49,4654462.850000001,2162.86
-11799724.0,4654463.59,2162.86
-11799722.51,4654464.3,2162.86
-11799721.040000001,4654465.03,2162.81
-11799719.58,4654465.73,2162.79
-11799718.11,4654466.46,2162.79
-11799716.63,4654467.18,2162.76
-11799715.17,4654467.89,2162.69
-11799714.77,4654468.2,2175.21
-11799713.71,4654468.61,2162.67
-11799713.46,4654468.86,2176.8
-11799713.27,4654468.93,2174.56
-11799712.89,4654469.0600000005,2170.1
-11799712.24,4654469.32,2162.61
-11799711.97,4654469.58,2176.47
-11799711.82,4654469.63,2174.59
-11799711.63,4654469.71,2172.5
-11799710.68,4654470.22,2178.49
-11799710.46,4654470.32,2175.98
-11799710.03,4654470.47,2171.06
-11799708.93,4654471.05,2175.4
-11799708.73,4654471.13,2173.08
-11799707.61,4654471.71,2176.58
-11799707.17,4654471.88,2171.65
-11799706.66,4654472.0600000005,2166.03
-11799706.22,4654472.39,2177.09
-11799706.1,4654472.44,2175.86
-11799705.94,4654472.49,2174.01
-11799704.950000001,4654473.03,2179.15
-11799704.6,4654473.15,2175.32
-11799704.41,4654473.24,2173.27
-11799703.42,4654473.62,2162.47
-11799703.22,4654473.84,2176.17
-11799702.77,4654474.0200000005,2171.28
-11799702.58,4654474.08,2169.29
-11799701.96,4654474.34,2162.49
-11799701.86,4654474.51,2177.42
-11799700.3,4654475.2700000005,2176.19
-11799699.64,4654475.54,2169.17
-11799698.99,4654475.78,2162.36
-11799697.55,4654476.5,2162.53
-11799696.32,4654477.11,2165.03
-11799694.91,4654477.8100000005,2165.42
-11799694.790000001,4654477.850000001,2164.24
-11799694.6,4654477.91,2162.26
-11799693.31,4654478.57,2164.23
-11799693.13,4654478.65,2162.35
-11799691.86,4654479.28,2164.84
-11799690.17,4654480.09,2162.38
-11799688.72,4654480.8,2162.38
-11799687.24,4654481.5200000005,2162.38
-11799685.75,4654482.23,2162.38
-11799684.3,4654482.94,2162.36
-11799683.02,4654483.59,2164.11
-11799682.83,4654483.67,2162.3
-11799681.57,4654484.3,2164.57
-11799681.32,4654484.41,2162.21
-11799680.16,4654485.0,2164.98
-11799679.88,4654485.11,2162.35
-11799678.790000001,4654485.68,2165.81
-11799677.200000001,4654486.44,2164.75
-11799676.92,4654486.54,2162.21
-11799675.450000001,4654487.28,2162.24
-11799674.1,4654487.95,2163.35
-11799673.97,4654488.0,2162.17
-11799672.49,4654488.72,2162.11
-11799671.01,4654489.44,2162.09
-11799669.540000001,4654490.15,2162.07
-11799668.08,4654490.86,2162.09
-11799666.6,4654491.59,2162.09
-11799665.16,4654492.29,2162.11
-11799663.67,4654493.0200000005,2162.1
-11799662.18,4654493.74,2162.07
-11799660.700000001,4654494.47,2162.07
-11799659.21,4654495.2,2162.0
-11799657.74,4654495.9,2161.94
-11799656.28,4654496.63,2161.84
-11799654.8,4654497.34,2161.86
-11799653.3,4654498.07,2161.85
-11799651.8,4654498.8100000005,2161.83
-11799650.34,4654499.5,2161.86
-11799648.870000001,4654500.24,2161.88
-11799647.38,4654500.96,2161.9
-11799645.93,4654501.68,2161.94
-11799644.44,4654502.4,2161.96
-11799643.72,4654502.8100000005,2167.84
-11799643.23,4654502.99,2164.06
-11799642.96,4654503.11,2162.0
-11799642.23,4654503.53,2167.48
-11799640.71,4654504.25,2167.19
-11799640.01,4654504.57,2161.9
-11799638.53,4654505.29,2161.92
-11799637.03,4654506.01,2161.74
-11799635.55,4654506.72,2161.65
-11799634.28,4654507.37,2163.24
-11799634.06,4654507.46,2161.57
-11799632.53,4654508.19,2161.42
-11799631.06,4654508.92,2161.36
-11799629.55,4654509.66,2161.32
-11799628.06,4654510.38,2161.27
-11799626.56,4654511.11,2161.25
-11799625.09,4654511.83,2161.26
-11799624.42,4654513.55,2161.28
-11799625.9,4654512.84,2161.25
-11799627.4,4654512.09,2161.25
-11799628.9,4654511.38,2161.27
-11799630.4,4654510.65,2161.34
-11799631.870000001,4654509.94,2161.38
-11799633.370000001,4654509.19,2161.5
-11799634.91,4654508.47,2161.72
-11799636.4,4654507.75,2161.88
-11799638.72,4654506.67,2168.22
-11799637.870000001,4654507.01,2161.9
-11799640.23,4654505.94,2168.32
-11799641.73,4654505.2,2168.4
-11799643.18,4654504.49,2168.15
-11799644.71,4654503.7700000005,2168.53
-11799644.26,4654503.94,2165.13
-11799643.85,4654504.11,2162.02
-11799645.33,4654503.41,2161.98
-11799646.78,4654502.71,2161.94
-11799648.26,4654501.98,2161.9
-11799649.74,4654501.2700000005,2161.9
-11799651.25,4654500.55,2161.86
-11799652.76,4654499.8,2161.86
-11799654.25,4654499.09,2161.83
-11799655.71,4654498.37,2161.81
-11799657.18,4654497.66,2161.86
-11799658.65,4654496.95,2161.92
-11799660.14,4654496.23,2161.96
-11799661.64,4654495.51,2162.04
-11799663.13,4654494.79,2162.09
-11799664.63,4654494.05,2162.11
-11799666.1,4654493.34,2162.1
-11799667.59,4654492.62,2162.1
-11799669.05,4654491.91,2162.08
-11799670.52,4654491.2,2162.1
-11799672.01,4654490.48,2162.08
-11799673.47,4654489.7700000005,2162.11
-11799674.97,4654489.03,2162.17
-11799676.48,4654488.32,2162.26
-11799677.950000001,4654487.600000001,2162.24
-11799679.67,4654486.78,2164.5
-11799679.57,4654486.82,2163.52
-11799679.43,4654486.88,2162.25
-11799681.15,4654486.0600000005,2164.72
-11799680.9,4654486.17,2162.29
-11799682.370000001,4654485.45,2162.33
-11799683.870000001,4654484.71,2162.33
-11799685.35,4654484.0200000005,2162.36
-11799686.790000001,4654483.3100000005,2162.38
-11799688.290000001,4654482.57,2162.4
-11799689.790000001,4654481.850000001,2162.38
-11799691.43,4654481.08,2164.33
-11799691.23,4654481.16,2162.23
-11799693.1,4654480.28,2166.17
-11799694.34,4654479.66,2163.8
-11799694.23,4654479.7,2162.53
-11799695.68,4654479.0,2162.4
-11799697.14,4654478.28,2162.4
-11799698.64,4654477.55,2162.42
-11799700.85,4654476.55,2170.44
-11799700.1,4654476.84,2162.42
-11799702.83,4654475.63,2176.21
-11799702.32,4654475.84,2170.78
-11799701.540000001,4654476.14,2162.42
-11799704.200000001,4654474.97,2175.4
-11799703.78,4654475.13,2170.88
-11799703.01,4654475.44,2162.44
-11799705.700000001,4654474.24,2175.9
-11799704.48,4654474.73,2162.4
-11799707.36,4654473.44,2177.92
-11799708.8,4654472.76,2177.42
-11799708.63,4654472.82,2175.54
-11799708.13,4654473.01,2169.79
-11799710.35,4654472.01,2178.42
-11799710.17,4654472.08,2176.35
-11799711.82,4654471.3,2178.88
-11799713.07,4654470.66,2176.42
-11799712.6,4654470.86,2170.88
-11799714.52,4654469.98,2176.17
-11799714.86,4654469.68,2162.72
-11799716.33,4654468.97,2162.73
-11799717.790000001,4654468.2700000005,2162.76
-11799719.28,4654467.54,2162.78
-11799720.75,4654466.83,2162.81
-11799722.24,4654466.11,2162.83
-11799723.73,4654465.39,2162.81
-11799725.19,4654464.68,2162.83
-11799726.65,4654463.97,2162.81
-11799728.120000001,4654463.26,2162.82
-11799729.6,4654462.54,2162.84
-11799731.07,4654461.83,2162.85
-11799732.51,4654461.12,2162.79
-11799733.98,4654460.42,2162.77
-11799735.450000001,4654459.69,2162.92
-11799736.8,4654461.55,2162.98
-11799735.31,4654462.2700000005,2162.94
-11799733.83,4654463.01,2162.88
-11799732.370000001,4654463.72,2162.86
-11799730.88,4654464.45,2162.78
-11799729.42,4654465.16,2162.74
-11799727.96,4654465.88,2162.81
-11799726.49,4654466.600000001,2162.82
-11799725.040000001,4654467.3100000005,2162.81
-11799723.59,4654468.0200000005,2162.81
-11799722.13,4654468.73,2162.78
-11799720.67,4654469.45,2162.79
-11799719.21,4654470.16,2162.77
-11799717.72,4654470.88,2162.78
-11799716.25,4654471.61,2162.77
-11799714.8,4654472.32,2162.76
-11799714.51,4654472.57,2176.38
-11799714.02,4654472.76,2170.63
-11799713.34,4654473.03,2162.67
-11799712.97,4654473.3100000005,2175.63
-11799712.75,4654473.38,2173.11
-11799711.700000001,4654473.96,2178.0
-11799711.5,4654474.04,2175.65
-11799709.49,4654474.97,2169.63
-11799709.370000001,4654475.0200000005,2168.32
-11799708.870000001,4654475.22,2162.59
-11799708.66,4654475.43,2176.82
-11799708.57,4654475.47,2175.75
-11799707.39,4654475.94,2162.58
-11799707.24,4654476.12,2176.9
-11799707.14,4654476.17,2175.77
-11799705.94,4654476.65,2162.52
-11799705.21,4654477.08,2170.53
-11799704.47,4654477.37,2162.49
-11799703.82,4654477.75,2171.44
-11799703.66,4654477.8100000005,2169.57
-11799703.0,4654478.09,2162.38
-11799701.51,4654478.8,2162.32
-11799700.07,4654479.51,2162.42
-11799698.61,4654480.22,2162.42
-11799697.11,4654480.96,2162.4
-11799695.67,4654481.67,2162.4
-11799694.19,4654482.39,2162.4
-11799692.71,4654483.11,2162.42
-11799691.24,4654483.82,2162.44
-11799689.77,4654484.5600000005,2162.44
-11799688.3,4654485.28,2162.42
-11799686.82,4654486.0,2162.4
-11799685.35,4654486.72,2162.36
-11799683.88,4654487.43,2162.35
-11799682.39,4654488.18,2162.34
-11799680.93,4654488.89,2162.3
-11799679.46,4654489.61,2162.29
-11799677.97,4654490.33,2162.31
-11799676.51,4654491.04,2162.19
-11799675.06,4654491.75,2162.11
-11799673.56,4654492.49,2162.11
-11799672.09,4654493.21,2162.11
-11799670.61,4654493.94,2162.11
-11799669.14,4654494.64,2162.13
-11799667.67,4654495.38,2162.13
-11799666.21,4654496.09,2162.11
-11799664.73,4654496.8100000005,2162.09
-11799663.23,4654497.54,2162.05
-11799661.76,4654498.25,2162.0
-11799660.290000001,4654498.98,2161.92
-11799658.790000001,4654499.72,2161.9
-11799657.27,4654500.44,2161.88
-11799655.790000001,4654501.18,2161.9
-11799654.31,4654501.9,2161.88
-11799652.870000001,4654502.62,2161.88
-11799651.38,4654503.34,2161.92
-11799649.91,4654504.05,2161.94
-11799648.46,4654504.76,2161.96
-11799647.0,4654505.46,2161.99
-11799646.49,4654505.79,2169.55
-11799645.0,4654506.5,2169.61
-11799643.48,4654507.26,2169.22
-11799641.99,4654507.98,2169.03
-11799640.51,4654508.69,2168.81
-11799638.92,4654509.48,2168.02
-11799637.38,4654510.22,2167.65
-11799635.34,4654511.2,2163.33
-11799635.09,4654511.3,2161.6
-11799633.58,4654512.0200000005,2161.36
-11799632.1,4654512.76,2161.36
-11799630.61,4654513.49,2161.3
-11799629.120000001,4654514.21,2161.3
-11799627.620000001,4654514.95,2161.29
-11799626.120000001,4654515.68,2161.28
-11799624.65,4654516.4,2161.29
-11799625.200000001,4654517.51,2161.26
-11799626.700000001,4654516.8,2161.29
-11799628.22,4654516.0600000005,2161.29
-11799629.72,4654515.32,2161.3
-11799631.21,4654514.61,2161.38
-11799632.71,4654513.88,2161.38
-11799634.18,4654513.14,2161.35
-11799635.68,4654512.44,2161.44
-11799638.11,4654511.3100000005,2168.31
-11799637.23,4654511.69,2161.79
-11799639.620000001,4654510.57,2168.63
-11799641.13,4654509.84,2169.07
-11799642.68,4654509.09,2169.42
-11799644.18,4654508.37,2169.63
-11799645.620000001,4654507.67,2169.28
-11799647.040000001,4654506.96,2168.92
-11799648.450000001,4654506.28,2168.52
-11799647.98,4654506.49,2164.83
-11799647.61,4654506.64,2162.01
-11799649.1,4654505.92,2161.94
-11799650.6,4654505.19,2161.92
-11799652.11,4654504.45,2161.94
-11799653.58,4654503.74,2161.9
-11799655.040000001,4654503.03,2161.9
-11799656.53,4654502.3100000005,2161.88
-11799657.99,4654501.600000001,2161.85
-11799659.48,4654500.88,2161.88
-11799660.96,4654500.16,2161.9
-11799662.46,4654499.42,2161.97
-11799663.950000001,4654498.7,2162.04
-11799665.42,4654497.98,2162.07
-11799666.92,4654497.26,2162.11
-11799668.39,4654496.5200000005,2162.11
-11799669.88,4654495.82,2162.13
-11799671.38,4654495.09,2162.13
-11799672.870000001,4654494.37,2162.13
-11799674.33,4654493.66,2162.09
-11799675.790000001,4654492.96,2162.13
-11799677.26,4654492.23,2162.15
-11799678.790000001,4654491.49,2162.23
-11799680.27,4654490.76,2162.29
-11799681.75,4654490.0600000005,2162.32
-11799683.23,4654489.33,2162.35
-11799684.68,4654488.63,2162.35
-11799686.17,4654487.89,2162.36
-11799687.64,4654487.18,2162.38
-11799689.14,4654486.46,2162.42
-11799690.61,4654485.74,2162.4
-11799692.06,4654485.03,2162.34
-11799693.56,4654484.3100000005,2162.36
-11799695.040000001,4654483.59,2162.36
-11799696.52,4654482.86,2162.38
-11799698.0,4654482.15,2162.4
-11799699.43,4654481.44,2162.3
-11799700.9,4654480.73,2162.38
-11799702.4,4654480.01,2162.44
-11799704.700000001,4654478.96,2171.4
-11799704.540000001,4654479.0200000005,2169.63
-11799703.88,4654479.29,2162.48
-11799706.09,4654478.26,2170.6
-11799705.35,4654478.58,2162.42
-11799707.52,4654477.58,2170.26
-11799706.84,4654477.86,2162.57
-11799708.31,4654477.12,2162.6
-11799709.77,4654476.41,2162.63
-11799711.88,4654475.46,2169.92
-11799711.25,4654475.71,2162.65
-11799713.5,4654474.68,2171.56
-11799712.73,4654474.98,2162.67
-11799714.870000001,4654474.0,2170.44
-11799714.22,4654474.26,2162.72
-11799715.69,4654473.55,2162.73
-11799717.14,4654472.850000001,2162.75
-11799718.63,4654472.12,2162.74
-11799720.13,4654471.38,2162.76
-11799721.56,4654470.69,2162.76
-11799723.040000001,4654469.99,2162.75
-11799724.48,4654469.25,2162.76
-11799725.96,4654468.54,2162.76
-11799727.46,4654467.82,2162.69
-11799728.93,4654467.11,2162.76
-11799730.4,4654466.39,2162.81
-11799731.88,4654465.67,2162.86
-11799733.35,4654464.96,2162.84
-11799734.81,4654464.25,2162.86
-11799736.27,4654463.53,2162.9
-11799736.43,4654465.9,2162.9
-11799734.94,4654466.62,2162.88
-11799733.47,4654467.36,2162.85
-11799731.99,4654468.08,2162.84
-11799730.540000001,4654468.79,2162.82
-11799729.120000001,4654469.5,2162.86
-11799727.66,4654470.2,2163.13
-11799726.450000001,4654470.83,2166.73
-11799726.15,4654470.94,2162.77
-11799725.13,4654471.49,2168.34
-11799724.98,4654471.54,2166.36
-11799723.23,4654472.38,2162.69
-11799721.78,4654473.08,2162.72
-11799720.32,4654473.8100000005,2162.71
-11799718.83,4654474.53,2162.73
-11799717.35,4654475.25,2162.73
-11799715.9,4654475.98,2162.72
-11799714.46,4654476.68,2162.69
-11799713.0,4654477.39,2162.69
-11799711.51,4654478.13,2162.67
-11799710.03,4654478.86,2162.65
-11799708.55,4654479.57,2162.63
-11799707.09,4654480.29,2162.61
-11799705.65,4654481.0,2162.58
-11799704.17,4654481.71,2162.53
-11799702.67,4654482.45,2162.5
-11799701.21,4654483.18,2162.47
-11799699.76,4654483.88,2162.4
-11799698.3,4654484.61,2162.38
-11799696.8,4654485.3100000005,2162.29
-11799695.34,4654486.05,2162.36
-11799693.88,4654486.7700000005,2162.36
-11799692.4,4654487.49,2162.35
-11799690.92,4654488.21,2162.32
-11799689.450000001,4654488.92,2162.32
-11799688.0,4654489.63,2162.31
-11799686.53,4654490.38,2162.46
-11799685.07,4654491.08,2162.4
-11799683.83,4654491.7,2164.71
-11799682.450000001,4654492.4,2165.63
-11799680.59,4654493.2700000005,2162.23
-11799679.11,4654494.01,2162.15
-11799677.65,4654494.72,2162.13
-11799676.17,4654495.43,2162.13
-11799674.71,4654496.16,2162.13
-11799673.25,4654496.88,2162.13
-11799671.76,4654497.600000001,2162.13
-11799670.3,4654498.32,2162.15
-11799668.84,4654499.03,2162.13
-11799667.38,4654499.74,2162.1
-11799665.870000001,4654500.49,2162.07
-11799664.38,4654501.22,2162.01
-11799662.91,4654501.93,2161.92
-11799661.39,4654502.69,2161.9
-11799659.91,4654503.4,2161.9
-11799658.450000001,4654504.13,2161.92
-11799656.98,4654504.84,2161.96
-11799655.5,4654505.58,2161.96
-11799654.03,4654506.3,2161.98
-11799652.98,4654506.84,2165.38
-11799652.56,4654507.01,2161.98
-11799651.540000001,4654507.54,2165.74
-11799650.3,4654508.16,2167.26
-11799650.14,4654508.21,2166.08
-11799648.92,4654508.84,2167.88
-11799647.5,4654509.5200000005,2168.58
-11799646.1,4654510.23,2169.3
-11799644.66,4654510.94,2169.4
-11799643.14,4654511.67,2169.04
-11799641.72,4654512.38,2169.4
-11799640.290000001,4654513.08,2169.69
-11799639.22,4654513.55,2161.77
-11799637.69,4654514.3,2161.44
-11799636.18,4654515.03,2161.36
-11799634.69,4654515.75,2161.36
-11799633.25,4654516.46,2161.38
-11799631.790000001,4654517.17,2161.36
-11799630.31,4654517.92,2161.35
-11799628.81,4654518.65,2161.4
-11799627.3,4654519.39,2161.31
-11799625.84,4654520.11,2161.27
-11799624.65,4654522.0600000005,2161.26
-11799626.120000001,4654521.350000001,2161.3
-11799627.6,4654520.63,2161.33
-11799629.08,4654519.91,2161.35
-11799630.59,4654519.16,2161.44
-11799632.07,4654518.45,2161.38
-11799633.57,4654517.73,2161.42
-11799635.07,4654516.98,2161.36
-11799636.55,4654516.2700000005,2161.38
-11799638.040000001,4654515.55,2161.4
-11799639.790000001,4654514.71,2163.4
-11799639.540000001,4654514.82,2161.55
-11799641.98,4654513.68,2168.86
-11799643.43,4654512.97,2168.54
-11799644.96,4654512.22,2168.94
-11799646.540000001,4654511.46,2169.67
-11799647.92,4654510.78,2169.0
-11799649.28,4654510.12,2168.27
-11799650.65,4654509.44,2167.56
-11799651.94,4654508.8100000005,2165.92
-11799653.39,4654508.100000001,2165.57
-11799654.450000001,4654507.5600000005,2161.96
-11799655.93,4654506.84,2161.99
-11799657.39,4654506.13,2161.99
-11799658.870000001,4654505.41,2161.94
-11799660.35,4654504.68,2161.92
-11799661.83,4654503.96,2161.86
-11799663.32,4654503.23,2161.9
-11799664.81,4654502.51,2161.94
-11799666.290000001,4654501.78,2162.03
-11799667.78,4654501.07,2162.07
-11799669.25,4654500.350000001,2162.1
-11799670.73,4654499.63,2162.13
-11799672.200000001,4654498.92,2162.13
-11799673.700000001,4654498.17,2162.11
-11799675.19,4654497.46,2162.13
-11799676.66,4654496.74,2162.15
-11799678.13,4654496.0200000005,2162.13
-11799679.620000001,4654495.3,2162.17
-11799681.09,4654494.5600000005,2162.19
-11799682.9,4654493.72,2165.01
-11799684.36,4654493.0200000005,2164.86
-11799685.540000001,4654492.43,2162.33
-11799686.99,4654491.72,2162.29
-11799688.47,4654490.98,2162.29
-11799689.97,4654490.25,2162.31
-11799691.450000001,4654489.54,2162.32
-11799692.92,4654488.82,2162.34
-11799694.39,4654488.11,2162.26
-11799695.870000001,4654487.39,2162.31
-11799697.35,4654486.67,2162.38
-11799698.82,4654485.93,2162.42
-11799700.290000001,4654485.22,2162.44
-11799701.76,4654484.5200000005,2162.5
-11799703.25,4654483.78,2162.54
-11799704.75,4654483.0600000005,2162.56
-11799706.23,4654482.33,2162.59
-11799707.700000001,4654481.62,2162.61
-11799709.17,4654480.91,2162.63
-11799710.63,4654480.2,2162.65
-11799712.09,4654479.48,2162.67
-11799713.59,4654478.76,2162.69
-11799715.040000001,4654478.05,2162.67
-11799716.51,4654477.33,2162.69
-11799718.0,4654476.61,2162.67
-11799719.47,4654475.87,2162.71
-11799720.93,4654475.16,2162.69
-11799722.39,4654474.46,2162.63
-11799724.21,4654473.600000001,2167.04
-11799724.06,4654473.67,2165.13
-11799723.86,4654473.75,2162.63
-11799725.82,4654472.82,2169.02
-11799727.200000001,4654472.15,2167.76
-11799727.040000001,4654472.21,2165.73
-11799726.82,4654472.3,2162.88
-11799728.3,4654471.58,2162.84
-11799729.76,4654470.87,2162.81
-11799731.22,4654470.14,2162.81
-11799732.700000001,4654469.43,2162.8
-11799734.17,4654468.72,2162.88
-11799735.64,4654468.0,2162.9
-11799736.1,4654470.3100000005,2164.9
-11799735.950000001,4654470.36,2162.88
-11799734.6,4654471.04,2164.6
-11799734.46,4654471.09,2162.78
-11799732.98,4654471.83,2162.86
-11799731.540000001,4654472.53,2162.86
-11799730.08,4654473.26,2162.85
-11799728.58,4654473.99,2162.8
-11799727.39,4654474.59,2165.98
-11799727.13,4654474.7,2162.79
-11799725.67,4654475.42,2162.77
-11799724.19,4654476.14,2162.79
-11799722.74,4654476.86,2162.78
-11799721.290000001,4654477.57,2162.71
-11799719.8,4654478.3100000005,2162.58
-11799718.33,4654479.03,2162.63
-11799716.870000001,4654479.75,2162.65
-11799715.43,4654480.46,2162.65
-11799713.96,4654481.18,2162.63
-11799712.47,4654481.89,2162.63
-11799711.0,4654482.63,2162.65
-11799709.540000001,4654483.350000001,2162.65
-11799708.08,4654484.0600000005,2162.63
-11799706.620000001,4654484.78,2162.61
-11799705.14,4654485.49,2162.59
-11799703.67,4654486.23,2162.57
-11799702.21,4654486.95,2162.55
-11799700.76,4654487.66,2162.48
-11799699.3,4654488.38,2162.47
-11799697.83,4654489.100000001,2162.44
-11799696.370000001,4654489.8100000005,2162.42
-11799694.86,4654490.57,2162.35
-11799693.370000001,4654491.29,2162.33
-11799691.92,4654492.0,2162.25
-11799690.46,4654492.71,2162.28
-11799689.0,4654493.44,2162.3
-11799687.53,4654494.17,2162.29
-11799686.06,4654494.88,2162.27
-11799684.58,4654495.600000001,2162.26
-11799683.08,4654496.350000001,2162.23
-11799681.59,4654497.07,2162.22
-11799680.11,4654497.8100000005,2162.15
-11799678.67,4654498.5200000005,2162.13
-11799677.21,4654499.24,2162.13
-11799675.71,4654499.97,2162.11
-11799674.25,4654500.68,2162.13
-11799672.8,4654501.39,2162.13
-11799671.33,4654502.12,2162.09
-11799669.84,4654502.86,2162.08
-11799668.370000001,4654503.58,2162.05
-11799666.870000001,4654504.3100000005,2161.99
-11799665.38,4654505.05,2161.94
-11799663.92,4654505.7700000005,2161.9
-11799662.46,4654506.48,2161.97
-11799660.97,4654507.21,2161.98
-11799659.48,4654507.94,2162.03
-11799658.03,4654508.67,2162.02
-11799656.57,4654509.37,2162.06
-11799655.53,4654509.91,2165.6
-11799654.09,4654510.62,2165.94
-11799652.92,4654511.21,2168.38
-11799651.5,4654511.92,2168.73
-11799650.08,4654512.61,2169.04
-11799648.69,4654513.29,2169.67
-11799647.13,4654514.05,2168.94
-11799645.53,4654514.83,2168.11
-11799643.950000001,4654515.600000001,2167.47
-11799641.94,4654516.57,2163.44
-11799641.700000001,4654516.68,2161.59
-11799640.22,4654517.4,2161.47
-11799638.73,4654518.13,2161.44
-11799637.28,4654518.84,2161.57
-11799635.8,4654519.58,2161.46
-11799634.34,4654520.3,2161.53
-11799632.85,4654521.01,2161.58
-11799631.32,4654521.78,2161.42
-11799629.85,4654522.49,2161.4
-11799628.39,4654523.2,2161.36
-11799626.93,4654523.93,2161.44
-11799625.42,4654524.67,2161.3
-11799625.34,4654526.0600000005,2161.3
-11799626.82,4654525.37,2161.31
-11799628.33,4654524.63,2161.42
-11799629.8,4654523.9,2161.4
-11799631.31,4654523.17,2161.44
-11799632.8,4654522.44,2161.44
-11799634.290000001,4654521.71,2161.58
-11799635.76,4654521.0,2161.51
-11799637.26,4654520.2700000005,2161.53
-11799638.77,4654519.53,2161.51
-11799640.22,4654518.8100000005,2161.44
-11799641.69,4654518.100000001,2161.47
-11799643.43,4654517.26,2163.33
-11799643.22,4654517.350000001,2161.67
-11799645.48,4654516.28,2167.44
-11799647.08,4654515.5,2168.23
-11799648.68,4654514.73,2169.06
-11799650.21,4654513.98,2169.58
-11799651.58,4654513.3100000005,2169.05
-11799653.01,4654512.61,2168.65
-11799654.46,4654511.9,2168.29
-11799655.620000001,4654511.3100000005,2165.86
-11799657.01,4654510.64,2165.51
-11799658.08,4654510.100000001,2162.04
-11799659.57,4654509.38,2162.05
-11799661.040000001,4654508.66,2162.03
-11799662.53,4654507.91,2161.99
-11799664.01,4654507.2,2161.97
-11799665.5,4654506.47,2161.92
-11799666.99,4654505.73,2161.92
-11799668.46,4654505.03,2162.02
-11799669.93,4654504.3,2162.03
-11799671.42,4654503.58,2162.08
-11799672.92,4654502.84,2162.07
-11799674.41,4654502.13,2162.1
-11799675.870000001,4654501.41,2162.1
-11799677.34,4654500.7,2162.1
-11799678.81,4654499.96,2162.1
-11799680.3,4654499.23,2162.1
-11799681.790000001,4654498.5200000005,2162.11
-11799683.3,4654497.7700000005,2162.19
-11799684.77,4654497.0600000005,2162.19
-11799686.25,4654496.33,2162.27
-11799687.69,4654495.62,2162.27
-11799689.16,4654494.91,2162.17
-11799690.64,4654494.19,2162.25
-11799692.120000001,4654493.47,2162.31
-11799693.61,4654492.72,2162.36
-11799695.11,4654492.0,2162.38
-11799696.59,4654491.28,2162.44
-11799698.07,4654490.5600000005,2162.44
-11799699.53,4654489.850000001,2162.47
-11799700.98,4654489.14,2162.49
-11799702.48,4654488.41,2162.53
-11799703.96,4654487.69,2162.54
-11799705.43,4654486.96,2162.55
-11799706.9,4654486.26,2162.59
-11799708.35,4654485.53,2162.58
-11799709.85,4654484.8,2162.61
-11799711.32,4654484.09,2162.61
-11799712.8,4654483.37,2162.6
-11799714.27,4654482.65,2162.61
-11799715.72,4654481.94,2162.61
-11799717.19,4654481.22,2162.53
-11799718.68,4654480.48,2162.6
-11799720.15,4654479.78,2162.69
-11799721.65,4654479.04,2162.71
-11799723.1,4654478.33,2162.73
-11799724.55,4654477.63,2162.76
-11799726.05,4654476.88,2162.76
-11799727.52,4654476.17,2162.79
-11799728.99,4654475.45,2162.84
-11799730.43,4654474.74,2162.85
-11799732.03,4654473.98,2164.75
-11799731.89,4654474.03,2162.86
-11799733.53,4654473.24,2164.92
-11799733.38,4654473.3100000005,2162.85
-11799734.86,4654472.59,2162.84
-11799736.34,4654471.87,2162.88
-11799735.64,4654474.67,2164.67
-11799735.5,4654474.72,2162.85
-11799734.200000001,4654475.38,2164.96
-11799734.040000001,4654475.44,2162.83
-11799732.69,4654476.11,2164.73
-11799732.57,4654476.17,2162.88
-11799731.120000001,4654476.87,2162.88
-11799729.64,4654477.61,2162.86
-11799728.18,4654478.33,2162.85
-11799726.71,4654479.05,2162.8
-11799725.32,4654479.75,2163.73
-11799723.77,4654480.48,2162.74
-11799722.3,4654481.23,2162.74
-11799720.83,4654481.95,2162.71
-11799719.38,4654482.67,2162.75
-11799717.92,4654483.38,2162.73
-11799716.89,4654483.92,2167.85
-11799715.370000001,4654484.66,2166.99
-11799714.98,4654484.83,2162.49
-11799713.5,4654485.5600000005,2162.51
-11799712.02,4654486.29,2162.57
-11799710.56,4654487.01,2162.58
-11799709.09,4654487.73,2162.57
-11799707.63,4654488.45,2162.58
-11799706.16,4654489.16,2162.56
-11799704.68,4654489.9,2162.55
-11799703.23,4654490.62,2162.56
-11799701.790000001,4654491.34,2162.53
-11799700.32,4654492.05,2162.49
-11799698.83,4654492.79,2162.49
-11799697.34,4654493.5200000005,2162.47
-11799695.88,4654494.24,2162.44
-11799694.4,4654494.96,2162.42
-11799692.94,4654495.69,2162.4
-11799691.5,4654496.4,2162.36
-11799690.01,4654497.13,2162.31
-11799688.540000001,4654497.86,2162.27
-11799687.040000001,4654498.59,2162.21
-11799685.59,4654499.3100000005,2162.15
-11799684.13,4654500.0200000005,2162.13
-11799682.67,4654500.75,2162.11
-11799681.19,4654501.46,2162.09
-11799679.73,4654502.2,2162.09
-11799678.25,4654502.93,2162.07
-11799676.76,4654503.65,2162.06
-11799675.3,4654504.36,2162.06
-11799673.81,4654505.11,2162.07
-11799672.33,4654505.83,2162.05
-11799670.85,4654506.5600000005,2162.04
-11799669.39,4654507.29,2161.98
-11799667.94,4654508.01,2162.02
-11799666.47,4654508.73,2162.03
-11799665.0,4654509.44,2162.01
-11799663.52,4654510.18,2162.04
-11799662.06,4654510.9,2162.08
-11799660.56,4654511.63,2162.06
-11799659.48,4654512.19,2165.42
-11799659.08,4654512.37,2162.08
-11799658.06,4654512.88,2165.77
-11799656.8,4654513.51,2167.29
-11799655.49,4654514.17,2168.57
-11799654.07,4654514.88,2168.94
-11799652.66,4654515.5600000005,2169.4
-11799651.18,4654516.29,2169.31
-11799649.6,4654517.07,2168.49
-11799648.040000001,4654517.84,2167.73
-11799645.78,4654518.92,2161.85
-11799644.26,4654519.65,2161.56
-11799642.82,4654520.37,2161.67
-11799641.33,4654521.11,2161.51
-11799639.83,4654521.84,2161.56
-11799638.33,4654522.58,2161.58
-11799636.85,4654523.3100000005,2161.58
-11799635.38,4654524.03,2161.58
-11799633.950000001,4654524.74,2161.57
-11799632.49,4654525.45,2161.61
-11799630.96,4654526.21,2161.46
-11799629.46,4654526.94,2161.55
-11799627.97,4654527.68,2161.38
-11799626.48,4654528.4,2161.3
-11799625.200000001,4654529.05,2162.81
-11799624.950000001,4654529.16,2161.19
-11799624.61,4654530.7700000005,2161.29
-11799626.11,4654530.04,2161.35
-11799627.57,4654529.34,2161.36
-11799629.07,4654528.59,2161.51
-11799630.6,4654527.850000001,2161.6
-11799632.08,4654527.13,2161.54
-11799633.55,4654526.4,2161.58
-11799635.02,4654525.69,2161.6
-11799636.51,4654524.97,2161.49
-11799638.0,4654524.23,2161.58
-11799639.48,4654523.5,2161.61
-11799640.96,4654522.78,2161.56
-11799642.46,4654522.03,2161.51
-11799643.96,4654521.3100000005,2161.63
-11799645.42,4654520.600000001,2161.53
-11799646.97,4654519.84,2161.85
-11799649.200000001,4654518.78,2167.65
-11799650.76,4654518.0200000005,2168.42
-11799652.35,4654517.24,2169.24
-11799653.83,4654516.51,2169.44
-11799655.26,4654515.83,2168.77
-11799656.63,4654515.14,2168.01
-11799658.0,4654514.48,2167.3
-11799659.28,4654513.83,2165.8
-11799660.71,4654513.14,2165.44
-11799660.31,4654513.3100000005,2162.15
-11799661.790000001,4654512.57,2162.08
-11799663.26,4654511.87,2162.06
-11799665.03,4654511.01,2164.47
-11799664.73,4654511.14,2162.0
-11799666.23,4654510.42,2162.0
-11799667.72,4654509.68,2162.04
-11799669.19,4654508.97,2162.04
-11799670.65,4654508.25,2161.96
-11799672.13,4654507.5200000005,2162.03
-11799673.63,4654506.8,2162.03
-11799675.1,4654506.07,2162.04
-11799676.55,4654505.36,2162.03
-11799678.03,4654504.64,2162.05
-11799679.51,4654503.92,2162.06
-11799680.98,4654503.2,2162.05
-11799682.46,4654502.46,2162.08
-11799683.97,4654501.74,2162.11
-11799685.44,4654501.0200000005,2162.19
-11799686.9,4654500.3,2162.26
-11799688.4,4654499.5600000005,2162.32
-11799689.9,4654498.83,2162.32
-11799691.370000001,4654498.09,2162.35
-11799692.85,4654497.39,2162.4
-11799694.31,4654496.66,2162.42
-11799695.76,4654495.96,2162.48
-11799697.24,4654495.23,2162.48
-11799698.73,4654494.49,2162.48
-11799700.23,4654493.78,2162.49
-11799701.69,4654493.0600000005,2162.52
-11799703.15,4654492.34,2162.52
-11799704.64,4654491.61,2162.51
-11799706.08,4654490.91,2162.52
-11799707.56,4654490.19,2162.53
-11799709.03,4654489.45,2162.52
-11799710.48,4654488.74,2162.51
-11799711.94,4654488.03,2162.47
-11799713.44,4654487.3,2162.46
-11799714.93,4654486.58,2162.65
-11799716.81,4654485.69,2167.38
-11799716.65,4654485.74,2165.67
-11799716.4,4654485.84,2162.74
-11799718.1,4654485.03,2165.4
-11799717.870000001,4654485.14,2162.67
-11799719.33,4654484.41,2162.69
-11799720.83,4654483.67,2162.76
-11799722.31,4654482.96,2162.73
-11799723.74,4654482.26,2162.73
-11799725.23,4654481.53,2162.8
-11799726.75,4654480.7700000005,2163.3
-11799728.19,4654480.09,2162.81
-11799729.66,4654479.36,2162.85
-11799731.11,4654478.66,2162.88
-11799732.57,4654477.92,2162.9
-11799734.01,4654477.21,2162.9
-11799735.49,4654476.51,2162.88
-11799736.36,4654478.57,2162.94
-11799734.91,4654479.29,2162.94
-11799733.450000001,4654480.0,2162.92
-11799731.99,4654480.74,2162.88
-11799730.53,4654481.46,2162.86
-11799729.040000001,4654482.18,2162.82
-11799727.59,4654482.91,2162.79
-11799726.13,4654483.64,2162.75
-11799724.67,4654484.36,2162.73
-11799723.21,4654485.08,2162.76
-11799721.73,4654485.8100000005,2162.75
-11799720.26,4654486.53,2162.76
-11799718.8,4654487.25,2162.71
-11799717.36,4654487.96,2162.69
-11799715.870000001,4654488.68,2162.69
-11799714.38,4654489.43,2162.67
-11799712.92,4654490.15,2162.59
-11799711.47,4654490.87,2162.53
-11799710.01,4654491.58,2162.44
-11799708.55,4654492.32,2162.42
-11799707.08,4654493.05,2162.48
-11799705.6,4654493.7700000005,2162.5
-11799704.120000001,4654494.51,2162.5
-11799702.63,4654495.24,2162.51
-11799701.16,4654495.95,2162.5
-11799699.71,4654496.68,2162.48
-11799698.26,4654497.38,2162.49
-11799696.790000001,4654498.13,2162.48
-11799695.33,4654498.850000001,2162.46
-11799693.84,4654499.58,2162.44
-11799692.370000001,4654500.3100000005,2162.4
-11799690.92,4654501.0200000005,2162.4
-11799689.43,4654501.74,2162.38
-11799687.97,4654502.48,2162.35
-11799686.49,4654503.21,2162.32
-11799685.040000001,4654503.93,2162.25
-11799683.58,4654504.64,2162.22
-11799682.09,4654505.39,2162.15
-11799680.59,4654506.11,2162.07
-11799679.09,4654506.86,2162.03
-11799677.620000001,4654507.59,2162.02
-11799676.17,4654508.3,2162.03
-11799674.71,4654509.01,2162.02
-11799673.24,4654509.76,2162.02
-11799671.78,4654510.48,2162.11
-11799670.290000001,4654511.2,2162.11
-11799668.8,4654511.95,2162.07
-11799667.34,4654512.67,2162.19
-11799665.88,4654513.39,2162.11
-11799664.41,4654514.100000001,2162.05
-11799662.92,4654514.84,2162.11
-11799661.47,4654515.57,2162.23
-11799660.01,4654516.2700000005,2162.34
-11799658.950000001,4654516.82,2165.65
-11799658.51,4654517.0200000005,2162.15
-11799657.540000001,4654517.53,2166.15
-11799656.02,4654518.2700000005,2165.9
-11799655.05,4654518.76,2169.54
-11799654.61,4654518.96,2166.09
-11799653.48,4654519.54,2168.72
-11799651.9,4654520.3100000005,2167.92
-11799650.31,4654521.09,2167.21
-11799649.620000001,4654521.41,2161.86
-11799648.11,4654522.15,2161.65
-11799646.66,4654522.87,2161.55
-11799645.19,4654523.600000001,2161.61
-11799643.700000001,4654524.34,2161.65
-11799642.22,4654525.07,2161.67
-11799640.72,4654525.8100000005,2161.54
-11799639.24,4654526.53,2161.69
-11799637.78,4654527.25,2161.69
-11799636.28,4654528.0,2161.53
-11799634.81,4654528.72,2161.55
-11799633.370000001,4654529.43,2161.83
-11799631.86,4654530.16,2161.65
-11799630.34,4654530.92,2161.5
-11799628.85,4654531.66,2161.48
-11799627.38,4654532.39,2161.42
-11799625.9,4654533.11,2161.46
-11799625.28,4654533.44,2167.3
-11799624.77,4654533.69,2163.75
-11799624.74,4654534.98,2169.33
-11799626.21,4654534.26,2169.34
-11799625.93,4654534.39,2167.4
-11799626.58,4654534.05,2161.59
-11799628.03,4654533.33,2161.42
-11799629.51,4654532.61,2161.47
-11799631.01,4654531.88,2161.47
-11799632.540000001,4654531.12,2161.59
-11799634.02,4654530.39,2161.69
-11799635.47,4654529.69,2161.61
-11799636.93,4654528.96,2161.55
-11799638.43,4654528.22,2161.54
-11799639.93,4654527.5,2161.55
-11799641.42,4654526.76,2161.61
-11799642.89,4654526.03,2161.67
-11799644.38,4654525.3100000005,2161.71
-11799645.86,4654524.58,2161.56
-11799647.35,4654523.850000001,2161.59
-11799648.82,4654523.13,2161.6
-11799650.35,4654522.37,2161.86
-11799652.6,4654521.3,2167.69
-11799653.85,4654520.68,2165.99
-11799653.36,4654520.9,2162.02
-11799655.290000001,4654519.97,2165.76
-11799656.72,4654519.26,2165.54
-11799658.22,4654518.5200000005,2165.81
-11799657.77,4654518.74,2162.1
-11799659.24,4654518.0,2162.13
-11799660.74,4654517.28,2162.11
-11799662.24,4654516.54,2162.11
-11799663.71,4654515.8100000005,2162.11
-11799665.16,4654515.100000001,2162.04
-11799666.67,4654514.37,2162.22
-11799668.14,4654513.62,2162.04
-11799669.64,4654512.91,2162.07
-11799671.1,4654512.19,2162.09
-11799672.58,4654511.47,2162.06
-11799674.040000001,4654510.75,2162.01
-11799675.53,4654510.01,2162.02
-11799676.99,4654509.29,2162.0
-11799678.47,4654508.57,2162.04
-11799679.93,4654507.84,2162.08
-11799681.42,4654507.13,2162.17
-11799682.89,4654506.39,2162.22
-11799684.39,4654505.65,2162.25
-11799685.88,4654504.93,2162.28
-11799687.35,4654504.2,2162.34
-11799688.84,4654503.48,2162.38
-11799690.34,4654502.74,2162.4
-11799691.8,4654502.03,2162.4
-11799693.26,4654501.3100000005,2162.42
-11799694.75,4654500.58,2162.44
-11799696.22,4654499.850000001,2162.44
-11799697.68,4654499.14,2162.49
-11799699.14,4654498.42,2162.47
-11799700.63,4654497.67,2162.47
-11799702.09,4654496.96,2162.47
-11799703.56,4654496.24,2162.48
-11799705.05,4654495.5200000005,2162.47
-11799706.52,4654494.7700000005,2162.4
-11799707.98,4654494.07,2162.47
-11799709.46,4654493.34,2162.63
-11799710.92,4654492.64,2162.63
-11799712.39,4654491.9,2162.65
-11799713.85,4654491.19,2162.67
-11799715.31,4654490.46,2162.69
-11799716.8,4654489.75,2162.71
-11799718.290000001,4654489.0200000005,2162.72
-11799719.77,4654488.2700000005,2162.75
-11799721.26,4654487.55,2162.75
-11799722.73,4654486.83,2162.76
-11799724.28,4654486.07,2164.05
-11799724.18,4654486.12,2162.79
-11799725.65,4654485.4,2162.79
-11799727.1,4654484.66,2162.76
-11799728.58,4654483.95,2162.78
-11799730.06,4654483.23,2162.82
-11799731.540000001,4654482.51,2162.83
-11799733.0,4654481.76,2162.88
-11799734.47,4654481.0600000005,2162.92
-11799735.93,4654480.34,2162.92
-11799736.89,4654482.47,2162.94
-11799735.43,4654483.19,2162.9
-11799733.98,4654483.92,2163.06
-11799732.450000001,4654484.66,2162.92
-11799731.27,4654485.26,2166.51
-11799729.85,4654485.97,2166.61
-11799728.43,4654486.67,2167.13
-11799728.08,4654486.83,2162.77
-11799726.620000001,4654487.55,2162.94
-11799725.14,4654488.3,2162.73
-11799723.68,4654489.0200000005,2162.74
-11799722.21,4654489.74,2162.76
-11799720.78,4654490.45,2162.77
-11799719.33,4654491.16,2162.74
-11799717.870000001,4654491.89,2162.69
-11799716.51,4654492.58,2164.17
-11799715.040000001,4654493.3100000005,2164.19
-11799713.450000001,4654494.08,2162.69
-11799711.99,4654494.8,2162.63
-11799710.52,4654495.53,2162.61
-11799709.040000001,4654496.26,2162.59
-11799707.58,4654496.99,2162.61
-11799706.13,4654497.72,2162.57
-11799704.65,4654498.45,2162.49
-11799703.16,4654499.18,2162.36
-11799701.71,4654499.89,2162.4
-11799700.28,4654500.61,2162.42
-11799698.8,4654501.32,2162.42
-11799697.32,4654502.08,2162.42
-11799695.84,4654502.8,2162.4
-11799694.370000001,4654503.54,2162.42
-11799692.91,4654504.26,2162.42
-11799691.450000001,4654504.98,2162.42
-11799689.99,4654505.69,2162.4
-11799688.5,4654506.45,2162.38
-11799687.01,4654507.17,2162.35
-11799685.55,4654507.9,2162.31
-11799684.08,4654508.63,2162.31
-11799682.61,4654509.36,2162.26
-11799681.13,4654510.09,2162.22
-11799679.65,4654510.83,2162.17
-11799678.200000001,4654511.54,2162.13
-11799676.74,4654512.2700000005,2162.08
-11799675.25,4654513.0,2162.0
-11799673.78,4654513.73,2162.02
-11799672.28,4654514.47,2162.09
-11799670.82,4654515.19,2162.09
-11799669.34,4654515.93,2162.05
-11799667.88,4654516.65,2162.02
-11799666.41,4654517.38,2162.05
-11799664.94,4654518.12,2162.06
-11799663.46,4654518.84,2162.07
-11799662.03,4654519.55,2162.08
-11799660.55,4654520.28,2162.07
-11799659.07,4654521.0200000005,2162.09
-11799657.58,4654521.75,2162.09
-11799656.120000001,4654522.48,2162.07
-11799654.65,4654523.21,2162.02
-11799653.16,4654523.94,2161.92
-11799651.65,4654524.69,2161.72
-11799650.15,4654525.44,2161.61
-11799648.700000001,4654526.13,2161.69
-11799647.24,4654526.88,2161.65
-11799645.74,4654527.600000001,2161.65
-11799644.26,4654528.350000001,2161.61
-11799642.78,4654529.08,2161.63
-11799641.3,4654529.8100000005,2161.63
-11799639.82,4654530.55,2161.61
-11799638.35,4654531.28,2161.58
-11799636.88,4654532.0,2161.72
-11799635.39,4654532.74,2161.61
-11799633.89,4654533.49,2161.6
-11799632.42,4654534.21,2161.6
-11799631.18,4654534.8100000005,2163.3
-11799630.94,4654534.94,2161.52
-11799629.46,4654535.68,2161.55
-11799628.8,4654536.0200000005,2167.28
-11799628.17,4654536.32,2162.92
-11799627.69,4654536.58,2169.83
-11799626.32,4654537.26,2170.44
-11799624.86,4654537.98,2170.5
-11799625.11,4654539.19,2170.34
-11799626.49,4654538.5200000005,2169.75
-11799627.870000001,4654537.82,2169.19
-11799629.290000001,4654537.13,2168.63
-11799629.790000001,4654536.87,2161.67
-11799631.24,4654536.14,2161.54
-11799632.72,4654535.42,2161.55
-11799634.24,4654534.68,2161.58
-11799635.73,4654533.94,2161.61
-11799637.18,4654533.22,2161.57
-11799638.67,4654532.49,2161.67
-11799640.17,4654531.75,2161.57
-11799641.69,4654531.0,2161.67
-11799643.14,4654530.29,2161.58
-11799644.6,4654529.57,2161.65
-11799646.07,4654528.83,2161.72
-11799647.56,4654528.12,2161.67
-11799649.06,4654527.38,2161.74
-11799650.52,4654526.64,2161.67
-11799652.02,4654525.91,2161.65
-11799653.540000001,4654525.17,2161.96
-11799655.02,4654524.45,2162.0
-11799656.5,4654523.71,2162.04
-11799658.02,4654522.96,2162.05
-11799659.49,4654522.24,2162.06
-11799660.94,4654521.53,2162.04
-11799662.39,4654520.8100000005,2162.02
-11799663.870000001,4654520.08,2162.01
-11799665.35,4654519.36,2162.02
-11799666.82,4654518.64,2162.0
-11799668.31,4654517.9,2162.02
-11799669.8,4654517.17,2162.04
-11799671.32,4654516.42,2162.06
-11799672.76,4654515.71,2161.97
-11799674.23,4654514.98,2162.0
-11799675.72,4654514.26,2162.07
-11799677.21,4654513.5200000005,2162.15
-11799678.66,4654512.8,2162.15
-11799680.15,4654512.08,2162.17
-11799681.63,4654511.33,2162.23
-11799683.09,4654510.62,2162.27
-11799684.55,4654509.9,2162.26
-11799686.05,4654509.16,2162.33
-11799687.53,4654508.43,2162.34
-11799689.01,4654507.7,2162.36
-11799690.5,4654506.97,2162.36
-11799691.99,4654506.24,2162.42
-11799693.46,4654505.5200000005,2162.38
-11799694.92,4654504.79,2162.4
-11799696.38,4654504.08,2162.4
-11799697.85,4654503.350000001,2162.4
-11799699.34,4654502.62,2162.4
-11799700.8,4654501.89,2162.36
-11799702.24,4654501.18,2162.35
-11799703.74,4654500.45,2162.54
-11799705.200000001,4654499.74,2162.57
-11799706.64,4654499.0200000005,2162.57
-11799708.120000001,4654498.28,2162.59
-11799709.6,4654497.5600000005,2162.6
-11799711.52,4654496.63,2167.42
-11799711.09,4654496.83,2162.61
-11799713.02,4654495.9,2167.72
-11799712.56,4654496.09,2162.67
-11799714.040000001,4654495.37,2162.69
-11799715.64,4654494.600000001,2164.15
-11799715.5,4654494.66,2162.63
-11799717.14,4654493.850000001,2164.26
-11799718.47,4654493.2,2162.72
-11799719.91,4654492.49,2162.73
-11799721.34,4654491.78,2162.74
-11799722.83,4654491.0600000005,2162.73
-11799724.3,4654490.32,2162.75
-11799725.76,4654489.59,2162.8
-11799727.52,4654488.75,2166.35
-11799727.25,4654488.87,2162.96
-11799729.02,4654488.01,2166.57
-11799730.53,4654487.2700000005,2167.15
-11799731.98,4654486.5600000005,2167.06
-11799733.49,4654485.8100000005,2167.56
-11799733.14,4654485.97,2163.0
-11799734.61,4654485.25,2162.94
-11799736.040000001,4654484.54,2162.9
-11799735.86,4654486.99,2167.03
-11799735.57,4654487.12,2162.96
-11799734.55,4654487.65,2169.15
-11799733.13,4654488.34,2169.74
-11799731.68,4654489.08,2169.69
-11799731.53,4654489.14,2167.75
-11799730.06,4654489.86,2167.38
-11799728.81,4654490.5,2170.23
-11799727.34,4654491.24,2170.1
-11799727.06,4654491.34,2166.65
-11799725.6,4654492.09,2166.86
-11799724.13,4654492.8100000005,2166.76
-11799722.66,4654493.55,2166.36
-11799722.36,4654493.69,2162.81
-11799721.0,4654494.350000001,2163.76
-11799720.94,4654494.4,2162.94
-11799719.59,4654495.0600000005,2164.34
-11799718.16,4654495.79,2164.56
-11799716.5,4654496.59,2162.69
-11799715.02,4654497.34,2162.69
-11799713.82,4654497.94,2165.54
-11799713.57,4654498.0600000005,2162.71
-11799712.77,4654498.48,2170.08
-11799712.32,4654498.69,2165.02
-11799712.11,4654498.78,2162.65
-11799710.98,4654499.36,2166.34
-11799710.63,4654499.51,2162.63
-11799709.17,4654500.23,2162.59
-11799707.700000001,4654500.96,2162.57
-11799706.25,4654501.69,2162.55
-11799704.78,4654502.42,2162.53
-11799703.31,4654503.15,2162.54
-11799701.84,4654503.88,2162.51
-11799700.370000001,4654504.61,2162.47
-11799698.88,4654505.350000001,2162.31
-11799697.42,4654506.08,2162.34
-11799695.950000001,4654506.8,2162.38
-11799694.46,4654507.55,2162.36
-11799692.98,4654508.28,2162.36
-11799691.53,4654508.99,2162.36
-11799690.08,4654509.73,2162.38
-11799688.63,4654510.45,2162.35
-11799687.16,4654511.17,2162.34
-11799685.66,4654511.92,2162.3
-11799684.17,4654512.65,2162.28
-11799682.73,4654513.36,2162.27
-11799681.25,4654514.11,2162.24
-11799679.77,4654514.84,2162.23
-11799678.290000001,4654515.57,2162.17
-11799676.83,4654516.3,2162.1
-11799675.38,4654517.0200000005,2162.1
-11799673.91,4654517.75,2162.07
-11799672.41,4654518.5,2162.04
-11799670.94,4654519.23,2161.96
-11799669.48,4654519.95,2161.92
-11799667.99,4654520.68,2162.0
-11799666.52,4654521.42,2162.01
-11799665.040000001,4654522.16,2161.97
-11799663.57,4654522.89,2161.97
-11799662.120000001,4654523.61,2161.97
-11799660.620000001,4654524.350000001,2161.98
-11799659.15,4654525.08,2162.0
-11799657.700000001,4654525.8,2161.99
-11799656.24,4654526.5200000005,2161.96
-11799654.77,4654527.26,2161.8
-11799653.27,4654528.0,2161.76
-11799651.77,4654528.75,2161.72
-11799650.31,4654529.47,2161.82
-11799648.82,4654530.21,2161.73
-11799647.34,4654530.94,2161.71
-11799645.9,4654531.66,2161.82
-11799644.43,4654532.4,2161.69
-11799642.93,4654533.13,2161.67
-11799641.44,4654533.88,2161.67
-11799639.99,4654534.600000001,2161.74
-11799638.49,4654535.32,2161.6
-11799637.02,4654536.07,2161.67
-11799635.52,4654536.82,2161.61
-11799634.53,4654537.3100000005,2164.9
-11799634.06,4654537.54,2161.59
-11799632.97,4654538.09,2164.32
-11799632.58,4654538.2700000005,2161.59
-11799631.1,4654539.01,2161.61
-11799630.4,4654539.36,2167.09
-11799629.67,4654539.73,2161.94
-11799629.06,4654540.04,2168.02
-11799627.75,4654540.7,2169.07
-11799626.34,4654541.4,2169.54
-11799624.92,4654542.100000001,2169.9
-11799624.69,4654543.64,2169.3
-11799626.13,4654542.93,2168.72
-11799627.74,4654542.12,2169.63
-11799629.08,4654541.46,2168.97
-11799630.39,4654540.8100000005,2167.92
-11799631.77,4654540.14,2167.1
-11799631.02,4654540.51,2161.88
-11799632.950000001,4654539.55,2164.92
-11799632.48,4654539.7700000005,2161.67
-11799634.32,4654538.88,2164.0
-11799634.0,4654539.04,2161.72
-11799635.82,4654538.13,2164.23
-11799635.450000001,4654538.32,2161.63
-11799636.92,4654537.58,2161.65
-11799638.41,4654536.86,2161.61
-11799639.91,4654536.11,2161.63
-11799641.41,4654535.38,2161.76
-11799642.870000001,4654534.66,2161.63
-11799644.370000001,4654533.91,2161.69
-11799645.84,4654533.19,2161.71
-11799647.35,4654532.44,2161.96
-11799648.81,4654531.72,2161.71
-11799650.3,4654530.97,2161.79
-11799651.81,4654530.24,2161.88
-11799653.28,4654529.5200000005,2161.8
-11799654.75,4654528.78,2161.79
-11799656.23,4654528.0600000005,2161.88
-11799657.76,4654527.3,2161.92
-11799659.24,4654526.58,2161.94
-11799660.68,4654525.86,2161.94
-11799662.15,4654525.12,2161.94
-11799663.63,4654524.4,2161.96
-11799665.1,4654523.68,2161.96
-11799666.6,4654522.93,2161.96
-11799668.06,4654522.23,2161.86
-11799669.55,4654521.49,2161.94
-11799671.01,4654520.76,2162.01
-11799672.48,4654520.04,2162.05
-11799673.98,4654519.3,2162.09
-11799675.46,4654518.57,2162.13
-11799676.950000001,4654517.83,2162.17
-11799678.41,4654517.11,2162.17
-11799679.9,4654516.38,2162.23
-11799681.41,4654515.62,2162.23
-11799682.86,4654514.91,2162.26
-11799684.31,4654514.2,2162.29
-11799685.790000001,4654513.47,2162.29
-11799687.290000001,4654512.72,2162.3
-11799688.77,4654512.0,2162.3
-11799690.24,4654511.28,2162.3
-11799691.73,4654510.54,2162.31
-11799693.19,4654509.82,2162.33
-11799694.65,4654509.100000001,2162.32
-11799696.09,4654508.38,2162.29
-11799697.58,4654507.64,2162.35
-11799699.08,4654506.91,2162.42
-11799700.55,4654506.16,2162.44
-11799702.5,4654505.23,2167.36
-11799702.03,4654505.45,2162.47
-11799703.86,4654504.55,2166.36
-11799703.49,4654504.73,2162.47
-11799705.53,4654503.74,2168.83
-11799705.200000001,4654503.89,2165.4
-11799704.94,4654504.01,2162.53
-11799706.4,4654503.29,2162.54
-11799707.9,4654502.5600000005,2162.61
-11799709.38,4654501.82,2162.53
-11799710.86,4654501.09,2162.59
-11799712.6,4654500.24,2166.0
-11799712.290000001,4654500.38,2162.61
-11799714.32,4654499.4,2169.02
-11799714.08,4654499.5,2166.4
-11799713.77,4654499.66,2162.69
-11799715.23,4654498.94,2162.67
-11799716.69,4654498.22,2162.67
-11799718.16,4654497.48,2162.69
-11799719.94,4654496.600000001,2166.55
-11799719.72,4654496.71,2163.98
-11799721.46,4654495.87,2167.06
-11799721.18,4654496.0,2163.75
-11799721.1,4654496.04,2162.72
-11799722.89,4654495.16,2166.4
-11799722.58,4654495.29,2162.73
-11799724.69,4654494.28,2170.52
-11799724.39,4654494.41,2166.78
-11799726.28,4654493.51,2172.1
-11799727.6,4654492.84,2170.65
-11799729.06,4654492.12,2170.83
-11799730.47,4654491.41,2170.32
-11799731.89,4654490.73,2169.65
-11799733.39,4654489.98,2170.19
-11799734.88,4654489.25,2170.11
-11799736.38,4654488.51,2170.67
-11799736.28,4654490.92,2171.73
-11799734.76,4654491.68,2171.15
-11799733.25,4654492.43,2170.65
-11799731.82,4654493.15,2170.56
-11799730.42,4654493.850000001,2171.32
-11799728.93,4654494.58,2171.19
-11799727.47,4654495.32,2171.3
-11799725.96,4654496.0600000005,2170.69
-11799724.200000001,4654496.93,2166.48
-11799723.89,4654497.07,2162.77
-11799722.89,4654497.58,2168.01
-11799722.44,4654497.79,2162.72
-11799721.450000001,4654498.29,2168.38
-11799721.22,4654498.41,2165.59
-11799720.98,4654498.5200000005,2162.79
-11799719.86,4654499.09,2167.31
-11799719.74,4654499.14,2165.79
-11799719.47,4654499.28,2162.67
-11799718.25,4654499.88,2165.67
-11799718.0,4654500.01,2162.81
-11799716.56,4654500.73,2162.63
-11799715.1,4654501.45,2162.63
-11799713.64,4654502.17,2162.63
-11799712.18,4654502.91,2162.55
-11799710.73,4654503.63,2162.59
-11799709.26,4654504.36,2162.59
-11799708.19,4654504.9,2167.13
-11799708.05,4654504.97,2165.71
-11799707.91,4654505.0200000005,2164.17
-11799707.76,4654505.11,2162.52
-11799706.98,4654505.5,2169.63
-11799705.65,4654506.16,2170.9
-11799704.14,4654506.93,2170.01
-11799704.01,4654506.98,2168.71
-11799702.450000001,4654507.75,2167.69
-11799702.21,4654507.88,2165.23
-11799701.94,4654508.01,2162.42
-11799700.450000001,4654508.73,2162.44
-11799698.98,4654509.48,2162.42
-11799697.49,4654510.21,2162.4
-11799696.0,4654510.97,2162.19
-11799694.53,4654511.68,2162.22
-11799693.09,4654512.41,2162.23
-11799691.63,4654513.13,2162.26
-11799690.15,4654513.87,2162.25
-11799688.72,4654514.58,2162.25
-11799687.27,4654515.3100000005,2162.27
-11799685.790000001,4654516.04,2162.25
-11799684.33,4654516.7700000005,2162.25
-11799684.47,4654516.74,2177.23
-11799682.84,4654517.51,2162.24
-11799681.35,4654518.26,2162.24
-11799679.9,4654518.98,2162.24
-11799678.43,4654519.72,2162.19
-11799676.950000001,4654520.45,2162.17
-11799675.49,4654521.17,2162.13
-11799674.03,4654521.89,2162.11
-11799672.57,4654522.63,2162.1
-11799671.1,4654523.36,2162.05
-11799669.59,4654524.11,2162.02
-11799668.1,4654524.84,2161.99
-11799666.66,4654525.5600000005,2161.94
-11799665.200000001,4654526.3,2161.86
-11799663.72,4654527.03,2161.92
-11799662.63,4654527.58,2165.21
-11799662.22,4654527.78,2161.92
-11799660.75,4654528.51,2161.96
-11799659.27,4654529.25,2161.88
-11799657.790000001,4654529.98,2161.9
-11799656.31,4654530.72,2161.9
-11799654.84,4654531.45,2161.88
-11799653.38,4654532.17,2161.97
-11799651.92,4654532.91,2161.92
-11799650.44,4654533.64,2161.77
-11799648.94,4654534.39,2161.75
-11799647.48,4654535.12,2161.82
-11799646.0,4654535.850000001,2161.79
-11799644.51,4654536.59,2161.79
-11799643.02,4654537.34,2161.67
-11799641.58,4654538.0600000005,2161.72
-11799640.09,4654538.78,2161.67
-11799638.59,4654539.54,2161.69
-11799637.11,4654540.29,2161.67
-11799635.99,4654540.84,2164.23
-11799635.63,4654541.01,2161.69
-11799634.53,4654541.5600000005,2164.19
-11799634.17,4654541.73,2161.69
-11799633.5,4654542.08,2167.29
-11799632.790000001,4654542.44,2162.28
-11799632.14,4654542.76,2168.28
-11799630.790000001,4654543.45,2169.32
-11799629.33,4654544.17,2169.23
-11799627.69,4654544.98,2167.94
-11799626.120000001,4654545.75,2167.42
-11799625.83,4654545.9,2165.38
-11799625.74,4654547.21,2167.29
-11799625.42,4654547.36,2165.11
-11799626.94,4654546.600000001,2165.32
-11799628.8,4654545.69,2167.99
-11799630.46,4654544.87,2169.26
-11799631.94,4654544.14,2169.27
-11799631.47,4654544.36,2166.02
-11799631.02,4654544.58,2162.88
-11799633.13,4654543.55,2167.31
-11799632.36,4654543.92,2161.85
-11799633.790000001,4654543.21,2161.73
-11799635.28,4654542.46,2161.67
-11799636.790000001,4654541.73,2161.71
-11799638.25,4654540.99,2161.69
-11799639.74,4654540.2700000005,2161.69
-11799641.23,4654539.51,2161.71
-11799642.700000001,4654538.8,2161.69
-11799644.19,4654538.07,2161.73
-11799645.68,4654537.32,2161.84
-11799647.18,4654536.59,2161.84
-11799648.63,4654535.850000001,2161.77
-11799650.14,4654535.12,2162.01
-11799651.59,4654534.4,2161.79
-11799653.09,4654533.66,2161.9
-11799654.57,4654532.93,2161.88
-11799656.05,4654532.19,2161.88
-11799657.49,4654531.47,2161.88
-11799658.97,4654530.75,2161.88
-11799660.450000001,4654530.0,2161.92
-11799661.93,4654529.28,2161.88
-11799663.41,4654528.54,2161.81
-11799664.91,4654527.8100000005,2161.9
-11799666.41,4654527.05,2161.96
-11799667.89,4654526.34,2161.99
-11799669.35,4654525.61,2162.01
-11799670.83,4654524.88,2162.04
-11799672.290000001,4654524.16,2162.07
-11799673.73,4654523.43,2162.1
-11799677.01,4654521.850000001,2177.84
-11799675.22,4654522.71,2162.13
-11799676.71,4654521.97,2162.15
-11799678.23,4654521.21,2162.19
-11799679.69,4654520.5,2162.19
-11799681.16,4654519.76,2162.25
-11799682.66,4654519.03,2162.24
-11799684.120000001,4654518.29,2162.23
-11799685.57,4654517.59,2162.25
-11799687.040000001,4654516.84,2162.26
-11799688.57,4654516.100000001,2162.23
-11799690.040000001,4654515.37,2162.22
-11799691.49,4654514.65,2162.17
-11799692.94,4654513.93,2162.19
-11799694.41,4654513.21,2162.19
-11799695.88,4654512.47,2162.21
-11799697.370000001,4654511.74,2162.21
-11799698.86,4654510.99,2162.38
-11799700.290000001,4654510.28,2162.42
-11799702.02,4654509.44,2165.1
-11799701.75,4654509.5600000005,2162.42
-11799703.950000001,4654508.49,2169.84
-11799703.61,4654508.64,2166.26
-11799705.370000001,4654507.76,2169.22
-11799706.92,4654507.0,2170.09
-11799706.68,4654507.14,2167.47
-11799706.21,4654507.36,2162.52
-11799708.32,4654506.33,2169.5
-11799708.120000001,4654506.43,2167.35
-11799707.66,4654506.62,2162.48
-11799709.46,4654505.75,2166.24
-11799709.32,4654505.82,2164.73
-11799709.11,4654505.92,2162.34
-11799710.58,4654505.19,2162.57
-11799712.08,4654504.43,2162.57
-11799713.540000001,4654503.73,2162.55
-11799715.01,4654502.99,2162.61
-11799716.77,4654502.14,2165.65
-11799716.5,4654502.26,2162.61
-11799718.24,4654501.41,2165.74
-11799719.700000001,4654500.67,2165.82
-11799721.24,4654499.92,2166.9
-11799721.14,4654499.98,2165.65
-11799720.88,4654500.09,2162.67
-11799722.790000001,4654499.16,2167.81
-11799722.36,4654499.36,2162.71
-11799724.200000001,4654498.45,2167.22
-11799724.05,4654498.53,2165.36
-11799723.83,4654498.64,2162.75
-11799725.58,4654497.7700000005,2166.42
-11799725.28,4654497.92,2162.65
-11799727.11,4654497.01,2166.83
-11799728.870000001,4654496.13,2170.44
-11799730.39,4654495.4,2171.25
-11799731.83,4654494.68,2171.21
-11799733.290000001,4654493.94,2171.36
-11799734.77,4654493.24,2171.94
-11799736.28,4654492.48,2172.51
-11799735.9,4654495.17,2171.73
-11799734.52,4654495.850000001,2172.24
-11799733.08,4654496.59,2172.5
-11799731.61,4654497.32,2171.94
-11799730.1,4654498.08,2171.38
-11799727.950000001,4654499.13,2162.73
-11799726.82,4654499.71,2166.84
-11799726.74,4654499.74,2165.97
-11799726.64,4654499.79,2164.65
-11799726.49,4654499.87,2162.77
-11799725.32,4654500.44,2166.47
-11799723.76,4654501.24,2165.09
-11799723.57,4654501.32,2162.77
-11799722.42,4654501.91,2166.31
-11799722.13,4654502.03,2162.92
-11799720.950000001,4654502.63,2166.13
-11799719.46,4654503.39,2166.01
-11799717.98,4654504.13,2165.9
-11799716.52,4654504.86,2165.81
-11799715.040000001,4654505.58,2165.71
-11799713.57,4654506.33,2165.63
-11799713.370000001,4654506.42,2163.32
-11799711.83,4654507.19,2162.59
-11799710.38,4654507.92,2162.57
-11799708.93,4654508.64,2162.56
-11799707.89,4654509.17,2167.28
-11799707.69,4654509.2700000005,2165.15
-11799707.450000001,4654509.38,2162.56
-11799706.6,4654509.82,2169.08
-11799705.22,4654510.5,2170.15
-11799703.89,4654511.15,2171.53
-11799703.67,4654511.26,2169.22
-11799703.01,4654511.59,2162.38
-11799701.59,4654512.29,2162.44
-11799700.1,4654513.05,2162.28
-11799698.61,4654513.8,2162.28
-11799697.16,4654514.5200000005,2162.28
-11799695.71,4654515.24,2162.27
-11799694.22,4654515.99,2162.22
-11799692.71,4654516.73,2162.19
-11799691.25,4654517.47,2162.15
-11799689.8,4654518.19,2162.13
-11799688.32,4654518.94,2162.11
-11799686.84,4654519.67,2162.17
-11799685.39,4654520.38,2162.17
-11799685.88,4654520.19,2179.79
-11799685.200000001,4654520.51,2173.67
-11799683.96,4654521.12,2162.21
-11799684.38,4654520.93,2179.31
-11799683.74,4654521.23,2173.49
-11799682.5,4654521.84,2162.15
-11799682.94,4654521.64,2179.46
-11799681.03,4654522.57,2162.17
-11799681.43,4654522.4,2179.04
-11799681.28,4654522.48,2177.61
-11799679.55,4654523.32,2162.15
-11799679.9,4654523.17,2178.01
-11799678.1,4654524.04,2162.17
-11799678.290000001,4654523.96,2176.69
-11799676.64,4654524.7700000005,2162.15
-11799675.14,4654525.5200000005,2162.17
-11799673.66,4654526.26,2162.13
-11799672.200000001,4654526.99,2162.11
-11799670.72,4654527.72,2162.08
-11799669.24,4654528.46,2162.03
-11799667.78,4654529.18,2162.03
-11799666.290000001,4654529.94,2162.02
-11799664.82,4654530.67,2161.97
-11799663.370000001,4654531.4,2161.94
-11799661.9,4654532.13,2161.88
-11799660.4,4654532.88,2161.82
-11799658.92,4654533.62,2161.79
-11799657.49,4654534.33,2161.86
-11799656.01,4654535.07,2161.88
-11799654.52,4654535.8100000005,2161.86
-11799653.02,4654536.55,2161.83
-11799651.540000001,4654537.3100000005,2161.85
-11799650.08,4654538.03,2161.85
-11799648.61,4654538.78,2161.82
-11799647.15,4654539.5,2161.85
-11799645.67,4654540.23,2161.84
-11799644.19,4654540.98,2161.81
-11799642.71,4654541.71,2161.82
-11799641.22,4654542.45,2161.78
-11799639.74,4654543.19,2161.77
-11799638.290000001,4654543.93,2161.75
-11799636.81,4654544.66,2161.69
-11799635.35,4654545.4,2161.69
-11799633.85,4654546.14,2161.72
-11799632.39,4654546.88,2161.85
-11799632.01,4654547.07,2169.55
-11799631.41,4654547.36,2165.42
-11799630.88,4654547.63,2161.69
-11799631.09,4654547.53,2173.4
-11799630.61,4654547.7700000005,2170.02
-11799629.41,4654548.350000001,2161.78
-11799629.72,4654548.21,2173.88
-11799629.38,4654548.39,2171.55
-11799628.42,4654548.84,2165.01
-11799628.13,4654549.0,2173.02
-11799626.96,4654549.58,2165.07
-11799624.97,4654550.57,2161.56
-11799627.13,4654550.96,2172.63
-11799625.51,4654551.76,2161.6
-11799628.69,4654550.18,2173.21
-11799628.450000001,4654550.3100000005,2171.63
-11799626.99,4654551.03,2161.58
-11799630.0,4654549.5200000005,2172.15
-11799629.790000001,4654549.62,2170.63
-11799628.49,4654550.28,2161.69
-11799631.67,4654548.71,2173.3
-11799631.34,4654548.86,2171.03
-11799632.84,4654548.13,2171.09
-11799632.42,4654548.34,2168.15
-11799632.15,4654548.47,2166.33
-11799632.01,4654548.54,2165.32
-11799634.64,4654547.23,2173.42
-11799632.96,4654548.0600000005,2161.67
-11799635.790000001,4654546.66,2171.44
-11799634.42,4654547.33,2161.71
-11799635.9,4654546.61,2161.71
-11799637.4,4654545.86,2161.72
-11799638.88,4654545.13,2161.72
-11799640.83,4654544.16,2165.26
-11799642.120000001,4654543.51,2163.92
-11799641.83,4654543.66,2161.81
-11799643.3,4654542.91,2161.78
-11799644.81,4654542.18,2161.84
-11799646.3,4654541.43,2161.79
-11799647.77,4654540.72,2161.8
-11799649.25,4654539.99,2161.81
-11799650.75,4654539.24,2161.8
-11799652.22,4654538.51,2161.81
-11799653.69,4654537.7700000005,2161.84
-11799655.18,4654537.04,2161.85
-11799656.64,4654536.3,2161.79
-11799658.11,4654535.58,2161.77
-11799659.61,4654534.82,2161.86
-11799661.09,4654534.11,2161.88
-11799662.56,4654533.38,2161.92
-11799664.02,4654532.66,2161.96
-11799665.51,4654531.91,2162.01
-11799667.03,4654531.16,2161.99
-11799668.51,4654530.43,2162.03
-11799669.97,4654529.69,2162.05
-11799671.44,4654528.97,2162.05
-11799672.9,4654528.24,2162.09
-11799674.370000001,4654527.51,2162.13
-11799677.59,4654525.92,2177.28
-11799675.86,4654526.7700000005,2162.13
-11799678.92,4654525.26,2176.17
-11799677.33,4654526.0200000005,2162.17
-11799680.6,4654524.44,2178.08
-11799680.4,4654524.53,2176.27
-11799681.49,4654523.99,2173.07
-11799680.28,4654524.58,2162.15
-11799682.91,4654523.28,2172.61
-11799681.75,4654523.850000001,2162.17
-11799684.82,4654522.34,2176.65
-11799684.51,4654522.5,2173.88
-11799686.56,4654521.49,2179.33
-11799685.91,4654521.79,2173.44
-11799684.69,4654522.39,2162.13
-11799686.15,4654521.66,2162.09
-11799687.65,4654520.92,2162.1
-11799689.16,4654520.18,2162.11
-11799690.61,4654519.45,2162.13
-11799692.06,4654518.73,2162.17
-11799693.540000001,4654518.0,2162.21
-11799695.02,4654517.26,2162.22
-11799696.48,4654516.54,2162.26
-11799697.94,4654515.8100000005,2162.25
-11799699.41,4654515.09,2162.27
-11799700.870000001,4654514.34,2162.27
-11799702.36,4654513.62,2162.44
-11799703.83,4654512.89,2162.42
-11799705.84,4654511.9,2168.06
-11799705.61,4654512.01,2165.75
-11799705.31,4654512.15,2162.42
-11799707.44,4654511.100000001,2169.52
-11799707.1,4654511.2700000005,2165.81
-11799706.78,4654511.43,2162.5
-11799708.27,4654510.68,2162.55
-11799709.85,4654509.9,2163.8
-11799711.49,4654509.100000001,2165.65
-11799711.33,4654509.17,2163.85
-11799712.950000001,4654508.36,2165.72
-11799714.4,4654507.64,2165.78
-11799715.9,4654506.91,2165.88
-11799717.370000001,4654506.17,2166.0
-11799718.94,4654505.4,2167.25
-11799718.85,4654505.44,2166.1
-11799720.33,4654504.7,2166.51
-11799721.78,4654503.98,2166.6
-11799723.27,4654503.24,2166.86
-11799724.370000001,4654502.68,2162.78
-11799726.11,4654501.83,2166.08
-11799725.97,4654501.88,2164.35
-11799725.83,4654501.96,2162.71
-11799727.61,4654501.08,2166.48
-11799727.47,4654501.15,2164.63
-11799727.32,4654501.23,2162.8
-11799729.03,4654500.38,2165.99
-11799728.78,4654500.51,2162.81
-11799731.03,4654499.39,2172.63
-11799730.81,4654499.5,2169.96
-11799730.25,4654499.7700000005,2162.78
-11799732.46,4654498.69,2172.19
-11799733.85,4654497.99,2171.57
-11799735.27,4654497.28,2171.07
-11799736.73,4654496.5600000005,2171.19
-11799736.78,4654499.04,2173.17
-11799736.53,4654499.17,2169.8
-11799735.34,4654499.7700000005,2173.24
-11799735.1,4654499.89,2170.05
-11799733.700000001,4654500.57,2170.56
-11799732.03,4654501.41,2168.1
-11799731.63,4654501.61,2162.79
-11799730.66,4654502.100000001,2168.99
-11799730.540000001,4654502.16,2167.32
-11799729.25,4654502.8100000005,2169.28
-11799727.36,4654503.75,2163.86
-11799726.27,4654504.3100000005,2168.02
-11799725.85,4654504.5,2162.81
-11799724.790000001,4654505.04,2167.78
-11799723.28,4654505.8,2167.46
-11799721.76,4654506.5600000005,2167.15
-11799720.32,4654507.28,2167.4
-11799718.93,4654507.99,2167.78
-11799717.48,4654508.71,2167.71
-11799715.99,4654509.46,2167.29
-11799715.88,4654509.51,2166.11
-11799714.39,4654510.26,2166.01
-11799712.9,4654510.99,2165.9
-11799711.46,4654511.71,2165.84
-11799709.700000001,4654512.59,2162.56
-11799708.24,4654513.32,2162.56
-11799706.76,4654514.0600000005,2162.46
-11799705.27,4654514.82,2162.44
-11799703.82,4654515.54,2162.42
-11799702.35,4654516.2700000005,2162.32
-11799700.89,4654517.01,2162.32
-11799699.41,4654517.76,2162.29
-11799697.950000001,4654518.48,2162.28
-11799696.49,4654519.2,2162.26
-11799695.03,4654519.94,2162.24
-11799693.58,4654520.67,2162.23
-11799692.11,4654521.4,2162.21
-11799690.65,4654522.13,2162.19
-11799689.19,4654522.86,2162.13
-11799687.74,4654523.59,2162.34
-11799686.27,4654524.32,2162.19
-11799686.05,4654524.44,2173.88
-11799685.71,4654524.600000001,2170.78
-11799684.78,4654525.08,2162.22
-11799684.65,4654525.15,2174.5
-11799684.43,4654525.25,2172.4
-11799683.98,4654525.48,2168.31
-11799683.42,4654525.75,2176.27
-11799683.14,4654525.9,2173.85
-11799683.040000001,4654525.95,2172.88
-11799681.73,4654526.600000001,2174.36
-11799681.58,4654526.68,2173.02
-11799680.36,4654527.2700000005,2162.09
-11799680.72,4654527.12,2178.35
-11799680.51,4654527.22,2176.55
-11799678.89,4654528.0200000005,2162.13
-11799677.41,4654528.75,2162.13
-11799675.94,4654529.5,2162.1
-11799674.49,4654530.22,2162.1
-11799673.02,4654530.97,2162.08
-11799671.55,4654531.7,2162.07
-11799670.06,4654532.45,2162.07
-11799668.59,4654533.17,2162.07
-11799667.13,4654533.92,2162.04
-11799665.64,4654534.65,2162.0
-11799664.18,4654535.39,2161.97
-11799662.69,4654536.12,2161.97
-11799661.23,4654536.87,2161.92
-11799661.42,4654536.78,2175.25
-11799659.75,4654537.600000001,2161.9
-11799660.11,4654537.43,2176.5
-11799658.27,4654538.350000001,2161.92
-11799659.11,4654537.93,2180.06
-11799658.700000001,4654538.14,2176.88
-11799657.950000001,4654538.51,2170.94
-11799656.8,4654539.07,2161.85
-11799657.69,4654538.64,2180.3
-11799657.43,4654538.78,2178.32
-11799657.24,4654538.86,2176.88
-11799655.31,4654539.83,2161.81
-11799656.07,4654539.46,2178.9
-11799655.72,4654539.62,2176.19
-11799653.84,4654540.55,2161.67
-11799654.73,4654540.13,2179.76
-11799654.450000001,4654540.28,2177.61
-11799652.39,4654541.29,2161.84
-11799653.17,4654540.92,2179.11
-11799650.89,4654542.05,2161.8
-11799649.43,4654542.7700000005,2161.79
-11799647.96,4654543.5,2161.77
-11799646.46,4654544.26,2161.76
-11799644.98,4654545.0,2161.77
-11799643.51,4654545.74,2161.79
-11799642.05,4654546.45,2161.79
-11799640.58,4654547.21,2161.79
-11799639.08,4654547.96,2161.78
-11799637.6,4654548.69,2161.77
-11799637.540000001,4654548.73,2171.61
-11799637.290000001,4654548.850000001,2169.8
-11799636.14,4654549.43,2161.72
-11799636.3,4654549.350000001,2173.13
-11799636.09,4654549.45,2171.69
-11799635.92,4654549.55,2170.47
-11799635.71,4654549.64,2169.05
-11799634.8,4654550.11,2173.03
-11799634.1,4654550.44,2168.19
-11799633.53,4654550.74,2174.57
-11799633.17,4654550.92,2172.11
-11799632.56,4654551.22,2167.84
-11799631.790000001,4654551.62,2172.53
-11799631.63,4654551.69,2171.48
-11799630.35,4654552.32,2172.76
-11799629.98,4654552.51,2170.21
-11799629.58,4654552.72,2167.42
-11799628.620000001,4654553.19,2171.07
-11799628.26,4654553.37,2168.54
-11799627.42,4654553.8100000005,2172.79
-11799627.25,4654553.88,2171.67
-11799625.89,4654554.55,2162.51
-11799626.14,4654555.87,2173.21
-11799627.61,4654555.14,2173.27
-11799627.450000001,4654555.22,2172.15
-11799625.9,4654555.98,2161.61
-11799628.870000001,4654554.51,2171.94
-11799627.36,4654555.26,2161.65
-11799629.83,4654554.04,2168.36
-11799628.84,4654554.5200000005,2161.65
-11799632.23,4654552.83,2174.72
-11799631.84,4654553.03,2172.0
-11799633.23,4654552.34,2171.15
-11799632.88,4654552.51,2168.77
-11799632.26,4654552.83,2164.46
-11799631.870000001,4654553.03,2161.72
-11799634.97,4654551.48,2173.26
-11799633.91,4654551.99,2165.9
-11799636.31,4654550.8100000005,2172.54
-11799635.98,4654550.96,2170.22
-11799637.86,4654550.0200000005,2173.04
-11799637.65,4654550.13,2171.49
-11799636.27,4654550.84,2161.79
-11799639.08,4654549.42,2171.32
-11799637.75,4654550.100000001,2161.79
-11799639.23,4654549.36,2161.8
-11799640.71,4654548.62,2161.79
-11799642.18,4654547.89,2161.74
-11799643.68,4654547.15,2161.76
-11799645.15,4654546.42,2161.76
-11799646.63,4654545.68,2161.75
-11799648.11,4654544.94,2161.8
-11799649.57,4654544.22,2161.81
-11799651.06,4654543.47,2161.75
-11799654.96,4654541.54,2180.15
-11799654.76,4654541.63,2178.65
-11799654.52,4654541.75,2176.79
-11799654.36,4654541.83,2175.6
-11799656.43,4654540.79,2180.33
-11799656.31,4654540.850000001,2179.27
-11799656.0,4654541.0,2176.94
-11799654.05,4654541.99,2161.79
-11799657.84,4654540.100000001,2180.08
-11799657.6,4654540.22,2178.24
-11799657.450000001,4654540.3,2177.01
-11799659.42,4654539.3100000005,2181.15
-11799660.68,4654538.7,2179.49
-11799660.22,4654538.92,2175.9
-11799659.6,4654539.23,2170.97
-11799658.450000001,4654539.8,2161.88
-11799661.790000001,4654538.13,2176.73
-11799659.93,4654539.0600000005,2161.9
-11799661.41,4654538.33,2161.94
-11799662.9,4654537.57,2161.97
-11799664.36,4654536.86,2161.98
-11799665.83,4654536.13,2161.99
-11799667.32,4654535.38,2162.03
-11799668.790000001,4654534.66,2162.03
-11799670.290000001,4654533.91,2162.04
-11799671.75,4654533.18,2162.07
-11799673.21,4654532.45,2162.09
-11799674.67,4654531.72,2162.09
-11799676.19,4654530.96,2162.09
-11799677.67,4654530.24,2162.1
-11799679.120000001,4654529.5200000005,2162.06
-11799682.08,4654528.05,2175.27
-11799681.950000001,4654528.100000001,2174.17
-11799680.59,4654528.7700000005,2162.0
-11799683.43,4654527.36,2174.28
-11799685.040000001,4654526.57,2175.69
-11799684.74,4654526.73,2172.94
-11799686.31,4654525.93,2173.99
-11799686.13,4654526.03,2172.36
-11799685.040000001,4654526.57,2162.32
-11799686.49,4654525.86,2162.23
-11799687.96,4654525.11,2162.19
-11799689.450000001,4654524.38,2162.23
-11799690.91,4654523.63,2162.17
-11799692.370000001,4654522.92,2162.22
-11799693.82,4654522.2,2162.22
-11799695.32,4654521.45,2162.26
-11799696.76,4654520.73,2162.27
-11799698.23,4654520.01,2162.29
-11799699.72,4654519.2700000005,2162.33
-11799701.17,4654518.54,2162.34
-11799702.63,4654517.82,2162.33
-11799704.120000001,4654517.08,2162.28
-11799705.61,4654516.34,2162.47
-11799707.05,4654515.61,2162.46
-11799708.5,4654514.9,2162.49
-11799709.99,4654514.16,2162.55
-11799711.790000001,4654513.26,2166.04
-11799711.47,4654513.42,2162.53
-11799713.28,4654512.53,2166.1
-11799714.75,4654511.78,2166.27
-11799716.26,4654511.0200000005,2167.01
-11799717.75,4654510.3,2167.42
-11799719.25,4654509.54,2167.81
-11799720.700000001,4654508.83,2167.67
-11799722.16,4654508.11,2167.67
-11799723.64,4654507.36,2167.97
-11799725.13,4654506.63,2168.28
-11799726.6,4654505.88,2168.6
-11799727.950000001,4654505.22,2167.34
-11799727.870000001,4654505.26,2166.4
-11799727.58,4654505.39,2162.8
-11799729.59,4654504.41,2169.49
-11799729.35,4654504.5200000005,2166.55
-11799729.040000001,4654504.67,2162.76
-11799731.0,4654503.7,2168.53
-11799730.53,4654503.94,2162.69
-11799732.32,4654503.03,2166.92
-11799732.21,4654503.100000001,2165.33
-11799732.0,4654503.2,2162.86
-11799733.450000001,4654502.48,2162.81
-11799735.38,4654501.51,2169.06
-11799736.84,4654500.79,2168.92
-11799736.44,4654503.69,2167.42
-11799736.08,4654503.88,2162.77
-11799734.75,4654504.55,2164.13
-11799733.200000001,4654505.33,2162.71
-11799732.08,4654505.87,2167.17
-11799731.870000001,4654505.99,2164.3
-11799731.74,4654506.04,2162.72
-11799730.72,4654506.57,2168.6
-11799730.620000001,4654506.62,2167.28
-11799730.49,4654506.68,2165.83
-11799730.25,4654506.8,2162.71
-11799729.24,4654507.3,2168.47
-11799728.78,4654507.55,2162.76
-11799727.81,4654508.03,2168.75
-11799726.38,4654508.74,2169.02
-11799724.91,4654509.48,2168.9
-11799723.43,4654510.22,2168.6
-11799721.93,4654510.98,2168.3
-11799720.46,4654511.72,2168.01
-11799718.99,4654512.46,2167.73
-11799717.5,4654513.2,2167.47
-11799716.040000001,4654513.95,2167.19
-11799714.55,4654514.67,2166.92
-11799712.700000001,4654515.62,2162.54
-11799711.21,4654516.36,2162.55
-11799710.01,4654516.96,2165.32
-11799709.74,4654517.100000001,2162.46
-11799708.61,4654517.67,2166.02
-11799707.19,4654518.39,2166.42
-11799707.07,4654518.44,2165.15
-11799706.790000001,4654518.59,2162.23
-11799705.36,4654519.3100000005,2162.36
-11799703.88,4654520.04,2162.36
-11799702.41,4654520.79,2162.38
-11799700.96,4654521.5,2162.38
-11799699.51,4654522.24,2162.34
-11799698.07,4654522.96,2162.3
-11799696.58,4654523.71,2162.25
-11799695.08,4654524.45,2162.24
-11799693.61,4654525.21,2162.21
-11799692.15,4654525.94,2162.26
-11799690.69,4654526.67,2162.3
-11799689.200000001,4654527.42,2162.32
-11799687.83,4654528.100000001,2163.07
-11799686.3,4654528.86,2162.4
-11799685.69,4654529.18,2170.38
-11799684.81,4654529.62,2162.26
-11799684.540000001,4654529.74,2173.02
-11799683.34,4654530.34,2162.22
-11799683.8,4654530.12,2179.28
-11799683.55,4654530.24,2177.05
-11799683.23,4654530.4,2174.19
-11799682.96,4654530.54,2171.79
-11799682.370000001,4654530.84,2179.36
-11799680.44,4654531.8100000005,2162.24
-11799678.94,4654532.57,2162.15
-11799677.44,4654533.32,2161.97
-11799675.98,4654534.05,2162.01
-11799674.540000001,4654534.7700000005,2162.05
-11799673.07,4654535.51,2162.06
-11799671.58,4654536.2700000005,2162.03
-11799671.96,4654536.0600000005,2177.54
-11799671.67,4654536.22,2175.07
-11799670.82,4654536.62,2179.82
-11799670.5,4654536.79,2177.19
-11799670.31,4654536.9,2175.61
-11799668.67,4654537.72,2162.04
-11799669.47,4654537.32,2180.69
-11799668.94,4654537.58,2176.32
-11799667.34,4654538.39,2175.23
-11799665.73,4654539.19,2162.02
-11799665.89,4654539.11,2175.63
-11799664.23,4654539.95,2162.03
-11799664.85,4654539.62,2178.98
-11799664.0,4654540.07,2172.06
-11799662.74,4654540.7,2161.97
-11799663.55,4654540.28,2180.13
-11799661.28,4654541.43,2161.96
-11799662.09,4654541.01,2180.15
-11799661.6,4654541.26,2176.19
-11799659.81,4654542.17,2161.96
-11799660.73,4654541.7,2180.76
-11799660.47,4654541.84,2178.61
-11799658.35,4654542.9,2161.9
-11799659.290000001,4654542.42,2180.83
-11799658.91,4654542.61,2177.81
-11799657.86,4654543.12,2181.22
-11799656.28,4654543.94,2180.11
-11799656.11,4654544.0,2178.77
-11799654.4,4654544.87,2176.78
-11799652.44,4654545.850000001,2161.83
-11799650.97,4654546.61,2161.77
-11799649.49,4654547.33,2161.69
-11799648.02,4654548.09,2161.63
-11799646.53,4654548.84,2161.63
-11799645.05,4654549.57,2161.67
-11799643.59,4654550.3100000005,2161.71
-11799642.11,4654551.04,2161.69
-11799640.61,4654551.8,2161.71
-11799639.17,4654552.5200000005,2161.72
-11799637.71,4654553.26,2161.77
-11799637.64,4654553.28,2171.98
-11799636.21,4654554.0200000005,2161.77
-11799636.33,4654553.94,2173.09
-11799636.03,4654554.11,2170.92
-11799634.71,4654554.76,2161.63
-11799635.01,4654554.59,2174.13
-11799634.81,4654554.7,2172.67
-11799634.35,4654554.92,2169.54
-11799633.23,4654555.51,2161.67
-11799633.36,4654555.43,2172.72
-11799631.77,4654556.23,2161.67
-11799631.91,4654556.17,2172.97
-11799631.61,4654556.32,2170.85
-11799634.28,4654556.350000001,2171.5
-11799635.81,4654555.59,2171.88
-11799635.52,4654555.73,2169.8
-11799634.35,4654556.3100000005,2161.67
-11799637.39,4654554.79,2172.72
-11799638.76,4654554.12,2172.04
-11799637.3,4654554.84,2161.67
-11799638.790000001,4654554.12,2161.67
-11799640.26,4654553.38,2161.67
-11799641.75,4654552.64,2161.67
-11799643.200000001,4654551.92,2161.65
-11799644.69,4654551.17,2161.67
-11799646.17,4654550.43,2161.59
-11799647.67,4654549.69,2161.65
-11799649.18,4654548.93,2161.73
-11799650.64,4654548.19,2161.77
-11799654.3,4654546.36,2178.4
-11799654.11,4654546.45,2177.01
-11799652.11,4654547.46,2161.8
-11799656.05,4654545.48,2180.81
-11799655.71,4654545.65,2178.19
-11799655.57,4654545.71,2177.15
-11799657.4,4654544.8100000005,2180.02
-11799657.08,4654544.95,2177.63
-11799659.0,4654544.01,2181.05
-11799658.790000001,4654544.12,2179.4
-11799660.31,4654543.350000001,2180.02
-11799659.99,4654543.51,2177.49
-11799659.82,4654543.600000001,2176.17
-11799659.67,4654543.67,2175.04
-11799661.94,4654542.53,2181.53
-11799661.18,4654542.92,2175.42
-11799663.05,4654541.99,2178.65
-11799662.200000001,4654542.41,2171.9
-11799660.950000001,4654543.04,2161.96
-11799664.540000001,4654541.23,2178.9
-11799663.96,4654541.53,2174.27
-11799663.6,4654541.72,2171.38
-11799662.41,4654542.32,2161.9
-11799665.91,4654540.5600000005,2178.05
-11799665.450000001,4654540.8,2174.36
-11799667.370000001,4654539.82,2178.22
-11799667.09,4654539.97,2175.86
-11799668.63,4654539.2,2176.61
-11799666.85,4654540.09,2161.99
-11799670.53,4654538.25,2180.15
-11799668.33,4654539.37,2161.96
-11799671.9,4654537.5600000005,2179.47
-11799671.450000001,4654537.8,2175.67
-11799673.02,4654537.01,2176.76
-11799672.83,4654537.09,2175.21
-11799672.65,4654537.19,2173.65
-11799672.33,4654537.36,2171.03
-11799674.46,4654536.29,2176.61
-11799674.11,4654536.47,2173.73
-11799672.74,4654537.17,2162.04
-11799674.23,4654536.42,2161.96
-11799675.700000001,4654535.69,2161.94
-11799677.200000001,4654534.94,2162.15
-11799678.66,4654534.19,2162.23
-11799680.11,4654533.48,2162.19
-11799683.53,4654531.7700000005,2179.49
-11799683.25,4654531.9,2176.97
-11799681.6,4654532.75,2162.17
-11799684.97,4654531.04,2179.22
-11799684.82,4654531.11,2177.9
-11799686.42,4654530.3100000005,2179.04
-11799684.58,4654531.24,2162.24
-11799686.040000001,4654530.5200000005,2162.31
-11799687.57,4654529.76,2163.19
-11799689.06,4654529.0,2163.42
-11799690.44,4654528.33,2162.33
-11799691.91,4654527.58,2162.31
-11799693.34,4654526.88,2162.27
-11799694.81,4654526.15,2162.22
-11799696.3,4654525.39,2162.23
-11799697.75,4654524.67,2162.26
-11799699.23,4654523.94,2162.34
-11799700.71,4654523.2,2162.38
-11799702.17,4654522.47,2162.36
-11799703.63,4654521.74,2162.4
-11799705.09,4654521.0,2162.38
-11799706.57,4654520.28,2162.38
-11799708.35,4654519.39,2165.52
-11799708.040000001,4654519.55,2162.27
-11799709.790000001,4654518.66,2165.56
-11799711.290000001,4654517.91,2165.79
-11799710.99,4654518.07,2162.48
-11799712.49,4654517.3100000005,2162.53
-11799713.94,4654516.600000001,2162.54
-11799716.01,4654515.5600000005,2169.4
-11799715.84,4654515.64,2167.55
-11799715.38,4654515.88,2162.51
-11799717.33,4654514.89,2167.85
-11799718.8,4654514.15,2168.1
-11799720.290000001,4654513.42,2168.38
-11799721.790000001,4654512.66,2168.65
-11799723.27,4654511.93,2168.97
-11799724.69,4654511.22,2168.9
-11799726.120000001,4654510.5,2168.61
-11799727.55,4654509.79,2168.36
-11799728.98,4654509.0600000005,2168.07
-11799730.450000001,4654508.34,2167.8
-11799731.74,4654507.7,2165.63
-11799733.14,4654506.99,2164.9
-11799732.98,4654507.08,2162.76
-11799734.42,4654506.37,2162.75
-11799735.96,4654505.58,2163.97
-11799735.89,4654505.62,2162.81
-11799736.05,4654508.0600000005,2167.42
-11799735.94,4654508.12,2165.88
-11799735.700000001,4654508.24,2162.76
-11799734.24,4654508.98,2162.79
-11799733.09,4654509.55,2166.69
-11799732.790000001,4654509.71,2162.82
-11799731.64,4654510.26,2166.99
-11799730.22,4654510.99,2167.25
-11799728.790000001,4654511.72,2167.51
-11799727.34,4654512.45,2167.79
-11799725.9,4654513.16,2168.05
-11799724.47,4654513.89,2168.33
-11799723.02,4654514.63,2168.61
-11799721.6,4654515.33,2168.9
-11799720.16,4654516.05,2169.02
-11799718.68,4654516.8100000005,2168.73
-11799717.22,4654517.55,2168.5
-11799716.68,4654517.82,2162.53
-11799715.23,4654518.5600000005,2162.57
-11799713.76,4654519.29,2162.54
-11799712.290000001,4654520.04,2162.53
-11799710.83,4654520.7700000005,2162.5
-11799709.34,4654521.51,2162.34
-11799707.89,4654522.24,2162.4
-11799706.44,4654522.98,2162.4
-11799704.98,4654523.7,2162.42
-11799703.51,4654524.46,2162.42
-11799702.01,4654525.2,2162.4
-11799700.55,4654525.94,2162.35
-11799699.1,4654526.67,2162.28
-11799697.64,4654527.41,2162.26
-11799696.17,4654528.15,2162.27
-11799694.69,4654528.89,2162.36
-11799693.23,4654529.62,2162.36
-11799691.790000001,4654530.350000001,2162.47
-11799690.34,4654531.09,2162.44
-11799688.86,4654531.82,2162.33
-11799687.39,4654532.57,2162.3
-11799685.93,4654533.3,2162.27
-11799684.46,4654534.05,2162.27
-11799684.89,4654533.8,2179.47
-11799682.97,4654534.79,2162.26
-11799681.48,4654535.55,2162.25
-11799680.0,4654536.29,2162.19
-11799678.55,4654537.03,2162.15
-11799677.1,4654537.73,2162.17
-11799675.63,4654538.49,2162.19
-11799675.78,4654538.39,2176.05
-11799675.53,4654538.53,2173.85
-11799674.16,4654539.24,2162.13
-11799674.450000001,4654539.07,2177.32
-11799674.19,4654539.2,2175.1
-11799674.05,4654539.2700000005,2173.94
-11799673.36,4654539.61,2180.48
-11799673.08,4654539.75,2178.11
-11799672.91,4654539.84,2176.75
-11799672.66,4654539.98,2174.56
-11799672.0,4654540.3,2181.15
-11799671.790000001,4654540.4,2179.5
-11799670.55,4654541.01,2181.19
-11799668.22,4654542.22,2161.96
-11799669.21,4654541.69,2182.17
-11799668.9,4654541.86,2179.53
-11799666.75,4654542.96,2161.94
-11799667.56,4654542.53,2180.52
-11799667.3,4654542.68,2178.31
-11799666.27,4654543.2,2169.92
-11799665.98,4654543.33,2179.4
-11799665.43,4654543.61,2175.02
-11799664.65,4654544.0,2180.33
-11799664.370000001,4654544.12,2178.11
-11799663.82,4654544.42,2173.63
-11799662.370000001,4654545.17,2161.96
-11799660.91,4654545.9,2161.97
-11799659.450000001,4654546.63,2161.94
-11799660.26,4654546.2,2180.19
-11799657.94,4654547.39,2161.97
-11799658.88,4654546.91,2180.72
-11799657.43,4654547.62,2180.51
-11799657.25,4654547.72,2179.17
-11799656.68,4654548.0200000005,2174.72
-11799655.01,4654548.88,2161.92
-11799655.84,4654548.43,2179.48
-11799653.540000001,4654549.61,2161.85
-11799652.05,4654550.34,2161.86
-11799650.57,4654551.12,2161.83
-11799649.09,4654551.850000001,2161.8
-11799647.61,4654552.59,2161.76
-11799646.11,4654553.36,2161.73
-11799644.620000001,4654554.11,2161.65
-11799643.15,4654554.83,2161.57
-11799641.69,4654555.57,2161.61
-11799640.23,4654556.32,2161.63
-11799643.89,4654555.93,2161.67
-11799645.39,4654555.17,2161.71
-11799646.870000001,4654554.41,2161.73
-11799648.39,4654553.68,2161.79
-11799649.86,4654552.93,2161.8
-11799651.32,4654552.21,2161.82
-11799652.81,4654551.46,2161.85
-11799654.28,4654550.73,2161.86
-11799658.1,4654548.78,2180.04
-11799657.28,4654549.21,2173.63
-11799655.75,4654549.98,2161.86
-11799658.700000001,4654548.5,2173.19
-11799657.25,4654549.25,2161.92
-11799661.01,4654547.3100000005,2179.94
-11799659.84,4654547.91,2170.78
-11799658.73,4654548.51,2161.94
-11799662.31,4654546.68,2178.94
-11799660.15,4654547.79,2161.92
-11799663.58,4654546.05,2177.55
-11799661.620000001,4654547.0600000005,2161.96
-11799665.41,4654545.13,2180.38
-11799665.28,4654545.19,2179.36
-11799665.040000001,4654545.32,2177.44
-11799663.120000001,4654546.3100000005,2161.94
-11799666.58,4654544.53,2177.97
-11799666.33,4654544.67,2175.99
-11799664.61,4654545.5600000005,2161.94
-11799668.11,4654543.78,2178.65
-11799666.07,4654544.83,2161.97
-11799669.790000001,4654542.94,2180.59
-11799668.21,4654543.76,2167.61
-11799671.15,4654542.26,2179.63
-11799670.78,4654542.45,2176.65
-11799670.620000001,4654542.54,2175.27
-11799669.02,4654543.36,2161.9
-11799672.61,4654541.53,2179.57
-11799672.0,4654541.84,2174.4
-11799670.53,4654542.62,2162.07
-11799674.22,4654540.7,2180.88
-11799673.96,4654540.86,2178.69
-11799673.73,4654540.98,2176.75
-11799672.94,4654541.38,2170.13
-11799675.63,4654539.99,2180.75
-11799675.02,4654540.32,2175.58
-11799674.92,4654540.41,2162.13
-11799676.370000001,4654539.67,2162.15
-11799677.84,4654538.94,2162.15
-11799679.33,4654538.18,2162.19
-11799680.82,4654537.46,2162.23
-11799682.28,4654536.72,2162.25
-11799683.75,4654535.99,2162.23
-11799685.22,4654535.26,2162.25
-11799686.68,4654534.53,2162.28
-11799688.16,4654533.7700000005,2162.28
-11799689.64,4654533.05,2162.33
-11799691.120000001,4654532.29,2162.36
-11799692.6,4654531.5600000005,2162.67
-11799694.040000001,4654530.84,2162.36
-11799695.5,4654530.11,2162.36
-11799696.950000001,4654529.39,2162.31
-11799698.43,4654528.63,2162.26
-11799699.91,4654527.91,2162.29
-11799701.36,4654527.19,2162.33
-11799702.8,4654526.45,2162.38
-11799704.290000001,4654525.72,2162.42
-11799705.78,4654524.97,2162.42
-11799707.25,4654524.24,2162.42
-11799708.71,4654523.5,2162.42
-11799710.16,4654522.78,2162.36
-11799711.61,4654522.05,2162.38
-11799713.09,4654521.3100000005,2162.52
-11799714.55,4654520.58,2162.53
-11799716.03,4654519.83,2162.61
-11799717.47,4654519.11,2162.57
-11799719.51,4654518.09,2168.9
-11799720.94,4654517.37,2168.61
-11799722.35,4654516.66,2168.32
-11799723.790000001,4654515.95,2168.02
-11799725.21,4654515.23,2167.78
-11799726.63,4654514.5200000005,2167.46
-11799728.08,4654513.8,2167.19
-11799729.540000001,4654513.07,2166.94
-11799730.99,4654512.350000001,2166.67
-11799732.41,4654511.64,2166.4
-11799733.85,4654510.92,2166.11
-11799735.31,4654510.17,2165.9
-11799735.08,4654510.3,2162.94
-11799736.83,4654509.41,2166.94
-11799736.9,4654511.91,2163.65
-11799735.41,4654512.67,2163.36
-11799733.950000001,4654513.39,2163.86
-11799732.67,4654514.05,2165.76
-11799732.41,4654514.19,2162.67
-11799731.23,4654514.78,2166.01
-11799729.81,4654515.5,2166.28
-11799728.36,4654516.22,2166.54
-11799726.9,4654516.94,2166.8
-11799725.49,4654517.68,2167.1
-11799724.040000001,4654518.4,2167.38
-11799722.63,4654519.11,2167.67
-11799721.26,4654519.8,2167.94
-11799720.18,4654520.32,2172.54
-11799719.32,4654520.8,2162.61
-11799717.85,4654521.53,2162.6
-11799716.39,4654522.28,2162.56
-11799714.91,4654523.0200000005,2162.55
-11799713.41,4654523.7700000005,2162.33
-11799711.950000001,4654524.51,2162.38
-11799710.49,4654525.24,2162.42
-11799709.03,4654525.99,2162.46
-11799707.6,4654526.71,2162.46
-11799706.13,4654527.45,2162.44
-11799704.66,4654528.19,2162.4
-11799703.19,4654528.94,2162.35
-11799701.73,4654529.67,2162.31
-11799700.25,4654530.42,2162.27
-11799698.97,4654531.0600000005,2164.09
-11799697.33,4654531.88,2162.27
-11799695.870000001,4654532.63,2162.34
-11799694.42,4654533.350000001,2162.59
-11799692.93,4654534.11,2162.34
-11799691.48,4654534.850000001,2162.33
-11799690.03,4654535.57,2162.32
-11799688.58,4654536.3,2162.29
-11799687.120000001,4654537.04,2162.26
-11799685.65,4654537.78,2162.23
-11799684.16,4654538.54,2162.19
-11799682.66,4654539.28,2162.17
-11799681.19,4654540.04,2162.17
-11799679.73,4654540.7700000005,2162.17
-11799678.27,4654541.5,2162.21
-11799676.81,4654542.23,2162.21
-11799677.1,4654542.0600000005,2177.3
-11799676.76,4654542.23,2174.4
-11799675.33,4654542.99,2162.17
-11799675.92,4654542.66,2179.61
-11799675.6,4654542.83,2176.88
-11799675.4,4654542.93,2175.13
-11799673.870000001,4654543.73,2162.17
-11799674.68,4654543.26,2181.61
-11799674.370000001,4654543.45,2178.85
-11799673.08,4654544.09,2180.17
-11799672.63,4654544.32,2176.42
-11799672.17,4654544.5600000005,2172.55
-11799670.96,4654545.18,2162.52
-11799670.77,4654545.2700000005,2172.96
-11799669.48,4654545.94,2162.26
-11799669.81,4654545.74,2177.08
-11799669.57,4654545.87,2175.08
-11799667.98,4654546.7,2162.07
-11799668.42,4654546.43,2177.61
-11799668.21,4654546.54,2175.9
-11799666.48,4654547.46,2161.81
-11799666.84,4654547.25,2176.55
-11799665.03,4654548.18,2161.9
-11799665.68,4654547.82,2178.69
-11799665.15,4654548.100000001,2174.4
-11799663.58,4654548.91,2161.9
-11799663.790000001,4654548.78,2175.13
-11799663.56,4654548.88,2173.38
-11799662.120000001,4654549.66,2161.92
-11799662.85,4654549.25,2179.36
-11799662.66,4654549.36,2177.9
-11799660.64,4654550.4,2161.9
-11799661.65,4654549.84,2181.65
-11799661.41,4654549.97,2179.75
-11799660.370000001,4654550.5200000005,2171.53
-11799659.66,4654550.850000001,2177.4
-11799658.91,4654551.26,2171.61
-11799658.71,4654551.34,2181.22
-11799658.3,4654551.55,2178.07
-11799657.27,4654552.08,2170.11
-11799656.22,4654552.63,2161.9
-11799654.73,4654553.37,2161.86
-11799653.27,4654554.11,2161.86
-11799651.8,4654554.86,2161.85
-11799650.31,4654555.61,2161.85
-11799648.84,4654556.350000001,2161.83
-11799652.370000001,4654555.96,2161.84
-11799656.42,4654553.89,2181.25
-11799653.88,4654555.22,2161.85
-11799657.78,4654553.21,2180.61
-11799657.4,4654553.41,2177.71
-11799655.34,4654554.48,2161.86
-11799659.38,4654552.41,2181.78
-11799659.17,4654552.51,2180.17
-11799658.86,4654552.68,2177.74
-11799656.82,4654553.75,2161.88
-11799660.55,4654551.8,2179.51
-11799658.290000001,4654553.01,2161.84
-11799659.75,4654552.2700000005,2161.86
-11799663.8,4654550.19,2182.33
-11799663.36,4654550.41,2178.86
-11799661.22,4654551.53,2161.94
-11799664.88,4654549.65,2179.26
-11799664.61,4654549.78,2177.11
-11799664.07,4654550.08,2172.72
-11799662.71,4654550.79,2161.9
-11799666.1,4654549.05,2177.32
-11799665.99,4654549.100000001,2176.38
-11799664.17,4654550.0600000005,2161.77
-11799667.35,4654548.42,2175.65
-11799665.66,4654549.3100000005,2161.97
-11799669.120000001,4654547.53,2178.31
-11799667.14,4654548.5600000005,2162.11
-11799670.47,4654546.83,2177.49
-11799670.19,4654547.0,2175.19
-11799668.620000001,4654547.82,2162.13
-11799672.31,4654545.9,2180.35
-11799672.15,4654546.01,2179.01
-11799671.59,4654546.28,2174.35
-11799670.1,4654547.08,2162.04
-11799673.84,4654545.14,2180.86
-11799675.36,4654544.38,2181.63
-11799676.58,4654543.78,2179.75
-11799676.24,4654543.96,2176.82
-11799674.51,4654544.87,2162.17
-11799677.69,4654543.23,2176.81
-11799677.43,4654543.37,2174.61
-11799675.97,4654544.15,2162.09
-11799677.47,4654543.39,2162.15
-11799678.96,4654542.63,2162.17
-11799680.39,4654541.92,2162.15
-11799681.85,4654541.18,2162.17
-11799683.31,4654540.45,2162.17
-11799684.81,4654539.7,2162.21
-11799686.3,4654538.96,2162.23
-11799687.77,4654538.21,2162.23
-11799689.21,4654537.5,2162.25
-11799690.68,4654536.7700000005,2162.29
-11799692.15,4654536.0200000005,2162.3
-11799693.61,4654535.28,2162.3
-11799695.11,4654534.54,2162.42
-11799696.56,4654533.8,2162.4
-11799698.01,4654533.07,2162.31
-11799699.69,4654532.24,2164.11
-11799701.15,4654531.51,2163.86
-11799700.98,4654531.59,2162.23
-11799702.44,4654530.850000001,2162.27
-11799703.89,4654530.12,2162.33
-11799705.35,4654529.4,2162.4
-11799706.84,4654528.65,2162.44
-11799708.31,4654527.92,2162.44
-11799709.76,4654527.17,2162.44
-11799711.21,4654526.45,2162.44
-11799712.67,4654525.73,2162.38
-11799714.14,4654524.98,2162.36
-11799716.34,4654523.87,2170.36
-11799715.63,4654524.22,2162.53
-11799718.0,4654523.0200000005,2172.78
-11799717.8,4654523.13,2170.53
-11799717.09,4654523.51,2162.54
-11799719.44,4654522.29,2172.71
-11799718.55,4654522.78,2162.57
-11799720.01,4654522.03,2162.61
-11799721.88,4654521.09,2167.35
-11799721.47,4654521.3100000005,2162.55
-11799723.32,4654520.37,2167.15
-11799724.77,4654519.63,2166.86
-11799726.21,4654518.93,2166.58
-11799727.64,4654518.2,2166.3
-11799729.08,4654517.48,2166.13
-11799730.51,4654516.76,2165.74
-11799730.290000001,4654516.88,2162.82
-11799731.71,4654516.17,2162.67
-11799733.39,4654515.32,2165.54
-11799733.16,4654515.43,2162.76
-11799734.99,4654514.5200000005,2167.34
-11799734.85,4654514.59,2165.57
-11799734.69,4654514.66,2163.67
-11799736.51,4654513.73,2168.42
-11799736.38,4654513.8100000005,2166.73
-11799736.15,4654513.93,2163.82
-11799735.620000001,4654516.83,2168.51
-11799734.19,4654517.5600000005,2168.44
-11799734.11,4654517.600000001,2167.38
-11799733.950000001,4654517.69,2165.27
-11799732.73,4654518.29,2168.19
-11799732.28,4654518.54,2162.63
-11799731.06,4654519.14,2165.86
-11799729.6,4654519.89,2165.92
-11799728.17,4654520.61,2166.0
-11799726.72,4654521.34,2166.1
-11799725.26,4654522.08,2166.19
-11799724.32,4654522.5200000005,2172.06
-11799724.05,4654522.68,2168.92
-11799723.51,4654522.98,2162.57
-11799723.1,4654523.15,2174.8
-11799722.85,4654523.28,2171.81
-11799722.67,4654523.38,2169.83
-11799721.55,4654523.94,2173.67
-11799721.33,4654524.0600000005,2171.24
-11799720.98,4654524.24,2167.23
-11799720.57,4654524.46,2162.59
-11799719.81,4654524.82,2170.05
-11799719.61,4654524.92,2167.75
-11799718.64,4654525.41,2173.04
-11799718.41,4654525.5200000005,2170.56
-11799718.31,4654525.58,2169.44
-11799717.03,4654526.23,2171.24
-11799716.85,4654526.32,2169.26
-11799716.77,4654526.350000001,2168.42
-11799716.23,4654526.66,2162.31
-11799715.450000001,4654527.03,2169.76
-11799714.78,4654527.39,2162.38
-11799714.03,4654527.75,2170.44
-11799713.290000001,4654528.15,2162.44
-11799711.81,4654528.89,2162.48
-11799710.370000001,4654529.63,2162.49
-11799708.91,4654530.36,2162.44
-11799707.44,4654531.09,2162.38
-11799706.6,4654531.51,2168.67
-11799705.99,4654531.84,2162.33
-11799705.23,4654532.21,2169.5
-11799704.52,4654532.58,2162.21
-11799703.72,4654532.96,2169.11
-11799703.49,4654533.100000001,2166.73
-11799701.99,4654533.86,2166.28
-11799701.71,4654533.99,2163.49
-11799700.14,4654534.8,2162.31
-11799698.66,4654535.55,2162.46
-11799697.32,4654536.23,2163.63
-11799695.83,4654536.98,2163.44
-11799695.72,4654537.04,2162.3
-11799694.25,4654537.78,2162.29
-11799692.81,4654538.51,2162.26
-11799691.33,4654539.26,2162.26
-11799689.870000001,4654539.99,2162.27
-11799688.39,4654540.75,2162.21
-11799686.93,4654541.47,2162.15
-11799685.46,4654542.22,2162.11
-11799683.98,4654542.97,2162.13
-11799682.49,4654543.72,2162.17
-11799681.040000001,4654544.46,2162.13
-11799679.620000001,4654545.18,2162.15
-11799678.14,4654545.93,2162.13
-11799676.66,4654546.66,2162.13
-11799675.19,4654547.42,2162.13
-11799675.65,4654547.14,2178.48
-11799675.24,4654547.36,2175.05
-11799675.02,4654547.48,2173.15
-11799674.27,4654547.83,2179.0
-11799673.55,4654548.22,2172.92
-11799672.27,4654548.91,2162.15
-11799672.66,4654548.66,2177.79
-11799670.78,4654549.65,2162.13
-11799671.16,4654549.42,2177.48
-11799669.31,4654550.4,2162.13
-11799669.92,4654550.03,2179.04
-11799669.790000001,4654550.100000001,2178.04
-11799667.85,4654551.13,2162.11
-11799668.41,4654550.8100000005,2178.51
-11799667.92,4654551.0600000005,2174.55
-11799666.39,4654551.88,2162.07
-11799666.63,4654551.71,2175.88
-11799664.91,4654552.61,2162.1
-11799665.76,4654552.12,2180.63
-11799664.34,4654552.89,2169.21
-11799663.450000001,4654553.36,2162.11
-11799664.33,4654552.850000001,2180.73
-11799662.6,4654553.74,2178.63
-11799662.33,4654553.87,2176.57
-11799660.46,4654554.88,2161.76
-11799661.41,4654554.33,2180.81
-11799661.22,4654554.44,2179.34
-11799661.06,4654554.5200000005,2178.15
-11799660.96,4654554.57,2177.32
-11799660.15,4654554.96,2182.27
-11799660.02,4654555.04,2181.25
-11799657.71,4654556.26,2163.36
-11799658.5,4654555.8,2180.6
-11799658.09,4654556.0200000005,2177.42
-11799657.91,4654556.11,2176.1
-11799659.86,4654556.4,2177.47
-11799661.65,4654555.48,2180.24
-11799661.46,4654555.59,2178.67
-11799663.33,4654554.65,2182.0
-11799663.0,4654554.82,2179.42
-11799660.77,4654555.99,2161.92
-11799664.66,4654553.98,2180.92
-11799664.36,4654554.13,2178.49
-11799665.540000001,4654553.54,2176.42
-11799665.1,4654553.78,2172.99
-11799664.88,4654553.9,2171.11
-11799663.76,4654554.5,2162.17
-11799667.39,4654552.59,2179.71
-11799666.97,4654552.82,2176.32
-11799666.78,4654552.91,2174.8
-11799665.21,4654553.7700000005,2162.06
-11799668.72,4654551.93,2178.72
-11799666.67,4654553.0200000005,2162.05
-11799670.15,4654551.22,2178.57
-11799668.13,4654552.3,2162.07
-11799671.66,4654550.45,2178.94
-11799671.51,4654550.54,2177.69
-11799669.61,4654551.55,2162.13
-11799673.07,4654549.74,2178.38
-11799671.1,4654550.8,2162.11
-11799674.52,4654549.03,2178.3
-11799674.35,4654549.11,2176.94
-11799674.15,4654549.22,2175.26
-11799672.59,4654550.0600000005,2162.11
-11799675.63,4654548.47,2175.54
-11799675.36,4654548.63,2173.17
-11799674.92,4654548.850000001,2169.54
-11799674.05,4654549.3100000005,2162.1
-11799675.5,4654548.59,2162.08
-11799676.97,4654547.850000001,2162.19
-11799678.44,4654547.12,2162.1
-11799679.9,4654546.36,2162.11
-11799681.38,4654545.64,2162.11
-11799682.82,4654544.9,2162.1
-11799684.31,4654544.16,2162.09
-11799685.82,4654543.4,2162.29
-11799688.05,4654542.26,2169.15
-11799687.27,4654542.66,2162.09
-11799688.74,4654541.93,2162.13
-11799690.22,4654541.19,2162.15
-11799691.69,4654540.45,2162.26
-11799693.15,4654539.71,2162.24
-11799694.64,4654538.97,2162.26
-11799696.11,4654538.22,2162.29
-11799697.56,4654537.5,2162.33
-11799699.05,4654536.75,2162.46
-11799701.15,4654535.65,2168.88
-11799701.0,4654535.74,2167.48
-11799700.48,4654536.0200000005,2162.33
-11799703.03,4654534.71,2173.05
-11799702.790000001,4654534.84,2170.65
-11799702.55,4654534.94,2168.3
-11799701.950000001,4654535.2700000005,2162.28
-11799704.41,4654534.01,2172.29
-11799704.21,4654534.12,2170.42
-11799704.0,4654534.24,2168.25
-11799703.4,4654534.5600000005,2162.13
-11799705.55,4654533.45,2169.03
-11799704.88,4654533.82,2162.23
-11799707.01,4654532.7,2169.08
-11799706.35,4654533.07,2162.28
-11799707.81,4654532.32,2162.34
-11799709.28,4654531.59,2162.4
-11799710.76,4654530.850000001,2162.46
-11799712.200000001,4654530.12,2162.49
-11799714.38,4654528.99,2170.07
-11799713.68,4654529.37,2162.46
-11799716.15,4654528.100000001,2173.33
-11799715.16,4654528.64,2162.42
-11799717.44,4654527.46,2171.47
-11799717.11,4654527.63,2167.78
-11799716.620000001,4654527.9,2162.38
-11799719.03,4654526.65,2172.77
-11799718.78,4654526.79,2170.0
-11799718.59,4654526.89,2167.92
-11799718.09,4654527.17,2162.3
-11799720.38,4654525.98,2171.85
-11799721.98,4654525.17,2173.74
-11799721.74,4654525.3,2170.94
-11799721.540000001,4654525.39,2168.65
-11799721.01,4654525.7,2162.52
-11799723.47,4654524.41,2174.24
-11799723.26,4654524.54,2171.71
-11799724.96,4654523.67,2174.38
-11799724.870000001,4654523.72,2173.27
-11799724.72,4654523.8,2171.55
-11799723.950000001,4654524.21,2162.67
-11799726.34,4654522.98,2173.61
-11799725.71,4654523.32,2166.04
-11799727.14,4654522.600000001,2166.0
-11799728.81,4654521.76,2168.49
-11799728.59,4654521.86,2165.9
-11799730.03,4654521.13,2165.82
-11799731.47,4654520.42,2165.74
-11799733.15,4654519.57,2168.33
-11799732.93,4654519.69,2165.63
-11799734.67,4654518.78,2169.28
-11799734.59,4654518.83,2168.17
-11799734.14,4654519.08,2162.61
-11799736.1,4654518.07,2169.13
-11799736.0,4654518.13,2167.79
-11799736.85,4654520.14,2166.67
-11799736.540000001,4654520.3100000005,2162.77
-11799735.08,4654521.05,2162.72
-11799733.85,4654521.66,2165.44
-11799733.63,4654521.78,2162.72
-11799732.4,4654522.38,2165.51
-11799730.97,4654523.13,2165.59
-11799729.52,4654523.850000001,2165.65
-11799728.06,4654524.600000001,2165.76
-11799726.33,4654525.49,2162.65
-11799725.81,4654525.71,2173.54
-11799725.52,4654525.87,2170.19
-11799724.88,4654526.22,2162.72
-11799724.02,4654526.63,2169.5
-11799723.42,4654526.96,2162.65
-11799722.56,4654527.38,2169.54
-11799721.67,4654527.78,2175.94
-11799721.540000001,4654527.88,2174.38
-11799721.25,4654528.03,2171.15
-11799721.11,4654528.11,2169.58
-11799720.18,4654528.5600000005,2175.51
-11799720.09,4654528.61,2174.46
-11799719.92,4654528.7,2172.48
-11799719.76,4654528.7700000005,2170.77
-11799718.51,4654529.41,2172.78
-11799718.34,4654529.5,2170.92
-11799717.58,4654529.92,2162.42
-11799717.08,4654530.14,2172.98
-11799716.84,4654530.2700000005,2170.38
-11799715.47,4654530.96,2171.17
-11799715.33,4654531.03,2169.67
-11799714.67,4654531.39,2162.48
-11799713.21,4654532.15,2162.48
-11799711.76,4654532.87,2162.44
-11799710.3,4654533.62,2162.42
-11799708.82,4654534.38,2162.35
-11799707.86,4654534.83,2167.5
-11799707.35,4654535.11,2162.28
-11799706.74,4654535.39,2170.99
-11799706.36,4654535.59,2167.11
-11799705.450000001,4654536.04,2172.8
-11799705.28,4654536.12,2171.15
-11799704.03,4654536.75,2173.0
-11799702.5,4654537.53,2172.27
-11799702.3,4654537.64,2170.22
-11799700.700000001,4654538.44,2168.94
-11799700.18,4654538.74,2163.78
-11799700.05,4654538.82,2162.44
-11799699.48,4654539.07,2171.23
-11799698.56,4654539.57,2162.29
-11799697.1,4654540.3100000005,2162.27
-11799695.66,4654541.03,2162.25
-11799694.200000001,4654541.7700000005,2162.26
-11799692.74,4654542.53,2162.19
-11799691.24,4654543.2700000005,2162.11
-11799690.540000001,4654543.600000001,2169.32
-11799689.19,4654544.28,2170.35
-11799687.86,4654544.94,2171.44
-11799686.38,4654545.7,2171.08
-11799684.71,4654546.5600000005,2169.15
-11799684.01,4654546.94,2162.92
-11799682.56,4654547.66,2163.03
-11799681.0,4654548.46,2162.09
-11799679.540000001,4654549.2,2162.09
-11799678.08,4654549.94,2162.15
-11799676.6,4654550.7,2162.1
-11799676.82,4654550.54,2176.58
-11799676.39,4654550.7700000005,2172.86
-11799675.120000001,4654551.45,2162.08
-11799675.33,4654551.2700000005,2176.35
-11799673.63,4654552.2,2162.02
-11799673.68,4654552.13,2174.67
-11799672.17,4654552.95,2162.07
-11799670.71,4654553.67,2162.06
-11799671.120000001,4654553.42,2177.53
-11799669.24,4654554.43,2162.09
-11799669.97,4654553.98,2180.04
-11799667.78,4654555.17,2162.1
-11799668.4,4654554.8,2178.97
-11799666.3,4654555.91,2162.07
-11799666.700000001,4654555.66,2177.03
-11799666.540000001,4654555.74,2175.82
-11799665.32,4654556.350000001,2177.65
-11799668.13,4654556.26,2178.44
-11799669.040000001,4654555.88,2162.05
-11799670.51,4654555.14,2162.0
-11799672.01,4654554.4,2162.04
-11799675.06,4654552.8,2175.21
-11799673.48,4654553.64,2162.03
-11799676.61,4654552.0,2176.23
-11799676.21,4654552.22,2172.94
-11799674.93,4654552.92,2162.04
-11799676.36,4654552.19,2162.07
-11799677.84,4654551.46,2162.11
-11799679.3,4654550.71,2162.07
-11799680.84,4654549.93,2162.67
-11799682.68,4654549.0,2165.82
-11799682.3,4654549.21,2162.44
-11799684.16,4654548.24,2166.05
-11799686.06,4654547.28,2169.84
-11799687.66,4654546.47,2171.13
-11799689.16,4654545.71,2171.36
-11799690.5,4654545.04,2170.29
-11799691.82,4654544.36,2169.24
-11799691.19,4654544.72,2163.28
-11799692.55,4654544.03,2162.11
-11799694.02,4654543.3,2162.21
-11799695.49,4654542.55,2162.24
-11799696.98,4654541.79,2162.26
-11799699.28,4654540.61,2170.65
-11799698.42,4654541.08,2162.25
-11799700.64,4654539.93,2170.03
-11799699.86,4654540.350000001,2162.4
-11799702.06,4654539.21,2169.57
-11799703.65,4654538.41,2170.86
-11799705.49,4654537.46,2174.54
-11799705.3,4654537.57,2172.57
-11799705.15,4654537.65,2171.0
-11799704.94,4654537.75,2168.96
-11799706.84,4654536.7700000005,2173.63
-11799706.71,4654536.86,2172.34
-11799708.16,4654536.11,2172.3
-11799708.64,4654535.93,2162.28
-11799710.13,4654535.17,2162.35
-11799711.6,4654534.42,2162.38
-11799713.05,4654533.7,2162.46
-11799714.52,4654532.94,2162.5
-11799716.98,4654531.67,2173.58
-11799716.69,4654531.83,2170.34
-11799715.97,4654532.22,2162.47
-11799718.48,4654530.91,2173.92
-11799718.370000001,4654530.98,2172.73
-11799719.86,4654530.22,2173.19
-11799719.67,4654530.32,2171.06
-11799719.55,4654530.37,2169.75
-11799721.38,4654529.44,2173.99
-11799720.9,4654529.72,2168.42
-11799720.74,4654529.8,2166.77
-11799722.84,4654528.71,2174.05
-11799722.64,4654528.83,2171.77
-11799722.42,4654528.94,2169.31
-11799722.19,4654529.0600000005,2166.63
-11799724.31,4654527.97,2174.35
-11799723.73,4654528.29,2167.63
-11799723.290000001,4654528.5200000005,2162.57
-11799725.17,4654527.57,2167.35
-11799724.76,4654527.79,2162.59
-11799726.23,4654527.04,2162.59
-11799727.71,4654526.3100000005,2162.65
-11799729.38,4654525.46,2165.57
-11799730.83,4654524.72,2165.48
-11799732.28,4654523.99,2165.4
-11799732.06,4654524.09,2162.69
-11799733.5,4654523.39,2162.67
-11799734.950000001,4654522.65,2162.73
-11799736.63,4654521.79,2165.49
-11799736.43,4654521.9,2162.77
-11799735.91,4654524.5,2162.69
-11799734.450000001,4654525.25,2162.73
-11799732.98,4654525.99,2162.73
-11799731.540000001,4654526.72,2162.72
-11799730.06,4654527.48,2162.69
-11799728.59,4654528.22,2162.71
-11799727.13,4654528.96,2162.65
-11799725.69,4654529.7,2162.63
-11799725.200000001,4654529.89,2173.82
-11799724.23,4654530.44,2162.58
-11799723.72,4654530.65,2173.4
-11799723.22,4654530.92,2167.76
-11799722.75,4654531.18,2162.42
-11799721.9,4654531.600000001,2169.03
-11799721.700000001,4654531.71,2166.8
-11799721.48,4654531.83,2164.27
-11799720.77,4654532.15,2172.65
-11799719.86,4654532.66,2162.48
-11799719.23,4654532.94,2171.78
-11799718.4,4654533.41,2162.49
-11799716.91,4654534.15,2162.5
-11799715.46,4654534.89,2162.5
-11799714.01,4654535.63,2162.44
-11799712.540000001,4654536.39,2162.38
-11799711.07,4654537.13,2162.32
-11799710.01,4654537.64,2166.65
-11799709.61,4654537.850000001,2162.35
-11799709.03,4654538.12,2171.72
-11799708.790000001,4654538.25,2169.3
-11799707.71,4654538.79,2173.05
-11799707.52,4654538.89,2171.07
-11799707.36,4654538.98,2169.32
-11799706.19,4654539.57,2172.03
-11799706.05,4654539.64,2170.67
-11799705.85,4654539.76,2168.65
-11799704.75,4654540.29,2172.24
-11799704.46,4654540.45,2169.34
-11799702.9,4654541.25,2168.28
-11799702.71,4654541.350000001,2166.5
-11799702.3,4654541.58,2162.44
-11799702.14,4654541.62,2175.05
-11799702.040000001,4654541.67,2174.07
-11799701.81,4654541.79,2171.86
-11799701.59,4654541.9,2169.77
-11799700.61,4654542.39,2174.28
-11799699.38,4654543.07,2162.25
-11799697.93,4654543.8,2162.27
-11799696.450000001,4654544.55,2162.23
-11799694.97,4654545.29,2162.19
-11799694.31,4654545.600000001,2169.85
-11799692.870000001,4654546.350000001,2169.86
-11799691.56,4654547.0,2170.92
-11799690.16,4654547.71,2171.67
-11799688.53,4654548.54,2170.38
-11799686.950000001,4654549.350000001,2169.17
-11799685.46,4654550.100000001,2168.85
-11799683.77,4654550.96,2166.78
-11799682.41,4654551.65,2167.6
-11799682.27,4654551.73,2166.31
-11799680.370000001,4654552.72,2162.5
-11799678.86,4654553.48,2162.05
-11799677.41,4654554.22,2162.09
-11799675.92,4654554.98,2162.07
-11799674.450000001,4654555.72,2162.04
-11799676.94,4654555.68,2162.05
-11799678.4,4654554.93,2162.1
-11799680.46,4654553.87,2167.59
-11799679.82,4654554.21,2162.1
-11799682.06,4654553.0600000005,2168.72
-11799683.42,4654552.36,2167.72
-11799685.02,4654551.54,2169.02
-11799686.52,4654550.8,2169.25
-11799687.96,4654550.07,2169.1
-11799689.59,4654549.24,2170.42
-11799691.19,4654548.43,2171.67
-11799692.55,4654547.74,2170.92
-11799693.93,4654547.04,2170.32
-11799695.46,4654546.2700000005,2170.92
-11799696.71,4654545.64,2169.06
-11799695.99,4654546.04,2162.22
-11799697.450000001,4654545.3,2162.23
-11799700.02,4654543.95,2172.86
-11799699.46,4654544.26,2167.44
-11799698.93,4654544.55,2162.25
-11799701.66,4654543.12,2174.72
-11799702.99,4654542.45,2173.59
-11799701.86,4654543.07,2162.42
-11799703.75,4654542.09,2166.81
-11799703.32,4654542.33,2162.42
-11799705.68,4654541.100000001,2171.29
-11799704.92,4654541.5200000005,2163.61
-11799704.81,4654541.59,2162.55
-11799707.13,4654540.37,2171.02
-11799708.81,4654539.5200000005,2173.15
-11799708.44,4654539.71,2169.4
-11799709.98,4654538.93,2170.36
-11799709.8,4654539.03,2168.47
-11799709.21,4654539.36,2162.36
-11799710.65,4654538.64,2162.34
-11799712.1,4654537.89,2162.33
-11799713.58,4654537.14,2162.4
-11799715.06,4654536.4,2162.44
-11799716.49,4654535.68,2162.48
-11799717.94,4654534.94,2162.51
-11799719.41,4654534.2,2162.51
-11799721.53,4654533.08,2169.97
-11799721.450000001,4654533.13,2168.94
-11799720.870000001,4654533.46,2162.48
-11799722.98,4654532.36,2169.76
-11799722.5,4654532.64,2164.28
-11799723.950000001,4654531.9,2164.11
-11799723.81,4654531.98,2162.38
-11799725.290000001,4654531.22,2162.58
-11799726.77,4654530.49,2162.61
-11799728.32,4654529.69,2163.92
-11799728.22,4654529.75,2162.67
-11799729.66,4654529.0200000005,2162.71
-11799731.120000001,4654528.2700000005,2162.69
-11799732.58,4654527.54,2162.71
-11799734.03,4654526.8,2162.72
-11799735.51,4654526.07,2162.73
-11799736.47,4654527.92,2162.72
-11799735.01,4654528.67,2162.72
-11799733.55,4654529.4,2162.73
-11799732.09,4654530.13,2162.73
-11799730.63,4654530.89,2162.65
-11799729.18,4654531.63,2162.61
-11799727.75,4654532.36,2162.61
-11799726.290000001,4654533.11,2162.57
-11799724.790000001,4654533.87,2162.47
-11799723.31,4654534.61,2162.49
-11799721.85,4654535.36,2162.53
-11799720.4,4654536.08,2162.52
-11799719.96,4654536.25,2173.96
-11799718.93,4654536.84,2162.5
-11799718.68,4654536.91,2175.84
-11799717.46,4654537.600000001,2162.48
-11799717.34,4654537.59,2176.63
-11799716.040000001,4654538.32,2162.42
-11799715.92,4654538.3100000005,2176.57
-11799714.6,4654539.03,2162.38
-11799714.41,4654539.08,2175.79
-11799713.14,4654539.79,2162.33
-11799712.85,4654539.88,2175.02
-11799712.73,4654539.95,2173.78
-11799711.65,4654540.55,2162.35
-11799711.22,4654540.72,2173.38
-11799710.17,4654541.3100000005,2162.4
-11799709.25,4654541.74,2167.84
-11799708.72,4654542.03,2162.36
-11799707.3,4654542.7700000005,2162.55
-11799705.790000001,4654543.54,2162.34
-11799704.32,4654544.2700000005,2162.3
-11799702.86,4654545.0200000005,2162.29
-11799701.39,4654545.78,2162.29
-11799699.93,4654546.51,2162.26
-11799698.56,4654547.21,2162.86
-11799697.8,4654547.55,2169.4
-11799696.58,4654548.18,2171.55
-11799695.15,4654548.9,2171.94
-11799693.68,4654549.65,2171.59
-11799692.14,4654550.43,2171.0
-11799690.82,4654551.100000001,2172.4
-11799690.61,4654551.21,2170.4
-11799689.11,4654551.98,2170.08
-11799687.66,4654552.73,2169.94
-11799686.14,4654553.5,2169.28
-11799684.6,4654554.2700000005,2168.67
-11799683.16,4654555.0200000005,2169.03
-11799681.55,4654555.84,2167.77
-11799680.89,4654556.21,2162.02
-11799684.03,4654555.79,2171.42
-11799685.25,4654555.19,2169.4
-11799686.76,4654554.4,2169.92
-11799688.22,4654553.68,2169.92
-11799689.63,4654552.96,2169.4
-11799691.040000001,4654552.25,2168.96
-11799692.78,4654551.350000001,2171.71
-11799694.24,4654550.62,2171.81
-11799695.65,4654549.91,2171.3
-11799697.06,4654549.2,2170.74
-11799698.46,4654548.48,2170.25
-11799699.17,4654548.16,2163.17
-11799700.53,4654547.47,2162.24
-11799702.0,4654546.73,2162.25
-11799703.46,4654545.99,2162.27
-11799704.94,4654545.25,2162.32
-11799706.42,4654544.49,2162.4
-11799707.92,4654543.73,2162.53
-11799709.36,4654543.01,2162.4
-11799711.93,4654541.63,2174.24
-11799710.790000001,4654542.28,2162.38
-11799713.34,4654540.92,2173.9
-11799712.25,4654541.54,2162.38
-11799715.15,4654539.99,2177.52
-11799714.700000001,4654540.25,2172.72
-11799713.72,4654540.8,2162.33
-11799716.49,4654539.32,2176.42
-11799715.19,4654540.04,2162.36
-11799717.89,4654538.61,2176.3
-11799716.620000001,4654539.33,2162.38
-11799719.19,4654537.97,2174.67
-11799718.08,4654538.57,2162.5
-11799720.63,4654537.21,2174.67
-11799719.540000001,4654537.850000001,2162.49
-11799721.0,4654537.09,2162.52
-11799722.48,4654536.350000001,2162.54
-11799723.94,4654535.62,2162.5
-11799725.38,4654534.89,2162.48
-11799726.86,4654534.14,2162.42
-11799728.34,4654533.38,2162.63
-11799729.78,4654532.66,2162.61
-11799731.25,4654531.91,2162.65
-11799732.75,4654531.14,2162.71
-11799734.21,4654530.42,2162.72
-11799735.65,4654529.67,2162.73
-11799736.03,4654531.69,2164.38
-11799735.9,4654531.78,2162.69
-11799734.44,4654532.53,2162.73
-11799733.26,4654533.11,2166.15
-11799732.98,4654533.28,2162.65
-11799732.08,4654533.7,2169.31
-11799731.84,4654533.84,2166.4
-11799731.52,4654534.03,2162.61
-11799730.06,4654534.7700000005,2162.61
-11799728.58,4654535.5200000005,2162.42
-11799727.15,4654536.25,2162.49
-11799725.700000001,4654536.99,2162.53
-11799724.24,4654537.73,2162.55
-11799723.78,4654537.91,2173.78
-11799722.790000001,4654538.47,2162.52
-11799722.370000001,4654538.63,2174.08
-11799721.34,4654539.21,2162.52
-11799721.18,4654539.22,2176.86
-11799721.09,4654539.2700000005,2175.86
-11799719.88,4654539.96,2162.47
-11799719.48,4654540.09,2174.35
-11799718.4,4654540.72,2162.4
-11799718.05,4654540.8100000005,2174.72
-11799716.91,4654541.47,2162.36
-11799716.870000001,4654541.42,2177.47
-11799716.72,4654541.5,2175.79
-11799715.46,4654542.21,2162.33
-11799715.08,4654542.350000001,2173.58
-11799714.03,4654542.94,2162.34
-11799712.57,4654543.7,2162.4
-11799711.08,4654544.44,2162.46
-11799709.65,4654545.18,2162.75
-11799708.17,4654545.92,2162.48
-11799706.73,4654546.66,2162.46
-11799705.24,4654547.42,2162.34
-11799703.78,4654548.18,2162.32
-11799702.32,4654548.92,2162.26
-11799701.21,4654549.46,2165.48
-11799700.92,4654549.63,2162.65
-11799699.790000001,4654550.18,2165.77
-11799698.67,4654550.73,2169.1
-11799698.370000001,4654550.92,2166.09
-11799697.26,4654551.45,2169.52
-11799695.83,4654552.19,2170.02
-11799694.42,4654552.88,2170.56
-11799693.06,4654553.59,2171.15
-11799692.82,4654553.73,2168.94
-11799691.24,4654554.5200000005,2167.86
-11799689.82,4654555.2700000005,2168.25
-11799688.42,4654555.97,2168.77
-11799690.65,4654556.05,2170.72
-11799690.3,4654556.24,2167.6
-11799691.75,4654555.5200000005,2167.42
-11799693.35,4654554.69,2168.63
-11799694.96,4654553.86,2169.83
-11799696.32,4654553.18,2169.31
-11799697.58,4654552.55,2167.44
-11799698.950000001,4654551.86,2166.42
-11799700.36,4654551.15,2165.85
-11799701.790000001,4654550.43,2165.57
-11799702.92,4654549.88,2162.28
-11799704.39,4654549.13,2162.32
-11799705.85,4654548.37,2162.38
-11799707.32,4654547.64,2162.36
-11799708.78,4654546.9,2162.42
-11799710.23,4654546.16,2162.44
-11799711.68,4654545.42,2162.42
-11799714.16,4654544.11,2172.85
-11799713.17,4654544.66,2162.44
-11799715.6,4654543.38,2172.65
-11799714.64,4654543.93,2162.4
-11799717.34,4654542.48,2175.8
-11799716.99,4654542.69,2171.9
-11799716.09,4654543.18,2162.3
-11799718.72,4654541.7700000005,2175.36
-11799718.56,4654541.87,2173.63
-11799718.44,4654541.93,2172.34
-11799717.52,4654542.46,2162.36
-11799720.16,4654541.05,2175.44
-11799720.05,4654541.11,2174.17
-11799718.98,4654541.71,2162.42
-11799721.790000001,4654540.21,2177.13
-11799721.540000001,4654540.350000001,2174.4
-11799720.47,4654540.97,2162.46
-11799721.96,4654540.21,2162.5
-11799723.42,4654539.47,2162.53
-11799724.85,4654538.74,2162.56
-11799726.290000001,4654537.99,2162.53
-11799727.75,4654537.2700000005,2162.5
-11799729.42,4654536.41,2165.13
-11799729.200000001,4654536.53,2162.42
-11799730.9,4654535.65,2165.17
-11799730.68,4654535.78,2162.56
-11799732.68,4654534.72,2169.02
-11799732.5,4654534.84,2166.9
-11799733.96,4654534.100000001,2166.92
-11799733.6,4654534.28,2162.6
-11799735.3,4654533.41,2165.65
-11799735.06,4654533.55,2162.71
-11799736.790000001,4654532.65,2165.84
-11799736.8,4654534.92,2162.73
-11799735.790000001,4654535.4,2167.94
-11799735.58,4654535.5200000005,2165.5
-11799734.53,4654536.03,2170.38
-11799734.33,4654536.15,2167.86
-11799733.120000001,4654536.75,2171.03
-11799733.0,4654536.8,2169.63
-11799732.75,4654536.96,2166.59
-11799732.620000001,4654537.04,2165.03
-11799731.46,4654537.62,2168.56
-11799730.03,4654538.34,2168.88
-11799729.88,4654538.43,2167.11
-11799729.5,4654538.65,2162.47
-11799728.040000001,4654539.4,2162.53
-11799726.58,4654540.13,2162.56
-11799725.99,4654540.38,2172.42
-11799725.13,4654540.88,2162.55
-11799724.63,4654541.0600000005,2173.38
-11799723.68,4654541.63,2162.52
-11799722.22,4654542.36,2162.49
-11799720.76,4654543.12,2162.44
-11799720.44,4654543.21,2174.9
-11799720.11,4654543.4,2171.32
-11799719.97,4654543.46,2169.82
-11799719.3,4654543.87,2162.4
-11799719.1,4654543.89,2175.98
-11799718.55,4654544.19,2170.05
-11799717.84,4654544.600000001,2162.36
-11799717.39,4654544.7700000005,2172.86
-11799717.200000001,4654544.88,2170.9
-11799716.43,4654545.32,2162.47
-11799714.98,4654546.07,2162.49
-11799713.48,4654546.83,2162.42
-11799712.02,4654547.5600000005,2162.6
-11799710.52,4654548.32,2162.4
-11799709.08,4654549.08,2162.4
-11799709.290000001,4654548.87,2179.35
-11799707.63,4654549.83,2162.38
-11799707.82,4654549.62,2179.13
-11799706.15,4654550.5600000005,2162.38
-11799706.370000001,4654550.37,2179.0
-11799704.68,4654551.32,2162.26
-11799703.56,4654551.87,2165.61
-11799703.22,4654552.07,2162.31
-11799702.14,4654552.61,2165.86
-11799700.76,4654553.3100000005,2166.46
-11799699.4,4654554.0,2167.47
-11799698.06,4654554.68,2168.59
-11799696.64,4654555.4,2168.86
-11799695.07,4654556.21,2167.63
-11799694.91,4654556.29,2166.31
-11799698.36,4654555.83,2169.17
-11799699.65,4654555.17,2168.15
-11799701.0,4654554.49,2167.15
-11799702.370000001,4654553.8,2166.17
-11799701.98,4654554.0200000005,2162.32
-11799703.44,4654553.28,2162.27
-11799704.9,4654552.54,2162.25
-11799708.09,4654550.8100000005,2179.59
-11799707.97,4654550.86,2178.46
-11799706.370000001,4654551.79,2162.35
-11799709.51,4654550.09,2179.3
-11799709.13,4654550.3100000005,2175.4
-11799707.83,4654551.04,2162.36
-11799710.11,4654549.83,2170.73
-11799709.290000001,4654550.3100000005,2162.38
-11799710.74,4654549.55,2162.38
-11799712.28,4654548.78,2163.4
-11799713.69,4654548.07,2162.65
-11799715.17,4654547.3100000005,2162.44
-11799716.66,4654546.55,2162.65
-11799719.35,4654545.11,2176.05
-11799718.950000001,4654545.34,2171.74
-11799718.1,4654545.83,2162.5
-11799720.88,4654544.3100000005,2177.17
-11799720.620000001,4654544.47,2174.44
-11799720.290000001,4654544.66,2170.84
-11799719.53,4654545.11,2162.38
-11799722.11,4654543.71,2174.9
-11799721.93,4654543.8100000005,2172.97
-11799721.78,4654543.9,2171.22
-11799720.98,4654544.36,2162.4
-11799722.47,4654543.600000001,2162.44
-11799724.89,4654542.29,2173.25
-11799723.950000001,4654542.850000001,2162.49
-11799726.3,4654541.600000001,2172.98
-11799725.4,4654542.12,2162.52
-11799726.83,4654541.39,2162.56
-11799728.3,4654540.65,2162.57
-11799730.05,4654539.72,2165.81
-11799729.77,4654539.9,2162.53
-11799731.67,4654538.9,2167.9
-11799731.44,4654539.01,2165.24
-11799731.22,4654539.16,2162.42
-11799733.370000001,4654538.01,2171.15
-11799733.120000001,4654538.14,2168.1
-11799732.98,4654538.24,2166.28
-11799734.81,4654537.28,2170.86
-11799736.26,4654536.55,2170.9
-11799736.11,4654536.63,2169.13
-11799736.86,4654538.24,2170.48
-11799736.72,4654538.32,2168.72
-11799736.53,4654538.42,2166.47
-11799735.4,4654538.97,2170.49
-11799735.34,4654539.0200000005,2169.63
-11799735.19,4654539.11,2167.74
-11799735.06,4654539.18,2166.31
-11799733.89,4654539.7700000005,2169.55
-11799733.78,4654539.84,2168.17
-11799733.59,4654539.94,2165.84
-11799732.33,4654540.57,2168.28
-11799730.4,4654541.59,2162.57
-11799730.11,4654541.64,2176.22
-11799729.92,4654541.78,2173.96
-11799728.94,4654542.34,2162.59
-11799728.43,4654542.54,2173.61
-11799727.48,4654543.08,2162.59
-11799726.92,4654543.3100000005,2173.02
-11799726.01,4654543.84,2162.54
-11799725.55,4654543.99,2173.99
-11799725.36,4654544.12,2171.79
-11799724.53,4654544.59,2162.49
-11799724.370000001,4654544.59,2176.8
-11799724.21,4654544.68,2175.01
-11799724.11,4654544.74,2173.92
-11799723.1,4654545.32,2162.47
-11799722.78,4654545.41,2175.03
-11799721.65,4654546.0600000005,2162.4
-11799721.44,4654546.09,2176.05
-11799721.23,4654546.22,2173.74
-11799720.200000001,4654546.8100000005,2162.4
-11799720.01,4654546.82,2176.29
-11799719.370000001,4654547.19,2169.36
-11799718.75,4654547.54,2162.61
-11799718.64,4654547.5200000005,2177.19
-11799717.28,4654548.3,2162.54
-11799715.82,4654549.05,2162.5
-11799715.27,4654549.2700000005,2172.17
-11799714.370000001,4654549.78,2162.61
-11799712.9,4654550.54,2162.42
-11799711.41,4654551.3,2162.42
-11799711.700000001,4654551.05,2180.46
-11799711.07,4654551.41,2174.01
-11799710.120000001,4654551.88,2178.6
-11799709.84,4654552.04,2175.8
-11799709.72,4654552.100000001,2174.65
-11799708.64,4654552.61,2178.3
-11799707.370000001,4654553.2700000005,2180.28
-11799707.26,4654553.33,2179.11
-11799707.120000001,4654553.41,2177.71
-11799706.98,4654553.49,2176.38
-11799704.15,4654555.0200000005,2162.51
-11799702.67,4654555.78,2162.25
-11799703.84,4654556.38,2162.31
-11799705.33,4654555.62,2162.38
-11799708.3,4654554.01,2177.19
-11799709.94,4654553.18,2179.19
-11799709.73,4654553.29,2177.05
-11799709.540000001,4654553.41,2175.11
-11799708.28,4654554.12,2162.38
-11799711.51,4654552.36,2180.36
-11799712.96,4654551.63,2180.6
-11799712.48,4654551.9,2175.6
-11799714.03,4654551.100000001,2176.92
-11799713.85,4654551.21,2175.0
-11799713.52,4654551.39,2171.59
-11799712.64,4654551.9,2162.48
-11799714.97,4654550.66,2171.3
-11799714.13,4654551.14,2162.44
-11799715.73,4654550.32,2163.96
-11799715.6,4654550.4,2162.58
-11799718.19,4654549.01,2174.56
-11799717.06,4654549.64,2162.44
-11799719.83,4654548.16,2176.94
-11799718.5,4654548.93,2162.52
-11799721.46,4654547.32,2179.07
-11799721.120000001,4654547.5,2175.38
-11799720.46,4654547.89,2168.11
-11799719.950000001,4654548.17,2162.58
-11799722.84,4654546.61,2178.3
-11799722.65,4654546.71,2176.24
-11799722.46,4654546.83,2174.17
-11799722.13,4654547.0200000005,2170.4
-11799724.0,4654546.03,2175.34
-11799723.85,4654546.12,2173.63
-11799723.72,4654546.2,2172.29
-11799725.09,4654545.5,2171.44
-11799724.3,4654545.97,2162.44
-11799726.77,4654544.62,2174.21
-11799726.44,4654544.83,2170.36
-11799725.75,4654545.22,2162.54
-11799728.25,4654543.88,2174.38
-11799727.73,4654544.18,2168.48
-11799727.23,4654544.48,2162.55
-11799729.870000001,4654543.03,2176.11
-11799729.61,4654543.19,2173.24
-11799728.71,4654543.72,2162.57
-11799731.31,4654542.3100000005,2176.04
-11799731.120000001,4654542.43,2173.79
-11799730.17,4654542.98,2162.59
-11799731.620000001,4654542.24,2162.58
-11799733.63,4654541.18,2169.03
-11799733.42,4654541.29,2166.59
-11799733.08,4654541.5,2162.47
-11799735.11,4654540.41,2169.63
-11799735.0,4654540.49,2168.33
-11799734.85,4654540.57,2166.42
-11799734.76,4654540.62,2165.35
-11799736.56,4654539.69,2169.72
-11799736.42,4654539.76,2168.07
-11799736.34,4654539.8100000005,2167.07
-11799735.98,4654540.0200000005,2162.58
-11799736.93,4654541.61,2167.47
-11799736.71,4654541.73,2164.86
-11799736.52,4654541.84,2162.46
-11799735.33,4654542.43,2165.78
-11799735.06,4654542.59,2162.53
-11799734.4,4654542.87,2171.84
-11799733.620000001,4654543.3100000005,2162.57
-11799733.05,4654543.54,2173.07
-11799732.950000001,4654543.61,2171.85
-11799732.8,4654543.69,2169.99
-11799732.18,4654544.07,2162.58
-11799731.68,4654544.24,2174.09
-11799731.44,4654544.39,2171.17
-11799730.72,4654544.82,2162.59
-11799730.27,4654544.98,2174.15
-11799730.07,4654545.08,2171.88
-11799729.28,4654545.55,2162.58
-11799728.91,4654545.66,2175.5
-11799728.76,4654545.75,2173.69
-11799728.620000001,4654545.83,2172.11
-11799727.790000001,4654546.3100000005,2162.44
-11799727.450000001,4654546.41,2175.42
-11799727.17,4654546.5600000005,2172.26
-11799727.06,4654546.63,2170.99
-11799726.32,4654547.07,2162.51
-11799726.32,4654546.96,2179.07
-11799726.13,4654547.07,2176.79
-11799724.86,4654547.82,2162.46
-11799724.48,4654547.94,2174.65
-11799724.26,4654548.07,2172.23
-11799724.06,4654548.17,2170.03
-11799723.39,4654548.58,2162.44
-11799723.47,4654548.4,2179.67
-11799722.78,4654548.82,2171.99
-11799722.540000001,4654548.96,2169.24
-11799722.01,4654549.16,2179.35
-11799721.8,4654549.29,2176.99
-11799720.5,4654550.03,2162.72
-11799720.540000001,4654549.92,2178.78
-11799720.24,4654550.09,2175.5
-11799719.67,4654550.41,2169.29
-11799719.040000001,4654550.79,2162.51
-11799718.22,4654551.17,2169.13
-11799717.68,4654551.49,2163.4
-11799717.4,4654551.54,2175.96
-11799716.86,4654551.87,2170.17
-11799716.14,4654552.29,2162.48
-11799714.67,4654553.03,2162.47
-11799714.120000001,4654553.26,2172.01
-11799713.200000001,4654553.79,2162.5
-11799712.93,4654553.850000001,2174.81
-11799712.77,4654553.94,2173.03
-11799712.02,4654554.28,2180.08
-11799711.66,4654554.49,2176.47
-11799710.47,4654555.08,2179.11
-11799710.33,4654555.16,2177.65
-11799708.950000001,4654555.87,2178.35
-11799708.620000001,4654556.04,2175.11
-11799711.0,4654556.14,2175.15
-11799712.69,4654555.25,2177.96
-11799713.950000001,4654554.63,2176.07
-11799713.52,4654554.88,2171.67
-11799712.64,4654555.39,2162.54
-11799714.120000001,4654554.64,2162.51
-11799715.59,4654553.9,2162.5
-11799718.07,4654552.5600000005,2173.34
-11799717.65,4654552.78,2168.94
-11799717.06,4654553.14,2162.63
-11799719.77,4654551.67,2176.17
-11799719.11,4654552.05,2169.03
-11799721.44,4654550.79,2178.54
-11799721.3,4654550.87,2177.05
-11799719.97,4654551.64,2162.56
-11799722.88,4654550.0600000005,2178.67
-11799721.42,4654550.92,2162.65
-11799724.26,4654549.350000001,2177.96
-11799722.870000001,4654550.16,2162.48
-11799725.64,4654548.67,2177.42
-11799725.38,4654548.8,2174.59
-11799725.0,4654549.0200000005,2170.32
-11799724.3,4654549.45,2162.46
-11799727.19,4654547.87,2178.92
-11799726.8,4654548.09,2174.59
-11799726.58,4654548.22,2171.97
-11799725.74,4654548.72,2162.4
-11799728.66,4654547.11,2179.05
-11799728.56,4654547.16,2177.88
-11799728.44,4654547.24,2176.52
-11799728.200000001,4654547.39,2173.73
-11799729.69,4654546.61,2174.23
-11799729.47,4654546.76,2171.69
-11799730.15,4654546.45,2162.59
-11799732.6,4654545.14,2174.44
-11799732.42,4654545.25,2172.34
-11799731.59,4654545.73,2162.57
-11799733.85,4654544.5200000005,2172.38
-11799733.040000001,4654545.0,2162.61
-11799735.24,4654543.8100000005,2171.47
-11799734.52,4654544.24,2162.61
-11799735.99,4654543.49,2162.54
-11799735.58,4654545.79,2162.63
-11799734.93,4654546.0600000005,2172.6
-11799734.11,4654546.54,2162.63
-11799733.76,4654546.62,2175.99
-11799732.65,4654547.29,2162.61
-11799732.36,4654547.34,2176.46
-11799731.18,4654548.03,2162.63
-11799731.03,4654548.0200000005,2177.55
-11799730.790000001,4654548.15,2174.63
-11799729.75,4654548.78,2162.54
-11799729.71,4654548.69,2178.58
-11799729.6,4654548.75,2177.3
-11799729.28,4654548.94,2173.65
-11799729.01,4654549.08,2170.57
-11799728.21,4654549.46,2177.86
-11799727.870000001,4654549.66,2174.03
-11799726.790000001,4654550.17,2178.38
-11799726.61,4654550.29,2176.27
-11799726.27,4654550.5,2172.42
-11799725.39,4654551.0200000005,2162.47
-11799725.43,4654550.88,2179.55
-11799725.23,4654551.0,2177.23
-11799724.950000001,4654551.15,2174.13
-11799723.91,4654551.75,2162.55
-11799723.84,4654551.7,2177.94
-11799723.65,4654551.8100000005,2175.8
-11799722.450000001,4654552.53,2162.5
-11799722.15,4654552.58,2175.06
-11799721.01,4654553.26,2162.53
-11799720.76,4654553.29,2175.63
-11799720.43,4654553.5,2172.04
-11799720.24,4654553.61,2169.86
-11799719.59,4654553.99,2162.88
-11799719.5,4654553.93,2177.59
-11799718.97,4654554.24,2171.86
-11799718.08,4654554.65,2177.77
-11799717.73,4654554.86,2174.19
-11799717.53,4654554.98,2172.05
-11799717.26,4654555.13,2169.19
-11799715.22,4654556.23,2162.88
-11799715.08,4654556.21,2176.67
-11799718.46,4654555.74,2175.81
-11799718.120000001,4654555.93,2172.15
-11799719.65,4654555.15,2172.97
-11799719.5,4654555.23,2171.27
-11799718.71,4654555.7,2162.88
-11799721.51,4654554.18,2177.35
-11799720.57,4654554.73,2167.09
-11799720.16,4654554.95,2162.65
-11799723.16,4654553.3100000005,2179.92
-11799722.84,4654553.5,2176.51
-11799721.57,4654554.24,2162.54
-11799724.53,4654552.61,2179.51
-11799722.99,4654553.5200000005,2162.5
-11799725.91,4654551.9,2178.86
-11799725.700000001,4654552.04,2176.49
-11799727.23,4654551.24,2177.51
-11799727.17,4654551.28,2176.67
-11799726.92,4654551.44,2173.9
-11799726.700000001,4654551.5600000005,2171.48
-11799728.76,4654550.47,2178.36
-11799728.19,4654550.8,2171.92
-11799727.36,4654551.29,2162.47
-11799730.24,4654549.7,2178.74
-11799729.56,4654550.11,2170.73
-11799728.85,4654550.53,2162.48
-11799731.450000001,4654549.11,2175.75
-11799731.25,4654549.22,2173.31
-11799730.33,4654549.76,2162.56
-11799731.77,4654549.04,2162.6
-11799733.23,4654548.29,2162.61
-11799734.700000001,4654547.55,2162.63
-11799736.14,4654546.8100000005,2162.63
-11799735.58,4654549.18,2162.63
-11799735.09,4654549.34,2174.28
-11799734.120000001,4654549.94,2162.61
-11799733.82,4654549.99,2176.3
-11799733.65,4654550.08,2174.31
-11799732.67,4654550.68,2162.6
-11799732.33,4654550.75,2175.73
-11799731.75,4654551.100000001,2169.11
-11799731.200000001,4654551.43,2162.57
-11799730.34,4654551.82,2169.48
-11799729.75,4654552.18,2162.52
-11799729.85,4654552.0,2180.47
-11799729.4,4654552.26,2175.31
-11799729.07,4654552.47,2171.46
-11799728.290000001,4654552.92,2162.47
-11799728.25,4654552.83,2178.63
-11799728.08,4654552.93,2176.73
-11799727.82,4654553.08,2173.73
-11799726.84,4654553.67,2162.49
-11799726.790000001,4654553.58,2178.26
-11799725.38,4654554.42,2162.5
-11799725.43,4654554.28,2179.36
-11799725.26,4654554.350000001,2177.5
-11799725.06,4654554.47,2175.28
-11799723.92,4654555.18,2162.48
-11799723.98,4654555.01,2178.99
-11799723.78,4654555.13,2176.75
-11799722.48,4654555.91,2162.51
-11799722.42,4654555.83,2177.46
-11799724.040000001,4654556.24,2178.03
-11799725.540000001,4654555.48,2178.63
-11799724.08,4654556.36,2162.51
-11799726.97,4654554.76,2178.3
-11799725.57,4654555.58,2162.52
-11799728.450000001,4654554.0,2178.8
-11799728.3,4654554.09,2176.98
-11799727.02,4654554.850000001,2162.48
-11799728.450000001,4654554.11,2162.49
-11799729.91,4654553.38,2162.51
-11799731.370000001,4654552.63,2162.55
-11799732.85,4654551.87,2162.58
-11799735.26,4654550.55,2174.13
-11799734.31,4654551.13,2162.61
-11799735.73,4654550.39,2162.63
-11799735.540000001,4654552.54,2162.63
-11799734.09,4654553.28,2162.58
-11799733.200000001,4654553.69,2169.32
-11799733.1,4654553.74,2168.07
-11799732.63,4654554.04,2162.56
-11799731.66,4654554.49,2168.36
-11799731.43,4654554.63,2165.61
-11799731.17,4654554.78,2162.54
-11799730.42,4654555.11,2170.9
-11799730.05,4654555.34,2166.57
-11799729.71,4654555.54,2162.65
-11799728.98,4654555.850000001,2170.96
-11799728.6,4654556.08,2166.58
-11799728.25,4654556.28,2162.53
-11799731.84,4654555.64,2172.63
-11799731.65,4654555.73,2170.49
-11799732.93,4654555.100000001,2168.3
-11799732.73,4654555.24,2165.81
-11799732.450000001,4654555.4,2162.54
-11799734.48,4654554.3100000005,2169.34
-11799733.91,4654554.66,2162.58
-11799735.35,4654553.92,2162.6
-11799736.82,4654553.16,2162.63
-11799736.55,4654555.39,2162.61
-11799735.67,4654555.78,2169.54
-11799735.09,4654556.12,2162.59
-11799625.64,4654404.21,2164.34
-11799623.76,4654405.22,2161.6
-11799623.91,4654405.08,2163.23
-11799623.26,4654406.34,2161.65
-11799624.870000001,4654405.600000001,2161.52
-11799626.78,4654404.57,2164.36
-11799628.43,4654403.7700000005,2164.56
-11799631.040000001,4654404.05,2161.58
-11799629.700000001,4654404.54,2164.61
-11799629.42,4654404.8100000005,2161.61
-11799628.06,4654405.3100000005,2164.42
-11799626.14,4654406.36,2161.48
-11799626.4,4654406.100000001,2164.25
-11799624.49,4654407.13,2161.6
-11799623.81,4654408.21,2162.15
-11799625.4,4654407.5,2161.57
-11799627.02,4654406.75,2161.5
-11799627.28,4654406.49,2164.24
-11799628.67,4654405.96,2161.55
-11799628.93,4654405.69,2164.44
-11799630.33,4654405.19,2161.61
-11799630.6,4654404.93,2164.48
-11799632.01,4654404.4,2161.53
-11799632.16,4654404.25,2163.19
-11799633.620000001,4654403.65,2161.48
-11799636.700000001,4654403.74,2161.55
-11799635.3,4654404.28,2164.09
-11799635.1,4654404.49,2161.76
-11799631.790000001,4654406.05,2161.53
-11799633.450000001,4654405.2700000005,2161.57
-11799632.08,4654405.7700000005,2164.65
-11799630.15,4654406.84,2161.52
-11799630.4,4654406.58,2164.36
-11799630.53,4654406.45,2165.67
-11799628.53,4654407.59,2161.55
-11799628.73,4654407.4,2163.75
-11799626.93,4654408.34,2161.69
-11799627.1,4654408.17,2163.38
-11799625.47,4654408.93,2163.63
-11799623.58,4654409.91,2161.55
-11799623.72,4654409.78,2163.02
-11799624.17,4654410.42,2161.55
-11799626.01,4654409.45,2163.63
-11799624.370000001,4654410.23,2163.69
-11799627.49,4654408.86,2161.59
-11799629.11,4654408.100000001,2161.57
-11799629.290000001,4654407.93,2163.4
-11799629.49,4654407.72,2165.61
-11799630.74,4654407.34,2161.59
-11799631.05,4654407.01,2165.11
-11799632.39,4654406.5600000005,2161.54
-11799632.61,4654406.34,2163.98
-11799634.040000001,4654405.79,2161.54
-11799635.66,4654405.0200000005,2161.53
-11799637.31,4654404.25,2161.55
-11799640.66,4654404.01,2161.65
-11799639.0,4654404.78,2161.63
-11799637.35,4654405.57,2161.58
-11799635.72,4654406.33,2161.57
-11799634.11,4654407.08,2161.59
-11799632.8,4654407.5200000005,2165.4
-11799630.8,4654408.66,2161.63
-11799631.1,4654408.37,2164.73
-11799629.17,4654409.43,2161.61
-11799629.43,4654409.16,2164.52
-11799629.56,4654409.04,2165.8
-11799627.540000001,4654410.19,2161.72
-11799627.72,4654410.01,2163.61
-11799626.09,4654410.7700000005,2163.63
-11799624.24,4654411.75,2161.56
-11799624.28,4654412.59,2161.53
-11799625.92,4654411.8100000005,2161.54
-11799626.120000001,4654411.63,2163.69
-11799627.56,4654411.05,2161.67
-11799627.75,4654410.88,2163.56
-11799629.200000001,4654410.29,2161.63
-11799629.36,4654410.12,2163.36
-11799631.19,4654409.19,2164.98
-11799632.870000001,4654408.38,2165.13
-11799634.18,4654407.95,2161.56
-11799634.290000001,4654407.82,2162.84
-11799635.82,4654407.16,2161.55
-11799634.43,4654407.69,2164.38
-11799637.43,4654406.4,2161.57
-11799639.07,4654405.65,2161.6
-11799640.75,4654404.87,2161.65
-11799642.4,4654404.08,2161.67
-11799645.8,4654403.89,2161.58
-11799644.18,4654404.65,2161.67
-11799642.57,4654405.41,2161.65
-11799640.93,4654406.19,2161.67
-11799639.27,4654406.97,2161.63
-11799637.6,4654407.73,2161.59
-11799635.99,4654408.5200000005,2161.56
-11799634.370000001,4654409.2700000005,2161.57
-11799634.64,4654409.0,2164.42
-11799632.73,4654410.03,2161.56
-11799632.9,4654409.89,2163.38
-11799633.06,4654409.71,2165.22
-11799631.1,4654410.82,2161.74
-11799631.34,4654410.57,2164.35
-11799629.39,4654411.62,2161.57
-11799629.65,4654411.37,2164.32
-11799627.77,4654412.38,2161.61
-11799626.120000001,4654413.17,2161.55
-11799624.48,4654413.94,2161.61
-11799624.23,4654414.88,2161.6
-11799625.91,4654414.09,2161.56
-11799627.55,4654413.32,2161.59
-11799630.81,4654411.78,2161.58
-11799629.19,4654412.53,2161.6
-11799630.99,4654411.600000001,2163.51
-11799632.44,4654411.0200000005,2161.63
-11799632.6,4654410.87,2163.4
-11799634.1,4654410.24,2161.57
-11799635.76,4654409.46,2161.57
-11799637.39,4654408.7,2161.59
-11799640.66,4654407.16,2161.67
-11799639.01,4654407.94,2161.65
-11799644.0,4654405.59,2161.69
-11799642.34,4654406.350000001,2161.69
-11799645.6,4654404.84,2161.63
-11799647.24,4654404.05,2161.6
-11799651.040000001,4654403.61,2161.72
-11799649.39,4654404.39,2161.63
-11799647.76,4654405.16,2161.61
-11799646.14,4654405.92,2161.67
-11799644.51,4654406.7,2161.67
-11799642.85,4654407.46,2161.71
-11799641.26,4654408.2,2162.36
-11799639.59,4654409.0,2161.71
-11799637.96,4654409.78,2161.61
-11799636.32,4654410.5600000005,2161.6
-11799634.68,4654411.33,2161.57
-11799633.05,4654412.09,2161.79
-11799631.41,4654412.88,2161.65
-11799629.77,4654413.64,2161.71
-11799626.43,4654415.23,2161.56
-11799628.1,4654414.43,2161.61
-11799624.78,4654415.99,2161.59
-11799623.44,4654416.49,2164.38
-11799627.43,4654415.64,2161.69
-11799624.36,4654416.96,2164.38
-11799630.67,4654414.12,2161.63
-11799625.77,4654416.44,2161.57
-11799632.32,4654413.34,2161.61
-11799629.07,4654414.88,2161.82
-11799635.6,4654411.82,2161.58
-11799633.98,4654412.57,2161.79
-11799638.88,4654410.2700000005,2161.67
-11799637.24,4654411.05,2161.6
-11799640.51,4654409.51,2161.69
-11799642.18,4654408.7,2162.0
-11799643.82,4654407.94,2161.69
-11799644.040000001,4654407.72,2164.21
-11799645.47,4654407.17,2161.76
-11799647.1,4654406.4,2161.67
-11799648.77,4654405.63,2161.63
-11799652.06,4654404.08,2161.72
-11799650.42,4654404.850000001,2161.67
-11799655.84,4654403.5600000005,2161.75
-11799654.21,4654404.34,2161.81
-11799652.58,4654405.100000001,2161.77
-11799650.93,4654405.88,2161.67
-11799649.28,4654406.67,2161.65
-11799647.66,4654407.43,2161.69
-11799646.01,4654408.21,2161.69
-11799644.57,4654408.76,2164.22
-11799642.96,4654409.5200000005,2164.26
-11799641.09,4654410.53,2161.71
-11799639.42,4654411.32,2161.73
-11799637.790000001,4654412.08,2161.63
-11799636.16,4654412.850000001,2161.63
-11799636.31,4654412.71,2163.25
-11799634.71,4654413.43,2163.71
-11799632.88,4654414.4,2161.58
-11799631.23,4654415.18,2161.59
-11799629.59,4654415.94,2161.57
-11799627.97,4654416.7,2161.92
-11799626.3,4654417.5,2161.59
-11799626.56,4654417.25,2164.25
-11799624.9,4654418.03,2164.4
-11799623.870000001,4654419.37,2164.44
-11799625.51,4654418.61,2164.38
-11799626.91,4654418.100000001,2161.58
-11799627.17,4654417.84,2164.28
-11799628.52,4654417.34,2161.58
-11799630.15,4654416.57,2161.56
-11799631.81,4654415.79,2161.59
-11799633.47,4654415.01,2161.59
-11799635.32,4654414.0200000005,2164.01
-11799636.76,4654413.46,2161.63
-11799638.42,4654412.68,2161.69
-11799641.91,4654410.89,2164.24
-11799640.09,4654411.88,2161.83
-11799643.53,4654410.16,2164.23
-11799645.17,4654409.38,2164.23
-11799646.620000001,4654408.82,2161.69
-11799648.26,4654408.04,2161.67
-11799649.91,4654407.28,2161.63
-11799651.56,4654406.49,2161.72
-11799653.16,4654405.74,2161.74
-11799654.8,4654404.96,2161.86
-11799656.46,4654404.18,2161.88
-11799658.950000001,4654404.13,2164.34
-11799657.13,4654405.100000001,2162.04
-11799658.75,4654404.350000001,2161.74
-11799655.49,4654405.89,2161.8
-11799653.86,4654406.65,2161.85
-11799652.25,4654407.42,2161.79
-11799650.61,4654408.18,2161.77
-11799650.76,4654408.04,2163.6
-11799648.92,4654409.0,2161.65
-11799647.27,4654409.7700000005,2161.72
-11799647.450000001,4654409.58,2164.02
-11799645.88,4654410.3100000005,2164.23
-11799644.24,4654411.09,2164.23
-11799642.6,4654411.850000001,2164.25
-11799640.96,4654412.61,2164.27
-11799639.1,4654413.63,2161.73
-11799639.34,4654413.38,2164.33
-11799637.48,4654414.39,2161.71
-11799635.82,4654415.18,2161.72
-11799635.97,4654415.0200000005,2163.3
-11799634.15,4654415.97,2161.63
-11799632.51,4654416.74,2161.67
-11799630.89,4654417.5200000005,2161.58
-11799629.26,4654418.28,2161.59
-11799627.620000001,4654419.05,2161.61
-11799627.870000001,4654418.79,2164.29
-11799626.26,4654419.57,2164.42
-11799624.61,4654420.33,2164.46
-11799624.77,4654421.07,2164.47
-11799626.42,4654420.3,2164.4
-11799628.06,4654419.53,2164.36
-11799629.41,4654419.0200000005,2161.61
-11799631.040000001,4654418.26,2161.6
-11799632.700000001,4654417.46,2161.67
-11799634.34,4654416.7,2161.61
-11799635.99,4654415.92,2161.65
-11799637.64,4654415.15,2161.65
-11799639.52,4654414.13,2164.31
-11799641.15,4654413.36,2164.27
-11799642.8,4654412.59,2164.26
-11799644.43,4654411.83,2164.25
-11799646.07,4654411.07,2164.22
-11799647.52,4654410.5,2161.73
-11799647.72,4654410.29,2164.17
-11799649.16,4654409.74,2161.63
-11799650.790000001,4654408.95,2161.75
-11799652.43,4654408.16,2161.74
-11799650.93,4654408.8100000005,2163.44
-11799655.700000001,4654406.63,2161.77
-11799654.06,4654407.41,2161.78
-11799657.31,4654405.87,2161.74
-11799657.450000001,4654405.74,2163.51
-11799658.98,4654405.100000001,2161.74
-11799660.84,4654404.100000001,2164.51
-11799665.01,4654403.5600000005,2161.98
-11799663.6,4654404.09,2165.03
-11799661.94,4654404.89,2164.56
-11799660.11,4654405.89,2161.79
-11799658.47,4654406.65,2161.78
-11799658.61,4654406.5200000005,2163.46
-11799656.83,4654407.42,2161.86
-11799655.19,4654408.21,2161.79
-11799653.57,4654408.98,2161.78
-11799651.91,4654409.76,2161.75
-11799650.27,4654410.53,2161.69
-11799648.64,4654411.3100000005,2161.71
-11799648.84,4654411.09,2164.15
-11799647.24,4654411.850000001,2164.23
-11799645.59,4654412.64,2164.22
-11799643.950000001,4654413.41,2164.27
-11799642.31,4654414.19,2164.28
-11799640.67,4654414.96,2164.31
-11799639.07,4654415.71,2164.36
-11799637.39,4654416.5,2164.17
-11799635.51,4654417.5200000005,2161.6
-11799633.9,4654418.28,2161.65
-11799632.26,4654419.05,2161.59
-11799629.23,4654420.350000001,2164.36
-11799630.620000001,4654419.83,2161.73
-11799627.59,4654421.13,2164.4
-11799625.98,4654421.89,2164.46
-11799624.35,4654422.65,2164.53
-11799624.23,4654423.51,2164.52
-11799625.870000001,4654422.74,2164.49
-11799627.53,4654421.95,2164.42
-11799630.55,4654420.67,2161.61
-11799629.18,4654421.19,2164.38
-11799633.8,4654419.14,2161.61
-11799632.18,4654419.9,2161.69
-11799635.48,4654418.34,2161.6
-11799635.72,4654418.12,2164.27
-11799637.370000001,4654417.34,2164.22
-11799638.76,4654416.8,2161.6
-11799639.01,4654416.55,2164.34
-11799640.64,4654415.79,2164.31
-11799642.28,4654415.03,2164.28
-11799643.9,4654414.26,2164.26
-11799645.56,4654413.47,2164.25
-11799647.18,4654412.71,2164.24
-11799650.21,4654411.39,2161.65
-11799648.8,4654411.96,2164.26
-11799653.52,4654409.84,2161.75
-11799651.88,4654410.62,2161.72
-11799655.15,4654409.08,2161.77
-11799656.8,4654408.3,2161.79
-11799658.450000001,4654407.51,2161.92
-11799660.07,4654406.75,2161.76
-11799661.69,4654406.0,2161.78
-11799663.33,4654405.21,2162.03
-11799661.9,4654405.79,2164.31
-11799663.540000001,4654404.99,2164.81
-11799664.93,4654404.45,2161.97
-11799666.61,4654403.67,2161.94
-11799667.93,4654404.17,2161.9
-11799666.290000001,4654404.95,2161.94
-11799664.64,4654405.72,2161.96
-11799663.0,4654406.5,2161.88
-11799661.39,4654407.26,2161.88
-11799659.75,4654408.03,2161.86
-11799658.11,4654408.79,2161.9
-11799656.48,4654409.58,2161.8
-11799654.83,4654410.37,2161.75
-11799653.19,4654411.14,2161.73
-11799650.14,4654412.46,2164.23
-11799651.57,4654411.92,2161.69
-11799648.5,4654413.25,2164.24
-11799649.94,4654412.68,2161.69
-11799645.23,4654414.79,2164.27
-11799646.88,4654414.0200000005,2164.25
-11799641.93,4654416.34,2164.32
-11799643.56,4654415.58,2164.29
-11799638.76,4654417.83,2165.05
-11799640.38,4654417.05,2165.11
-11799637.06,4654418.67,2164.22
-11799638.69,4654417.88,2164.25
-11799635.39,4654419.45,2164.29
-11799633.51,4654420.46,2161.65
-11799633.75,4654420.22,2164.32
-11799631.9,4654421.21,2161.63
-11799630.52,4654421.75,2164.38
-11799628.89,4654422.51,2164.42
-11799627.26,4654423.29,2164.48
-11799625.61,4654424.0600000005,2164.53
-11799623.97,4654424.82,2164.58
-11799623.46,4654425.98,2164.59
-11799625.08,4654425.22,2164.54
-11799626.75,4654424.45,2164.51
-11799628.4,4654423.65,2164.44
-11799630.040000001,4654422.89,2164.4
-11799631.64,4654422.12,2164.35
-11799633.03,4654421.62,2161.6
-11799633.27,4654421.38,2164.28
-11799636.6,4654419.8100000005,2164.23
-11799634.93,4654420.59,2164.24
-11799638.22,4654419.05,2164.21
-11799639.91,4654418.21,2165.02
-11799641.59,4654417.4,2165.44
-11799643.11,4654416.74,2164.33
-11799644.75,4654415.97,2164.27
-11799646.42,4654415.18,2164.25
-11799648.07,4654414.4,2164.24
-11799649.68,4654413.64,2164.25
-11799651.11,4654413.09,2161.69
-11799651.31,4654412.89,2164.1
-11799654.39,4654411.54,2161.73
-11799652.75,4654412.3100000005,2161.67
-11799657.66,4654409.98,2161.8
-11799656.01,4654410.78,2161.74
-11799660.98,4654408.43,2161.86
-11799659.35,4654409.19,2162.07
-11799661.09,4654408.3,2163.44
-11799662.620000001,4654407.65,2161.9
-11799665.870000001,4654406.13,2161.9
-11799664.23,4654406.89,2161.9
-11799667.5,4654405.36,2161.92
-11799669.15,4654404.58,2161.9
-11799670.790000001,4654403.8,2161.92
-11799672.39,4654404.15,2161.94
-11799670.74,4654404.91,2161.92
-11799669.07,4654405.72,2161.86
-11799667.450000001,4654406.49,2161.9
-11799665.83,4654407.25,2161.94
-11799664.19,4654408.0200000005,2161.9
-11799662.58,4654408.8,2161.9
-11799660.94,4654409.57,2161.84
-11799659.290000001,4654410.33,2161.92
-11799657.65,4654411.13,2161.77
-11799656.01,4654411.91,2161.72
-11799654.370000001,4654412.68,2161.71
-11799652.73,4654413.44,2161.69
-11799651.28,4654414.0200000005,2164.25
-11799648.03,4654415.5600000005,2164.23
-11799649.67,4654414.8,2164.25
-11799644.76,4654417.11,2164.31
-11799646.4,4654416.33,2164.27
-11799643.24,4654417.7700000005,2165.63
-11799641.75,4654418.41,2166.9
-11799639.99,4654419.33,2165.29
-11799638.22,4654420.21,2164.22
-11799636.57,4654420.99,2164.24
-11799634.92,4654421.7700000005,2164.3
-11799633.290000001,4654422.53,2164.29
-11799631.68,4654423.29,2164.4
-11799630.06,4654424.05,2164.44
-11799628.42,4654424.83,2164.49
-11799626.75,4654425.61,2164.54
-11799625.1,4654426.4,2164.58
-11799623.47,4654427.16,2164.63
-11799624.25,4654427.69,2164.61
-11799625.89,4654426.92,2164.57
-11799627.52,4654426.16,2164.53
-11799629.18,4654425.36,2164.48
-11799630.81,4654424.61,2164.44
-11799632.42,4654423.850000001,2164.38
-11799634.06,4654423.08,2164.29
-11799635.69,4654422.3100000005,2164.24
-11799637.34,4654421.5200000005,2164.23
-11799640.72,4654419.88,2165.36
-11799638.97,4654420.76,2164.21
-11799642.49,4654418.99,2166.9
-11799644.0,4654418.33,2165.65
-11799645.540000001,4654417.68,2164.3
-11799647.19,4654416.88,2164.27
-11799648.8,4654416.13,2164.24
-11799650.450000001,4654415.34,2164.23
-11799652.09,4654414.58,2164.22
-11799653.52,4654414.0200000005,2161.67
-11799655.18,4654413.24,2161.69
-11799656.81,4654412.48,2161.71
-11799658.450000001,4654411.7,2161.78
-11799660.1,4654410.91,2161.9
-11799661.74,4654410.14,2161.9
-11799663.42,4654409.33,2162.31
-11799665.03,4654408.58,2162.06
-11799666.64,4654407.83,2161.92
-11799668.28,4654407.05,2161.86
-11799669.91,4654406.29,2161.88
-11799671.540000001,4654405.5200000005,2161.92
-11799673.17,4654404.73,2161.92
-11799674.81,4654403.97,2161.96
-11799676.620000001,4654404.16,2162.0
-11799675.0,4654404.94,2161.97
-11799673.36,4654405.72,2161.94
-11799671.74,4654406.49,2161.9
-11799670.07,4654407.28,2161.9
-11799668.43,4654408.04,2161.86
-11799666.82,4654408.8,2161.88
-11799665.19,4654409.58,2161.98
-11799663.57,4654410.34,2161.92
-11799661.94,4654411.12,2161.98
-11799660.28,4654411.91,2161.92
-11799658.64,4654412.69,2161.77
-11799657.01,4654413.47,2161.72
-11799655.35,4654414.25,2161.71
-11799653.71,4654415.04,2161.73
-11799653.91,4654414.83,2164.09
-11799652.31,4654415.58,2164.26
-11799650.68,4654416.350000001,2164.27
-11799649.02,4654417.13,2164.26
-11799647.39,4654417.91,2164.29
-11799644.14,4654419.45,2164.35
-11799645.75,4654418.69,2164.28
-11799644.25,4654419.33,2165.65
-11799642.71,4654420.0200000005,2166.65
-11799640.96,4654420.89,2165.61
-11799639.200000001,4654421.7700000005,2164.23
-11799637.56,4654422.5600000005,2164.25
-11799635.92,4654423.33,2164.26
-11799634.3,4654424.100000001,2164.35
-11799632.68,4654424.87,2164.42
-11799631.03,4654425.64,2164.47
-11799629.39,4654426.42,2164.52
-11799627.77,4654427.18,2164.57
-11799626.17,4654427.94,2164.6
-11799624.53,4654428.72,2164.65
-11799623.59,4654429.96,2164.67
-11799625.24,4654429.2,2164.63
-11799626.91,4654428.41,2164.59
-11799628.52,4654427.65,2164.58
-11799630.13,4654426.88,2164.52
-11799631.77,4654426.12,2164.46
-11799633.39,4654425.36,2164.42
-11799635.0,4654424.600000001,2164.35
-11799636.63,4654423.83,2164.28
-11799638.27,4654423.0600000005,2164.28
-11799639.9,4654422.29,2164.24
-11799641.56,4654421.48,2164.69
-11799643.27,4654420.65,2165.48
-11799644.81,4654419.97,2164.38
-11799646.4,4654419.23,2164.29
-11799648.01,4654418.47,2164.28
-11799649.65,4654417.7,2164.26
-11799651.290000001,4654416.92,2164.26
-11799652.700000001,4654416.37,2161.69
-11799652.92,4654416.16,2164.24
-11799654.35,4654415.59,2161.72
-11799655.99,4654414.8100000005,2161.71
-11799657.620000001,4654414.03,2161.73
-11799659.28,4654413.26,2161.76
-11799660.93,4654412.47,2161.88
-11799662.55,4654411.71,2161.99
-11799664.17,4654410.95,2161.9
-11799665.790000001,4654410.18,2161.88
-11799667.4,4654409.42,2161.86
-11799669.07,4654408.62,2161.88
-11799670.71,4654407.86,2161.92
-11799672.32,4654407.09,2161.9
-11799673.93,4654406.33,2161.96
-11799675.6,4654405.55,2161.94
-11799677.25,4654404.76,2162.03
-11799678.88,4654404.0,2162.05
-11799682.450000001,4654403.600000001,2162.02
-11799680.83,4654404.37,2162.04
-11799679.19,4654405.14,2162.11
-11799677.57,4654405.91,2162.08
-11799675.94,4654406.68,2162.01
-11799674.290000001,4654407.48,2162.0
-11799672.69,4654408.24,2161.96
-11799671.05,4654409.01,2161.9
-11799669.4,4654409.8,2161.88
-11799667.76,4654410.5600000005,2161.88
-11799664.46,4654412.14,2161.86
-11799666.11,4654411.36,2161.85
-11799659.56,4654414.45,2161.77
-11799662.84,4654412.9,2161.86
-11799660.02,4654413.98,2167.58
-11799661.22,4654413.67,2161.86
-11799657.950000001,4654415.21,2161.76
-11799656.32,4654415.99,2161.73
-11799654.67,4654416.78,2161.74
-11799653.02,4654417.5600000005,2161.67
-11799651.38,4654418.33,2161.67
-11799651.61,4654418.11,2164.3
-11799649.96,4654418.9,2164.26
-11799648.33,4654419.66,2164.29
-11799646.73,4654420.41,2164.32
-11799645.22,4654421.07,2165.86
-11799643.41,4654422.0,2164.28
-11799641.77,4654422.76,2164.25
-11799640.16,4654423.5200000005,2164.24
-11799638.56,4654424.29,2164.25
-11799636.89,4654425.08,2164.29
-11799635.24,4654425.850000001,2164.34
-11799632.040000001,4654427.350000001,2164.48
-11799633.65,4654426.59,2164.42
-11799630.39,4654428.15,2164.55
-11799628.74,4654428.93,2164.58
-11799627.1,4654429.7,2164.63
-11799625.46,4654430.48,2164.67
-11799623.83,4654431.24,2164.71
-11799623.9,4654431.9,2164.73
-11799625.56,4654431.13,2164.67
-11799627.22,4654430.34,2164.65
-11799628.85,4654429.58,2164.57
-11799630.47,4654428.82,2164.53
-11799632.09,4654428.04,2164.48
-11799633.73,4654427.28,2164.42
-11799635.34,4654426.5200000005,2164.31
-11799636.950000001,4654425.7700000005,2164.29
-11799638.61,4654424.98,2164.3
-11799640.28,4654424.2,2164.24
-11799641.92,4654423.42,2164.23
-11799643.55,4654422.64,2164.19
-11799644.97,4654422.08,2161.69
-11799645.31,4654421.76,2165.56
-11799646.8,4654421.100000001,2164.32
-11799648.43,4654420.34,2164.3
-11799649.86,4654419.78,2161.69
-11799650.08,4654419.5600000005,2164.28
-11799651.53,4654419.0,2161.69
-11799653.17,4654418.22,2161.69
-11799654.78,4654417.46,2161.73
-11799658.05,4654415.9,2161.78
-11799656.42,4654416.69,2161.76
-11799659.69,4654415.14,2161.8
-11799661.36,4654414.350000001,2161.83
-11799663.01,4654413.55,2161.84
-11799664.63,4654412.79,2161.84
-11799666.28,4654412.01,2161.84
-11799667.93,4654411.25,2161.85
-11799669.53,4654410.49,2161.88
-11799671.17,4654409.7,2161.92
-11799672.81,4654408.93,2161.94
-11799674.450000001,4654408.15,2161.98
-11799676.09,4654407.37,2162.01
-11799677.72,4654406.61,2162.11
-11799679.34,4654405.84,2162.11
-11799681.01,4654405.0600000005,2162.1
-11799682.63,4654404.29,2162.06
-11799685.22,4654404.11,2162.09
-11799682.0,4654405.65,2162.08
-11799683.61,4654404.89,2162.11
-11799680.36,4654406.41,2162.13
-11799678.73,4654407.18,2162.13
-11799677.07,4654407.98,2162.11
-11799675.43,4654408.7700000005,2162.05
-11799673.81,4654409.53,2162.0
-11799672.17,4654410.32,2161.98
-11799670.540000001,4654411.09,2161.94
-11799668.88,4654411.88,2161.9
-11799667.24,4654412.64,2161.88
-11799664.0,4654414.18,2161.82
-11799665.63,4654413.42,2161.85
-11799662.4,4654414.94,2161.82
-11799660.74,4654415.74,2161.81
-11799657.42,4654417.32,2161.79
-11799659.08,4654416.53,2161.8
-11799655.8,4654418.09,2161.74
-11799654.17,4654418.86,2161.73
-11799652.52,4654419.64,2161.69
-11799650.92,4654420.4,2161.67
-11799649.3,4654421.16,2161.67
-11799647.870000001,4654421.73,2164.3
-11799646.03,4654422.71,2161.92
-11799646.24,4654422.49,2164.36
-11799644.59,4654423.29,2164.24
-11799642.96,4654424.05,2164.27
-11799641.32,4654424.84,2164.25
-11799639.67,4654425.61,2164.29
-11799638.03,4654426.38,2164.3
-11799636.41,4654427.16,2164.32
-11799634.77,4654427.94,2164.35
-11799633.17,4654428.67,2164.4
-11799631.57,4654429.45,2164.5
-11799629.94,4654430.21,2164.53
-11799628.27,4654431.0,2164.63
-11799626.94,4654431.47,2167.97
-11799626.620000001,4654431.78,2164.71
-11799625.02,4654432.53,2164.74
-11799624.73,4654433.51,2164.75
-11799623.61,4654433.8,2170.0
-11799626.38,4654432.72,2164.69
-11799628.040000001,4654431.93,2164.65
-11799629.38,4654431.45,2161.61
-11799629.67,4654431.17,2164.57
-11799630.99,4654430.67,2161.63
-11799632.6,4654429.91,2161.52
-11799631.27,4654430.42,2164.48
-11799632.88,4654429.66,2164.38
-11799634.55,4654428.88,2164.36
-11799637.81,4654427.34,2164.31
-11799636.19,4654428.11,2164.33
-11799639.450000001,4654426.58,2164.26
-11799641.09,4654425.8,2164.28
-11799642.71,4654425.04,2164.24
-11799644.32,4654424.2700000005,2164.23
-11799645.96,4654423.51,2164.24
-11799647.38,4654422.94,2161.72
-11799647.61,4654422.72,2164.35
-11799649.03,4654422.17,2161.67
-11799650.67,4654421.38,2161.67
-11799652.31,4654420.62,2161.69
-11799653.96,4654419.83,2161.69
-11799655.620000001,4654419.05,2161.73
-11799657.24,4654418.28,2161.79
-11799657.71,4654417.8,2167.61
-11799658.86,4654417.5200000005,2161.81
-11799660.52,4654416.73,2161.79
-11799662.17,4654415.96,2161.8
-11799663.8,4654415.18,2161.8
-11799665.42,4654414.41,2161.81
-11799667.09,4654413.61,2161.86
-11799668.75,4654412.850000001,2161.88
-11799670.38,4654412.07,2161.92
-11799671.97,4654411.3100000005,2161.94
-11799673.61,4654410.55,2161.99
-11799675.23,4654409.7700000005,2162.02
-11799676.9,4654408.99,2162.08
-11799678.56,4654408.2,2162.13
-11799681.8,4654406.66,2162.11
-11799680.18,4654407.42,2162.15
-11799683.450000001,4654405.89,2162.07
-11799685.120000001,4654405.100000001,2162.1
-11799686.76,4654404.3100000005,2162.19
-11799688.370000001,4654403.55,2162.11
-11799689.89,4654403.8100000005,2162.38
-11799690.11,4654403.53,2165.9
-11799688.23,4654404.61,2162.13
-11799686.6,4654405.38,2162.11
-11799684.96,4654406.15,2162.11
-11799683.35,4654406.92,2162.09
-11799680.1,4654408.45,2162.19
-11799681.72,4654407.68,2162.15
-11799678.46,4654409.24,2162.13
-11799676.82,4654410.01,2162.09
-11799673.58,4654411.5600000005,2161.98
-11799675.21,4654410.79,2162.01
-11799670.26,4654413.12,2161.94
-11799671.92,4654412.350000001,2161.94
-11799666.99,4654414.69,2161.86
-11799668.61,4654413.91,2161.9
-11799663.73,4654416.23,2161.81
-11799665.370000001,4654415.45,2161.85
-11799662.07,4654417.0200000005,2161.8
-11799660.43,4654417.8,2161.8
-11799658.83,4654418.5600000005,2161.78
-11799657.200000001,4654419.33,2161.77
-11799655.56,4654420.09,2161.77
-11799653.92,4654420.88,2161.72
-11799652.290000001,4654421.66,2161.71
-11799650.66,4654422.43,2161.69
-11799649.01,4654423.22,2161.67
-11799647.36,4654423.98,2161.8
-11799645.75,4654424.74,2162.03
-11799645.94,4654424.53,2164.24
-11799642.73,4654426.08,2164.26
-11799644.34,4654425.29,2164.23
-11799641.1,4654426.83,2164.3
-11799639.43,4654427.64,2164.31
-11799637.76,4654428.43,2164.33
-11799636.13,4654429.18,2164.36
-11799634.5,4654429.98,2164.36
-11799632.6,4654430.97,2161.61
-11799632.88,4654430.73,2164.46
-11799631.040000001,4654431.71,2162.1
-11799631.27,4654431.48,2164.48
-11799629.35,4654432.54,2161.63
-11799627.72,4654433.3,2161.65
-11799628.03,4654433.0200000005,2164.63
-11799626.41,4654433.7700000005,2164.72
-11799624.76,4654434.5600000005,2164.76
-11799623.620000001,4654434.89,2169.73
-11799623.71,4654434.8,2170.69
-11799624.38,4654435.44,2164.76
-11799624.74,4654435.100000001,2168.36
-11799624.55,4654435.2700000005,2166.56
-11799624.950000001,4654434.9,2170.38
-11799625.99,4654434.68,2164.73
-11799627.31,4654434.17,2161.63
-11799627.63,4654433.9,2164.74
-11799628.96,4654433.4,2161.63
-11799630.59,4654432.64,2161.57
-11799632.28,4654431.82,2161.94
-11799633.870000001,4654431.08,2161.57
-11799634.13,4654430.84,2164.4
-11799635.76,4654430.07,2164.36
-11799637.43,4654429.2700000005,2164.33
-11799639.05,4654428.51,2164.31
-11799640.700000001,4654427.74,2164.31
-11799642.33,4654426.97,2164.28
-11799643.97,4654426.2,2164.24
-11799645.41,4654425.63,2161.81
-11799645.61,4654425.42,2164.21
-11799647.02,4654424.87,2161.78
-11799648.620000001,4654424.11,2161.65
-11799650.3,4654423.3100000005,2161.65
-11799651.96,4654422.53,2161.67
-11799653.59,4654421.76,2161.73
-11799655.82,4654420.4,2168.92
-11799655.23,4654420.99,2161.75
-11799656.870000001,4654420.21,2161.76
-11799658.52,4654419.42,2161.76
-11799660.18,4654418.65,2161.77
-11799661.82,4654417.87,2161.76
-11799663.44,4654417.11,2161.81
-11799665.05,4654416.34,2161.82
-11799666.700000001,4654415.5600000005,2161.86
-11799668.34,4654414.7700000005,2161.88
-11799670.01,4654414.0,2161.92
-11799671.64,4654413.22,2161.92
-11799673.25,4654412.46,2161.97
-11799674.870000001,4654411.69,2162.01
-11799676.52,4654410.91,2162.05
-11799678.18,4654410.13,2162.13
-11799679.84,4654409.34,2162.17
-11799681.450000001,4654408.58,2162.15
-11799683.08,4654407.8,2162.11
-11799684.71,4654407.04,2162.09
-11799686.36,4654406.24,2162.09
-11799688.0,4654405.48,2162.17
-11799689.620000001,4654404.71,2162.33
-11799691.25,4654403.94,2162.19
-11799691.35,4654403.83,2163.71
-11799691.450000001,4654403.71,2165.46
-11799693.040000001,4654404.05,2162.3
-11799693.18,4654403.9,2164.48
-11799693.32,4654403.7,2166.88
-11799691.39,4654404.84,2162.23
-11799691.56,4654404.63,2165.0
-11799689.75,4654405.61,2162.15
-11799688.11,4654406.4,2162.17
-11799686.44,4654407.19,2162.11
-11799684.84,4654407.94,2162.11
-11799683.24,4654408.7,2162.13
-11799681.620000001,4654409.47,2162.15
-11799679.950000001,4654410.26,2162.17
-11799678.3,4654411.04,2162.13
-11799676.67,4654411.82,2162.07
-11799675.06,4654412.58,2162.01
-11799673.42,4654413.37,2161.97
-11799671.77,4654414.15,2161.92
-11799670.17,4654414.91,2161.92
-11799668.53,4654415.68,2161.9
-11799666.89,4654416.47,2161.88
-11799665.28,4654417.23,2161.85
-11799663.64,4654418.0,2161.82
-11799662.0,4654418.79,2161.76
-11799660.370000001,4654419.55,2161.74
-11799658.73,4654420.33,2161.75
-11799657.11,4654421.12,2161.76
-11799655.44,4654421.89,2161.75
-11799653.790000001,4654422.68,2161.74
-11799654.3,4654422.18,2167.74
-11799652.16,4654423.45,2161.69
-11799650.540000001,4654424.21,2161.69
-11799648.91,4654424.97,2161.83
-11799647.27,4654425.7700000005,2161.71
-11799644.23,4654427.100000001,2164.24
-11799645.65,4654426.54,2161.71
-11799642.58,4654427.88,2164.29
-11799643.99,4654427.32,2161.67
-11799637.67,4654430.2,2164.35
-11799640.92,4654428.67,2164.3
-11799636.05,4654430.98,2164.36
-11799639.28,4654429.44,2164.34
-11799634.15,4654432.0,2161.61
-11799634.43,4654431.74,2164.46
-11799632.52,4654432.7700000005,2161.63
-11799630.870000001,4654433.55,2161.63
-11799627.59,4654435.09,2161.63
-11799629.24,4654434.32,2161.61
-11799625.950000001,4654435.88,2161.61
-11799626.26,4654435.600000001,2164.67
-11799624.33,4654436.63,2161.6
-11799625.25,4654435.8100000005,2170.65
-11799624.65,4654436.36,2164.78
-11799623.65,4654436.5600000005,2171.03
-11799624.61,4654436.78,2170.6
-11799623.68,4654437.600000001,2161.56
-11799625.31,4654436.82,2161.61
-11799626.96,4654436.0600000005,2161.63
-11799628.61,4654435.28,2161.65
-11799630.25,4654434.5,2161.6
-11799631.91,4654433.71,2161.61
-11799633.52,4654432.96,2161.61
-11799635.17,4654432.18,2161.54
-11799635.450000001,4654431.93,2164.4
-11799637.09,4654431.14,2164.36
-11799638.700000001,4654430.38,2164.34
-11799640.33,4654429.63,2164.28
-11799641.98,4654428.850000001,2164.29
-11799643.38,4654428.29,2161.65
-11799643.620000001,4654428.07,2164.3
-11799645.02,4654427.53,2161.65
-11799646.68,4654426.73,2161.71
-11799648.31,4654425.97,2161.69
-11799651.56,4654424.43,2161.71
-11799649.91,4654425.21,2161.76
-11799653.23,4654423.65,2161.75
-11799653.73,4654423.14,2167.77
-11799654.870000001,4654422.87,2161.71
-11799656.5,4654422.100000001,2161.74
-11799658.14,4654421.32,2161.73
-11799659.78,4654420.53,2161.77
-11799661.41,4654419.76,2161.77
-11799663.06,4654419.0,2161.79
-11799664.69,4654418.22,2161.84
-11799666.34,4654417.44,2161.86
-11799669.58,4654415.9,2161.9
-11799667.950000001,4654416.68,2161.86
-11799671.26,4654415.11,2161.9
-11799672.88,4654414.34,2161.92
-11799674.51,4654413.5600000005,2161.98
-11799676.120000001,4654412.8,2162.02
-11799677.76,4654412.03,2162.07
-11799681.08,4654410.45,2162.15
-11799682.700000001,4654409.69,2162.15
-11799684.34,4654408.92,2162.11
-11799686.01,4654408.12,2162.11
-11799687.620000001,4654407.37,2162.13
-11799689.26,4654406.58,2162.17
-11799690.870000001,4654405.82,2162.19
-11799692.51,4654405.05,2162.25
-11799692.65,4654404.88,2164.69
-11799694.290000001,4654404.100000001,2164.74
-11799694.4,4654403.96,2166.57
-11799696.790000001,4654403.87,2162.38
-11799695.18,4654404.63,2162.36
-11799695.33,4654404.44,2164.92
-11799693.68,4654405.25,2164.74
-11799691.89,4654406.18,2162.28
-11799692.040000001,4654406.03,2164.71
-11799690.25,4654406.98,2162.22
-11799688.620000001,4654407.76,2162.19
-11799687.02,4654408.5,2162.15
-11799687.21,4654408.3,2165.13
-11799685.39,4654409.28,2162.13
-11799683.74,4654410.07,2162.17
-11799682.09,4654410.850000001,2162.15
-11799680.46,4654411.63,2162.15
-11799678.84,4654412.39,2162.13
-11799677.21,4654413.16,2162.06
-11799675.59,4654413.94,2162.01
-11799673.950000001,4654414.71,2161.96
-11799670.67,4654416.2700000005,2161.9
-11799672.290000001,4654415.5,2161.9
-11799669.040000001,4654417.05,2161.88
-11799667.39,4654417.84,2161.86
-11799665.75,4654418.600000001,2161.86
-11799664.14,4654419.36,2161.83
-11799662.51,4654420.15,2161.81
-11799659.22,4654421.71,2161.79
-11799660.85,4654420.93,2161.8
-11799657.57,4654422.48,2161.74
-11799655.98,4654423.24,2161.73
-11799654.38,4654424.0,2161.72
-11799652.73,4654424.78,2161.73
-11799651.06,4654425.57,2161.72
-11799649.42,4654426.350000001,2161.74
-11799647.790000001,4654427.13,2161.72
-11799646.16,4654427.89,2161.69
-11799644.52,4654428.68,2161.67
-11799642.870000001,4654429.46,2161.63
-11799641.47,4654430.0200000005,2164.32
-11799639.84,4654430.78,2164.35
-11799638.200000001,4654431.55,2164.36
-11799636.56,4654432.33,2164.38
-11799633.06,4654434.11,2161.61
-11799634.700000001,4654433.34,2161.63
-11799631.41,4654434.9,2161.65
-11799629.78,4654435.66,2161.65
-11799628.14,4654436.45,2161.63
-11799626.49,4654437.22,2161.65
-11799624.85,4654438.0,2161.67
-11799625.67,4654437.26,2169.72
-11799624.17,4654437.91,2171.21
-11799624.03,4654438.04,2169.81
-11799623.88,4654439.12,2161.61
-11799624.4,4654438.66,2166.65
-11799624.66,4654438.43,2169.25
-11799624.82,4654438.28,2170.78
-11799625.540000001,4654438.32,2161.63
-11799627.200000001,4654437.5600000005,2161.61
-11799628.82,4654436.79,2161.63
-11799632.11,4654435.24,2161.67
-11799630.47,4654436.01,2161.69
-11799635.38,4654433.68,2161.63
-11799633.75,4654434.46,2161.61
-11799637.3,4654432.67,2164.36
-11799638.96,4654431.87,2164.36
-11799640.59,4654431.11,2164.34
-11799641.99,4654430.58,2161.65
-11799643.65,4654429.79,2161.65
-11799645.3,4654429.0,2161.69
-11799646.92,4654428.24,2161.69
-11799648.53,4654427.48,2161.69
-11799650.19,4654426.69,2161.76
-11799651.83,4654425.9,2161.73
-11799653.46,4654425.14,2161.72
-11799655.09,4654424.38,2161.72
-11799656.74,4654423.59,2161.73
-11799658.38,4654422.82,2161.73
-11799660.02,4654422.05,2161.77
-11799661.67,4654421.26,2161.78
-11799663.32,4654420.48,2161.82
-11799664.93,4654419.72,2161.84
-11799666.57,4654418.95,2161.86
-11799668.22,4654418.16,2161.86
-11799669.88,4654417.37,2161.88
-11799671.48,4654416.61,2161.9
-11799673.1,4654415.850000001,2161.92
-11799674.74,4654415.08,2161.97
-11799676.38,4654414.3,2162.01
-11799678.02,4654413.53,2162.07
-11799679.68,4654412.73,2162.13
-11799681.3,4654411.96,2162.15
-11799682.92,4654411.19,2162.13
-11799684.56,4654410.43,2162.15
-11799686.22,4654409.64,2162.15
-11799687.88,4654408.87,2162.17
-11799688.040000001,4654408.67,2164.84
-11799689.49,4654408.08,2162.22
-11799691.13,4654407.32,2162.25
-11799692.91,4654406.38,2164.71
-11799691.28,4654407.15,2164.67
-11799694.55,4654405.600000001,2164.76
-11799696.040000001,4654404.99,2162.38
-11799696.19,4654404.8,2164.92
-11799697.65,4654404.23,2162.3
-11799697.28,4654405.3100000005,2162.32
-11799700.57,4654403.74,2162.38
-11799695.78,4654405.92,2164.82
-11799698.94,4654404.5,2162.44
-11799694.14,4654406.7,2164.77
-11799692.540000001,4654407.46,2164.74
-11799690.93,4654408.22,2164.69
-11799689.11,4654409.19,2162.25
-11799689.3,4654408.97,2165.36
-11799689.450000001,4654408.7700000005,2167.75
-11799687.65,4654409.75,2164.97
-11799689.58,4654408.64,2169.73
-11799687.96,4654409.4,2170.02
-11799685.870000001,4654410.72,2162.15
-11799686.06,4654410.5200000005,2165.06
-11799686.26,4654410.3,2168.06
-11799684.22,4654411.5,2162.15
-11799682.58,4654412.2700000005,2162.15
-11799680.96,4654413.03,2162.13
-11799679.33,4654413.83,2162.1
-11799677.67,4654414.62,2162.04
-11799676.06,4654415.38,2162.01
-11799674.43,4654416.16,2161.94
-11799672.78,4654416.92,2161.9
-11799671.17,4654417.7,2161.9
-11799669.53,4654418.48,2161.9
-11799667.9,4654419.25,2161.92
-11799666.28,4654420.03,2161.81
-11799666.57,4654419.73,2165.61
-11799664.66,4654420.79,2161.85
-11799663.040000001,4654421.5600000005,2161.83
-11799659.76,4654423.100000001,2161.73
-11799661.41,4654422.33,2161.8
-11799658.09,4654423.91,2161.73
-11799656.47,4654424.67,2161.71
-11799654.83,4654425.45,2161.72
-11799651.56,4654427.0,2161.72
-11799653.18,4654426.24,2161.71
-11799649.92,4654427.7700000005,2161.78
-11799650.78,4654426.95,2171.55
-11799648.27,4654428.5600000005,2161.72
-11799646.65,4654429.33,2161.69
-11799645.02,4654430.100000001,2161.65
-11799643.38,4654430.88,2161.65
-11799641.75,4654431.63,2161.76
-11799641.93,4654431.46,2163.75
-11799640.1,4654432.43,2161.67
-11799640.36,4654432.2,2164.36
-11799638.73,4654432.97,2164.38
-11799636.84,4654433.98,2161.63
-11799637.1,4654433.73,2164.42
-11799635.17,4654434.7700000005,2161.65
-11799635.35,4654434.61,2163.42
-11799633.53,4654435.54,2161.61
-11799631.91,4654436.32,2161.73
-11799628.66,4654437.850000001,2161.65
-11799630.28,4654437.09,2161.65
-11799626.99,4654438.63,2161.65
-11799625.35,4654439.43,2161.63
-11799626.03,4654438.82,2168.33
-11799626.15,4654438.71,2169.46
-11799624.59,4654439.44,2170.07
-11799623.74,4654440.37,2171.32
-11799624.370000001,4654440.48,2161.69
-11799625.0,4654439.92,2167.92
-11799625.21,4654439.71,2170.06
-11799625.98,4654439.7,2161.65
-11799626.64,4654439.14,2168.11
-11799627.620000001,4654438.94,2161.63
-11799629.26,4654438.17,2161.65
-11799630.92,4654437.38,2161.63
-11799634.18,4654435.84,2161.61
-11799632.57,4654436.59,2161.65
-11799637.48,4654434.28,2161.6
-11799635.81,4654435.0600000005,2161.6
-11799637.75,4654434.05,2164.42
-11799635.98,4654434.93,2163.29
-11799640.8,4654432.71,2161.63
-11799639.16,4654433.49,2161.65
-11799642.4,4654431.94,2161.69
-11799639.41,4654433.26,2164.35
-11799644.040000001,4654431.17,2161.65
-11799645.700000001,4654430.4,2161.67
-11799647.34,4654429.62,2161.69
-11799650.63,4654428.0600000005,2161.75
-11799648.98,4654428.850000001,2161.69
-11799652.26,4654427.3,2161.67
-11799653.9,4654426.5200000005,2161.67
-11799655.56,4654425.74,2161.69
-11799657.21,4654424.96,2161.72
-11799658.83,4654424.17,2161.73
-11799660.41,4654423.44,2161.78
-11799662.07,4654422.64,2161.82
-11799663.74,4654421.86,2161.83
-11799665.370000001,4654421.100000001,2161.81
-11799665.75,4654420.71,2166.63
-11799667.27,4654420.04,2165.47
-11799668.65,4654419.53,2161.96
-11799671.950000001,4654417.99,2161.88
-11799670.31,4654418.75,2161.9
-11799673.59,4654417.2,2161.92
-11799675.18,4654416.46,2161.96
-11799676.790000001,4654415.69,2162.03
-11799678.47,4654414.88,2162.08
-11799680.13,4654414.11,2162.11
-11799681.790000001,4654413.33,2162.15
-11799683.44,4654412.54,2162.15
-11799685.05,4654411.78,2162.15
-11799685.27,4654411.55,2165.31
-11799686.870000001,4654410.8100000005,2164.79
-11799687.06,4654410.61,2167.6
-11799687.14,4654410.5,2168.9
-11799687.28,4654410.350000001,2171.05
-11799688.51,4654410.01,2165.32
-11799688.78,4654409.69,2169.69
-11799689.9,4654409.49,2162.15
-11799690.06,4654409.3,2164.69
-11799690.17,4654409.19,2166.35
-11799690.26,4654409.08,2167.79
-11799691.700000001,4654408.53,2164.69
-11799691.82,4654408.38,2166.72
-11799693.35,4654407.76,2164.75
-11799695.0,4654406.97,2164.78
-11799696.66,4654406.18,2164.84
-11799698.14,4654405.57,2162.32
-11799699.76,4654404.8100000005,2162.52
-11799699.83,4654404.74,2163.59
-11799701.39,4654404.05,2162.33
-11799703.57,4654403.98,2162.19
-11799701.97,4654404.74,2162.29
-11799700.33,4654405.5,2162.42
-11799700.38,4654405.43,2163.42
-11799698.72,4654406.24,2163.23
-11799697.18,4654406.89,2164.88
-11799695.58,4654407.64,2164.84
-11799693.97,4654408.43,2164.8
-11799692.32,4654409.2,2164.73
-11799692.4,4654409.11,2166.13
-11799690.76,4654409.89,2166.07
-11799690.88,4654409.76,2167.88
-11799690.950000001,4654409.67,2169.11
-11799689.33,4654410.43,2169.17
-11799689.53,4654410.21,2172.29
-11799687.68,4654411.24,2168.73
-11799687.78,4654411.14,2170.17
-11799685.63,4654412.48,2162.11
-11799683.99,4654413.26,2162.17
-11799682.36,4654414.03,2162.17
-11799677.450000001,4654416.37,2162.07
-11799680.72,4654414.8100000005,2162.11
-11799675.84,4654417.13,2161.98
-11799679.08,4654415.59,2162.11
-11799672.57,4654418.68,2161.94
-11799674.22,4654417.9,2161.94
-11799670.89,4654419.48,2161.9
-11799669.28,4654420.24,2161.96
-11799667.93,4654420.73,2165.52
-11799666.39,4654421.41,2166.65
-11799664.38,4654422.5600000005,2161.77
-11799664.86,4654422.08,2167.83
-11799662.78,4654423.32,2161.86
-11799661.15,4654424.100000001,2161.82
-11799659.5,4654424.89,2161.77
-11799657.83,4654425.67,2161.72
-11799656.18,4654426.45,2161.73
-11799654.55,4654427.21,2161.69
-11799652.94,4654427.98,2161.67
-11799651.28,4654428.7700000005,2161.69
-11799649.66,4654429.54,2161.71
-11799648.01,4654430.32,2161.71
-11799646.35,4654431.09,2161.69
-11799644.75,4654431.87,2161.69
-11799643.120000001,4654432.63,2161.65
-11799641.48,4654433.42,2161.69
-11799641.63,4654433.2700000005,2163.35
-11799639.85,4654434.19,2161.63
-11799638.200000001,4654434.98,2161.61
-11799638.47,4654434.73,2164.44
-11799636.55,4654435.74,2161.61
-11799636.71,4654435.61,2163.36
-11799634.92,4654436.51,2161.63
-11799633.26,4654437.32,2161.61
-11799631.63,4654438.08,2161.77
-11799629.98,4654438.86,2161.65
-11799628.34,4654439.65,2161.63
-11799626.700000001,4654440.43,2161.65
-11799627.3,4654439.89,2167.56
-11799625.05,4654441.2,2161.63
-11799625.63,4654440.69,2167.31
-11799624.06,4654441.42,2167.86
-11799624.290000001,4654441.21,2170.15
-11799623.65,4654442.41,2161.59
-11799624.58,4654441.59,2170.63
-11799625.3,4654441.63,2161.61
-11799626.950000001,4654440.850000001,2161.63
-11799627.55,4654440.33,2167.56
-11799631.91,4654438.51,2161.67
-11799628.59,4654440.07,2161.63
-11799635.16,4654436.96,2161.61
-11799630.25,4654439.28,2161.61
-11799636.790000001,4654436.2,2161.58
-11799633.52,4654437.75,2161.61
-11799636.96,4654436.04,2163.38
-11799638.42,4654435.42,2161.61
-11799640.09,4654434.64,2161.65
-11799641.75,4654433.850000001,2161.65
-11799641.92,4654433.69,2163.44
-11799643.42,4654433.05,2161.65
-11799645.040000001,4654432.29,2161.69
-11799646.67,4654431.53,2161.69
-11799647.23,4654431.01,2167.82
-11799649.94,4654429.98,2161.69
-11799648.31,4654430.75,2161.69
-11799653.200000001,4654428.44,2161.67
-11799651.56,4654429.22,2161.65
-11799654.85,4654427.64,2161.67
-11799656.49,4654426.87,2161.72
-11799658.14,4654426.11,2161.72
-11799659.8,4654425.32,2161.78
-11799661.47,4654424.5200000005,2161.85
-11799663.11,4654423.74,2161.83
-11799663.52,4654423.350000001,2166.78
-11799665.23,4654422.5,2167.92
-11799666.77,4654421.82,2166.84
-11799668.31,4654421.13,2165.67
-11799669.68,4654420.63,2162.07
-11799671.31,4654419.87,2161.9
-11799672.92,4654419.11,2161.94
-11799674.53,4654418.34,2161.94
-11799676.17,4654417.5600000005,2162.0
-11799677.81,4654416.79,2162.08
-11799679.46,4654416.01,2162.11
-11799682.73,4654414.46,2162.13
-11799684.38,4654413.68,2162.15
-11799686.41,4654412.49,2168.0
-11799686.58,4654412.3,2170.49
-11799686.63,4654412.23,2171.32
-11799688.13,4654411.62,2169.34
-11799688.200000001,4654411.53,2170.44
-11799689.74,4654410.86,2169.19
-11799689.94,4654410.64,2172.3
-11799691.13,4654410.33,2165.94
-11799691.25,4654410.2,2167.83
-11799692.69,4654409.65,2164.8
-11799694.370000001,4654408.850000001,2164.8
-11799696.02,4654408.0600000005,2164.84
-11799697.61,4654407.3,2164.9
-11799699.120000001,4654406.67,2163.38
-11799700.8,4654405.87,2163.72
-11799702.34,4654405.18,2162.31
-11799702.41,4654405.09,2163.67
-11799703.97,4654404.42,2162.19
-11799705.6,4654403.65,2162.33
-11799706.35,4654404.18,2162.4
-11799704.71,4654404.96,2162.36
-11799703.09,4654405.73,2162.33
-11799701.56,4654406.4,2163.79
-11799699.93,4654407.15,2164.09
-11799698.200000001,4654408.04,2162.44
-11799698.34,4654407.87,2164.96
-11799696.700000001,4654408.64,2164.9
-11799695.08,4654409.4,2164.86
-11799693.42,4654410.2,2164.83
-11799691.8,4654410.97,2164.88
-11799691.9,4654410.850000001,2166.53
-11799692.03,4654410.72,2168.47
-11799692.11,4654410.62,2169.88
-11799690.25,4654411.65,2166.03
-11799690.39,4654411.51,2168.19
-11799690.55,4654411.33,2170.69
-11799690.66,4654411.21,2172.4
-11799688.82,4654412.2,2169.0
-11799688.9,4654412.14,2170.05
-11799689.0,4654412.0200000005,2171.61
-11799689.14,4654411.88,2173.74
-11799687.17,4654413.0200000005,2168.31
-11799687.32,4654412.86,2170.65
-11799685.13,4654414.24,2162.17
-11799685.44,4654413.89,2166.88
-11799683.5,4654415.0200000005,2162.19
-11799685.58,4654413.75,2168.99
-11799680.27,4654416.54,2162.15
-11799681.86,4654415.79,2162.17
-11799676.98,4654418.100000001,2162.06
-11799678.65,4654417.32,2162.1
-11799673.69,4654419.67,2161.96
-11799675.33,4654418.89,2162.02
-11799672.08,4654420.44,2161.94
-11799670.450000001,4654421.2,2162.02
-11799669.09,4654421.7,2165.6
-11799667.53,4654422.4,2166.72
-11799665.97,4654423.08,2167.92
-11799664.28,4654423.94,2166.9
-11799662.27,4654425.09,2161.9
-11799662.56,4654424.7700000005,2165.61
-11799660.63,4654425.86,2161.85
-11799658.98,4654426.63,2161.78
-11799657.35,4654427.42,2161.74
-11799655.71,4654428.2,2161.69
-11799654.08,4654428.97,2161.67
-11799652.44,4654429.75,2161.65
-11799650.8,4654430.53,2161.65
-11799649.17,4654431.28,2161.67
-11799647.53,4654432.07,2161.69
-11799645.89,4654432.86,2161.67
-11799640.96,4654435.19,2161.67
-11799644.25,4654433.63,2161.67
-11799639.3,4654435.97,2161.61
-11799642.61,4654434.39,2161.82
-11799637.67,4654436.75,2161.6
-11799636.03,4654437.5200000005,2161.67
-11799631.13,4654439.84,2161.65
-11799634.39,4654438.3,2161.63
-11799629.49,4654440.61,2161.63
-11799632.76,4654439.08,2161.63
-11799627.88,4654441.37,2161.65
-11799626.22,4654442.16,2161.63
-11799624.55,4654442.96,2161.61
-11799625.33,4654442.2700000005,2169.24
-11799623.78,4654443.0,2169.77
-11799623.93,4654442.87,2171.24
-11799623.78,4654443.96,2161.55
-11799624.08,4654443.69,2164.48
-11799624.59,4654443.24,2169.35
-11799625.4,4654443.18,2161.61
-11799627.01,4654442.42,2161.63
-11799630.22,4654440.91,2161.63
-11799628.59,4654441.67,2161.63
-11799631.85,4654440.13,2161.65
-11799633.46,4654439.38,2161.61
-11799635.07,4654438.62,2161.61
-11799635.290000001,4654438.42,2163.86
-11799636.69,4654437.850000001,2161.71
-11799636.84,4654437.71,2163.32
-11799638.28,4654437.11,2161.56
-11799640.0,4654436.24,2162.67
-11799641.5,4654435.58,2161.65
-11799641.66,4654435.44,2163.27
-11799643.1,4654434.82,2161.69
-11799646.33,4654433.29,2161.67
-11799644.73,4654434.05,2161.65
-11799647.950000001,4654432.53,2161.65
-11799649.55,4654431.78,2161.67
-11799652.75,4654430.2700000005,2161.65
-11799651.13,4654431.03,2161.65
-11799654.35,4654429.51,2161.69
-11799655.950000001,4654428.75,2161.69
-11799657.56,4654427.98,2161.74
-11799659.18,4654427.24,2161.78
-11799660.790000001,4654426.45,2161.81
-11799662.41,4654425.69,2161.82
-11799662.68,4654425.44,2165.15
-11799666.07,4654423.72,2167.78
-11799664.39,4654424.59,2166.42
-11799667.63,4654423.01,2167.15
-11799669.14,4654422.34,2166.03
-11799670.66,4654421.67,2164.98
-11799672.040000001,4654421.15,2161.96
-11799673.66,4654420.38,2161.96
-11799675.25,4654419.61,2161.94
-11799676.9,4654418.850000001,2162.06
-11799678.5,4654418.09,2162.11
-11799680.09,4654417.3100000005,2162.15
-11799681.71,4654416.55,2162.19
-11799683.31,4654415.82,2162.17
-11799684.92,4654415.05,2162.23
-11799685.13,4654414.8100000005,2165.38
-11799686.94,4654413.83,2168.55
-11799687.03,4654413.75,2169.86
-11799688.64,4654412.99,2169.94
-11799688.69,4654412.92,2170.71
-11799688.790000001,4654412.82,2172.26
-11799690.18,4654412.29,2168.84
-11799690.290000001,4654412.16,2170.76
-11799691.790000001,4654411.5,2169.44
-11799691.89,4654411.4,2170.97
-11799693.14,4654411.05,2164.88
-11799693.25,4654410.92,2166.82
-11799697.83,4654408.94,2162.46
-11799694.73,4654410.3100000005,2164.88
-11799697.98,4654408.7700000005,2164.94
-11799696.34,4654409.54,2164.9
-11799699.42,4654408.19,2162.36
-11799699.53,4654408.0600000005,2164.31
-11799701.120000001,4654407.3100000005,2164.13
-11799702.620000001,4654406.68,2162.44
-11799704.26,4654405.91,2162.35
-11799707.46,4654404.4,2162.4
-11799705.86,4654405.14,2162.36
-11799709.06,4654403.63,2162.44
-11799709.89,4654404.2700000005,2162.48
-11799708.26,4654405.04,2162.42
-11799706.620000001,4654405.83,2162.42
-11799704.99,4654406.58,2162.4
-11799703.370000001,4654407.36,2162.38
-11799701.74,4654408.13,2162.42
-11799701.8,4654408.05,2163.58
-11799700.14,4654408.87,2162.42
-11799700.22,4654408.8,2163.88
-11799698.51,4654409.66,2162.44
-11799696.86,4654410.44,2162.47
-11799697.01,4654410.2700000005,2164.97
-11799695.36,4654411.0600000005,2164.92
-11799693.58,4654411.98,2162.35
-11799693.75,4654411.82,2164.94
-11799692.15,4654412.58,2165.05
-11799692.27,4654412.42,2167.11
-11799692.370000001,4654412.32,2168.72
-11799690.77,4654413.07,2168.92
-11799690.98,4654412.850000001,2172.02
-11799689.24,4654413.74,2170.32
-11799689.35,4654413.62,2172.06
-11799687.6,4654414.51,2170.17
-11799687.700000001,4654414.41,2171.65
-11799685.450000001,4654415.86,2162.26
-11799685.76,4654415.5200000005,2166.92
-11799685.67,4654415.62,2165.54
-11799682.16,4654417.41,2162.24
-11799683.790000001,4654416.63,2162.24
-11799680.55,4654418.17,2162.19
-11799678.91,4654418.95,2162.15
-11799677.28,4654419.73,2162.11
-11799675.620000001,4654420.5200000005,2161.99
-11799673.97,4654421.3,2161.98
-11799672.34,4654422.05,2161.97
-11799670.97,4654422.58,2165.32
-11799669.42,4654423.28,2166.4
-11799667.9,4654423.95,2167.52
-11799666.290000001,4654424.72,2167.38
-11799664.52,4654425.61,2165.98
-11799662.57,4654426.7,2161.88
-11799662.71,4654426.57,2163.54
-11799662.82,4654426.46,2164.96
-11799659.290000001,4654428.26,2161.79
-11799660.93,4654427.49,2161.79
-11799657.64,4654429.03,2161.8
-11799661.07,4654427.36,2163.48
-11799656.01,4654429.8100000005,2161.75
-11799654.370000001,4654430.58,2161.71
-11799652.72,4654431.37,2161.67
-11799651.07,4654432.15,2161.65
-11799649.44,4654432.92,2161.67
-11799647.8,4654433.69,2161.69
-11799646.17,4654434.47,2161.67
-11799642.91,4654436.0200000005,2161.67
-11799644.55,4654435.23,2161.67
-11799641.32,4654436.74,2162.38
-11799639.65,4654437.55,2161.83
-11799639.76,4654437.45,2163.13
-11799638.0,4654438.34,2161.67
-11799636.56,4654438.93,2163.78
-11799634.950000001,4654439.69,2163.83
-11799633.08,4654440.66,2161.63
-11799633.31,4654440.47,2163.88
-11799631.43,4654441.45,2161.65
-11799629.81,4654442.21,2161.63
-11799628.17,4654442.99,2161.67
-11799626.48,4654443.79,2161.58
-11799626.700000001,4654443.61,2163.69
-11799625.22,4654444.25,2165.0
-11799624.870000001,4654444.55,2161.61
-11799623.66,4654444.97,2165.55
-11799624.57,4654445.22,2161.57
-11799624.950000001,4654444.89,2165.21
-11799626.21,4654444.44,2161.53
-11799626.450000001,4654444.24,2163.85
-11799627.84,4654443.67,2161.61
-11799628.05,4654443.48,2163.69
-11799629.5,4654442.87,2161.61
-11799631.15,4654442.11,2161.65
-11799633.02,4654441.13,2163.85
-11799632.8,4654441.33,2161.61
-11799634.66,4654440.36,2163.82
-11799636.290000001,4654439.59,2163.79
-11799637.72,4654439.0,2161.69
-11799639.36,4654438.22,2161.63
-11799641.11,4654437.37,2162.61
-11799642.66,4654436.67,2161.67
-11799644.290000001,4654435.9,2161.65
-11799645.94,4654435.11,2161.65
-11799647.58,4654434.34,2161.65
-11799649.22,4654433.58,2161.65
-11799650.870000001,4654432.8,2161.65
-11799652.5,4654432.03,2161.67
-11799654.15,4654431.23,2161.69
-11799655.82,4654430.45,2161.72
-11799657.48,4654429.66,2161.77
-11799659.120000001,4654428.88,2161.76
-11799660.72,4654428.14,2161.76
-11799662.33,4654427.37,2161.85
-11799662.47,4654427.24,2163.52
-11799664.25,4654426.3100000005,2165.4
-11799666.02,4654425.43,2166.74
-11799667.74,4654424.58,2167.94
-11799669.27,4654423.89,2166.9
-11799670.83,4654423.18,2165.78
-11799673.82,4654421.95,2161.94
-11799672.19,4654422.69,2162.09
-11799677.14,4654420.37,2162.11
-11799675.48,4654421.16,2161.98
-11799680.4,4654418.8100000005,2162.19
-11799678.78,4654419.600000001,2162.15
-11799683.65,4654417.2700000005,2162.26
-11799682.02,4654418.05,2162.23
-11799685.290000001,4654416.51,2162.3
-11799687.46,4654415.15,2170.42
-11799689.13,4654414.350000001,2170.92
-11799689.03,4654414.45,2169.51
-11799690.540000001,4654413.83,2167.57
-11799690.65,4654413.7,2169.4
-11799690.89,4654413.44,2173.02
-11799692.13,4654413.100000001,2167.0
-11799693.46,4654412.65,2162.42
-11799693.67,4654412.43,2165.55
-11799695.120000001,4654411.87,2162.46
-11799695.27,4654411.7,2164.92
-11799696.75,4654411.09,2162.47
-11799698.39,4654410.32,2162.44
-11799700.05,4654409.54,2162.42
-11799701.67,4654408.7700000005,2162.53
-11799704.9,4654407.25,2162.4
-11799703.27,4654408.0200000005,2162.34
-11799706.56,4654406.47,2162.42
-11799708.22,4654405.68,2162.44
-11799709.85,4654404.91,2162.44
-11799711.47,4654404.15,2162.53
-11799714.98,4654403.74,2162.53
-11799713.36,4654404.5,2162.56
-11799710.1,4654406.03,2162.46
-11799711.74,4654405.2700000005,2162.5
-11799706.84,4654407.600000001,2162.44
-11799708.47,4654406.82,2162.44
-11799705.23,4654408.36,2162.42
-11799703.59,4654409.14,2162.35
-11799702.040000001,4654409.82,2163.82
-11799701.950000001,4654409.91,2162.36
-11799700.35,4654410.67,2162.5
-11799698.71,4654411.44,2162.49
-11799697.06,4654412.22,2162.49
-11799695.43,4654412.98,2162.47
-11799693.83,4654413.75,2162.48
-11799694.040000001,4654413.53,2165.65
-11799692.18,4654414.54,2162.49
-11799692.33,4654414.36,2164.94
-11799692.46,4654414.23,2166.78
-11799692.64,4654414.03,2169.57
-11799690.96,4654414.87,2168.73
-11799691.200000001,4654414.600000001,2172.46
-11799689.290000001,4654415.69,2167.92
-11799687.28,4654416.86,2162.31
-11799687.52,4654416.62,2165.81
-11799687.61,4654416.51,2167.13
-11799685.64,4654417.64,2162.31
-11799687.71,4654416.41,2168.71
-11799682.41,4654419.16,2162.28
-11799684.040000001,4654418.4,2162.3
-11799680.78,4654419.93,2162.24
-11799679.16,4654420.7,2162.19
-11799677.49,4654421.5,2162.08
-11799675.85,4654422.28,2162.01
-11799674.23,4654423.04,2161.99
-11799672.790000001,4654423.64,2164.46
-11799671.200000001,4654424.36,2164.88
-11799671.3,4654424.26,2166.19
-11799669.74,4654424.97,2167.35
-11799668.11,4654425.71,2167.63
-11799666.39,4654426.59,2166.29
-11799664.44,4654427.68,2162.08
-11799664.68,4654427.44,2165.09
-11799662.81,4654428.47,2161.86
-11799661.14,4654429.25,2161.76
-11799659.49,4654430.03,2161.83
-11799659.700000001,4654429.83,2164.38
-11799658.14,4654430.53,2165.25
-11799657.86,4654430.8,2161.86
-11799656.24,4654431.58,2161.8
-11799654.6,4654432.34,2161.79
-11799652.96,4654433.11,2161.73
-11799651.31,4654433.91,2161.65
-11799649.68,4654434.69,2161.63
-11799648.05,4654435.45,2161.65
-11799646.43,4654436.22,2161.63
-11799644.76,4654437.0,2161.65
-11799643.11,4654437.78,2161.61
-11799641.51,4654438.55,2161.65
-11799639.91,4654439.3100000005,2161.65
-11799638.28,4654440.0600000005,2161.76
-11799638.46,4654439.89,2163.61
-11799636.8,4654440.69,2163.73
-11799635.13,4654441.48,2163.76
-11799633.5,4654442.25,2163.77
-11799631.65,4654443.21,2161.61
-11799631.870000001,4654443.01,2163.79
-11799630.02,4654443.98,2161.63
-11799628.4,4654444.74,2161.54
-11799627.01,4654445.3100000005,2164.05
-11799628.64,4654444.55,2163.86
-11799625.120000001,4654446.29,2161.63
-11799625.44,4654446.0200000005,2164.72
-11799623.71,4654446.87,2163.97
-11799623.81,4654446.78,2164.94
-11799623.65,4654447.350000001,2165.04
-11799625.09,4654446.74,2163.09
-11799626.56,4654446.11,2161.48
-11799625.290000001,4654446.5600000005,2165.03
-11799626.81,4654445.9,2163.88
-11799626.950000001,4654445.7700000005,2165.28
-11799628.450000001,4654445.11,2164.1
-11799629.84,4654444.55,2161.61
-11799631.72,4654443.58,2163.79
-11799631.49,4654443.76,2161.58
-11799633.38,4654442.78,2163.77
-11799635.0,4654442.0200000005,2163.75
-11799636.620000001,4654441.2700000005,2163.72
-11799638.27,4654440.48,2163.67
-11799639.75,4654439.87,2161.63
-11799641.4,4654439.100000001,2161.65
-11799643.01,4654438.34,2161.61
-11799644.64,4654437.5600000005,2161.63
-11799646.290000001,4654436.79,2161.63
-11799647.93,4654436.01,2161.63
-11799649.6,4654435.23,2161.61
-11799651.26,4654434.44,2161.65
-11799652.870000001,4654433.68,2161.72
-11799654.5,4654432.9,2161.74
-11799656.18,4654432.12,2161.85
-11799658.15,4654431.0200000005,2165.55
-11799659.700000001,4654430.33,2164.67
-11799661.06,4654429.8100000005,2161.78
-11799662.700000001,4654429.03,2161.86
-11799664.370000001,4654428.23,2162.29
-11799666.290000001,4654427.18,2165.78
-11799668.040000001,4654426.3100000005,2167.13
-11799669.75,4654425.47,2167.84
-11799671.13,4654424.94,2164.81
-11799672.75,4654424.19,2164.34
-11799674.21,4654423.58,2162.05
-11799677.46,4654422.05,2162.07
-11799675.83,4654422.8100000005,2162.01
-11799679.11,4654421.2700000005,2162.19
-11799680.75,4654420.5,2162.25
-11799682.42,4654419.7,2162.27
-11799684.07,4654418.92,2162.3
-11799685.69,4654418.16,2162.32
-11799687.56,4654417.13,2165.86
-11799689.17,4654416.37,2165.59
-11799689.35,4654416.2,2168.19
-11799690.790000001,4654415.64,2165.26
-11799691.040000001,4654415.37,2169.13
-11799691.13,4654415.2700000005,2170.54
-11799692.24,4654415.05,2162.4
-11799692.38,4654414.91,2164.63
-11799692.52,4654414.75,2166.85
-11799693.84,4654414.3,2162.48
-11799695.47,4654413.54,2162.49
-11799697.1,4654412.75,2162.48
-11799698.76,4654411.98,2162.5
-11799700.42,4654411.21,2162.52
-11799702.02,4654410.44,2162.48
-11799703.65,4654409.68,2162.34
-11799705.290000001,4654408.91,2162.38
-11799706.93,4654408.12,2162.44
-11799708.55,4654407.36,2162.46
-11799710.18,4654406.600000001,2162.47
-11799711.81,4654405.82,2162.47
-11799713.44,4654405.04,2162.54
-11799715.07,4654404.2700000005,2162.54
-11799717.52,4654404.2,2162.52
-11799717.700000001,4654403.98,2166.11
-11799715.88,4654404.96,2162.53
-11799714.24,4654405.75,2162.55
-11799712.620000001,4654406.5200000005,2162.53
-11799711.0,4654407.28,2162.48
-11799709.38,4654408.0600000005,2162.48
-11799707.73,4654408.83,2162.46
-11799706.1,4654409.600000001,2162.4
-11799704.49,4654410.38,2162.34
-11799702.86,4654411.14,2162.5
-11799701.23,4654411.9,2162.51
-11799699.58,4654412.69,2162.53
-11799697.97,4654413.44,2162.51
-11799696.35,4654414.2,2162.48
-11799694.75,4654414.97,2162.5
-11799693.1,4654415.76,2162.52
-11799693.28,4654415.57,2165.29
-11799691.75,4654416.21,2167.34
-11799691.61,4654416.34,2165.22
-11799690.01,4654417.100000001,2165.53
-11799690.14,4654416.96,2167.54
-11799688.450000001,4654417.84,2165.83
-11799686.86,4654418.57,2166.13
-11799684.94,4654419.62,2162.31
-11799685.23,4654419.32,2166.47
-11799683.32,4654420.38,2162.3
-11799681.69,4654421.17,2162.29
-11799680.03,4654421.96,2162.25
-11799678.35,4654422.73,2162.15
-11799676.72,4654423.53,2162.07
-11799675.08,4654424.3,2162.01
-11799673.65,4654424.9,2164.13
-11799672.03,4654425.66,2164.23
-11799669.03,4654426.95,2167.3
-11799670.43,4654426.39,2164.59
-11799667.31,4654427.83,2166.01
-11799668.86,4654427.13,2164.99
-11799663.73,4654429.66,2162.4
-11799665.38,4654428.89,2162.24
-11799662.01,4654430.5,2161.84
-11799660.61,4654431.05,2164.54
-11799659.07,4654431.75,2165.42
-11799657.52,4654432.45,2166.24
-11799655.5,4654433.5600000005,2161.88
-11799655.81,4654433.29,2165.4
-11799653.85,4654434.36,2161.83
-11799652.21,4654435.13,2161.73
-11799650.57,4654435.91,2161.69
-11799648.950000001,4654436.68,2161.63
-11799647.32,4654437.44,2161.63
-11799645.700000001,4654438.21,2161.61
-11799644.06,4654439.01,2161.61
-11799642.38,4654439.79,2161.63
-11799639.14,4654441.33,2161.63
-11799640.75,4654440.55,2161.67
-11799639.700000001,4654440.84,2167.47
-11799637.5,4654442.09,2161.65
-11799637.69,4654441.92,2163.67
-11799634.4,4654443.48,2163.72
-11799636.040000001,4654442.7,2163.69
-11799630.93,4654445.21,2161.61
-11799632.790000001,4654444.23,2163.74
-11799631.16,4654445.0200000005,2163.86
-11799629.290000001,4654445.98,2161.59
-11799627.88,4654446.5600000005,2163.9
-11799626.03,4654447.54,2161.52
-11799626.370000001,4654447.24,2164.85
-11799624.4,4654448.3100000005,2161.44
-11799624.67,4654448.05,2164.1
-11799623.700000001,4654449.350000001,2161.48
-11799625.31,4654448.58,2161.44
-11799625.68,4654448.28,2165.03
-11799626.94,4654447.82,2161.52
-11799627.16,4654447.63,2163.79
-11799628.59,4654447.05,2161.59
-11799630.23,4654446.2700000005,2161.6
-11799628.77,4654446.89,2163.34
-11799631.89,4654445.49,2161.6
-11799632.11,4654445.3,2163.79
-11799633.77,4654444.5200000005,2163.69
-11799635.4,4654443.75,2163.67
-11799636.83,4654443.16,2161.61
-11799637.02,4654442.98,2163.63
-11799638.47,4654442.39,2161.63
-11799640.14,4654441.59,2161.65
-11799639.03,4654441.89,2167.42
-11799641.790000001,4654440.8100000005,2161.63
-11799643.4,4654440.05,2161.58
-11799645.03,4654439.29,2161.61
-11799646.69,4654438.5200000005,2161.6
-11799649.99,4654436.95,2161.67
-11799648.33,4654437.73,2161.61
-11799654.94,4654434.62,2161.8
-11799651.65,4654436.17,2161.72
-11799655.18,4654434.4,2164.59
-11799653.290000001,4654435.39,2161.77
-11799658.6,4654432.72,2166.11
-11799656.88,4654433.54,2165.5
-11799661.5,4654431.5200000005,2161.86
-11799660.16,4654432.0200000005,2165.25
-11799661.71,4654431.32,2164.38
-11799663.14,4654430.74,2161.82
-11799664.81,4654429.93,2162.28
-11799666.44,4654429.17,2162.1
-11799666.68,4654428.95,2165.11
-11799668.290000001,4654428.19,2164.92
-11799668.4,4654428.100000001,2166.17
-11799669.88,4654427.46,2164.51
-11799671.5,4654426.7,2164.27
-11799673.15,4654425.93,2164.17
-11799674.620000001,4654425.32,2162.11
-11799674.77,4654425.17,2164.11
-11799676.22,4654424.5600000005,2162.04
-11799677.86,4654423.79,2162.09
-11799679.53,4654422.99,2162.24
-11799681.17,4654422.23,2162.29
-11799682.81,4654421.45,2162.31
-11799684.46,4654420.68,2162.27
-11799684.74,4654420.37,2166.42
-11799686.36,4654419.600000001,2166.38
-11799687.96,4654418.87,2166.07
-11799689.59,4654418.12,2165.77
-11799691.22,4654417.36,2165.42
-11799692.64,4654416.8,2162.59
-11799692.790000001,4654416.64,2165.08
-11799694.25,4654416.04,2162.53
-11799695.88,4654415.28,2162.49
-11799699.17,4654413.72,2162.54
-11799697.52,4654414.51,2162.5
-11799700.81,4654412.96,2162.51
-11799702.42,4654412.18,2162.53
-11799704.05,4654411.42,2162.46
-11799704.14,4654411.33,2163.86
-11799705.68,4654410.66,2162.36
-11799707.34,4654409.86,2162.46
-11799708.98,4654409.100000001,2162.44
-11799710.59,4654408.32,2162.46
-11799712.25,4654407.5600000005,2162.48
-11799712.43,4654407.33,2166.02
-11799713.88,4654406.79,2162.51
-11799714.05,4654406.58,2165.79
-11799715.5,4654406.03,2162.54
-11799717.13,4654405.2700000005,2162.5
-11799717.23,4654405.12,2164.69
-11799718.97,4654404.22,2166.81
-11799720.39,4654403.72,2162.57
-11799720.52,4654403.55,2165.3
-11799721.48,4654404.23,2162.46
-11799721.700000001,4654403.96,2167.05
-11799720.120000001,4654404.67,2167.99
-11799718.48,4654405.44,2167.79
-11799716.620000001,4654406.54,2162.53
-11799716.74,4654406.37,2165.25
-11799714.99,4654407.3,2162.51
-11799715.09,4654407.19,2164.33
-11799713.58,4654407.84,2166.02
-11799711.790000001,4654408.82,2162.46
-11799712.01,4654408.55,2166.74
-11799710.14,4654409.600000001,2162.47
-11799708.48,4654410.39,2162.49
-11799706.88,4654411.13,2162.38
-11799707.0,4654411.01,2164.42
-11799705.41,4654411.74,2164.86
-11799705.27,4654411.91,2162.36
-11799703.63,4654412.67,2162.56
-11799701.96,4654413.45,2162.55
-11799700.34,4654414.23,2162.57
-11799698.72,4654414.98,2162.57
-11799697.09,4654415.7700000005,2162.5
-11799695.47,4654416.53,2162.55
-11799693.83,4654417.3,2162.58
-11799692.4,4654417.88,2165.36
-11799690.78,4654418.63,2165.67
-11799689.17,4654419.38,2166.0
-11799687.57,4654420.12,2166.3
-11799685.950000001,4654420.88,2166.53
-11799684.290000001,4654421.68,2166.19
-11799682.64,4654422.47,2165.92
-11799682.39,4654422.72,2162.32
-11799680.78,4654423.49,2162.3
-11799679.22,4654424.17,2163.11
-11799677.47,4654425.0600000005,2162.1
-11799677.58,4654424.93,2163.61
-11799675.84,4654425.8100000005,2162.1
-11799675.98,4654425.68,2164.04
-11799674.38,4654426.44,2164.17
-11799672.77,4654427.18,2164.24
-11799670.99,4654428.13,2161.92
-11799671.18,4654427.94,2164.26
-11799669.51,4654428.74,2164.15
-11799667.9,4654429.47,2164.67
-11799667.67,4654429.69,2161.8
-11799666.06,4654430.46,2161.85
-11799664.43,4654431.22,2161.85
-11799662.77,4654432.0200000005,2161.86
-11799662.97,4654431.82,2164.19
-11799661.38,4654432.53,2164.96
-11799659.84,4654433.24,2165.86
-11799658.22,4654434.0200000005,2165.85
-11799656.51,4654434.86,2164.85
-11799654.620000001,4654435.86,2161.82
-11799654.82,4654435.68,2164.15
-11799652.97,4654436.64,2161.88
-11799653.17,4654436.47,2164.13
-11799651.31,4654437.44,2161.81
-11799649.67,4654438.21,2161.67
-11799648.040000001,4654438.99,2161.63
-11799646.4,4654439.75,2161.59
-11799644.75,4654440.55,2161.6
-11799643.07,4654441.34,2161.63
-11799641.46,4654442.100000001,2161.63
-11799639.870000001,4654442.850000001,2161.63
-11799638.26,4654443.61,2161.61
-11799636.620000001,4654444.38,2161.61
-11799635.16,4654445.0,2163.65
-11799634.950000001,4654445.17,2161.6
-11799633.52,4654445.76,2163.69
-11799631.66,4654446.73,2161.61
-11799630.01,4654447.51,2161.61
-11799628.370000001,4654448.28,2161.61
-11799626.73,4654449.0600000005,2161.56
-11799626.99,4654448.83,2164.11
-11799625.11,4654449.82,2161.53
-11799624.24,4654450.88,2161.48
-11799625.9,4654450.08,2161.53
-11799627.57,4654449.3,2161.56
-11799629.200000001,4654448.53,2161.59
-11799632.51,4654446.98,2161.61
-11799630.84,4654447.7700000005,2161.6
-11799634.15,4654446.19,2161.57
-11799634.36,4654446.0200000005,2163.63
-11799635.790000001,4654445.43,2161.6
-11799637.43,4654444.66,2161.61
-11799639.06,4654443.88,2161.63
-11799640.73,4654443.11,2161.61
-11799642.36,4654442.33,2161.61
-11799645.66,4654440.7700000005,2161.59
-11799643.98,4654441.57,2161.6
-11799647.3,4654440.01,2161.61
-11799648.950000001,4654439.23,2161.67
-11799650.63,4654438.42,2161.8
-11799652.27,4654437.66,2161.82
-11799652.47,4654437.46,2164.15
-11799654.06,4654436.73,2164.15
-11799655.46,4654436.16,2161.77
-11799655.66,4654435.97,2164.15
-11799657.4,4654435.12,2165.02
-11799659.14,4654434.25,2166.04
-11799660.77,4654433.5,2165.69
-11799662.32,4654432.79,2164.83
-11799663.700000001,4654432.26,2161.84
-11799665.370000001,4654431.48,2161.85
-11799667.03,4654430.7,2161.88
-11799668.82,4654429.7700000005,2164.01
-11799670.41,4654429.04,2163.69
-11799671.950000001,4654428.38,2162.03
-11799672.13,4654428.2,2164.3
-11799673.75,4654427.44,2164.22
-11799675.39,4654426.66,2164.17
-11799676.870000001,4654426.0600000005,2162.11
-11799676.98,4654425.94,2163.63
-11799678.57,4654425.22,2163.11
-11799680.13,4654424.51,2162.35
-11799680.22,4654424.42,2163.52
-11799681.77,4654423.73,2162.31
-11799683.66,4654422.7,2165.96
-11799682.01,4654423.5,2165.65
-11799685.33,4654421.91,2166.26
-11799686.97,4654421.12,2166.51
-11799688.57,4654420.37,2166.22
-11799690.21,4654419.61,2165.9
-11799691.85,4654418.86,2165.59
-11799693.46,4654418.12,2165.28
-11799694.88,4654417.55,2162.56
-11799696.51,4654416.79,2162.54
-11799698.15,4654416.0,2162.51
-11799699.76,4654415.24,2162.61
-11799701.4,4654414.46,2162.56
-11799703.05,4654413.69,2162.57
-11799704.68,4654412.93,2162.5
-11799704.790000001,4654412.8,2164.44
-11799706.32,4654412.17,2162.33
-11799706.44,4654412.01,2164.63
-11799706.56,4654411.89,2166.44
-11799707.96,4654411.39,2162.36
-11799708.31,4654410.99,2168.57
-11799709.6,4654410.62,2162.52
-11799711.31,4654409.71,2164.35
-11799711.21,4654409.86,2162.44
-11799713.09,4654408.78,2167.17
-11799714.48,4654408.32,2162.47
-11799714.59,4654408.18,2164.65
-11799716.1,4654407.55,2162.47
-11799714.64,4654408.11,2165.69
-11799716.200000001,4654407.42,2164.42
-11799716.290000001,4654407.33,2166.09
-11799717.91,4654406.58,2165.74
-11799719.620000001,4654405.66,2168.23
-11799717.99,4654406.44,2167.69
-11799721.25,4654404.9,2168.34
-11799722.620000001,4654404.46,2162.54
-11799722.8,4654404.24,2166.31
-11799724.27,4654403.69,2162.56
-11799727.22,4654403.53,2162.63
-11799725.61,4654404.3,2162.6
-11799723.97,4654405.08,2162.56
-11799724.06,4654404.96,2164.55
-11799722.58,4654405.53,2167.63
-11799721.09,4654406.13,2170.38
-11799719.42,4654406.95,2169.78
-11799717.42,4654408.15,2162.51
-11799717.69,4654407.850000001,2167.65
-11799716.08,4654408.62,2167.26
-11799714.450000001,4654409.41,2166.97
-11799709.28,4654412.0200000005,2162.48
-11799712.82,4654410.15,2167.44
-11799708.11,4654412.29,2169.94
-11799710.91,4654411.24,2162.49
-11799708.16,4654412.22,2170.99
-11799706.34,4654413.23,2167.29
-11799706.46,4654413.08,2169.4
-11799704.44,4654414.3,2162.58
-11799702.81,4654415.08,2162.58
-11799701.19,4654415.84,2162.61
-11799699.57,4654416.600000001,2162.57
-11799697.92,4654417.39,2162.54
-11799696.290000001,4654418.15,2162.57
-11799694.68,4654418.91,2162.67
-11799694.84,4654418.74,2165.17
-11799693.24,4654419.48,2165.49
-11799691.63,4654420.23,2165.8
-11799690.03,4654420.97,2166.1
-11799688.43,4654421.71,2166.44
-11799686.790000001,4654422.48,2166.36
-11799685.14,4654423.28,2166.05
-11799683.5,4654424.07,2165.72
-11799681.86,4654424.86,2165.4
-11799679.98,4654425.87,2162.3
-11799678.370000001,4654426.62,2162.69
-11799676.71,4654427.43,2162.02
-11799676.85,4654427.29,2163.9
-11799675.27,4654428.0200000005,2164.21
-11799673.61,4654428.8,2164.28
-11799671.82,4654429.73,2162.15
-11799670.18,4654430.5,2162.17
-11799668.52,4654431.3,2161.97
-11799666.89,4654432.08,2161.88
-11799665.25,4654432.84,2161.86
-11799663.83,4654433.42,2164.51
-11799659.0,4654435.66,2165.4
-11799662.28,4654434.11,2165.38
-11799655.69,4654437.28,2164.25
-11799660.69,4654434.84,2166.21
-11799654.05,4654438.05,2164.22
-11799657.32,4654436.48,2164.48
-11799652.41,4654438.82,2164.15
-11799650.59,4654439.76,2161.98
-11799650.790000001,4654439.59,2164.15
-11799648.91,4654440.57,2161.73
-11799647.24,4654441.34,2161.63
-11799645.56,4654442.14,2161.63
-11799642.34,4654443.68,2161.59
-11799643.950000001,4654442.92,2161.6
-11799639.07,4654445.22,2161.6
-11799640.71,4654444.44,2161.6
-11799637.450000001,4654445.99,2161.6
-11799635.81,4654446.75,2161.59
-11799632.52,4654448.3100000005,2161.65
-11799634.17,4654447.53,2161.59
-11799630.85,4654449.100000001,2161.6
-11799629.21,4654449.88,2161.59
-11799627.58,4654450.65,2161.54
-11799625.950000001,4654451.41,2161.52
-11799624.3,4654452.2,2161.4
-11799624.540000001,4654452.66,2161.36
-11799626.200000001,4654451.88,2161.5
-11799627.84,4654451.11,2161.52
-11799629.48,4654450.33,2161.57
-11799631.14,4654449.5600000005,2161.6
-11799632.81,4654448.7700000005,2161.56
-11799636.07,4654447.24,2161.57
-11799634.44,4654448.01,2161.57
-11799641.0,4654444.91,2161.57
-11799637.700000001,4654446.47,2161.57
-11799642.66,4654444.12,2161.57
-11799639.34,4654445.7,2161.59
-11799644.28,4654443.350000001,2161.6
-11799645.92,4654442.59,2161.63
-11799647.55,4654441.83,2161.63
-11799649.200000001,4654441.05,2161.81
-11799651.07,4654440.07,2164.11
-11799650.86,4654440.24,2161.86
-11799652.73,4654439.3,2164.17
-11799654.370000001,4654438.5200000005,2164.19
-11799656.02,4654437.72,2164.27
-11799657.620000001,4654436.99,2164.09
-11799659.36,4654436.13,2165.23
-11799661.09,4654435.2700000005,2166.15
-11799662.68,4654434.5600000005,2165.54
-11799664.27,4654433.84,2164.65
-11799665.67,4654433.28,2161.88
-11799667.28,4654432.5200000005,2161.98
-11799668.92,4654431.76,2161.86
-11799670.61,4654430.92,2162.77
-11799672.21,4654430.2,2162.06
-11799674.01,4654429.2700000005,2164.28
-11799675.540000001,4654428.61,2162.72
-11799675.65,4654428.48,2164.23
-11799677.23,4654427.7700000005,2163.57
-11799678.790000001,4654427.09,2162.46
-11799680.43,4654426.3100000005,2162.29
-11799682.290000001,4654425.33,2165.33
-11799685.6,4654423.74,2165.96
-11799683.950000001,4654424.53,2165.67
-11799687.25,4654422.94,2166.31
-11799688.92,4654422.14,2166.46
-11799690.56,4654421.4,2166.17
-11799692.17,4654420.66,2165.84
-11799693.76,4654419.92,2165.55
-11799695.35,4654419.17,2165.22
-11799696.81,4654418.58,2162.56
-11799698.450000001,4654417.82,2162.59
-11799700.08,4654417.04,2162.57
-11799701.68,4654416.28,2162.61
-11799703.32,4654415.53,2162.58
-11799705.11,4654414.59,2165.11
-11799704.950000001,4654414.75,2162.61
-11799706.86,4654413.69,2167.06
-11799706.97,4654413.5600000005,2169.05
-11799707.06,4654413.44,2170.8
-11799708.620000001,4654412.76,2169.63
-11799708.700000001,4654412.67,2170.94
-11799709.870000001,4654412.44,2162.46
-11799711.5,4654411.67,2162.46
-11799711.6,4654411.5600000005,2164.4
-11799713.36,4654410.62,2167.23
-11799715.07,4654409.78,2168.4
-11799716.67,4654409.01,2168.02
-11799718.040000001,4654408.59,2162.61
-11799718.21,4654408.36,2166.1
-11799718.32,4654408.24,2168.25
-11799720.01,4654407.38,2170.07
-11799721.47,4654406.8,2167.1
-11799721.620000001,4654406.600000001,2170.02
-11799723.21,4654405.94,2168.25
-11799724.6,4654405.5,2162.56
-11799726.22,4654404.73,2162.61
-11799724.69,4654405.39,2164.52
-11799727.86,4654403.96,2162.6
-11799727.99,4654403.79,2165.52
-11799729.6,4654404.17,2162.67
-11799727.950000001,4654404.97,2162.65
-11799726.33,4654405.73,2162.63
-11799724.86,4654406.3,2165.84
-11799724.71,4654406.49,2162.6
-11799723.35,4654406.9,2168.3
-11799721.67,4654407.75,2167.09
-11799721.84,4654407.5600000005,2170.29
-11799719.81,4654408.8100000005,2162.48
-11799719.98,4654408.59,2166.17
-11799720.17,4654408.36,2169.85
-11799718.370000001,4654409.36,2166.15
-11799718.18,4654409.58,2162.56
-11799718.43,4654409.26,2167.6
-11799716.88,4654409.96,2168.61
-11799715.23,4654410.74,2168.32
-11799713.55,4654411.59,2167.28
-11799711.67,4654412.65,2162.4
-11799711.83,4654412.48,2165.05
-11799711.88,4654412.43,2166.1
-11799710.06,4654413.41,2162.5
-11799710.52,4654412.89,2170.65
-11799708.94,4654413.61,2171.23
-11799707.200000001,4654414.5200000005,2169.05
-11799707.31,4654414.39,2171.02
-11799705.36,4654415.5200000005,2165.63
-11799705.620000001,4654415.21,2170.27
-11799701.94,4654417.24,2162.61
-11799703.540000001,4654416.49,2162.61
-11799697.02,4654419.5600000005,2162.65
-11799700.33,4654418.0,2162.57
-11799695.540000001,4654420.15,2165.33
-11799698.68,4654418.78,2162.61
-11799693.94,4654420.91,2165.63
-11799692.36,4654421.64,2165.97
-11799690.76,4654422.39,2166.27
-11799689.15,4654423.14,2166.52
-11799687.49,4654423.91,2166.21
-11799685.83,4654424.73,2165.9
-11799684.22,4654425.5,2165.59
-11799682.58,4654426.29,2165.25
-11799680.71,4654427.28,2162.3
-11799679.11,4654428.0200000005,2162.51
-11799677.56,4654428.71,2163.77
-11799675.790000001,4654429.61,2162.13
-11799674.17,4654430.37,2162.03
-11799674.34,4654430.2,2164.3
-11799672.540000001,4654431.13,2162.02
-11799672.65,4654431.03,2163.47
-11799670.89,4654431.93,2162.05
-11799669.22,4654432.72,2161.96
-11799667.6,4654433.48,2161.92
-11799665.98,4654434.24,2161.9
-11799664.6,4654434.78,2164.92
-11799663.03,4654435.49,2165.74
-11799661.42,4654436.23,2165.92
-11799659.72,4654437.08,2164.96
-11799658.03,4654437.92,2164.15
-11799656.4,4654438.67,2164.34
-11799654.75,4654439.45,2164.26
-11799653.09,4654440.24,2164.24
-11799651.47,4654441.0,2164.17
-11799649.83,4654441.78,2164.13
-11799647.99,4654442.73,2161.81
-11799644.69,4654444.3100000005,2161.63
-11799646.33,4654443.53,2161.67
-11799643.06,4654445.07,2161.59
-11799641.42,4654445.84,2161.55
-11799639.77,4654446.61,2161.57
-11799638.14,4654447.38,2161.59
-11799636.49,4654448.17,2161.56
-11799634.88,4654448.93,2161.57
-11799633.24,4654449.7,2161.56
-11799631.6,4654450.48,2161.56
-11799629.94,4654451.26,2161.69
-11799628.26,4654452.05,2161.55
-11799626.66,4654452.8100000005,2161.52
-11799625.02,4654453.59,2161.35
-11799624.870000001,4654454.28,2161.38
-11799626.56,4654453.48,2161.46
-11799628.19,4654452.72,2161.54
-11799631.48,4654451.17,2161.57
-11799629.82,4654451.95,2161.65
-11799632.08,4654450.65,2167.38
-11799633.13,4654450.37,2161.53
-11799634.8,4654449.61,2161.55
-11799636.41,4654448.83,2161.56
-11799638.040000001,4654448.07,2161.55
-11799639.700000001,4654447.3,2161.56
-11799641.370000001,4654446.5200000005,2161.53
-11799644.67,4654444.95,2161.63
-11799643.03,4654445.72,2161.6
-11799646.32,4654444.19,2161.63
-11799647.99,4654443.4,2161.75
-11799648.200000001,4654443.21,2164.13
-11799649.85,4654442.43,2164.15
-11799651.48,4654441.66,2164.19
-11799653.120000001,4654440.89,2164.24
-11799654.75,4654440.12,2164.32
-11799656.370000001,4654439.36,2164.32
-11799658.040000001,4654438.5600000005,2164.35
-11799659.700000001,4654437.7700000005,2164.61
-11799663.08,4654436.13,2166.06
-11799661.42,4654436.92,2165.57
-11799664.36,4654435.68,2161.92
-11799664.64,4654435.43,2165.25
-11799667.67,4654434.12,2161.9
-11799666.03,4654434.89,2161.92
-11799671.06,4654432.48,2163.44
-11799669.32,4654433.36,2161.99
-11799672.69,4654431.7,2163.44
-11799670.950000001,4654432.58,2161.98
-11799674.35,4654430.93,2163.42
-11799674.24,4654431.03,2162.03
-11799675.9,4654430.25,2162.06
-11799677.68,4654429.34,2163.92
-11799679.19,4654428.68,2162.57
-11799679.27,4654428.61,2163.57
-11799680.81,4654427.94,2162.3
-11799682.66,4654426.95,2165.27
-11799682.450000001,4654427.16,2162.36
-11799684.31,4654426.17,2165.44
-11799685.950000001,4654425.38,2165.78
-11799687.6,4654424.59,2166.1
-11799689.24,4654423.79,2166.4
-11799690.89,4654423.03,2166.36
-11799692.53,4654422.28,2166.05
-11799694.15,4654421.53,2165.75
-11799695.72,4654420.78,2165.48
-11799697.17,4654420.22,2162.63
-11799697.35,4654420.01,2165.54
-11799698.82,4654419.44,2162.67
-11799700.46,4654418.67,2162.59
-11799702.09,4654417.91,2162.61
-11799703.73,4654417.13,2162.61
-11799705.85,4654415.8100000005,2171.04
-11799707.36,4654415.17,2169.35
-11799707.41,4654415.09,2170.4
-11799709.09,4654414.28,2171.17
-11799710.35,4654413.94,2164.69
-11799710.47,4654413.78,2166.98
-11799710.55,4654413.71,2168.32
-11799710.700000001,4654413.53,2171.08
-11799711.84,4654413.32,2162.42
-11799712.05,4654413.07,2166.25
-11799713.75,4654412.23,2167.61
-11799715.4,4654411.43,2168.29
-11799718.68,4654409.9,2167.86
-11799717.120000001,4654410.57,2169.53
-11799720.35,4654409.08,2168.63
-11799720.4,4654409.03,2169.67
-11799722.06,4654408.2,2170.42
-11799723.540000001,4654407.62,2167.65
-11799724.94,4654407.15,2162.57
-11799725.01,4654407.05,2164.42
-11799725.09,4654406.95,2165.97
-11799726.56,4654406.38,2162.61
-11799728.18,4654405.62,2162.65
-11799729.84,4654404.83,2162.65
-11799731.5,4654404.04,2162.69
-11799733.370000001,4654404.22,2162.72
-11799731.74,4654404.98,2162.69
-11799730.07,4654405.7700000005,2162.67
-11799728.43,4654406.55,2162.65
-11799726.83,4654407.3,2162.61
-11799725.21,4654408.0600000005,2162.6
-11799725.34,4654407.89,2165.44
-11799723.700000001,4654408.67,2165.21
-11799723.8,4654408.5600000005,2167.17
-11799722.33,4654409.15,2170.02
-11799720.66,4654409.98,2168.9
-11799718.92,4654410.88,2167.0
-11799717.43,4654411.46,2169.86
-11799715.8,4654412.26,2169.47
-11799714.13,4654413.07,2168.61
-11799712.48,4654413.87,2168.21
-11799710.84,4654414.66,2167.94
-11799710.99,4654414.48,2170.67
-11799709.34,4654415.28,2170.1
-11799708.91,4654415.75,2162.57
-11799709.4,4654415.19,2171.3
-11799707.83,4654415.93,2171.53
-11799705.85,4654417.100000001,2165.42
-11799706.0,4654416.93,2168.02
-11799706.13,4654416.8,2170.13
-11799704.370000001,4654417.69,2168.28
-11799704.05,4654418.05,2162.65
-11799702.39,4654418.84,2162.61
-11799700.78,4654419.59,2162.77
-11799700.96,4654419.39,2165.61
-11799699.13,4654420.38,2162.65
-11799697.5,4654421.14,2162.69
-11799697.69,4654420.92,2165.74
-11799696.1,4654421.68,2166.08
-11799694.46,4654422.45,2165.92
-11799692.85,4654423.2,2166.11
-11799691.26,4654423.92,2166.44
-11799689.65,4654424.7,2166.36
-11799686.33,4654426.3,2165.72
-11799687.98,4654425.51,2166.02
-11799682.84,4654428.07,2162.35
-11799684.71,4654427.07,2165.4
-11799679.64,4654429.53,2163.65
-11799681.17,4654428.84,2162.27
-11799677.92,4654430.38,2162.15
-11799679.540000001,4654429.62,2162.21
-11799678.040000001,4654430.2700000005,2163.77
-11799676.3,4654431.17,2162.05
-11799676.42,4654431.04,2163.79
-11799674.66,4654431.94,2162.02
-11799673.14,4654432.600000001,2163.3
-11799671.52,4654433.36,2163.42
-11799669.75,4654434.25,2161.96
-11799669.88,4654434.15,2163.44
-11799668.11,4654435.0200000005,2161.92
-11799666.49,4654435.8,2161.94
-11799664.870000001,4654436.5600000005,2161.94
-11799663.59,4654437.0,2166.23
-11799663.23,4654437.32,2161.92
-11799661.870000001,4654437.82,2165.38
-11799660.17,4654438.68,2164.38
-11799658.56,4654439.45,2164.36
-11799656.9,4654440.22,2164.35
-11799655.23,4654441.01,2164.32
-11799653.63,4654441.76,2164.34
-11799652.0,4654442.5200000005,2164.27
-11799650.34,4654443.32,2164.21
-11799648.700000001,4654444.100000001,2164.17
-11799646.83,4654445.07,2161.69
-11799645.18,4654445.850000001,2161.65
-11799643.540000001,4654446.62,2161.63
-11799641.93,4654447.39,2161.59
-11799640.290000001,4654448.15,2161.54
-11799638.620000001,4654448.94,2161.55
-11799636.98,4654449.71,2161.55
-11799635.38,4654450.47,2161.54
-11799633.74,4654451.25,2161.54
-11799632.09,4654452.0200000005,2161.54
-11799630.44,4654452.8,2161.54
-11799628.81,4654453.57,2161.54
-11799627.15,4654454.36,2161.46
-11799625.5,4654455.13,2161.42
-11799623.870000001,4654455.91,2161.44
-11799625.13,4654455.91,2161.44
-11799626.77,4654455.16,2161.38
-11799628.42,4654454.37,2161.47
-11799630.06,4654453.61,2161.5
-11799631.73,4654452.82,2161.52
-11799633.39,4654452.05,2161.52
-11799635.06,4654451.26,2161.53
-11799636.71,4654450.49,2161.52
-11799638.34,4654449.71,2161.53
-11799640.0,4654448.94,2161.53
-11799641.64,4654448.16,2161.61
-11799643.25,4654447.4,2161.61
-11799644.89,4654446.63,2161.65
-11799646.52,4654445.87,2161.67
-11799648.18,4654445.08,2161.67
-11799648.41,4654444.88,2164.21
-11799650.05,4654444.100000001,2164.19
-11799651.71,4654443.32,2164.28
-11799653.38,4654442.55,2164.31
-11799654.99,4654441.78,2164.35
-11799656.620000001,4654441.0200000005,2164.36
-11799658.28,4654440.24,2164.36
-11799659.950000001,4654439.45,2164.32
-11799661.61,4654438.65,2164.85
-11799662.950000001,4654438.13,2161.88
-11799663.28,4654437.83,2165.76
-11799664.59,4654437.36,2161.92
-11799666.24,4654436.58,2161.92
-11799667.9,4654435.8,2161.94
-11799669.56,4654435.01,2161.86
-11799669.69,4654434.9,2163.53
-11799671.31,4654434.14,2163.38
-11799672.83,4654433.47,2162.11
-11799674.47,4654432.71,2162.0
-11799676.24,4654431.8100000005,2163.8
-11799677.76,4654431.16,2162.01
-11799677.88,4654431.0600000005,2163.54
-11799679.39,4654430.4,2162.04
-11799681.040000001,4654429.600000001,2162.32
-11799682.71,4654428.83,2162.31
-11799684.35,4654428.05,2162.31
-11799686.200000001,4654427.07,2165.53
-11799684.56,4654427.84,2165.23
-11799687.85,4654426.28,2165.86
-11799689.49,4654425.49,2166.19
-11799691.17,4654424.68,2166.52
-11799692.81,4654423.93,2166.28
-11799694.46,4654423.14,2166.53
-11799696.05,4654422.41,2166.21
-11799697.66,4654421.66,2165.9
-11799699.02,4654421.17,2161.52
-11799699.1,4654421.11,2162.69
-11799700.91,4654420.14,2165.65
-11799700.75,4654420.32,2163.06
-11799702.35,4654419.58,2162.6
-11799703.98,4654418.8100000005,2162.67
-11799706.03,4654417.57,2170.03
-11799704.31,4654418.45,2168.1
-11799709.07,4654416.3,2165.61
-11799707.73,4654416.73,2171.03
-11799709.41,4654415.92,2171.81
-11799708.91,4654416.5,2162.63
-11799710.81,4654415.41,2167.75
-11799709.25,4654416.11,2168.79
-11799710.950000001,4654415.26,2170.24
-11799711.040000001,4654415.15,2171.79
-11799712.5,4654414.5600000005,2168.88
-11799715.78,4654413.03,2169.25
-11799714.14,4654413.8,2168.99
-11799718.93,4654411.61,2167.38
-11799717.44,4654412.21,2169.86
-11799720.32,4654411.13,2162.61
-11799720.51,4654410.9,2166.57
-11799721.94,4654410.37,2162.57
-11799722.17,4654410.07,2167.34
-11799722.28,4654409.94,2169.8
-11799723.6,4654409.58,2162.57
-11799723.73,4654409.41,2165.6
-11799723.81,4654409.3100000005,2167.13
-11799725.23,4654408.8100000005,2162.61
-11799726.86,4654408.04,2162.6
-11799728.5,4654407.28,2162.65
-11799730.14,4654406.51,2162.67
-11799731.78,4654405.73,2162.67
-11799733.39,4654404.97,2162.75
-11799735.02,4654404.21,2162.75
-11799735.55,4654404.95,2162.77
-11799733.94,4654405.71,2162.76
-11799732.32,4654406.47,2162.71
-11799730.68,4654407.25,2162.69
-11799729.07,4654408.01,2162.65
-11799727.46,4654408.7700000005,2162.65
-11799725.82,4654409.54,2162.61
-11799724.19,4654410.3,2162.61
-11799722.56,4654411.08,2162.6
-11799722.64,4654410.98,2164.17
-11799721.040000001,4654411.72,2164.69
-11799720.93,4654411.850000001,2162.59
-11799721.11,4654411.62,2166.44
-11799719.4,4654412.51,2164.29
-11799719.48,4654412.4,2165.9
-11799718.03,4654412.98,2169.17
-11799716.44,4654413.71,2169.5
-11799714.84,4654414.45,2170.11
-11799713.24,4654415.19,2170.32
-11799711.61,4654415.94,2170.57
-11799710.05,4654416.64,2171.83
-11799707.91,4654417.97,2162.69
-11799708.13,4654417.74,2166.56
-11799708.200000001,4654417.65,2167.96
-11799708.32,4654417.53,2169.77
-11799706.69,4654418.3100000005,2169.57
-11799704.66,4654419.51,2162.63
-11799704.85,4654419.3100000005,2165.69
-11799705.120000001,4654419.01,2170.27
-11799703.03,4654420.2700000005,2162.63
-11799701.46,4654420.99,2163.27
-11799701.61,4654420.82,2165.65
-11799699.790000001,4654421.8,2162.69
-11799698.370000001,4654422.36,2165.9
-11799699.98,4654421.61,2165.65
-11799695.16,4654423.86,2166.52
-11799696.76,4654423.11,2166.19
-11799693.540000001,4654424.59,2166.86
-11799691.89,4654425.39,2166.53
-11799690.24,4654426.18,2166.21
-11799688.59,4654426.95,2165.88
-11799686.93,4654427.75,2165.58
-11799685.08,4654428.75,2162.36
-11799685.28,4654428.54,2165.28
-11799683.44,4654429.5200000005,2162.35
-11799681.83,4654430.28,2162.26
-11799678.51,4654431.86,2162.06
-11799680.16,4654431.07,2162.04
-11799676.91,4654432.61,2162.09
-11799675.28,4654433.37,2162.08
-11799675.41,4654433.24,2163.74
-11799673.63,4654434.14,2162.11
-11799671.98,4654434.93,2162.17
-11799670.35,4654435.69,2162.29
-11799670.44,4654435.59,2163.36
-11799668.72,4654436.47,2161.94
-11799667.06,4654437.25,2161.94
-11799665.41,4654438.03,2161.92
-11799663.8,4654438.79,2161.9
-11799662.16,4654439.5600000005,2161.85
-11799660.72,4654440.16,2164.15
-11799659.1,4654440.89,2164.38
-11799657.48,4654441.67,2164.38
-11799655.86,4654442.43,2164.38
-11799654.19,4654443.22,2164.35
-11799652.56,4654443.99,2164.34
-11799650.94,4654444.75,2164.32
-11799649.06,4654445.73,2161.71
-11799649.3,4654445.53,2164.29
-11799647.42,4654446.51,2161.69
-11799645.89,4654447.18,2162.86
-11799644.17,4654448.05,2161.65
-11799644.290000001,4654447.94,2162.98
-11799642.5,4654448.82,2161.61
-11799640.85,4654449.59,2161.61
-11799639.200000001,4654450.39,2161.56
-11799637.57,4654451.16,2161.52
-11799635.96,4654451.92,2161.52
-11799634.290000001,4654452.71,2161.52
-11799632.64,4654453.48,2161.52
-11799631.0,4654454.24,2161.5
-11799629.34,4654455.03,2161.5
-11799627.700000001,4654455.8,2161.4
-11799628.32,4654455.28,2167.36
-11799624.43,4654457.34,2161.51
-11799626.07,4654456.58,2161.46
-11799625.34,4654457.51,2161.51
-11799626.96,4654456.75,2161.46
-11799627.59,4654456.23,2167.42
-11799628.6,4654455.97,2161.4
-11799630.25,4654455.2,2161.48
-11799631.91,4654454.42,2161.5
-11799633.56,4654453.62,2161.53
-11799635.200000001,4654452.86,2161.5
-11799636.85,4654452.09,2161.49
-11799638.48,4654451.33,2161.53
-11799640.13,4654450.55,2161.58
-11799641.78,4654449.78,2161.61
-11799643.450000001,4654449.0,2161.63
-11799645.24,4654448.100000001,2162.94
-11799646.85,4654447.34,2162.84
-11799650.27,4654445.7,2164.31
-11799648.38,4654446.68,2161.72
-11799651.91,4654444.92,2164.31
-11799650.02,4654445.92,2161.61
-11799655.18,4654443.4,2164.38
-11799653.55,4654444.16,2164.35
-11799658.48,4654441.84,2164.38
-11799656.83,4654442.61,2164.4
-11799660.09,4654441.07,2164.4
-11799661.71,4654440.34,2163.86
-11799663.18,4654439.72,2161.86
-11799664.82,4654438.95,2161.92
-11799666.450000001,4654438.18,2161.9
-11799668.07,4654437.42,2161.96
-11799669.74,4654436.64,2161.94
-11799671.370000001,4654435.87,2162.06
-11799673.03,4654435.09,2162.25
-11799674.64,4654434.3100000005,2162.09
-11799676.3,4654433.55,2162.02
-11799677.950000001,4654432.79,2162.05
-11799679.56,4654432.01,2162.05
-11799681.200000001,4654431.25,2162.01
-11799682.86,4654430.47,2162.31
-11799684.53,4654429.66,2162.36
-11799686.370000001,4654428.71,2165.34
-11799687.98,4654427.92,2165.65
-11799689.64,4654427.15,2165.97
-11799691.3,4654426.36,2166.29
-11799692.98,4654425.53,2167.06
-11799694.59,4654424.8,2166.74
-11799696.19,4654424.04,2166.42
-11799697.83,4654423.29,2166.11
-11799699.43,4654422.55,2165.81
-11799700.93,4654421.93,2163.25
-11799701.08,4654421.78,2165.63
-11799702.57,4654421.17,2163.24
-11799702.72,4654421.0200000005,2165.65
-11799704.14,4654420.46,2162.55
-11799704.31,4654420.25,2165.55
-11799706.23,4654419.17,2170.57
-11799707.88,4654418.39,2170.78
-11799709.05,4654418.15,2162.63
-11799709.370000001,4654417.8,2168.15
-11799709.57,4654417.57,2171.69
-11799711.17,4654416.82,2171.75
-11799712.67,4654416.16,2169.92
-11799712.73,4654416.11,2171.04
-11799714.32,4654415.4,2169.96
-11799715.950000001,4654414.65,2169.69
-11799717.55,4654413.92,2169.13
-11799719.06,4654413.28,2166.85
-11799719.13,4654413.21,2168.24
-11799720.49,4654412.7700000005,2162.61
-11799720.63,4654412.600000001,2165.44
-11799722.1,4654412.0200000005,2162.61
-11799722.22,4654411.88,2164.9
-11799723.73,4654411.23,2162.63
-11799725.38,4654410.47,2162.61
-11799726.98,4654409.72,2162.65
-11799728.620000001,4654408.94,2162.67
-11799730.26,4654408.17,2162.65
-11799731.9,4654407.4,2162.69
-11799733.64,4654406.5,2165.35
-11799733.540000001,4654406.64,2162.71
-11799735.28,4654405.73,2164.99
-11799735.18,4654405.86,2162.74
-11799736.8,4654405.100000001,2162.77
-11799735.33,4654405.66,2166.35
-11799736.13,4654406.39,2164.36
-11799732.84,4654407.98,2162.72
-11799736.05,4654406.47,2162.78
-11799731.21,4654408.74,2162.69
-11799734.68,4654406.92,2168.51
-11799727.93,4654410.3,2162.71
-11799729.56,4654409.54,2162.71
-11799726.32,4654411.0600000005,2162.65
-11799724.68,4654411.84,2162.63
-11799723.040000001,4654412.61,2162.61
-11799721.43,4654413.36,2162.61
-11799719.81,4654414.14,2162.57
-11799719.99,4654413.92,2166.11
-11799718.41,4654414.600000001,2167.36
-11799718.48,4654414.55,2168.47
-11799716.83,4654415.33,2168.26
-11799714.88,4654416.45,2162.55
-11799715.1,4654416.21,2166.48
-11799715.26,4654416.0200000005,2169.54
-11799713.69,4654416.74,2170.33
-11799712.02,4654417.54,2169.76
-11799712.11,4654417.44,2171.33
-11799710.55,4654418.16,2171.61
-11799708.58,4654419.3100000005,2165.51
-11799708.68,4654419.19,2167.19
-11799708.790000001,4654419.08,2169.24
-11799706.76,4654420.28,2162.57
-11799706.89,4654420.12,2164.86
-11799707.14,4654419.850000001,2169.13
-11799705.120000001,4654421.04,2162.61
-11799703.540000001,4654421.76,2163.21
-11799705.26,4654420.89,2164.92
-11799701.92,4654422.5200000005,2163.27
-11799703.69,4654421.61,2165.63
-11799702.07,4654422.37,2165.65
-11799700.47,4654423.12,2165.76
-11799698.86,4654423.87,2166.08
-11799697.22,4654424.62,2166.38
-11799695.63,4654425.36,2166.71
-11799694.06,4654426.09,2167.0
-11799692.43,4654426.86,2166.94
-11799690.75,4654427.67,2166.55
-11799689.06,4654428.5,2165.71
-11799687.42,4654429.26,2165.4
-11799685.58,4654430.24,2162.52
-11799683.93,4654431.03,2162.32
-11799682.42,4654431.7,2163.65
-11799682.3,4654431.82,2162.0
-11799679.03,4654433.350000001,2162.07
-11799680.67,4654432.58,2162.05
-11799675.75,4654434.89,2162.04
-11799677.39,4654434.13,2162.03
-11799674.13,4654435.65,2162.05
-11799672.51,4654436.41,2162.11
-11799669.22,4654437.97,2161.94
-11799670.84,4654437.21,2161.94
-11799667.59,4654438.72,2161.94
-11799665.950000001,4654439.51,2161.97
-11799664.31,4654440.29,2161.92
-11799662.84,4654440.9,2163.82
-11799661.26,4654441.63,2164.3
-11799657.97,4654443.18,2164.38
-11799659.620000001,4654442.39,2164.42
-11799654.69,4654444.72,2164.38
-11799656.34,4654443.94,2164.38
-11799651.450000001,4654446.25,2164.35
-11799653.07,4654445.49,2164.36
-11799649.59,4654447.22,2161.79
-11799647.93,4654447.99,2161.75
-11799646.41,4654448.66,2162.94
-11799644.82,4654449.38,2163.5
-11799641.36,4654451.08,2161.61
-11799643.09,4654450.25,2162.57
-11799639.71,4654451.850000001,2161.59
-11799638.1,4654452.61,2161.55
-11799636.46,4654453.4,2161.52
-11799634.8,4654454.19,2161.51
-11799633.13,4654454.96,2161.49
-11799631.47,4654455.75,2161.48
-11799629.84,4654456.5200000005,2161.44
-11799624.96,4654458.8,2161.51
-11799628.21,4654457.29,2161.44
-11799626.57,4654458.05,2161.51
-11799625.33,4654459.16,2161.53
-11799626.99,4654458.39,2161.49
-11799628.64,4654457.61,2161.44
-11799630.290000001,4654456.84,2161.42
-11799633.61,4654455.28,2161.47
-11799631.96,4654456.05,2161.47
-11799636.9,4654453.73,2161.52
-11799635.26,4654454.5200000005,2161.46
-11799640.19,4654452.19,2161.57
-11799638.540000001,4654452.97,2161.56
-11799641.94,4654451.34,2162.54
-11799643.58,4654450.5600000005,2162.56
-11799645.33,4654449.7,2163.49
-11799646.9,4654448.99,2162.9
-11799648.42,4654448.32,2161.72
-11799650.09,4654447.54,2161.78
-11799655.21,4654445.04,2164.38
-11799651.950000001,4654446.5600000005,2164.35
-11799656.83,4654444.28,2164.4
-11799653.61,4654445.79,2164.38
-11799658.5,4654443.5,2164.38
-11799660.16,4654442.7,2164.4
-11799661.78,4654441.97,2164.22
-11799663.36,4654441.22,2163.82
-11799664.84,4654440.61,2161.88
-11799666.48,4654439.84,2161.94
-11799668.13,4654439.0600000005,2161.94
-11799669.77,4654438.29,2161.92
-11799671.43,4654437.5,2161.97
-11799674.67,4654435.99,2162.07
-11799673.05,4654436.74,2162.05
-11799679.59,4654433.67,2162.05
-11799676.3,4654435.2,2162.04
-11799682.88,4654432.13,2161.98
-11799677.97,4654434.44,2162.04
-11799683.01,4654432.0200000005,2163.67
-11799681.24,4654432.91,2162.05
-11799686.15,4654430.58,2162.54
-11799684.51,4654431.36,2162.34
-11799687.99,4654429.61,2165.38
-11799689.68,4654428.8,2165.92
-11799691.38,4654427.99,2166.59
-11799693.03,4654427.19,2166.9
-11799694.67,4654426.43,2167.01
-11799697.86,4654424.93,2166.38
-11799696.26,4654425.69,2166.67
-11799699.49,4654424.19,2166.07
-11799701.09,4654423.44,2165.75
-11799702.59,4654422.84,2163.26
-11799702.74,4654422.68,2165.67
-11799704.38,4654421.91,2165.63
-11799704.23,4654422.08,2163.1
-11799705.83,4654421.34,2162.65
-11799707.85,4654420.15,2169.25
-11799709.27,4654419.61,2165.67
-11799709.370000001,4654419.51,2167.32
-11799709.58,4654419.29,2170.88
-11799711.21,4654418.5,2171.21
-11799712.74,4654417.84,2169.72
-11799714.35,4654417.09,2169.4
-11799715.97,4654416.34,2169.11
-11799717.24,4654415.98,2162.56
-11799717.47,4654415.73,2166.86
-11799717.52,4654415.66,2167.9
-11799718.89,4654415.21,2162.52
-11799719.13,4654414.91,2167.17
-11799719.08,4654414.99,2166.21
-11799720.52,4654414.45,2162.59
-11799722.120000001,4654413.69,2162.59
-11799723.76,4654412.93,2162.61
-11799725.41,4654412.15,2162.61
-11799727.05,4654411.38,2162.65
-11799728.68,4654410.59,2162.74
-11799730.34,4654409.83,2162.72
-11799731.97,4654409.05,2162.71
-11799733.61,4654408.29,2162.67
-11799733.71,4654408.16,2165.09
-11799733.77,4654408.07,2166.54
-11799735.21,4654407.53,2162.83
-11799735.31,4654407.4,2165.42
-11799735.42,4654407.25,2168.15
-11799736.82,4654406.78,2162.79
-11799736.21,4654408.04,2162.81
-11799734.6,4654408.82,2162.75
-11799734.72,4654408.65,2165.78
-11799734.78,4654408.55,2167.4
-11799732.98,4654409.58,2162.75
-11799731.33,4654410.34,2162.73
-11799729.68,4654411.12,2162.75
-11799728.06,4654411.88,2162.69
-11799726.48,4654412.64,2162.65
-11799724.84,4654413.41,2162.63
-11799723.200000001,4654414.18,2162.6
-11799721.56,4654414.94,2162.59
-11799719.93,4654415.71,2162.57
-11799718.32,4654416.47,2162.54
-11799718.51,4654416.25,2166.22
-11799716.96,4654416.94,2167.9
-11799715.32,4654417.69,2168.13
-11799713.39,4654418.8,2162.65
-11799713.64,4654418.5,2167.29
-11799713.75,4654418.39,2169.26
-11799712.05,4654419.23,2167.83
-11799710.49,4654419.94,2168.6
-11799710.63,4654419.79,2171.13
-11799708.71,4654420.89,2165.86
-11799708.85,4654420.73,2168.28
-11799708.94,4654420.64,2169.78
-11799707.06,4654421.67,2165.63
-11799707.290000001,4654421.4,2169.56
-11799705.26,4654422.600000001,2162.79
-11799705.42,4654422.44,2165.6
-11799703.66,4654423.350000001,2163.26
-11799703.81,4654423.2,2165.67
-11799702.040000001,4654424.11,2163.27
-11799702.18,4654423.96,2165.67
-11799700.6,4654424.68,2166.0
-11799699.0,4654425.43,2166.31
-11799697.4,4654426.18,2166.6
-11799695.790000001,4654426.93,2166.9
-11799694.19,4654427.67,2166.99
-11799692.51,4654428.47,2166.69
-11799690.85,4654429.26,2166.36
-11799689.18,4654430.0600000005,2166.05
-11799687.5,4654430.86,2165.26
-11799687.3,4654431.07,2162.38
-11799685.66,4654431.850000001,2162.34
-11799684.040000001,4654432.61,2162.36
-11799684.13,4654432.53,2163.53
-11799682.4,4654433.39,2162.05
-11799680.77,4654434.14,2162.06
-11799679.120000001,4654434.93,2162.08
-11799677.47,4654435.7,2162.06
-11799675.84,4654436.48,2162.07
-11799674.23,4654437.24,2162.07
-11799672.6,4654438.0,2162.02
-11799670.950000001,4654438.78,2161.92
-11799669.290000001,4654439.55,2161.94
-11799667.63,4654440.33,2161.94
-11799665.98,4654441.11,2161.86
-11799664.36,4654441.89,2161.81
-11799664.52,4654441.74,2163.74
-11799662.93,4654442.45,2164.17
-11799659.68,4654443.99,2164.25
-11799661.3,4654443.23,2164.19
-11799658.05,4654444.75,2164.42
-11799656.44,4654445.51,2164.42
-11799654.8,4654446.29,2164.38
-11799653.16,4654447.05,2164.38
-11799651.370000001,4654447.97,2162.58
-11799649.65,4654448.79,2161.77
-11799647.98,4654449.59,2161.73
-11799646.31,4654450.37,2161.71
-11799646.48,4654450.23,2163.46
-11799644.790000001,4654451.04,2162.6
-11799643.17,4654451.8100000005,2162.57
-11799641.53,4654452.57,2162.54
-11799639.78,4654453.44,2161.6
-11799638.13,4654454.21,2161.56
-11799636.49,4654454.98,2161.55
-11799634.8,4654455.79,2161.48
-11799633.16,4654456.5600000005,2161.47
-11799631.55,4654457.3100000005,2161.47
-11799629.9,4654458.09,2161.42
-11799628.31,4654458.84,2161.51
-11799625.02,4654460.38,2161.56
-11799626.67,4654459.61,2161.54
-11799626.67,4654460.14,2161.55
-11799625.03,4654460.9,2161.59
-11799628.34,4654459.350000001,2161.51
-11799629.98,4654458.57,2161.44
-11799633.23,4654457.05,2161.47
-11799631.59,4654457.84,2161.44
-11799636.57,4654455.49,2161.57
-11799634.91,4654456.28,2161.5
-11799639.83,4654453.97,2161.6
-11799638.200000001,4654454.73,2161.58
-11799641.46,4654453.2,2161.59
-11799643.23,4654452.34,2162.58
-11799644.870000001,4654451.5600000005,2162.59
-11799646.41,4654450.87,2161.71
-11799648.07,4654450.09,2161.71
-11799649.74,4654449.32,2161.75
-11799651.48,4654448.47,2162.63
-11799653.24,4654447.57,2164.38
-11799656.51,4654446.05,2164.4
-11799654.83,4654446.83,2164.42
-11799658.17,4654445.26,2164.38
-11799659.8,4654444.51,2164.19
-11799663.05,4654442.99,2164.15
-11799661.44,4654443.74,2164.17
-11799664.68,4654442.23,2163.8
-11799666.18,4654441.600000001,2161.85
-11799667.82,4654440.84,2161.9
-11799669.42,4654440.08,2161.9
-11799671.07,4654439.3,2161.92
-11799672.74,4654438.53,2161.99
-11799674.39,4654437.74,2162.08
-11799676.01,4654436.98,2162.03
-11799677.65,4654436.2,2162.06
-11799679.25,4654435.44,2162.07
-11799680.88,4654434.69,2162.06
-11799684.200000001,4654433.14,2162.0
-11799682.540000001,4654433.91,2162.06
-11799684.31,4654433.03,2163.65
-11799685.86,4654432.36,2162.33
-11799687.47,4654431.59,2162.38
-11799689.38,4654430.57,2165.96
-11799691.040000001,4654429.79,2166.27
-11799692.68,4654428.99,2166.6
-11799694.35,4654428.21,2166.92
-11799696.0,4654427.44,2166.99
-11799697.56,4654426.71,2166.69
-11799699.15,4654425.98,2166.36
-11799700.76,4654425.22,2166.05
-11799702.39,4654424.48,2165.73
-11799703.88,4654423.88,2163.25
-11799704.02,4654423.72,2165.63
-11799705.49,4654423.11,2163.11
-11799705.64,4654422.96,2165.61
-11799707.28,4654422.18,2165.73
-11799708.93,4654421.41,2165.96
-11799710.57,4654420.62,2165.88
-11799710.74,4654420.45,2168.61
-11799712.31,4654419.74,2167.49
-11799713.98,4654418.98,2167.65
-11799715.59,4654418.21,2167.99
-11799717.21,4654417.45,2168.08
-11799718.55,4654417.01,2162.58
-11799718.69,4654416.84,2165.3
-11799720.19,4654416.23,2162.57
-11799721.85,4654415.46,2162.58
-11799725.14,4654413.92,2162.61
-11799723.5,4654414.69,2162.58
-11799728.39,4654412.39,2162.71
-11799726.76,4654413.16,2162.65
-11799731.63,4654410.86,2162.74
-11799730.0,4654411.64,2162.73
-11799733.28,4654410.09,2162.74
-11799734.92,4654409.33,2162.76
-11799735.05,4654409.16,2165.84
-11799736.53,4654408.57,2162.78
-11799735.99,4654409.7700000005,2162.76
-11799732.75,4654411.29,2162.73
-11799734.370000001,4654410.53,2162.77
-11799727.82,4654413.63,2162.67
-11799731.11,4654412.0600000005,2162.76
-11799724.6,4654415.12,2162.65
-11799729.450000001,4654412.850000001,2162.75
-11799722.950000001,4654415.91,2162.58
-11799726.23,4654414.36,2162.63
-11799721.31,4654416.68,2162.59
-11799719.68,4654417.45,2162.57
-11799718.07,4654418.21,2162.57
-11799718.25,4654418.0,2165.94
-11799716.46,4654418.96,2162.52
-11799716.76,4654418.62,2168.17
-11799716.620000001,4654418.79,2165.55
-11799715.08,4654419.44,2167.21
-11799713.19,4654420.5,2162.63
-11799713.35,4654420.3100000005,2165.69
-11799713.47,4654420.19,2167.67
-11799711.73,4654421.07,2165.75
-11799710.14,4654421.79,2166.13
-11799708.49,4654422.57,2166.07
-11799706.84,4654423.37,2165.85
-11799705.18,4654424.16,2165.63
-11799703.42,4654425.0600000005,2163.28
-11799703.57,4654424.92,2165.69
-11799701.96,4654425.67,2165.96
-11799700.34,4654426.39,2166.29
-11799697.17,4654427.87,2166.9
-11799698.75,4654427.14,2166.58
-11799695.540000001,4654428.63,2167.01
-11799693.870000001,4654429.43,2166.67
-11799692.22,4654430.22,2166.4
-11799690.57,4654431.01,2166.06
-11799688.71,4654432.0200000005,2162.38
-11799688.950000001,4654431.78,2165.82
-11799687.08,4654432.78,2162.42
-11799685.450000001,4654433.54,2162.4
-11799685.53,4654433.45,2163.52
-11799683.8,4654434.33,2162.06
-11799682.15,4654435.09,2162.09
-11799680.48,4654435.89,2162.08
-11799678.84,4654436.65,2162.06
-11799677.24,4654437.41,2162.06
-11799675.63,4654438.17,2162.04
-11799673.97,4654438.95,2162.05
-11799672.33,4654439.72,2161.98
-11799670.69,4654440.5,2161.92
-11799669.06,4654441.26,2161.9
-11799667.46,4654442.01,2161.9
-11799665.81,4654442.8,2161.83
-11799665.96,4654442.64,2163.74
-11799664.31,4654443.4,2164.11
-11799662.69,4654444.18,2164.15
-11799661.120000001,4654444.91,2164.15
-11799659.49,4654445.67,2164.19
-11799657.83,4654446.45,2164.27
-11799656.19,4654447.22,2164.44
-11799654.55,4654448.0,2164.42
-11799652.76,4654448.87,2162.59
-11799647.77,4654451.28,2161.74
-11799651.14,4654449.64,2162.76
-11799644.5,4654452.8,2161.69
-11799649.53,4654450.4,2163.08
-11799642.94,4654453.51,2162.61
-11799646.13,4654452.04,2161.71
-11799641.18,4654454.37,2161.61
-11799639.56,4654455.14,2161.61
-11799637.93,4654455.9,2161.58
-11799636.3,4654456.66,2161.56
-11799634.66,4654457.43,2161.52
-11799633.01,4654458.21,2161.46
-11799631.36,4654458.99,2161.38
-11799629.73,4654459.74,2161.51
-11799628.1,4654460.5200000005,2161.55
-11799626.43,4654461.29,2161.58
-11799624.790000001,4654462.05,2161.61
-11799624.26,4654462.92,2161.58
-11799625.950000001,4654462.12,2161.58
-11799627.620000001,4654461.33,2161.56
-11799629.25,4654460.58,2161.54
-11799630.86,4654459.83,2161.49
-11799632.49,4654459.07,2161.42
-11799637.44,4654456.74,2161.59
-11799634.120000001,4654458.3,2161.48
-11799639.08,4654455.97,2161.63
-11799635.8,4654457.5,2161.56
-11799640.75,4654455.2,2161.63
-11799642.4,4654454.42,2161.65
-11799644.040000001,4654453.65,2161.67
-11799645.69,4654452.88,2161.69
-11799647.33,4654452.11,2161.72
-11799649.07,4654451.25,2162.94
-11799652.33,4654449.73,2162.63
-11799650.72,4654450.47,2163.11
-11799654.14,4654448.8100000005,2164.44
-11799653.88,4654449.04,2161.69
-11799655.76,4654448.0600000005,2164.42
-11799657.39,4654447.3100000005,2164.24
-11799659.040000001,4654446.54,2164.15
-11799660.71,4654445.76,2164.15
-11799662.31,4654445.01,2164.11
-11799663.92,4654444.25,2164.11
-11799665.35,4654443.66,2161.69
-11799665.52,4654443.5200000005,2163.82
-11799667.14,4654442.78,2163.23
-11799667.02,4654442.88,2161.86
-11799668.69,4654442.100000001,2161.88
-11799670.33,4654441.34,2161.9
-11799673.59,4654439.8,2162.02
-11799671.98,4654440.5600000005,2161.97
-11799675.24,4654439.01,2162.08
-11799676.870000001,4654438.26,2162.05
-11799678.5,4654437.5,2162.06
-11799680.15,4654436.71,2162.07
-11799683.43,4654435.18,2162.07
-11799681.790000001,4654435.95,2162.08
-11799685.07,4654434.42,2162.01
-11799686.700000001,4654433.64,2162.42
-11799688.34,4654432.87,2162.44
-11799690.22,4654431.87,2165.86
-11799691.9,4654431.07,2166.17
-11799693.55,4654430.28,2166.51
-11799695.18,4654429.5,2166.79
-11799696.82,4654428.74,2167.07
-11799698.42,4654428.0,2166.78
-11799700.08,4654427.23,2166.47
-11799701.68,4654426.49,2166.17
-11799703.290000001,4654425.75,2165.85
-11799704.92,4654424.99,2165.69
-11799706.59,4654424.19,2165.88
-11799708.24,4654423.42,2166.13
-11799709.85,4654422.66,2166.32
-11799711.43,4654421.93,2165.98
-11799712.88,4654421.37,2162.75
-11799713.03,4654421.2,2165.59
-11799714.72,4654420.36,2166.4
-11799716.17,4654419.83,2162.55
-11799716.370000001,4654419.600000001,2166.26
-11799717.82,4654419.04,2162.5
-11799718.01,4654418.850000001,2166.03
-11799719.450000001,4654418.28,2162.55
-11799721.05,4654417.53,2162.55
-11799724.34,4654415.98,2162.61
-11799722.69,4654416.7700000005,2162.57
-11799725.98,4654415.21,2162.65
-11799727.59,4654414.47,2162.65
-11799729.23,4654413.69,2162.71
-11799730.85,4654412.95,2162.71
-11799732.47,4654412.18,2162.71
-11799734.13,4654411.39,2162.74
-11799735.74,4654410.65,2162.76
-11799735.47,4654411.75,2162.76
-11799733.84,4654412.51,2162.73
-11799732.22,4654413.28,2162.74
-11799730.59,4654414.04,2162.75
-11799728.950000001,4654414.8100000005,2162.69
-11799727.33,4654415.58,2162.69
-11799725.71,4654416.34,2162.67
-11799724.1,4654417.100000001,2162.6
-11799722.47,4654417.86,2162.58
-11799720.83,4654418.63,2162.56
-11799719.19,4654419.4,2162.55
-11799717.55,4654420.17,2162.56
-11799715.950000001,4654420.92,2162.71
-11799714.5,4654421.49,2165.92
-11799714.33,4654421.68,2162.74
-11799712.86,4654422.25,2165.81
-11799711.24,4654423.01,2166.19
-11799709.620000001,4654423.76,2166.5
-11799708.0,4654424.5200000005,2166.26
-11799706.370000001,4654425.3,2166.06
-11799704.72,4654426.08,2165.82
-11799703.11,4654426.83,2166.03
-11799701.5,4654427.58,2166.34
-11799699.870000001,4654428.32,2166.63
-11799696.63,4654429.84,2166.98
-11799698.24,4654429.09,2166.94
-11799693.32,4654431.42,2166.34
-11799694.97,4654430.62,2166.67
-11799691.68,4654432.19,2166.0
-11799689.83,4654433.18,2162.4
-11799690.07,4654432.96,2165.86
-11799688.200000001,4654433.96,2162.42
-11799686.540000001,4654434.72,2162.54
-11799686.61,4654434.66,2163.56
-11799684.85,4654435.53,2162.05
-11799683.21,4654436.3100000005,2162.09
-11799681.6,4654437.07,2162.08
-11799679.98,4654437.82,2162.09
-11799678.33,4654438.61,2162.06
-11799676.700000001,4654439.37,2162.04
-11799675.09,4654440.12,2162.04
-11799673.44,4654440.89,2162.03
-11799671.790000001,4654441.67,2161.98
-11799670.120000001,4654442.45,2161.92
-11799668.49,4654443.2,2161.98
-11799668.58,4654443.14,2163.08
-11799666.870000001,4654443.99,2161.88
-11799667.03,4654443.850000001,2163.86
-11799665.42,4654444.57,2164.13
-11799663.790000001,4654445.33,2164.1
-11799660.53,4654446.87,2164.15
-11799662.17,4654446.12,2164.13
-11799658.9,4654447.63,2164.17
-11799657.27,4654448.4,2164.19
-11799655.66,4654449.16,2164.27
-11799653.78,4654450.12,2161.79
-11799652.13,4654450.91,2161.79
-11799650.59,4654451.57,2163.01
-11799648.950000001,4654452.37,2162.72
-11799647.21,4654453.21,2161.75
-11799643.92,4654454.74,2161.69
-11799645.55,4654453.99,2161.72
-11799640.65,4654456.29,2161.63
-11799642.290000001,4654455.5,2161.67
-11799639.02,4654457.0600000005,2161.63
-11799637.38,4654457.83,2161.6
-11799635.72,4654458.600000001,2161.56
-11799634.06,4654459.39,2161.49
-11799632.4,4654460.18,2161.44
-11799630.790000001,4654460.92,2161.54
-11799629.16,4654461.69,2161.57
-11799627.48,4654462.47,2161.61
-11799625.85,4654463.22,2161.61
-11799624.21,4654464.01,2161.59
-11799624.88,4654464.17,2161.61
-11799626.52,4654463.39,2161.61
-11799628.16,4654462.63,2161.58
-11799629.78,4654461.87,2161.54
-11799631.46,4654461.100000001,2161.53
-11799634.76,4654459.55,2161.5
-11799633.11,4654460.3100000005,2161.44
-11799638.06,4654458.0,2161.6
-11799636.4,4654458.7700000005,2161.55
-11799641.31,4654456.48,2161.63
-11799639.68,4654457.24,2161.61
-11799644.620000001,4654454.93,2161.69
-11799642.97,4654455.7,2161.67
-11799647.86,4654453.4,2161.75
-11799646.24,4654454.17,2161.73
-11799651.17,4654451.850000001,2161.8
-11799649.620000001,4654452.54,2162.69
-11799652.81,4654451.09,2161.79
-11799654.46,4654450.32,2161.82
-11799656.31,4654449.36,2164.21
-11799657.950000001,4654448.600000001,2164.17
-11799659.59,4654447.84,2164.13
-11799661.23,4654447.0600000005,2164.1
-11799664.55,4654445.51,2164.08
-11799662.9,4654446.29,2164.09
-11799666.01,4654444.91,2161.78
-11799666.200000001,4654444.74,2164.13
-11799667.75,4654444.04,2163.33
-11799669.35,4654443.3,2163.02
-11799669.26,4654443.39,2161.94
-11799672.58,4654441.82,2161.96
-11799670.91,4654442.61,2161.92
-11799675.86,4654440.29,2162.07
-11799674.23,4654441.05,2162.0
-11799679.1,4654438.78,2162.07
-11799677.48,4654439.53,2162.02
-11799682.38,4654437.24,2162.09
-11799680.74,4654437.99,2162.07
-11799685.63,4654435.72,2162.04
-11799684.02,4654436.48,2162.07
-11799688.950000001,4654434.14,2162.44
-11799687.290000001,4654434.93,2162.42
-11799690.61,4654433.37,2162.38
-11799690.85,4654433.15,2165.79
-11799692.49,4654432.36,2166.07
-11799695.78,4654430.8,2166.69
-11799694.13,4654431.59,2166.4
-11799699.08,4654429.24,2166.9
-11799697.43,4654430.0200000005,2167.03
-11799700.68,4654428.51,2166.59
-11799702.290000001,4654427.7700000005,2166.29
-11799703.91,4654427.0200000005,2165.98
-11799705.56,4654426.23,2166.01
-11799707.22,4654425.47,2166.21
-11799708.84,4654424.69,2166.44
-11799710.46,4654423.93,2166.52
-11799712.08,4654423.2,2166.11
-11799713.700000001,4654422.45,2165.73
-11799715.13,4654421.88,2162.73
-11799718.4,4654420.36,2162.56
-11799716.76,4654421.12,2162.71
-11799720.05,4654419.58,2162.54
-11799721.69,4654418.82,2162.56
-11799724.97,4654417.29,2162.63
-11799723.32,4654418.0600000005,2162.58
-11799728.22,4654415.76,2162.69
-11799726.6,4654416.5200000005,2162.67
-11799729.86,4654414.99,2162.69
-11799731.47,4654414.23,2162.76
-11799733.1,4654413.46,2162.75
-11799734.71,4654412.72,2162.75
-11799736.35,4654411.94,2162.78
-11799736.120000001,4654413.18,2162.79
-11799734.47,4654413.95,2162.76
-11799732.85,4654414.71,2162.79
-11799731.22,4654415.47,2162.75
-11799729.58,4654416.25,2162.69
-11799727.97,4654417.01,2162.67
-11799726.33,4654417.7700000005,2162.67
-11799724.69,4654418.54,2162.61
-11799723.05,4654419.3100000005,2162.59
-11799721.42,4654420.07,2162.55
-11799719.81,4654420.84,2162.56
-11799718.18,4654421.600000001,2162.58
-11799716.56,4654422.350000001,2162.77
-11799715.06,4654422.97,2165.58
-11799714.9,4654423.14,2162.76
-11799713.450000001,4654423.71,2165.99
-11799711.89,4654424.43,2166.38
-11799710.290000001,4654425.17,2166.77
-11799708.64,4654425.95,2166.63
-11799706.99,4654426.73,2166.4
-11799705.36,4654427.49,2166.17
-11799703.73,4654428.26,2166.17
-11799702.08,4654429.0200000005,2166.48
-11799700.47,4654429.76,2166.79
-11799697.25,4654431.28,2166.86
-11799698.88,4654430.51,2167.08
-11799695.63,4654432.0600000005,2166.51
-11799693.950000001,4654432.84,2166.21
-11799692.3,4654433.63,2165.88
-11799690.42,4654434.63,2162.44
-11799688.790000001,4654435.39,2162.38
-11799687.27,4654436.07,2163.74
-11799687.15,4654436.18,2162.04
-11799685.5,4654436.95,2162.09
-11799683.86,4654437.73,2162.11
-11799682.24,4654438.49,2162.08
-11799680.57,4654439.26,2162.07
-11799678.96,4654440.0200000005,2162.04
-11799677.34,4654440.78,2162.05
-11799675.71,4654441.55,2162.06
-11799672.41,4654443.100000001,2161.94
-11799674.05,4654442.32,2162.01
-11799670.78,4654443.87,2161.9
-11799669.120000001,4654444.63,2161.88
-11799669.22,4654444.53,2163.25
-11799667.47,4654445.42,2161.9
-11799666.03,4654446.0,2164.17
-11799667.620000001,4654445.29,2163.61
-11799664.26,4654446.88,2162.76
-11799665.84,4654446.17,2162.03
-11799662.73,4654447.5600000005,2164.09
-11799664.370000001,4654446.8,2164.07
-11799661.09,4654448.34,2164.11
-11799659.49,4654449.07,2164.11
-11799657.89,4654449.83,2164.15
-11799656.24,4654450.59,2164.22
-11799656.02,4654450.79,2161.78
-11799654.370000001,4654451.5600000005,2161.81
-11799652.72,4654452.34,2161.8
-11799651.07,4654453.11,2161.8
-11799649.43,4654453.87,2161.78
-11799647.790000001,4654454.65,2161.75
-11799646.18,4654455.41,2161.71
-11799644.55,4654456.17,2161.69
-11799642.870000001,4654456.95,2161.67
-11799641.23,4654457.73,2161.67
-11799639.59,4654458.49,2161.63
-11799637.950000001,4654459.2700000005,2161.61
-11799636.33,4654460.03,2161.57
-11799634.66,4654460.8100000005,2161.5
-11799633.02,4654461.58,2161.54
-11799631.370000001,4654462.350000001,2161.56
-11799629.75,4654463.12,2161.61
-11799628.120000001,4654463.88,2161.61
-11799626.48,4654464.64,2161.61
-11799624.82,4654465.43,2161.6
-11799624.99,4654465.94,2161.61
-11799626.61,4654465.18,2161.61
-11799628.25,4654464.4,2161.61
-11799629.89,4654463.64,2161.6
-11799631.52,4654462.88,2161.59
-11799636.47,4654460.57,2161.54
-11799633.18,4654462.100000001,2161.54
-11799638.14,4654459.79,2161.6
-11799634.83,4654461.33,2161.51
-11799639.790000001,4654459.01,2161.61
-11799641.43,4654458.24,2161.63
-11799643.11,4654457.46,2161.67
-11799644.75,4654456.69,2161.69
-11799646.36,4654455.93,2161.69
-11799648.0,4654455.17,2161.75
-11799649.66,4654454.38,2161.76
-11799651.34,4654453.61,2161.8
-11799652.98,4654452.850000001,2161.8
-11799654.58,4654452.09,2161.81
-11799656.22,4654451.32,2161.81
-11799658.09,4654450.37,2164.15
-11799659.73,4654449.59,2164.11
-11799661.370000001,4654448.83,2164.07
-11799663.02,4654448.07,2164.07
-11799664.53,4654447.41,2162.78
-11799666.08,4654446.72,2161.8
-11799666.27,4654446.53,2164.13
-11799667.870000001,4654445.8100000005,2163.44
-11799667.75,4654445.93,2161.92
-11799669.4,4654445.15,2161.96
-11799671.01,4654444.41,2161.88
-11799674.31,4654442.86,2161.97
-11799672.68,4654443.63,2161.94
-11799677.620000001,4654441.3100000005,2162.06
-11799675.97,4654442.08,2162.03
-11799680.86,4654439.8,2162.05
-11799679.24,4654440.55,2162.02
-11799682.5,4654439.0200000005,2162.07
-11799684.16,4654438.25,2162.09
-11799685.8,4654437.49,2162.08
-11799687.42,4654436.72,2162.06
-11799689.08,4654435.92,2162.38
-11799690.72,4654435.18,2162.44
-11799692.35,4654434.41,2162.28
-11799692.59,4654434.17,2165.81
-11799694.24,4654433.41,2166.11
-11799695.88,4654432.62,2166.44
-11799697.53,4654431.84,2166.76
-11799699.19,4654431.04,2167.09
-11799700.83,4654430.3,2166.86
-11799702.46,4654429.5200000005,2166.56
-11799704.06,4654428.8,2166.22
-11799705.67,4654428.05,2166.3
-11799707.31,4654427.2700000005,2166.53
-11799708.96,4654426.49,2166.76
-11799710.59,4654425.73,2166.85
-11799712.19,4654424.98,2166.47
-11799715.44,4654423.49,2165.67
-11799713.81,4654424.24,2166.09
-11799716.92,4654422.9,2162.78
-11799718.56,4654422.14,2162.69
-11799720.17,4654421.39,2162.55
-11799721.790000001,4654420.63,2162.57
-11799723.41,4654419.87,2162.59
-11799726.68,4654418.34,2162.63
-11799725.05,4654419.11,2162.61
-11799731.58,4654416.05,2162.75
-11799728.32,4654417.57,2162.65
-11799734.85,4654414.51,2162.78
-11799729.96,4654416.8100000005,2162.67
-11799736.49,4654413.75,2162.79
-11799733.22,4654415.2700000005,2162.76
-11799736.31,4654414.73,2162.81
-11799734.66,4654415.5,2162.79
-11799732.98,4654416.29,2162.76
-11799731.36,4654417.05,2162.73
-11799729.78,4654417.8,2162.69
-11799726.46,4654419.350000001,2162.63
-11799728.120000001,4654418.5600000005,2162.65
-11799724.81,4654420.12,2162.63
-11799723.21,4654420.86,2162.61
-11799721.59,4654421.62,2162.6
-11799719.98,4654422.39,2162.57
-11799718.35,4654423.15,2162.78
-11799716.69,4654423.92,2162.8
-11799716.84,4654423.76,2165.54
-11799715.23,4654424.51,2165.86
-11799710.5,4654426.66,2167.72
-11799713.64,4654425.23,2166.29
-11799708.81,4654427.48,2166.88
-11799712.06,4654425.97,2166.67
-11799707.18,4654428.24,2166.65
-11799705.53,4654429.01,2166.44
-11799703.9,4654429.8,2166.4
-11799702.290000001,4654430.54,2166.69
-11799700.66,4654431.3,2167.0
-11799699.02,4654432.0600000005,2166.94
-11799697.41,4654432.83,2166.6
-11799695.77,4654433.61,2166.3
-11799694.09,4654434.41,2165.98
-11799692.22,4654435.4,2162.46
-11799688.92,4654436.96,2162.09
-11799690.59,4654436.16,2162.44
-11799689.040000001,4654436.850000001,2163.67
-11799687.290000001,4654437.73,2162.07
-11799685.67,4654438.49,2162.1
-11799684.03,4654439.24,2162.1
-11799682.39,4654440.0200000005,2162.09
-11799680.77,4654440.79,2162.07
-11799679.13,4654441.53,2162.04
-11799677.5,4654442.3,2162.07
-11799675.82,4654443.100000001,2162.04
-11799674.16,4654443.88,2161.98
-11799672.55,4654444.65,2161.92
-11799669.39,4654446.0600000005,2163.36
-11799670.92,4654445.41,2161.9
-11799667.63,4654446.94,2161.92
-11799669.290000001,4654446.17,2162.01
-11799664.39,4654448.43,2162.48
-11799665.950000001,4654447.72,2161.88
-11799661.3,4654449.850000001,2164.07
-11799662.82,4654449.16,2162.86
-11799659.64,4654450.62,2164.1
-11799658.0,4654451.38,2164.15
-11799656.18,4654452.3100000005,2161.82
-11799654.55,4654453.07,2161.81
-11799652.91,4654453.84,2161.82
-11799651.26,4654454.61,2161.81
-11799649.61,4654455.4,2161.78
-11799647.98,4654456.16,2161.78
-11799646.34,4654456.91,2161.75
-11799644.69,4654457.71,2161.73
-11799641.43,4654459.23,2161.65
-11799643.05,4654458.47,2161.69
-11799639.75,4654460.0200000005,2161.63
-11799638.120000001,4654460.78,2161.63
-11799634.83,4654462.32,2161.56
-11799636.5,4654461.5600000005,2161.57
-11799631.57,4654463.850000001,2161.61
-11799633.18,4654463.100000001,2161.59
-11799629.9,4654464.64,2161.65
-11799628.24,4654465.42,2161.67
-11799626.59,4654466.19,2161.61
-11799624.93,4654466.96,2161.58
-11799625.36,4654467.5,2161.56
-11799627.0,4654466.74,2161.63
-11799628.63,4654465.96,2161.63
-11799630.27,4654465.2,2161.63
-11799631.88,4654464.47,2161.61
-11799633.52,4654463.69,2161.57
-11799635.15,4654462.94,2161.54
-11799636.77,4654462.18,2161.56
-11799638.41,4654461.41,2161.61
-11799640.040000001,4654460.64,2161.63
-11799641.68,4654459.88,2161.67
-11799643.32,4654459.12,2161.69
-11799644.94,4654458.36,2161.72
-11799646.58,4654457.600000001,2161.72
-11799648.23,4654456.82,2161.75
-11799649.870000001,4654456.05,2161.78
-11799651.51,4654455.29,2161.79
-11799653.11,4654454.54,2161.83
-11799654.76,4654453.76,2161.81
-11799656.4,4654453.0,2161.82
-11799658.01,4654452.25,2161.84
-11799656.53,4654452.9,2163.22
-11799658.11,4654452.16,2163.05
-11799658.21,4654452.07,2164.13
-11799659.83,4654451.3100000005,2164.06
-11799661.27,4654450.73,2161.85
-11799661.46,4654450.5600000005,2164.01
-11799662.96,4654449.9,2162.6
-11799664.56,4654449.17,2161.9
-11799666.19,4654448.43,2161.86
-11799667.8,4654447.67,2161.9
-11799669.450000001,4654446.9,2161.99
-11799671.08,4654446.14,2161.92
-11799672.71,4654445.39,2161.92
-11799677.61,4654443.09,2162.07
-11799674.35,4654444.61,2161.96
-11799679.26,4654442.32,2162.05
-11799675.99,4654443.850000001,2161.99
-11799680.88,4654441.57,2162.04
-11799682.52,4654440.79,2162.07
-11799684.17,4654440.0200000005,2162.08
-11799685.81,4654439.26,2162.1
-11799687.4,4654438.51,2162.09
-11799689.01,4654437.76,2162.08
-11799690.67,4654436.97,2162.4
-11799692.3,4654436.21,2162.44
-11799694.17,4654435.23,2165.85
-11799697.46,4654433.67,2166.47
-11799695.82,4654434.44,2166.13
-11799699.11,4654432.88,2166.81
-11799700.77,4654432.09,2167.1
-11799702.39,4654431.34,2166.81
-11799703.950000001,4654430.63,2166.54
-11799707.22,4654429.100000001,2166.79
-11799705.57,4654429.88,2166.57
-11799708.84,4654428.32,2167.0
-11799710.51,4654427.51,2167.78
-11799712.07,4654426.84,2166.61
-11799713.700000001,4654426.08,2166.38
-11799715.32,4654425.34,2166.05
-11799716.93,4654424.61,2165.65
-11799718.39,4654424.01,2162.81
-11799719.99,4654423.26,2162.69
-11799721.6,4654422.5200000005,2162.58
-11799723.25,4654421.74,2162.59
-11799726.66,4654420.05,2165.49
-11799724.91,4654420.97,2162.63
-11799726.71,4654420.0,2166.49
-11799726.52,4654420.22,2162.63
-11799728.16,4654419.46,2162.63
-11799729.77,4654418.69,2162.67
-11799731.4,4654417.93,2162.73
-11799733.03,4654417.17,2162.75
-11799736.25,4654415.66,2162.83
-11799734.63,4654416.42,2162.8
-11799736.09,4654416.7,2162.83
-11799734.46,4654417.48,2162.77
-11799732.83,4654418.24,2162.76
-11799731.19,4654419.03,2162.71
-11799729.58,4654419.7700000005,2162.69
-11799727.97,4654420.54,2162.61
-11799728.120000001,4654420.37,2165.69
-11799728.19,4654420.26,2167.31
-11799726.31,4654421.3,2162.58
-11799726.53,4654421.0600000005,2167.04
-11799724.68,4654422.07,2162.61
-11799723.05,4654422.83,2162.6
-11799721.41,4654423.59,2162.58
-11799719.81,4654424.34,2162.81
-11799718.17,4654425.12,2162.82
-11799718.31,4654424.96,2165.5
-11799716.69,4654425.71,2165.82
-11799715.09,4654426.45,2166.03
-11799713.48,4654427.19,2166.23
-11799711.88,4654427.94,2166.42
-11799711.950000001,4654427.87,2167.73
-11799708.6,4654429.45,2166.88
-11799710.25,4654428.69,2166.63
-11799706.99,4654430.22,2166.94
-11799705.33,4654430.99,2166.72
-11799703.73,4654431.75,2166.73
-11799702.120000001,4654432.49,2167.03
-11799700.48,4654433.26,2166.92
-11799697.16,4654434.84,2166.28
-11799698.83,4654434.05,2166.63
-11799695.5,4654435.62,2165.94
-11799693.66,4654436.61,2162.46
-11799692.03,4654437.37,2162.46
-11799690.36,4654438.15,2162.06
-11799690.47,4654438.04,2163.69
-11799688.74,4654438.92,2162.11
-11799687.15,4654439.66,2162.11
-11799685.5,4654440.44,2162.08
-11799683.85,4654441.2,2162.09
-11799682.24,4654441.96,2162.07
-11799680.58,4654442.74,2162.06
-11799678.94,4654443.5,2162.11
-11799677.31,4654444.2700000005,2162.05
-11799675.67,4654445.05,2162.01
-11799674.0,4654445.8100000005,2161.94
-11799672.36,4654446.600000001,2161.94
-11799670.75,4654447.34,2162.05
-11799670.85,4654447.25,2163.33
-11799669.1,4654448.11,2161.96
-11799667.47,4654448.87,2161.9
-11799665.82,4654449.64,2161.85
-11799664.19,4654450.4,2161.94
-11799662.55,4654451.17,2162.02
-11799661.03,4654451.850000001,2163.32
-11799660.9,4654451.94,2161.88
-11799659.46,4654452.5600000005,2164.05
-11799657.72,4654453.4,2163.11
-11799655.97,4654454.26,2161.97
-11799654.31,4654455.05,2161.82
-11799652.69,4654455.8,2161.79
-11799651.05,4654456.57,2161.79
-11799651.950000001,4654455.83,2171.4
-11799649.41,4654457.34,2161.82
-11799646.16,4654458.86,2161.74
-11799647.790000001,4654458.100000001,2161.74
-11799644.51,4654459.63,2161.72
-11799642.83,4654460.42,2161.69
-11799641.19,4654461.18,2161.65
-11799639.58,4654461.94,2161.63
-11799637.93,4654462.72,2161.6
-11799636.26,4654463.51,2161.57
-11799634.61,4654464.2700000005,2161.6
-11799632.97,4654465.04,2161.61
-11799631.32,4654465.82,2161.63
-11799629.68,4654466.58,2161.65
-11799628.07,4654467.34,2161.65
-11799626.41,4654468.100000001,2161.58
-11799624.75,4654468.89,2161.52
-11799624.02,4654469.850000001,2161.44
-11799625.68,4654469.07,2161.53
-11799627.36,4654468.28,2161.59
-11799629.0,4654467.51,2161.63
-11799630.64,4654466.75,2161.65
-11799632.290000001,4654465.99,2161.65
-11799633.93,4654465.21,2161.63
-11799635.57,4654464.45,2161.59
-11799638.84,4654462.91,2161.61
-11799637.200000001,4654463.7,2161.59
-11799640.49,4654462.15,2161.65
-11799642.14,4654461.39,2161.65
-11799645.44,4654459.84,2161.72
-11799643.8,4654460.600000001,2161.69
-11799647.08,4654459.08,2161.75
-11799648.74,4654458.3100000005,2161.75
-11799650.39,4654457.53,2161.77
-11799651.3,4654456.8,2171.3
-11799652.98,4654456.0200000005,2171.34
-11799653.15,4654455.87,2173.22
-11799653.72,4654455.97,2161.83
-11799655.33,4654455.23,2161.9
-11799656.93,4654454.47,2161.88
-11799657.06,4654454.37,2163.24
-11799658.71,4654453.61,2163.08
-11799660.4,4654452.79,2163.35
-11799661.92,4654452.13,2161.86
-11799665.15,4654450.64,2161.86
-11799663.540000001,4654451.4,2161.86
-11799668.46,4654449.100000001,2161.94
-11799666.790000001,4654449.88,2161.9
-11799670.07,4654448.34,2161.96
-11799671.700000001,4654447.58,2162.11
-11799673.35,4654446.82,2161.92
-11799676.65,4654445.2700000005,2162.01
-11799675.03,4654446.0200000005,2161.96
-11799678.28,4654444.51,2162.08
-11799679.93,4654443.72,2162.11
-11799683.21,4654442.21,2162.08
-11799681.58,4654442.97,2162.08
-11799684.84,4654441.45,2162.07
-11799684.96,4654441.33,2163.79
-11799688.14,4654439.91,2162.1
-11799686.49,4654440.67,2162.11
-11799689.790000001,4654439.12,2162.1
-11799691.47,4654438.33,2162.53
-11799693.07,4654437.59,2162.47
-11799694.67,4654436.83,2162.53
-11799694.9,4654436.63,2165.71
-11799696.540000001,4654435.84,2166.05
-11799698.21,4654435.0600000005,2166.36
-11799699.89,4654434.25,2166.71
-11799701.53,4654433.49,2167.0
-11799703.14,4654432.74,2166.94
-11799704.78,4654431.98,2166.75
-11799706.450000001,4654431.2,2166.96
-11799708.1,4654430.42,2166.85
-11799711.290000001,4654428.95,2166.4
-11799709.71,4654429.69,2166.61
-11799712.9,4654428.2,2166.17
-11799714.53,4654427.45,2166.0
-11799716.13,4654426.7,2165.76
-11799717.61,4654426.12,2162.82
-11799717.76,4654425.96,2165.52
-11799719.26,4654425.34,2162.82
-11799720.86,4654424.600000001,2162.79
-11799722.49,4654423.850000001,2162.6
-11799724.120000001,4654423.08,2162.63
-11799725.75,4654422.33,2162.63
-11799725.98,4654422.0600000005,2167.31
-11799729.040000001,4654420.78,2162.69
-11799727.63,4654421.28,2167.67
-11799730.68,4654420.0200000005,2162.69
-11799729.21,4654420.600000001,2166.04
-11799733.950000001,4654418.5,2162.77
-11799732.31,4654419.26,2162.73
-11799735.56,4654417.73,2162.81
-11799735.52,4654418.850000001,2162.82
-11799733.92,4654419.61,2162.79
-11799732.27,4654420.39,2162.73
-11799730.620000001,4654421.15,2162.73
-11799729.0,4654421.91,2162.72
-11799729.14,4654421.75,2165.63
-11799729.21,4654421.69,2167.02
-11799727.58,4654422.45,2166.92
-11799725.74,4654423.44,2162.67
-11799724.120000001,4654424.21,2162.63
-11799722.48,4654424.97,2162.67
-11799720.85,4654425.73,2162.85
-11799717.58,4654427.25,2162.86
-11799719.22,4654426.49,2162.84
-11799715.950000001,4654428.03,2162.84
-11799716.1,4654427.86,2165.57
-11799714.48,4654428.62,2165.81
-11799712.86,4654429.36,2166.01
-11799711.26,4654430.100000001,2166.27
-11799709.64,4654430.850000001,2166.58
-11799708.040000001,4654431.59,2166.92
-11799704.81,4654433.100000001,2166.94
-11799706.42,4654432.350000001,2167.11
-11799701.540000001,4654434.63,2166.84
-11799703.19,4654433.850000001,2167.09
-11799699.89,4654435.42,2166.52
-11799698.23,4654436.2,2166.23
-11799696.57,4654437.0,2165.9
-11799694.71,4654437.98,2162.48
-11799694.8,4654437.89,2163.82
-11799694.92,4654437.7700000005,2165.65
-11799693.09,4654438.73,2162.49
-11799691.44,4654439.51,2162.07
-11799691.700000001,4654439.28,2165.67
-11799689.82,4654440.28,2162.11
-11799688.18,4654441.04,2162.11
-11799686.540000001,4654441.8100000005,2162.15
-11799684.97,4654442.51,2163.09
-11799683.23,4654443.36,2162.06
-11799683.370000001,4654443.23,2163.82
-11799681.58,4654444.12,2162.1
-11799679.96,4654444.89,2162.11
-11799678.33,4654445.66,2162.07
-11799676.68,4654446.42,2162.02
-11799675.03,4654447.18,2161.96
-11799673.36,4654447.98,2161.96
-11799671.76,4654448.72,2161.97
-11799671.9,4654448.61,2163.63
-11799670.15,4654449.48,2161.97
-11799668.51,4654450.25,2161.94
-11799666.85,4654451.0200000005,2161.88
-11799665.200000001,4654451.8,2161.88
-11799663.56,4654452.55,2161.88
-11799661.96,4654453.3100000005,2161.92
-11799662.08,4654453.21,2163.15
-11799660.42,4654453.97,2163.36
-11799658.75,4654454.79,2163.11
-11799658.63,4654454.88,2161.9
-11799656.99,4654455.64,2161.9
-11799655.370000001,4654456.4,2161.86
-11799654.540000001,4654456.5,2170.81
-11799653.18,4654457.04,2173.58
-11799651.74,4654457.64,2175.44
-11799648.790000001,4654459.48,2161.76
-11799647.19,4654460.23,2161.74
-11799645.52,4654461.01,2161.71
-11799643.86,4654461.8,2161.73
-11799642.200000001,4654462.5600000005,2161.67
-11799640.56,4654463.33,2161.67
-11799638.91,4654464.09,2161.63
-11799637.27,4654464.88,2161.61
-11799635.65,4654465.63,2161.65
-11799634.01,4654466.39,2161.65
-11799632.34,4654467.18,2161.67
-11799630.72,4654467.94,2161.67
-11799629.08,4654468.69,2161.61
-11799627.41,4654469.49,2161.61
-11799625.72,4654470.28,2161.52
-11799624.08,4654471.04,2161.38
-11799624.55,4654471.43,2161.36
-11799626.200000001,4654470.64,2161.5
-11799629.52,4654469.11,2161.63
-11799627.88,4654469.87,2161.57
-11799631.16,4654468.33,2161.67
-11799632.81,4654467.57,2161.67
-11799636.09,4654466.03,2161.63
-11799634.43,4654466.8100000005,2161.65
-11799637.75,4654465.26,2161.63
-11799639.38,4654464.5,2161.61
-11799641.05,4654463.72,2161.65
-11799642.71,4654462.95,2161.67
-11799644.35,4654462.19,2161.71
-11799646.0,4654461.4,2161.72
-11799647.620000001,4654460.65,2161.73
-11799649.22,4654459.9,2161.75
-11799650.49,4654458.89,2174.9
-11799652.16,4654458.100000001,2175.19
-11799652.42,4654457.89,2177.97
-11799653.63,4654457.47,2173.15
-11799653.88,4654457.2700000005,2175.8
-11799654.99,4654456.92,2170.38
-11799655.14,4654456.8100000005,2171.96
-11799655.24,4654456.73,2173.07
-11799655.83,4654456.8,2161.86
-11799657.5,4654456.03,2161.88
-11799659.17,4654455.26,2161.9
-11799660.94,4654454.39,2163.36
-11799662.43,4654453.73,2161.88
-11799664.07,4654452.97,2161.88
-11799665.68,4654452.21,2161.86
-11799667.33,4654451.46,2161.88
-11799668.97,4654450.67,2161.94
-11799670.6,4654449.91,2161.97
-11799672.26,4654449.14,2161.94
-11799672.39,4654449.03,2163.56
-11799673.91,4654448.37,2161.92
-11799675.57,4654447.61,2161.97
-11799677.19,4654446.84,2162.0
-11799680.5,4654445.3,2162.13
-11799678.84,4654446.08,2162.08
-11799682.11,4654444.54,2162.13
-11799683.8,4654443.73,2163.05
-11799685.43,4654442.98,2162.99
-11799687.03,4654442.24,2162.23
-11799687.120000001,4654442.17,2163.47
-11799688.68,4654441.48,2162.11
-11799690.32,4654440.72,2162.09
-11799690.56,4654440.5,2165.61
-11799692.24,4654439.7,2165.86
-11799693.620000001,4654439.17,2162.49
-11799695.290000001,4654438.34,2163.82
-11799695.200000001,4654438.42,2162.52
-11799697.05,4654437.44,2165.88
-11799698.73,4654436.67,2166.29
-11799700.41,4654435.88,2166.54
-11799702.07,4654435.09,2166.84
-11799703.71,4654434.32,2167.1
-11799705.31,4654433.55,2167.08
-11799706.950000001,4654432.8100000005,2166.98
-11799708.6,4654432.04,2166.78
-11799710.19,4654431.3100000005,2166.57
-11799711.78,4654430.57,2166.21
-11799713.41,4654429.82,2165.88
-11799715.03,4654429.0600000005,2165.63
-11799716.49,4654428.48,2162.85
-11799718.120000001,4654427.72,2162.85
-11799716.63,4654428.34,2165.38
-11799719.76,4654426.96,2162.84
-11799721.41,4654426.2,2162.83
-11799723.040000001,4654425.44,2162.71
-11799724.65,4654424.69,2162.65
-11799726.28,4654423.93,2162.67
-11799727.92,4654423.15,2162.67
-11799728.11,4654422.96,2166.36
-11799729.57,4654422.39,2162.72
-11799729.68,4654422.26,2165.08
-11799731.21,4654421.62,2162.73
-11799732.82,4654420.850000001,2162.73
-11799734.450000001,4654420.09,2162.78
-11799736.09,4654419.34,2162.85
-11799736.3,4654420.38,2162.86
-11799734.69,4654421.14,2162.82
-11799733.06,4654421.9,2162.75
-11799731.43,4654422.66,2162.76
-11799729.82,4654423.43,2162.75
-11799728.17,4654424.2,2162.71
-11799726.53,4654424.96,2162.69
-11799724.89,4654425.72,2162.67
-11799723.27,4654426.49,2162.81
-11799721.64,4654427.23,2162.86
-11799720.0,4654428.0,2162.85
-11799718.4,4654428.76,2162.85
-11799716.74,4654429.53,2162.85
-11799715.13,4654430.2700000005,2163.42
-11799715.26,4654430.15,2165.49
-11799713.67,4654430.87,2165.9
-11799712.05,4654431.61,2166.11
-11799710.450000001,4654432.37,2166.33
-11799708.84,4654433.12,2166.55
-11799707.200000001,4654433.850000001,2166.75
-11799705.59,4654434.62,2166.97
-11799703.98,4654435.36,2167.15
-11799702.36,4654436.13,2166.94
-11799700.69,4654436.91,2166.55
-11799699.01,4654437.73,2166.15
-11799697.34,4654438.5,2165.75
-11799695.5,4654439.47,2162.61
-11799693.89,4654440.23,2162.61
-11799692.5,4654440.7700000005,2166.11
-11799694.09,4654440.04,2165.48
-11799690.84,4654441.55,2165.98
-11799689.01,4654442.48,2163.47
-11799689.17,4654442.34,2165.65
-11799687.33,4654443.29,2162.83
-11799687.52,4654443.100000001,2165.54
-11799685.71,4654444.05,2162.81
-11799684.120000001,4654444.78,2163.23
-11799682.450000001,4654445.5600000005,2162.81
-11799680.76,4654446.38,2162.11
-11799679.120000001,4654447.14,2162.09
-11799677.49,4654447.91,2162.02
-11799675.82,4654448.7,2161.99
-11799674.18,4654449.46,2162.0
-11799670.950000001,4654450.97,2162.01
-11799672.58,4654450.21,2161.98
-11799669.28,4654451.76,2161.94
-11799667.6,4654452.55,2161.9
-11799665.96,4654453.3100000005,2161.92
-11799664.33,4654454.07,2161.88
-11799662.72,4654454.83,2161.88
-11799662.85,4654454.73,2163.26
-11799661.08,4654455.59,2161.88
-11799661.22,4654455.46,2163.44
-11799659.43,4654456.37,2161.9
-11799656.14,4654457.9,2161.88
-11799657.790000001,4654457.13,2161.92
-11799655.75,4654457.65,2175.05
-11799655.93,4654457.5200000005,2176.94
-11799654.38,4654458.21,2177.94
-11799654.51,4654458.100000001,2179.33
-11799652.56,4654459.12,2176.08
-11799652.68,4654459.03,2177.29
-11799649.57,4654460.99,2161.72
-11799653.02,4654458.76,2180.9
-11799649.85,4654460.76,2164.65
-11799651.14,4654459.73,2178.11
-11799647.93,4654461.75,2161.76
-11799648.25,4654461.48,2165.02
-11799646.3,4654462.51,2161.73
-11799644.64,4654463.29,2161.73
-11799642.99,4654464.05,2161.69
-11799641.36,4654464.8100000005,2161.65
-11799638.040000001,4654466.37,2161.67
-11799639.72,4654465.59,2161.63
-11799636.39,4654467.15,2161.67
-11799634.77,4654467.91,2161.67
-11799633.15,4654468.64,2161.69
-11799631.52,4654469.41,2161.67
-11799629.870000001,4654470.19,2161.65
-11799628.22,4654470.97,2161.56
-11799626.540000001,4654471.76,2161.5
-11799624.85,4654472.53,2161.36
-11799624.71,4654473.37,2161.38
-11799626.370000001,4654472.59,2161.42
-11799628.08,4654471.79,2161.55
-11799629.74,4654471.0200000005,2161.59
-11799631.38,4654470.25,2161.67
-11799634.68,4654468.72,2161.69
-11799633.05,4654469.48,2161.71
-11799637.98,4654467.18,2161.67
-11799636.34,4654467.94,2161.65
-11799639.6,4654466.42,2161.67
-11799641.24,4654465.66,2161.65
-11799642.89,4654464.88,2161.67
-11799644.55,4654464.12,2161.69
-11799646.21,4654463.350000001,2161.72
-11799646.55,4654463.07,2165.23
-11799649.83,4654461.54,2165.13
-11799648.23,4654462.2700000005,2165.72
-11799652.790000001,4654459.72,2178.61
-11799652.950000001,4654459.61,2180.33
-11799653.08,4654459.5,2181.72
-11799654.56,4654458.84,2180.25
-11799655.86,4654458.36,2177.1
-11799656.06,4654458.73,2161.92
-11799656.96,4654458.0200000005,2171.58
-11799657.700000001,4654457.98,2161.92
-11799659.36,4654457.19,2161.9
-11799661.0,4654456.43,2161.92
-11799662.6,4654455.69,2161.9
-11799664.24,4654454.93,2161.9
-11799665.91,4654454.16,2161.9
-11799667.57,4654453.38,2161.88
-11799669.21,4654452.62,2161.92
-11799670.84,4654451.86,2162.01
-11799672.5,4654451.08,2162.01
-11799674.15,4654450.32,2161.92
-11799674.27,4654450.22,2163.44
-11799675.8,4654449.53,2161.97
-11799677.42,4654448.79,2162.02
-11799679.040000001,4654448.04,2162.06
-11799680.84,4654447.15,2163.79
-11799680.700000001,4654447.26,2162.11
-11799684.03,4654445.69,2162.77
-11799682.4,4654446.45,2162.8
-11799685.66,4654444.93,2162.8
-11799687.290000001,4654444.16,2162.79
-11799687.49,4654443.98,2165.59
-11799689.16,4654443.18,2165.79
-11799689.26,4654443.100000001,2167.19
-11799694.08,4654440.91,2165.78
-11799690.84,4654442.41,2166.17
-11799697.32,4654439.4,2165.63
-11799692.5,4654441.62,2166.4
-11799698.98,4654438.61,2165.92
-11799695.47,4654440.34,2162.59
-11799700.66,4654437.82,2166.33
-11799697.1,4654439.59,2162.63
-11799703.96,4654436.26,2167.05
-11799702.3,4654437.04,2166.76
-11799707.18,4654434.7700000005,2166.63
-11799705.58,4654435.51,2166.82
-11799710.4,4654433.28,2166.22
-11799708.790000001,4654434.03,2166.44
-11799711.99,4654432.55,2166.0
-11799713.620000001,4654431.8,2165.83
-11799715.16,4654431.15,2163.51
-11799715.28,4654431.04,2165.6
-11799716.78,4654430.42,2162.84
-11799720.01,4654428.91,2162.85
-11799718.41,4654429.65,2162.84
-11799721.64,4654428.16,2162.86
-11799723.26,4654427.4,2162.86
-11799724.870000001,4654426.65,2162.67
-11799726.49,4654425.9,2162.71
-11799728.120000001,4654425.12,2162.71
-11799729.74,4654424.36,2162.75
-11799731.4,4654423.600000001,2162.75
-11799733.05,4654422.83,2162.78
-11799734.68,4654422.07,2162.8
-11799736.31,4654421.3,2162.85
-11799734.88,4654423.17,2162.8
-11799736.53,4654422.39,2162.85
-11799731.64,4654424.69,2162.79
-11799733.24,4654423.93,2162.8
-11799728.370000001,4654426.2,2162.74
-11799730.02,4654425.42,2162.76
-11799725.08,4654427.75,2162.79
-11799726.72,4654426.99,2162.72
-11799720.22,4654430.0200000005,2162.84
-11799723.47,4654428.5,2162.86
-11799718.58,4654430.78,2162.84
-11799721.84,4654429.26,2162.88
-11799716.950000001,4654431.54,2162.86
-11799715.3,4654432.32,2162.86
-11799713.71,4654433.04,2163.44
-11799713.84,4654432.91,2165.57
-11799712.22,4654433.66,2165.77
-11799710.59,4654434.41,2165.98
-11799708.98,4654435.17,2166.19
-11799707.370000001,4654435.92,2166.38
-11799705.77,4654436.65,2166.6
-11799702.5,4654438.18,2166.58
-11799704.15,4654437.4,2166.85
-11799700.84,4654438.96,2166.17
-11799699.18,4654439.75,2165.76
-11799697.34,4654440.72,2162.63
-11799695.700000001,4654441.48,2162.6
-11799695.89,4654441.3,2165.42
-11799694.3,4654442.01,2166.05
-11799692.700000001,4654442.76,2166.48
-11799691.06,4654443.53,2166.32
-11799689.39,4654444.3100000005,2165.9
-11799687.75,4654445.100000001,2165.76
-11799685.89,4654446.05,2162.8
-11799686.11,4654445.87,2165.63
-11799684.24,4654446.83,2162.8
-11799682.63,4654447.59,2162.81
-11799681.01,4654448.34,2162.81
-11799679.31,4654449.16,2162.05
-11799677.67,4654449.92,2162.02
-11799676.01,4654450.7,2162.02
-11799672.73,4654452.23,2162.0
-11799674.36,4654451.47,2162.01
-11799671.1,4654453.0,2161.97
-11799669.44,4654453.7700000005,2161.94
-11799667.77,4654454.5600000005,2161.92
-11799666.14,4654455.32,2161.92
-11799664.55,4654456.0600000005,2161.92
-11799662.93,4654456.82,2161.9
-11799661.27,4654457.59,2161.94
-11799659.6,4654458.37,2161.94
-11799657.950000001,4654459.13,2161.94
-11799656.33,4654459.89,2161.92
-11799656.83,4654459.49,2167.35
-11799655.27,4654460.2,2168.15
-11799655.76,4654459.79,2173.36
-11799656.07,4654459.55,2176.74
-11799654.83,4654460.0,2180.79
-11799651.74,4654461.93,2165.44
-11799653.36,4654460.64,2182.38
-11799653.450000001,4654460.5600000005,2183.31
-11799648.53,4654463.4,2165.82
-11799650.24,4654462.600000001,2166.55
-11799646.46,4654464.51,2161.69
-11799646.78,4654464.26,2164.92
-11799644.84,4654465.26,2161.75
-11799643.19,4654466.0200000005,2161.69
-11799641.53,4654466.82,2161.67
-11799638.26,4654468.350000001,2161.67
-11799639.9,4654467.58,2161.67
-11799634.97,4654469.88,2161.71
-11799636.6,4654469.12,2161.71
-11799633.31,4654470.66,2161.72
-11799631.69,4654471.42,2161.69
-11799630.02,4654472.19,2161.63
-11799628.34,4654472.97,2161.53
-11799625.03,4654474.53,2161.42
-11799626.67,4654473.7700000005,2161.44
-11799624.59,4654475.39,2161.44
-11799626.22,4654474.64,2161.42
-11799627.86,4654473.88,2161.44
-11799629.52,4654473.100000001,2161.57
-11799632.8,4654471.5600000005,2161.69
-11799631.17,4654472.32,2161.63
-11799634.450000001,4654470.8,2161.69
-11799636.120000001,4654470.0200000005,2161.71
-11799637.77,4654469.26,2161.69
-11799639.42,4654468.49,2161.69
-11799641.07,4654467.7,2161.67
-11799642.700000001,4654466.96,2161.67
-11799644.34,4654466.2,2161.67
-11799645.98,4654465.43,2161.74
-11799646.99,4654464.63,2171.99
-11799647.950000001,4654464.41,2165.35
-11799648.19,4654464.21,2167.74
-11799649.790000001,4654463.47,2167.28
-11799650.46,4654462.95,2174.11
-11799651.16,4654462.95,2163.94
-11799651.4,4654462.75,2166.46
-11799654.51,4654460.82,2181.9
-11799654.97,4654460.98,2169.99
-11799655.38,4654460.66,2174.28
-11799655.55,4654460.53,2176.09
-11799655.78,4654460.33,2178.61
-11799655.84,4654460.83,2161.96
-11799656.370000001,4654460.4,2167.65
-11799657.48,4654460.07,2161.94
-11799659.15,4654459.28,2161.9
-11799660.83,4654458.51,2161.92
-11799662.43,4654457.75,2161.94
-11799664.06,4654457.01,2161.92
-11799665.72,4654456.24,2161.92
-11799667.36,4654455.45,2161.92
-11799669.0,4654454.7,2161.94
-11799670.63,4654453.95,2161.94
-11799672.27,4654453.19,2161.96
-11799674.1,4654452.26,2164.05
-11799673.93,4654452.41,2161.94
-11799675.6,4654451.61,2161.98
-11799677.24,4654450.850000001,2161.99
-11799678.86,4654450.100000001,2162.05
-11799680.5,4654449.34,2162.08
-11799682.18,4654448.54,2162.82
-11799683.81,4654447.78,2162.81
-11799685.44,4654447.0200000005,2162.84
-11799685.66,4654446.82,2165.65
-11799687.27,4654446.07,2165.8
-11799688.9,4654445.3100000005,2165.92
-11799690.56,4654444.53,2166.07
-11799692.24,4654443.74,2166.42
-11799693.86,4654443.0,2166.1
-11799695.44,4654442.2700000005,2165.79
-11799696.86,4654441.71,2162.53
-11799698.51,4654440.94,2162.63
-11799700.41,4654439.96,2165.88
-11799702.05,4654439.17,2166.31
-11799703.67,4654438.41,2166.72
-11799705.3,4654437.65,2166.69
-11799706.92,4654436.9,2166.33
-11799708.56,4654436.14,2166.11
-11799710.15,4654435.41,2165.94
-11799711.77,4654434.66,2165.72
-11799713.290000001,4654434.03,2163.44
-11799713.4,4654433.92,2165.5
-11799714.89,4654433.3100000005,2162.85
-11799716.5,4654432.55,2162.85
-11799718.13,4654431.8,2162.84
-11799719.77,4654431.04,2162.83
-11799721.39,4654430.28,2162.84
-11799723.03,4654429.51,2162.85
-11799724.67,4654428.75,2162.86
-11799726.290000001,4654428.0,2162.75
-11799727.91,4654427.24,2162.73
-11799729.51,4654426.49,2162.74
-11799731.15,4654425.73,2162.77
-11799732.8,4654424.96,2162.8
-11799734.46,4654424.2,2162.8
-11799736.09,4654423.42,2162.85
-11799736.39,4654424.44,2162.88
-11799734.77,4654425.19,2162.84
-11799731.47,4654426.74,2162.8
-11799733.120000001,4654425.97,2162.81
-11799729.84,4654427.5,2162.78
-11799728.22,4654428.2700000005,2162.76
-11799726.59,4654429.03,2162.8
-11799724.96,4654429.76,2162.88
-11799721.75,4654431.29,2162.83
-11799723.36,4654430.5200000005,2162.86
-11799720.11,4654432.05,2162.82
-11799718.46,4654432.82,2162.85
-11799716.81,4654433.58,2162.86
-11799715.18,4654434.36,2162.85
-11799713.57,4654435.11,2162.86
-11799711.93,4654435.850000001,2163.29
-11799712.07,4654435.73,2165.48
-11799710.44,4654436.47,2165.67
-11799708.82,4654437.22,2166.0
-11799707.200000001,4654437.96,2166.38
-11799705.61,4654438.68,2166.8
-11799704.0,4654439.44,2166.57
-11799702.34,4654440.24,2166.15
-11799700.67,4654441.03,2165.71
-11799698.84,4654441.99,2162.63
-11799697.19,4654442.76,2162.51
-11799695.53,4654443.54,2162.28
-11799695.75,4654443.33,2165.4
-11799694.14,4654444.09,2165.75
-11799694.290000001,4654443.93,2167.82
-11799692.52,4654444.83,2166.19
-11799690.92,4654445.57,2166.22
-11799692.64,4654444.73,2167.61
-11799687.63,4654447.11,2165.96
-11799689.290000001,4654446.33,2166.05
-11799684.35,4654448.66,2165.67
-11799685.99,4654447.87,2165.82
-11799682.48,4654449.62,2162.78
-11799682.700000001,4654449.43,2165.56
-11799680.83,4654450.4,2162.11
-11799679.19,4654451.18,2162.09
-11799677.5,4654451.96,2162.01
-11799675.85,4654452.74,2162.01
-11799676.07,4654452.5600000005,2164.69
-11799674.23,4654453.5,2161.97
-11799672.6,4654454.25,2161.94
-11799670.93,4654455.04,2161.92
-11799669.290000001,4654455.8,2161.96
-11799667.66,4654456.5600000005,2161.94
-11799666.040000001,4654457.32,2161.96
-11799664.42,4654458.07,2161.92
-11799662.76,4654458.850000001,2161.92
-11799661.1,4654459.63,2161.9
-11799659.43,4654460.39,2161.9
-11799657.790000001,4654461.16,2161.94
-11799656.16,4654461.93,2161.94
-11799654.49,4654462.69,2161.92
-11799654.41,4654462.24,2177.98
-11799652.99,4654463.38,2162.94
-11799651.33,4654464.16,2162.51
-11799651.540000001,4654463.99,2164.67
-11799651.73,4654463.850000001,2166.67
-11799650.8,4654464.04,2174.4
-11799648.73,4654465.14,2170.02
-11799648.950000001,4654464.97,2172.19
-11799649.15,4654464.82,2174.27
-11799649.53,4654464.5200000005,2178.21
-11799648.040000001,4654465.17,2179.38
-11799644.67,4654467.29,2161.71
-11799643.02,4654468.08,2161.69
-11799641.38,4654468.82,2161.71
-11799639.73,4654469.59,2161.71
-11799638.05,4654470.39,2161.72
-11799636.38,4654471.16,2161.73
-11799633.120000001,4654472.68,2161.67
-11799634.74,4654471.94,2161.69
-11799631.47,4654473.46,2161.61
-11799629.81,4654474.23,2161.56
-11799628.16,4654475.01,2161.47
-11799626.51,4654475.7700000005,2161.46
-11799624.9,4654476.53,2161.47
-11799625.5,4654476.850000001,2161.46
-11799627.13,4654476.08,2161.48
-11799628.72,4654475.36,2161.48
-11799630.38,4654474.59,2161.56
-11799632.08,4654473.79,2161.63
-11799633.75,4654473.01,2161.67
-11799635.4,4654472.24,2161.72
-11799637.03,4654471.49,2161.73
-11799638.67,4654470.73,2161.72
-11799641.97,4654469.18,2161.72
-11799640.3,4654469.95,2161.71
-11799643.620000001,4654468.42,2161.69
-11799645.23,4654467.65,2161.65
-11799646.790000001,4654466.46,2177.17
-11799647.11,4654466.2,2180.46
-11799648.38,4654465.73,2176.65
-11799648.47,4654465.64,2177.61
-11799648.63,4654465.54,2179.24
-11799649.46,4654465.4,2171.04
-11799650.08,4654464.92,2177.31
-11799650.27,4654464.76,2179.23
-11799651.39,4654464.42,2174.02
-11799651.93,4654464.53,2162.52
-11799652.11,4654464.37,2164.46
-11799652.290000001,4654464.22,2166.35
-11799653.48,4654463.82,2161.99
-11799653.6,4654463.72,2163.11
-11799655.11,4654463.0600000005,2161.92
-11799656.76,4654462.3,2161.96
-11799658.4,4654461.53,2161.92
-11799660.05,4654460.76,2161.9
-11799661.68,4654460.0,2161.9
-11799664.96,4654458.49,2161.92
-11799663.3,4654459.25,2161.92
-11799666.58,4654457.7,2161.96
-11799668.22,4654456.95,2161.94
-11799669.85,4654456.2,2161.94
-11799671.5,4654455.43,2161.94
-11799674.78,4654453.91,2161.96
-11799673.15,4654454.67,2161.96
-11799675.02,4654453.7,2164.98
-11799676.43,4654453.13,2162.0
-11799676.58,4654453.01,2163.81
-11799676.66,4654452.94,2164.83
-11799678.11,4654452.36,2162.06
-11799679.77,4654451.57,2162.09
-11799681.49,4654450.75,2162.81
-11799683.34,4654449.8100000005,2165.61
-11799684.96,4654449.05,2165.79
-11799686.540000001,4654448.29,2165.9
-11799688.21,4654447.53,2166.03
-11799689.85,4654446.76,2166.19
-11799693.24,4654445.13,2167.82
-11799691.49,4654445.99,2166.29
-11799694.71,4654444.5200000005,2165.5
-11799694.49,4654444.73,2162.3
-11799696.14,4654443.95,2162.28
-11799694.85,4654444.39,2167.54
-11799697.8,4654443.18,2162.51
-11799699.42,4654442.42,2162.63
-11799701.26,4654441.45,2165.72
-11799702.92,4654440.67,2166.13
-11799704.58,4654439.88,2166.55
-11799706.21,4654439.12,2166.8
-11799707.82,4654438.39,2166.38
-11799709.450000001,4654437.63,2165.99
-11799711.08,4654436.9,2165.58
-11799712.53,4654436.3,2162.86
-11799715.81,4654434.7700000005,2162.86
-11799714.17,4654435.54,2162.84
-11799719.02,4654433.28,2162.86
-11799717.450000001,4654434.01,2162.86
-11799720.64,4654432.53,2162.83
-11799722.32,4654431.75,2162.81
-11799723.950000001,4654430.99,2162.86
-11799725.58,4654430.23,2162.86
-11799727.22,4654429.47,2162.81
-11799728.83,4654428.72,2162.78
-11799730.44,4654427.97,2162.8
-11799732.09,4654427.2,2162.82
-11799733.73,4654426.45,2162.82
-11799735.34,4654425.69,2162.86
-11799736.040000001,4654426.71,2162.88
-11799732.81,4654428.22,2162.83
-11799734.43,4654427.47,2162.86
-11799731.16,4654428.99,2162.82
-11799729.51,4654429.76,2162.81
-11799727.870000001,4654430.53,2162.86
-11799726.26,4654431.2700000005,2162.88
-11799724.64,4654432.04,2162.85
-11799723.02,4654432.8,2162.83
-11799721.38,4654433.5600000005,2162.82
-11799719.73,4654434.3100000005,2162.88
-11799718.06,4654435.100000001,2162.88
-11799716.43,4654435.87,2162.86
-11799714.85,4654436.61,2162.84
-11799711.73,4654437.97,2165.67
-11799713.22,4654437.37,2162.85
-11799708.52,4654439.44,2166.5
-11799710.11,4654438.72,2166.1
-11799706.93,4654440.18,2166.85
-11799705.28,4654440.97,2166.46
-11799703.59,4654441.7700000005,2166.04
-11799701.72,4654442.72,2162.65
-11799701.92,4654442.5600000005,2165.65
-11799700.09,4654443.5,2162.63
-11799698.44,4654444.26,2162.33
-11799696.8,4654445.05,2162.34
-11799695.48,4654445.5200000005,2166.46
-11799695.67,4654445.350000001,2169.11
-11799694.02,4654446.16,2168.67
-11799692.34,4654446.94,2168.15
-11799690.56,4654447.82,2166.28
-11799690.790000001,4654447.63,2169.4
-11799688.94,4654448.58,2166.25
-11799687.27,4654449.38,2166.11
-11799685.620000001,4654450.15,2166.0
-11799683.99,4654450.92,2165.78
-11799682.07,4654451.92,2162.17
-11799678.81,4654453.44,2162.54
-11799680.44,4654452.69,2162.13
-11799675.52,4654454.99,2162.02
-11799677.13,4654454.24,2162.11
-11799675.75,4654454.79,2164.88
-11799673.88,4654455.75,2161.97
-11799672.23,4654456.51,2161.94
-11799670.59,4654457.29,2161.98
-11799668.94,4654458.05,2161.99
-11799667.3,4654458.8100000005,2161.99
-11799665.67,4654459.58,2161.96
-11799664.01,4654460.34,2161.94
-11799662.35,4654461.13,2161.92
-11799657.46,4654463.4,2161.96
-11799660.74,4654461.88,2161.94
-11799655.8,4654464.18,2161.92
-11799659.11,4654462.64,2161.92
-11799654.16,4654464.94,2161.88
-11799652.53,4654465.7,2161.88
-11799652.8,4654465.49,2164.61
-11799651.09,4654466.3100000005,2164.36
-11799651.66,4654465.87,2170.21
-11799651.84,4654465.71,2172.11
-11799651.03,4654465.83,2180.3
-11799650.86,4654465.98,2178.6
-11799648.83,4654467.05,2174.29
-11799649.36,4654466.65,2179.61
-11799649.5,4654466.53,2181.13
-11799647.86,4654467.29,2181.21
-11799644.26,4654469.58,2161.74
-11799642.63,4654470.34,2161.73
-11799641.01,4654471.07,2161.73
-11799639.370000001,4654471.86,2161.75
-11799637.72,4654472.62,2161.73
-11799636.06,4654473.4,2161.72
-11799634.41,4654474.17,2161.69
-11799631.11,4654475.72,2161.52
-11799632.76,4654474.93,2161.63
-11799629.44,4654476.48,2161.52
-11799627.8,4654477.26,2161.49
-11799626.16,4654478.0200000005,2161.48
-11799624.540000001,4654478.78,2161.48
-11799624.67,4654479.2,2161.54
-11799626.3,4654478.44,2161.46
-11799627.96,4654477.66,2161.51
-11799629.58,4654476.92,2161.52
-11799632.92,4654475.350000001,2161.61
-11799631.200000001,4654476.14,2161.53
-11799634.56,4654474.59,2161.67
-11799636.22,4654473.82,2161.73
-11799637.86,4654473.0600000005,2161.75
-11799639.51,4654472.28,2161.74
-11799641.15,4654471.5200000005,2161.75
-11799642.78,4654470.76,2161.73
-11799644.42,4654470.0,2161.74
-11799649.22,4654467.29,2176.78
-11799647.99,4654467.74,2180.99
-11799649.48,4654467.09,2179.5
-11799650.01,4654467.2,2168.1
-11799650.200000001,4654467.05,2170.08
-11799651.3,4654466.72,2164.36
-11799651.040000001,4654466.4,2178.67
-11799651.89,4654466.25,2170.47
-11799651.43,4654466.61,2165.73
-11799653.02,4654465.9,2165.07
-11799654.33,4654465.39,2161.9
-11799655.94,4654464.63,2161.92
-11799657.59,4654463.86,2161.94
-11799659.26,4654463.09,2161.92
-11799660.91,4654462.33,2161.94
-11799664.15,4654460.8,2161.92
-11799662.55,4654461.54,2161.9
-11799665.78,4654460.0600000005,2161.94
-11799667.43,4654459.28,2161.98
-11799669.120000001,4654458.49,2162.0
-11799670.76,4654457.73,2161.98
-11799672.36,4654457.0,2161.94
-11799673.99,4654456.24,2161.98
-11799675.870000001,4654455.28,2164.57
-11799675.65,4654455.46,2161.98
-11799677.53,4654454.48,2164.88
-11799677.290000001,4654454.7,2161.96
-11799678.94,4654453.92,2162.07
-11799679.13,4654453.76,2164.58
-11799682.25,4654452.39,2162.17
-11799680.59,4654453.15,2162.33
-11799684.15,4654451.39,2165.72
-11799685.82,4654450.59,2165.94
-11799687.47,4654449.83,2166.17
-11799689.08,4654449.07,2166.29
-11799689.450000001,4654448.74,2171.15
-11799690.99,4654448.09,2169.67
-11799692.52,4654447.42,2168.36
-11799695.88,4654445.8100000005,2169.44
-11799694.19,4654446.600000001,2168.9
-11799697.01,4654445.51,2162.36
-11799697.26,4654445.2700000005,2166.05
-11799698.61,4654444.76,2162.33
-11799700.290000001,4654443.97,2162.61
-11799701.93,4654443.21,2162.61
-11799702.13,4654443.03,2165.61
-11799703.76,4654442.25,2165.94
-11799705.42,4654441.47,2166.36
-11799707.07,4654440.69,2166.77
-11799708.69,4654439.93,2166.57
-11799711.92,4654438.45,2165.77
-11799710.31,4654439.19,2166.21
-11799713.35,4654437.88,2162.85
-11799715.0,4654437.12,2162.84
-11799716.64,4654436.350000001,2162.85
-11799718.27,4654435.59,2162.86
-11799719.9,4654434.83,2162.9
-11799721.540000001,4654434.07,2162.82
-11799724.790000001,4654432.5600000005,2162.84
-11799723.16,4654433.3100000005,2162.81
-11799728.05,4654431.05,2162.86
-11799726.43,4654431.8,2162.86
-11799729.67,4654430.3,2162.81
-11799731.290000001,4654429.53,2162.84
-11799732.950000001,4654428.7700000005,2162.83
-11799734.6,4654428.0,2162.86
-11799736.24,4654427.23,2162.88
-11799735.43,4654429.0600000005,2162.86
-11799733.790000001,4654429.82,2162.83
-11799732.19,4654430.58,2162.85
-11799730.55,4654431.34,2162.84
-11799728.950000001,4654432.09,2162.88
-11799727.31,4654432.850000001,2162.86
-11799724.08,4654434.36,2162.81
-11799725.68,4654433.600000001,2162.82
-11799722.450000001,4654435.11,2162.84
-11799720.8,4654435.89,2162.88
-11799719.15,4654436.66,2162.85
-11799717.51,4654437.42,2162.85
-11799715.91,4654438.17,2162.86
-11799714.28,4654438.93,2162.86
-11799714.44,4654438.79,2165.4
-11799712.8,4654439.54,2165.79
-11799711.17,4654440.2700000005,2166.02
-11799709.57,4654441.04,2166.25
-11799707.94,4654441.78,2166.46
-11799706.3,4654442.55,2166.33
-11799704.65,4654443.33,2165.92
-11799702.8,4654444.3,2162.65
-11799703.0,4654444.11,2165.65
-11799701.17,4654445.0600000005,2162.6
-11799699.52,4654445.84,2162.36
-11799697.870000001,4654446.61,2162.38
-11799698.120000001,4654446.38,2166.03
-11799696.78,4654446.87,2170.4
-11799695.13,4654447.66,2169.82
-11799693.47,4654448.46,2169.29
-11799688.78,4654450.5600000005,2172.1
-11799691.88,4654449.18,2169.84
-11799686.67,4654451.71,2165.94
-11799690.370000001,4654449.84,2171.38
-11799683.11,4654453.49,2162.24
-11799685.02,4654452.5,2165.69
-11799681.49,4654454.26,2162.42
-11799679.84,4654455.03,2162.02
-11799678.44,4654455.600000001,2164.79
-11799680.05,4654454.850000001,2164.69
-11799676.57,4654456.55,2162.06
-11799676.78,4654456.36,2164.65
-11799674.92,4654457.33,2162.01
-11799671.63,4654458.86,2162.02
-11799673.28,4654458.09,2161.98
-11799668.36,4654460.39,2162.01
-11799669.97,4654459.64,2162.02
-11799665.07,4654461.92,2161.98
-11799666.73,4654461.15,2161.98
-11799663.42,4654462.69,2161.96
-11799661.78,4654463.46,2161.94
-11799660.13,4654464.23,2161.96
-11799658.49,4654465.0,2161.92
-11799656.85,4654465.76,2161.9
-11799655.200000001,4654466.5200000005,2161.92
-11799655.4,4654466.36,2164.06
-11799653.94,4654466.99,2165.9
-11799652.370000001,4654467.7,2166.65
-11799651.08,4654468.18,2170.02
-11799649.48,4654468.94,2170.24
-11799649.72,4654468.73,2172.78
-11799648.52,4654469.17,2177.02
-11799648.99,4654468.82,2181.74
-11799645.34,4654471.13,2161.76
-11799643.68,4654471.89,2161.77
-11799642.08,4654472.65,2161.78
-11799640.44,4654473.41,2161.76
-11799638.77,4654474.19,2161.75
-11799637.1,4654474.96,2161.74
-11799635.44,4654475.75,2161.67
-11799633.82,4654476.49,2161.63
-11799632.17,4654477.26,2161.54
-11799630.51,4654478.05,2161.51
-11799628.870000001,4654478.82,2161.52
-11799627.200000001,4654479.600000001,2161.44
-11799625.56,4654480.36,2161.38
-11799625.290000001,4654481.12,2161.44
-11799626.98,4654480.33,2161.5
-11799628.63,4654479.57,2161.49
-11799630.27,4654478.8100000005,2161.48
-11799631.9,4654478.05,2161.54
-11799633.55,4654477.28,2161.59
-11799635.200000001,4654476.51,2161.63
-11799636.85,4654475.75,2161.67
-11799638.49,4654474.97,2161.73
-11799640.13,4654474.21,2161.76
-11799641.8,4654473.44,2161.76
-11799643.44,4654472.67,2161.75
-11799645.08,4654471.91,2161.77
-11799648.51,4654469.76,2179.67
-11799649.43,4654469.5600000005,2172.46
-11799650.17,4654469.47,2163.57
-11799650.6,4654469.15,2167.94
-11799650.8,4654469.0,2170.02
-11799651.08,4654468.7700000005,2172.84
-11799652.3,4654468.350000001,2168.63
-11799653.84,4654467.68,2167.26
-11799655.32,4654467.04,2165.38
-11799656.59,4654466.5600000005,2161.88
-11799658.23,4654465.79,2161.92
-11799659.88,4654465.0200000005,2161.96
-11799661.49,4654464.2700000005,2161.97
-11799663.120000001,4654463.51,2161.96
-11799664.77,4654462.75,2161.96
-11799666.44,4654461.97,2161.97
-11799668.1,4654461.2,2162.0
-11799669.74,4654460.44,2162.02
-11799671.370000001,4654459.67,2162.03
-11799673.02,4654458.91,2162.01
-11799674.67,4654458.15,2162.03
-11799676.3,4654457.38,2162.06
-11799676.51,4654457.21,2164.65
-11799677.9,4654456.64,2161.94
-11799678.14,4654456.45,2164.83
-11799679.53,4654455.88,2162.07
-11799679.75,4654455.68,2164.8
-11799681.28,4654455.03,2163.3
-11799682.870000001,4654454.32,2162.29
-11799684.52,4654453.5600000005,2162.27
-11799686.44,4654452.5600000005,2165.81
-11799688.44,4654451.46,2171.05
-11799690.15,4654450.63,2172.25
-11799691.620000001,4654450.0,2170.71
-11799693.18,4654449.3100000005,2169.44
-11799694.870000001,4654448.51,2169.98
-11799696.540000001,4654447.71,2170.54
-11799697.870000001,4654447.23,2166.22
-11799697.61,4654447.48,2162.35
-11799698.200000001,4654446.93,2170.94
-11799699.25,4654446.71,2162.4
-11799700.89,4654445.94,2162.44
-11799704.35,4654444.23,2165.65
-11799702.52,4654445.16,2162.65
-11799706.01,4654443.43,2166.06
-11799707.66,4654442.66,2166.38
-11799709.27,4654441.92,2166.17
-11799710.91,4654441.18,2165.96
-11799712.540000001,4654440.43,2165.76
-11799713.99,4654439.82,2162.83
-11799714.15,4654439.68,2165.51
-11799715.6,4654439.08,2162.84
-11799717.23,4654438.32,2162.85
-11799718.88,4654437.5600000005,2162.85
-11799720.52,4654436.8,2162.86
-11799722.16,4654436.04,2162.86
-11799723.76,4654435.28,2162.8
-11799725.4,4654434.53,2162.81
-11799727.05,4654433.7700000005,2162.85
-11799728.65,4654433.0200000005,2162.88
-11799730.26,4654432.26,2162.86
-11799731.94,4654431.48,2162.82
-11799733.58,4654430.72,2162.81
-11799733.71,4654430.58,2165.4
-11799735.19,4654429.97,2162.84
-11799736.81,4654429.22,2162.82
-11799736.19,4654430.76,2162.79
-11799734.66,4654431.36,2165.85
-11799732.98,4654432.2,2164.57
-11799732.9,4654432.29,2162.8
-11799731.290000001,4654433.05,2162.81
-11799729.68,4654433.8,2162.86
-11799728.0,4654434.58,2162.86
-11799726.34,4654435.350000001,2162.8
-11799724.700000001,4654436.13,2162.78
-11799723.11,4654436.86,2162.85
-11799721.49,4654437.62,2162.83
-11799719.85,4654438.38,2162.85
-11799719.950000001,4654438.28,2164.81
-11799716.55,4654439.92,2162.84
-11799718.48,4654438.86,2167.59
-11799714.94,4654440.68,2162.82
-11799713.31,4654441.43,2162.85
-11799711.83,4654442.04,2165.63
-11799710.200000001,4654442.8,2165.84
-11799708.6,4654443.53,2166.04
-11799705.33,4654445.07,2165.65
-11799706.97,4654444.3,2166.07
-11799701.84,4654446.79,2162.47
-11799703.49,4654446.03,2162.67
-11799700.200000001,4654447.55,2162.44
-11799698.6,4654448.3100000005,2162.44
-11799697.61,4654448.49,2171.44
-11799695.93,4654449.3,2170.86
-11799694.25,4654450.100000001,2170.27
-11799692.64,4654450.84,2170.69
-11799691.13,4654451.5,2172.25
-11799689.41,4654452.32,2170.98
-11799687.620000001,4654453.23,2169.17
-11799685.46,4654454.44,2162.35
-11799683.83,4654455.19,2162.42
-11799682.26,4654455.9,2163.28
-11799680.53,4654456.74,2162.08
-11799680.75,4654456.57,2164.79
-11799678.89,4654457.5200000005,2161.94
-11799679.13,4654457.29,2164.92
-11799677.27,4654458.28,2162.07
-11799677.49,4654458.08,2164.84
-11799675.61,4654459.04,2162.06
-11799675.83,4654458.86,2164.73
-11799673.97,4654459.8,2162.08
-11799674.200000001,4654459.63,2164.69
-11799672.36,4654460.5600000005,2162.05
-11799670.77,4654461.28,2162.6
-11799669.040000001,4654462.11,2162.01
-11799667.39,4654462.87,2162.01
-11799665.75,4654463.63,2162.02
-11799664.14,4654464.4,2162.01
-11799662.49,4654465.17,2161.96
-11799660.81,4654465.93,2161.94
-11799659.200000001,4654466.71,2161.94
-11799657.58,4654467.45,2161.92
-11799655.94,4654468.22,2161.92
-11799656.22,4654468.01,2164.79
-11799654.77,4654468.600000001,2167.13
-11799654.51,4654468.28,2181.69
-11799650.94,4654470.55,2161.69
-11799651.25,4654470.32,2164.88
-11799651.620000001,4654470.03,2168.63
-11799649.34,4654471.3,2161.72
-11799649.63,4654471.08,2164.69
-11799649.75,4654470.98,2166.01
-11799649.93,4654470.850000001,2167.79
-11799647.700000001,4654472.0600000005,2161.79
-11799646.03,4654472.83,2161.77
-11799644.370000001,4654473.600000001,2161.79
-11799642.71,4654474.39,2161.77
-11799641.09,4654475.15,2161.79
-11799639.44,4654475.9,2161.75
-11799637.81,4654476.66,2161.71
-11799636.16,4654477.45,2161.67
-11799634.49,4654478.22,2161.6
-11799632.85,4654479.0,2161.55
-11799631.23,4654479.75,2161.52
-11799629.58,4654480.5200000005,2161.5
-11799627.94,4654481.28,2161.47
-11799626.31,4654482.04,2161.52
-11799624.65,4654482.82,2161.61
-11799625.58,4654482.99,2161.46
-11799627.26,4654482.21,2161.53
-11799628.91,4654481.45,2161.48
-11799630.55,4654480.68,2161.53
-11799632.200000001,4654479.91,2161.55
-11799633.86,4654479.14,2161.55
-11799635.53,4654478.36,2161.61
-11799637.16,4654477.600000001,2161.65
-11799638.78,4654476.850000001,2161.72
-11799640.43,4654476.08,2161.77
-11799642.11,4654475.3,2161.79
-11799643.75,4654474.54,2161.79
-11799645.42,4654473.7700000005,2161.78
-11799647.05,4654473.01,2161.8
-11799648.68,4654472.25,2161.75
-11799650.75,4654471.16,2166.09
-11799652.620000001,4654470.21,2168.65
-11799654.05,4654469.100000001,2183.51
-11799653.9,4654469.21,2181.97
-11799655.44,4654468.53,2181.05
-11799655.3,4654468.63,2179.6
-11799655.58,4654468.94,2165.35
-11799656.9,4654468.42,2161.92
-11799658.55,4654467.65,2161.9
-11799660.21,4654466.89,2161.92
-11799661.83,4654466.13,2161.96
-11799663.49,4654465.36,2161.98
-11799665.15,4654464.59,2162.02
-11799666.76,4654463.84,2162.02
-11799668.4,4654463.08,2162.02
-11799670.07,4654462.29,2162.3
-11799671.72,4654461.49,2162.67
-11799673.52,4654460.61,2164.71
-11799673.31,4654460.78,2162.02
-11799674.99,4654460.01,2162.06
-11799675.21,4654459.83,2164.77
-11799676.83,4654459.08,2164.78
-11799676.61,4654459.25,2162.06
-11799678.21,4654458.51,2162.07
-11799678.450000001,4654458.32,2164.92
-11799680.120000001,4654457.54,2164.97
-11799681.52,4654456.97,2161.94
-11799681.76,4654456.7700000005,2165.02
-11799683.18,4654456.19,2162.48
-11799684.83,4654455.41,2162.51
-11799686.43,4654454.68,2162.31
-11799690.36,4654452.58,2171.23
-11799688.6,4654453.45,2169.49
-11799692.03,4654451.78,2172.01
-11799693.57,4654451.100000001,2170.48
-11799695.290000001,4654450.3100000005,2170.9
-11799698.55,4654448.7700000005,2171.49
-11799696.98,4654449.5,2171.49
-11799701.200000001,4654447.8100000005,2162.42
-11799699.52,4654448.600000001,2162.4
-11799702.86,4654447.03,2162.58
-11799704.47,4654446.28,2162.67
-11799706.31,4654445.34,2165.71
-11799707.96,4654444.57,2166.02
-11799709.56,4654443.82,2165.8
-11799712.71,4654442.42,2163.77
-11799711.17,4654443.08,2165.6
-11799715.91,4654440.95,2162.82
-11799714.290000001,4654441.72,2162.79
-11799719.21,4654439.43,2162.84
-11799717.55,4654440.19,2162.83
-11799719.43,4654439.21,2166.69
-11799720.86,4654438.66,2162.84
-11799720.98,4654438.54,2165.06
-11799722.48,4654437.91,2162.83
-11799724.09,4654437.15,2162.83
-11799725.71,4654436.4,2162.79
-11799727.36,4654435.64,2162.79
-11799728.99,4654434.87,2162.83
-11799730.6,4654434.13,2162.81
-11799732.22,4654433.36,2162.82
-11799734.02,4654432.43,2166.11
-11799733.86,4654432.600000001,2162.63
-11799735.52,4654431.84,2162.74
-11799735.66,4654431.67,2165.84
-11799736.41,4654432.68,2162.74
-11799734.8,4654433.44,2162.69
-11799734.9,4654433.32,2164.86
-11799733.200000001,4654434.19,2162.84
-11799731.55,4654434.95,2162.84
-11799729.88,4654435.72,2162.8
-11799728.23,4654436.5,2162.8
-11799726.6,4654437.26,2162.78
-11799724.99,4654438.01,2162.82
-11799723.35,4654438.76,2162.8
-11799721.76,4654439.5200000005,2162.83
-11799720.13,4654440.28,2162.84
-11799720.27,4654440.12,2165.38
-11799718.48,4654441.05,2162.82
-11799716.84,4654441.8,2162.82
-11799715.18,4654442.58,2162.81
-11799713.56,4654443.34,2162.77
-11799711.99,4654444.05,2163.81
-11799710.46,4654444.71,2165.6
-11799712.14,4654443.89,2166.19
-11799708.86,4654445.43,2165.72
-11799710.35,4654444.8100000005,2163.86
-11799707.21,4654446.22,2165.74
-11799705.370000001,4654447.16,2162.67
-11799703.73,4654447.93,2162.59
-11799702.08,4654448.71,2162.46
-11799700.46,4654449.46,2162.42
-11799699.41,4654449.7,2170.69
-11799697.81,4654450.44,2171.19
-11799696.200000001,4654451.17,2171.63
-11799694.58,4654451.95,2171.23
-11799693.01,4654452.65,2171.98
-11799691.33,4654453.47,2171.29
-11799689.53,4654454.350000001,2169.52
-11799687.34,4654455.59,2162.35
-11799684.16,4654457.0200000005,2163.29
-11799685.700000001,4654456.350000001,2162.36
-11799682.700000001,4654457.65,2165.49
-11799681.03,4654458.44,2165.32
-11799679.14,4654459.41,2162.22
-11799679.36,4654459.22,2165.02
-11799677.55,4654460.13,2162.77
-11799677.73,4654459.98,2164.9
-11799675.86,4654460.95,2162.08
-11799676.09,4654460.75,2164.83
-11799674.5,4654461.49,2165.13
-11799672.81,4654462.2700000005,2164.85
-11799670.93,4654463.23,2162.65
-11799671.11,4654463.09,2164.67
-11799669.31,4654463.99,2162.49
-11799666.0,4654465.54,2162.06
-11799667.64,4654464.78,2162.04
-11799662.72,4654467.08,2161.99
-11799664.36,4654466.3,2162.03
-11799661.06,4654467.850000001,2161.97
-11799659.42,4654468.61,2161.94
-11799657.78,4654469.38,2161.92
-11799656.26,4654470.05,2163.17
-11799656.47,4654469.88,2165.42
-11799656.75,4654469.67,2168.38
-11799656.0,4654469.73,2177.52
-11799654.94,4654470.05,2183.67
-11799656.15,4654469.62,2179.23
-11799652.91,4654471.14,2179.26
-11799654.32,4654470.53,2177.23
-11799653.15,4654470.94,2181.73
-11799649.59,4654473.21,2161.77
-11799651.4,4654471.8100000005,2180.11
-11799647.96,4654473.96,2161.78
-11799646.31,4654474.72,2161.81
-11799644.64,4654475.51,2161.81
-11799642.99,4654476.2700000005,2161.82
-11799641.34,4654477.04,2161.78
-11799639.700000001,4654477.8100000005,2161.74
-11799638.03,4654478.58,2161.71
-11799636.38,4654479.34,2161.61
-11799634.73,4654480.12,2161.57
-11799633.08,4654480.9,2161.55
-11799631.43,4654481.67,2161.55
-11799629.78,4654482.44,2161.49
-11799628.120000001,4654483.22,2161.44
-11799626.47,4654483.98,2161.42
-11799624.81,4654484.7700000005,2161.38
-11799625.35,4654485.21,2161.38
-11799627.0,4654484.42,2161.42
-11799628.66,4654483.67,2161.47
-11799630.32,4654482.88,2161.5
-11799631.93,4654482.15,2161.55
-11799633.61,4654481.37,2161.53
-11799635.26,4654480.59,2161.56
-11799636.9,4654479.82,2161.61
-11799638.56,4654479.0600000005,2161.69
-11799640.200000001,4654478.29,2161.73
-11799641.85,4654477.53,2161.76
-11799643.52,4654476.75,2161.82
-11799645.17,4654475.99,2161.83
-11799646.8,4654475.23,2161.81
-11799648.44,4654474.47,2161.8
-11799650.05,4654473.72,2161.73
-11799651.72,4654472.44,2178.71
-11799651.86,4654472.33,2180.11
-11799653.13,4654471.850000001,2176.44
-11799653.450000001,4654471.600000001,2179.75
-11799655.55,4654470.48,2184.44
-11799655.82,4654470.8,2170.19
-11799656.67,4654470.13,2179.09
-11799656.870000001,4654469.98,2181.21
-11799656.92,4654470.44,2164.65
-11799658.3,4654469.88,2161.92
-11799659.950000001,4654469.100000001,2161.96
-11799661.58,4654468.36,2161.97
-11799663.22,4654467.600000001,2162.0
-11799664.89,4654466.8,2162.04
-11799666.540000001,4654466.04,2162.05
-11799669.86,4654464.5,2162.49
-11799668.18,4654465.29,2162.08
-11799670.05,4654464.34,2164.67
-11799671.68,4654463.57,2164.8
-11799673.34,4654462.8100000005,2164.98
-11799675.02,4654462.01,2165.47
-11799676.370000001,4654461.48,2162.11
-11799676.6,4654461.3,2164.94
-11799677.99,4654460.73,2162.08
-11799679.63,4654459.96,2162.28
-11799678.23,4654460.54,2164.99
-11799679.86,4654459.75,2165.13
-11799681.53,4654458.97,2165.5
-11799683.18,4654458.21,2165.52
-11799684.6,4654457.65,2162.5
-11799686.23,4654456.9,2162.36
-11799684.83,4654457.45,2165.42
-11799687.84,4654456.14,2162.35
-11799690.01,4654454.93,2169.22
-11799691.78,4654454.05,2171.0
-11799693.47,4654453.24,2172.21
-11799695.02,4654452.53,2171.59
-11799696.620000001,4654451.79,2171.22
-11799698.22,4654451.07,2170.69
-11799699.84,4654450.34,2170.19
-11799700.96,4654450.03,2162.71
-11799701.44,4654449.61,2169.65
-11799702.56,4654449.29,2162.48
-11799704.17,4654448.55,2162.52
-11799705.85,4654447.76,2162.65
-11799707.72,4654446.8100000005,2165.67
-11799709.200000001,4654446.17,2163.77
-11799709.32,4654446.07,2165.54
-11799710.82,4654445.41,2163.88
-11799711.11,4654445.14,2168.57
-11799710.97,4654445.28,2166.19
-11799712.370000001,4654444.74,2162.69
-11799711.040000001,4654445.19,2167.52
-11799712.59,4654444.5200000005,2166.52
-11799713.99,4654443.98,2162.74
-11799714.14,4654443.82,2165.13
-11799714.32,4654443.66,2168.11
-11799715.65,4654443.2,2162.78
-11799717.31,4654442.43,2162.8
-11799718.94,4654441.68,2162.81
-11799720.56,4654440.92,2162.81
-11799722.19,4654440.15,2162.79
-11799723.83,4654439.39,2162.77
-11799725.46,4654438.64,2162.8
-11799727.09,4654437.88,2162.76
-11799730.35,4654436.36,2162.82
-11799728.71,4654437.13,2162.77
-11799731.99,4654435.600000001,2162.82
-11799733.61,4654434.850000001,2162.82
-11799735.24,4654434.09,2162.72
-11799736.870000001,4654433.34,2162.82
-11799736.46,4654434.69,2162.88
-11799734.86,4654435.43,2162.75
-11799733.23,4654436.19,2162.77
-11799731.58,4654436.97,2162.82
-11799729.93,4654437.72,2162.75
-11799728.3,4654438.48,2162.76
-11799726.66,4654439.25,2162.76
-11799725.040000001,4654440.0200000005,2162.75
-11799723.42,4654440.7700000005,2162.77
-11799721.81,4654441.53,2162.81
-11799720.18,4654442.28,2162.79
-11799718.540000001,4654443.05,2162.77
-11799716.89,4654443.82,2162.77
-11799717.14,4654443.57,2167.17
-11799715.25,4654444.59,2162.78
-11799715.47,4654444.38,2166.4
-11799715.57,4654444.29,2168.01
-11799713.790000001,4654445.18,2165.69
-11799713.93,4654445.04,2168.02
-11799712.19,4654445.92,2166.21
-11799711.97,4654446.11,2162.72
-11799712.290000001,4654445.8100000005,2167.82
-11799710.35,4654446.87,2162.67
-11799710.5,4654446.73,2165.05
-11799710.57,4654446.67,2166.23
-11799708.72,4654447.62,2162.69
-11799710.66,4654446.58,2167.61
-11799705.39,4654449.19,2162.59
-11799707.07,4654448.39,2162.69
-11799702.13,4654450.71,2162.61
-11799703.75,4654449.95,2162.5
-11799699.42,4654451.76,2169.83
-11799700.97,4654451.0600000005,2169.31
-11799697.83,4654452.49,2170.31
-11799696.21,4654453.21,2170.88
-11799694.66,4654453.92,2171.75
-11799693.01,4654454.71,2171.36
-11799694.82,4654453.79,2173.9
-11799689.040000001,4654456.8100000005,2162.36
-11799691.22,4654455.600000001,2169.53
-11799687.4,4654457.58,2162.36
-11799685.77,4654458.34,2162.6
-11799682.73,4654459.67,2165.54
-11799684.370000001,4654458.89,2165.57
-11799679.4,4654461.23,2165.1
-11799681.08,4654460.43,2165.55
-11799677.8,4654461.99,2165.0
-11799677.61,4654462.12,2162.78
-11799676.21,4654462.71,2165.54
-11799674.55,4654463.49,2165.42
-11799671.21,4654465.0600000005,2164.99
-11799672.89,4654464.26,2165.42
-11799669.59,4654465.82,2164.78
-11799667.700000001,4654466.7700000005,2162.05
-11799667.93,4654466.600000001,2164.71
-11799666.02,4654467.5600000005,2162.07
-11799664.41,4654468.3,2162.05
-11799661.13,4654469.850000001,2161.97
-11799662.76,4654469.07,2162.01
-11799658.13,4654471.16,2165.05
-11799659.49,4654470.600000001,2161.96
-11799656.77,4654471.7,2167.97
-11799656.59,4654471.84,2166.21
-11799655.36,4654472.29,2170.36
-11799657.09,4654471.46,2171.33
-11799655.870000001,4654471.9,2175.65
-11799656.16,4654471.68,2178.61
-11799656.42,4654471.47,2181.46
-11799654.620000001,4654472.36,2179.38
-11799654.77,4654472.26,2180.92
-11799652.83,4654473.24,2177.73
-11799653.03,4654473.100000001,2179.86
-11799653.32,4654472.86,2182.84
-11799649.620000001,4654475.2,2161.83
-11799647.96,4654476.0,2161.84
-11799646.32,4654476.76,2161.85
-11799644.69,4654477.5200000005,2161.84
-11799643.040000001,4654478.28,2161.78
-11799639.67,4654479.850000001,2161.71
-11799641.370000001,4654479.0600000005,2161.76
-11799638.040000001,4654480.61,2161.65
-11799636.43,4654481.37,2161.57
-11799633.13,4654482.9,2161.58
-11799634.78,4654482.14,2161.57
-11799629.81,4654484.44,2161.56
-11799631.450000001,4654483.68,2161.52
-11799628.18,4654485.2,2161.44
-11799626.540000001,4654485.98,2161.42
-11799624.870000001,4654486.76,2161.4
-11799624.950000001,4654487.43,2161.42
-11799626.59,4654486.67,2161.4
-11799628.27,4654485.91,2161.4
-11799629.93,4654485.13,2161.53
-11799631.58,4654484.36,2161.8
-11799633.200000001,4654483.61,2161.56
-11799634.84,4654482.83,2161.58
-11799636.51,4654482.07,2161.58
-11799638.14,4654481.3100000005,2161.6
-11799639.75,4654480.5600000005,2161.69
-11799641.42,4654479.78,2161.73
-11799643.08,4654479.01,2161.77
-11799644.76,4654478.23,2161.85
-11799646.41,4654477.46,2161.84
-11799648.03,4654476.72,2161.82
-11799649.65,4654475.94,2161.81
-11799651.31,4654475.18,2161.75
-11799653.19,4654473.75,2180.94
-11799652.97,4654473.93,2178.56
-11799654.58,4654473.17,2178.69
-11799654.76,4654473.04,2180.53
-11799654.950000001,4654472.9,2182.49
-11799655.0,4654473.34,2166.13
-11799655.23,4654473.16,2168.52
-11799655.96,4654472.600000001,2176.09
-11799656.15,4654472.46,2178.06
-11799656.22,4654472.88,2161.9
-11799656.4,4654472.76,2163.65
-11799656.68,4654472.54,2166.67
-11799658.200000001,4654471.87,2165.57
-11799659.540000001,4654471.34,2162.0
-11799659.68,4654471.24,2163.61
-11799661.200000001,4654470.58,2162.0
-11799662.86,4654469.8100000005,2162.01
-11799664.5,4654469.05,2162.05
-11799666.11,4654468.29,2162.06
-11799667.98,4654467.350000001,2164.72
-11799667.74,4654467.55,2162.02
-11799669.64,4654466.58,2164.88
-11799671.290000001,4654465.8100000005,2165.13
-11799672.94,4654465.03,2165.4
-11799674.57,4654464.2700000005,2165.44
-11799676.24,4654463.49,2165.52
-11799677.66,4654462.91,2162.83
-11799677.86,4654462.75,2165.31
-11799679.21,4654462.21,2161.97
-11799679.48,4654462.0,2165.15
-11799681.15,4654461.21,2165.56
-11799682.78,4654460.45,2165.55
-11799684.42,4654459.69,2165.59
-11799685.83,4654459.09,2162.74
-11799686.06,4654458.92,2165.63
-11799687.43,4654458.37,2162.42
-11799689.06,4654457.61,2162.36
-11799690.69,4654456.87,2162.35
-11799691.18,4654456.45,2168.92
-11799692.93,4654455.58,2170.56
-11799694.71,4654454.7,2172.34
-11799696.27,4654454.0,2171.07
-11799697.8,4654453.33,2170.02
-11799699.4,4654452.61,2169.5
-11799700.99,4654451.88,2169.02
-11799702.6,4654451.15,2168.5
-11799703.82,4654450.75,2162.54
-11799705.44,4654450.01,2162.52
-11799707.09,4654449.23,2162.69
-11799708.72,4654448.47,2162.71
-11799710.38,4654447.71,2162.69
-11799710.52,4654447.58,2164.88
-11799710.58,4654447.51,2166.01
-11799710.74,4654447.37,2168.48
-11799712.01,4654446.95,2162.73
-11799712.26,4654446.71,2166.69
-11799713.620000001,4654446.2,2162.69
-11799714.0,4654445.83,2168.81
-11799715.49,4654445.23,2166.17
-11799715.63,4654445.09,2168.49
-11799717.19,4654444.38,2167.4
-11799717.11,4654444.48,2165.9
-11799718.540000001,4654443.91,2162.77
-11799720.17,4654443.15,2162.77
-11799721.78,4654442.4,2162.78
-11799723.41,4654441.64,2162.76
-11799725.040000001,4654440.87,2162.73
-11799726.67,4654440.13,2162.75
-11799728.32,4654439.34,2162.74
-11799729.950000001,4654438.600000001,2162.71
-11799731.58,4654437.850000001,2162.67
-11799733.22,4654437.08,2162.72
-11799734.870000001,4654436.3100000005,2162.81
-11799736.51,4654435.55,2162.88
-11799736.11,4654436.89,2162.9
-11799734.47,4654437.65,2162.85
-11799732.86,4654438.41,2162.76
-11799731.200000001,4654439.18,2162.67
-11799729.540000001,4654439.96,2162.69
-11799727.9,4654440.72,2162.78
-11799726.28,4654441.48,2162.74
-11799724.65,4654442.23,2162.72
-11799721.41,4654443.74,2162.76
-11799723.05,4654442.98,2162.74
-11799718.13,4654445.28,2162.75
-11799719.77,4654444.5200000005,2162.76
-11799718.21,4654445.2,2164.17
-11799718.31,4654445.100000001,2165.88
-11799718.49,4654444.94,2168.77
-11799716.75,4654445.79,2167.17
-11799716.83,4654445.71,2168.63
-11799715.18,4654446.49,2168.28
-11799713.21,4654447.57,2162.75
-11799713.43,4654447.350000001,2166.25
-11799713.57,4654447.24,2168.51
-11799711.950000001,4654447.99,2168.82
-11799709.950000001,4654449.100000001,2162.63
-11799710.3,4654448.7700000005,2168.17
-11799710.05,4654448.99,2164.32
-11799706.700000001,4654450.62,2162.57
-11799708.36,4654449.82,2162.71
-11799703.71,4654451.850000001,2167.56
-11799705.03,4654451.38,2162.58
-11799702.120000001,4654452.59,2168.13
-11799703.58,4654451.98,2165.69
-11799698.96,4654454.03,2169.29
-11799700.540000001,4654453.3,2168.63
-11799697.43,4654454.7,2170.71
-11799695.89,4654455.37,2172.27
-11799694.16,4654456.22,2170.94
-11799691.93,4654457.51,2162.29
-11799692.44,4654457.07,2169.13
-11799690.3,4654458.26,2162.4
-11799688.64,4654459.04,2162.38
-11799687.03,4654459.7700000005,2162.67
-11799687.23,4654459.62,2165.29
-11799685.63,4654460.350000001,2165.65
-11799683.98,4654461.11,2165.63
-11799682.32,4654461.89,2165.6
-11799680.68,4654462.66,2165.58
-11799678.77,4654463.66,2162.13
-11799679.03,4654463.43,2165.44
-11799677.41,4654464.19,2165.54
-11799675.77,4654464.95,2165.49
-11799674.11,4654465.72,2165.44
-11799672.5,4654466.47,2165.42
-11799670.84,4654467.26,2165.38
-11799667.28,4654469.0200000005,2162.05
-11799669.16,4654468.03,2165.02
-11799665.64,4654469.78,2162.06
-11799663.99,4654470.54,2162.04
-11799662.34,4654471.3100000005,2162.0
-11799663.15,4654470.66,2170.84
-11799660.700000001,4654472.08,2161.99
-11799660.85,4654471.96,2163.58
-11799659.3,4654472.66,2164.67
-11799657.84,4654473.2700000005,2166.57
-11799656.22,4654474.0200000005,2166.65
-11799654.13,4654475.15,2161.86
-11799655.290000001,4654474.25,2173.9
-11799655.9,4654473.78,2180.19
-11799654.21,4654474.600000001,2179.54
-11799654.5,4654474.36,2182.53
-11799650.86,4654476.67,2161.82
-11799649.18,4654477.45,2161.84
-11799647.51,4654478.23,2161.84
-11799644.22,4654479.7700000005,2161.81
-11799645.86,4654479.0,2161.85
-11799642.6,4654480.51,2161.78
-11799640.96,4654481.28,2161.71
-11799639.3,4654482.07,2161.63
-11799637.61,4654482.86,2161.58
-11799635.98,4654483.600000001,2161.55
-11799634.36,4654484.37,2161.6
-11799632.72,4654485.13,2161.61
-11799631.06,4654485.9,2161.51
-11799629.4,4654486.68,2161.42
-11799627.75,4654487.45,2161.38
-11799626.120000001,4654488.21,2161.4
-11799624.48,4654488.97,2161.38
-11799624.13,4654489.7700000005,2161.44
-11799625.77,4654489.01,2161.36
-11799627.4,4654488.26,2161.36
-11799629.05,4654487.49,2161.42
-11799630.72,4654486.71,2161.48
-11799632.38,4654485.94,2161.65
-11799633.98,4654485.19,2161.51
-11799635.65,4654484.42,2161.61
-11799637.32,4654483.64,2161.56
-11799638.94,4654482.88,2161.58
-11799642.24,4654481.34,2161.73
-11799640.58,4654482.12,2161.67
-11799645.56,4654479.78,2161.85
-11799643.91,4654480.57,2161.79
-11799647.200000001,4654479.05,2161.85
-11799648.85,4654478.2700000005,2161.86
-11799650.49,4654477.51,2161.85
-11799652.13,4654476.75,2161.82
-11799653.700000001,4654475.55,2177.84
-11799653.790000001,4654475.97,2161.8
-11799654.99,4654475.05,2174.22
-11799655.55,4654474.63,2179.94
-11799655.43,4654475.21,2161.79
-11799655.73,4654474.96,2164.94
-11799657.53,4654474.100000001,2166.84
-11799659.06,4654473.4,2165.94
-11799660.450000001,4654472.84,2163.11
-11799661.98,4654472.16,2162.01
-11799662.89,4654471.46,2171.82
-11799663.64,4654471.39,2162.06
-11799664.49,4654470.73,2171.38
-11799665.27,4654470.64,2162.05
-11799666.89,4654469.88,2162.01
-11799667.46,4654469.44,2168.35
-11799667.88,4654469.100000001,2173.07
-11799668.540000001,4654469.12,2162.03
-11799670.46,4654468.12,2165.34
-11799672.13,4654467.350000001,2165.4
-11799673.75,4654466.59,2165.46
-11799675.39,4654465.82,2165.49
-11799677.03,4654465.0600000005,2165.5
-11799678.67,4654464.3,2165.55
-11799680.31,4654463.54,2165.56
-11799681.94,4654462.7700000005,2165.61
-11799683.6,4654462.0,2165.67
-11799685.24,4654461.24,2165.67
-11799686.85,4654460.51,2165.33
-11799688.25,4654459.94,2162.5
-11799689.870000001,4654459.19,2162.4
-11799691.49,4654458.43,2162.4
-11799693.68,4654457.19,2169.72
-11799695.44,4654456.33,2171.58
-11799697.08,4654455.55,2171.79
-11799698.58,4654454.89,2170.29
-11799700.11,4654454.23,2168.69
-11799701.700000001,4654453.5200000005,2168.0
-11799703.17,4654452.9,2165.69
-11799703.3,4654452.8,2167.52
-11799704.59,4654452.34,2162.6
-11799704.8,4654452.15,2165.65
-11799706.21,4654451.59,2162.59
-11799707.85,4654450.8100000005,2162.63
-11799709.5,4654450.05,2162.69
-11799709.73,4654449.84,2166.21
-11799711.52,4654448.93,2168.48
-11799709.790000001,4654449.78,2167.19
-11799713.11,4654448.22,2168.13
-11799714.73,4654447.47,2167.69
-11799716.39,4654446.71,2167.77
-11799718.05,4654445.91,2168.63
-11799719.450000001,4654445.350000001,2165.17
-11799719.31,4654445.48,2162.73
-11799720.94,4654444.73,2162.75
-11799722.55,4654443.98,2162.73
-11799724.18,4654443.22,2162.71
-11799725.8,4654442.46,2162.76
-11799727.47,4654441.69,2162.77
-11799729.09,4654440.94,2162.72
-11799730.700000001,4654440.19,2162.67
-11799732.36,4654439.4,2162.8
-11799734.0,4654438.64,2162.86
-11799735.63,4654437.89,2162.88
-11799735.33,4654439.2700000005,2162.94
-11799733.68,4654440.03,2162.88
-11799732.040000001,4654440.82,2162.83
-11799730.43,4654441.5600000005,2162.74
-11799728.790000001,4654442.33,2162.65
-11799727.15,4654443.09,2162.79
-11799725.52,4654443.86,2162.77
-11799723.91,4654444.61,2162.74
-11799722.27,4654445.39,2162.69
-11799720.61,4654446.16,2162.72
-11799719.11,4654446.8100000005,2164.56
-11799718.99,4654446.91,2162.77
-11799719.28,4654446.62,2167.74
-11799717.39,4654447.66,2162.73
-11799717.57,4654447.48,2165.57
-11799717.67,4654447.4,2167.26
-11799717.76,4654447.3100000005,2168.77
-11799714.51,4654448.84,2168.46
-11799716.06,4654448.13,2167.27
-11799712.61,4654449.83,2164.46
-11799712.5,4654449.93,2162.63
-11799712.92,4654449.55,2169.33
-11799712.8,4654449.66,2167.57
-11799710.870000001,4654450.7,2162.67
-11799711.1,4654450.48,2166.24
-11799711.23,4654450.37,2168.27
-11799709.23,4654451.47,2162.67
-11799707.58,4654452.23,2162.61
-11799705.93,4654453.0,2162.6
-11799706.13,4654452.83,2165.59
-11799704.51,4654453.58,2165.67
-11799702.870000001,4654454.34,2165.73
-11799701.23,4654455.12,2165.75
-11799701.35,4654455.0,2167.6
-11799699.88,4654455.62,2169.88
-11799698.370000001,4654456.29,2171.4
-11799696.77,4654457.0,2172.05
-11799695.03,4654457.87,2170.13
-11799692.84,4654459.12,2162.44
-11799691.200000001,4654459.88,2162.42
-11799688.14,4654461.22,2165.35
-11799689.56,4654460.64,2162.48
-11799684.94,4654462.68,2166.17
-11799686.51,4654461.97,2165.42
-11799683.36,4654463.39,2167.0
-11799681.620000001,4654464.26,2165.61
-11799679.97,4654465.03,2165.58
-11799678.34,4654465.79,2165.54
-11799676.72,4654466.55,2165.49
-11799675.09,4654467.32,2165.54
-11799673.44,4654468.09,2165.42
-11799671.790000001,4654468.850000001,2165.38
-11799669.84,4654469.850000001,2162.05
-11799670.13,4654469.63,2165.4
-11799668.22,4654470.61,2162.08
-11799668.84,4654470.13,2169.05
-11799669.19,4654469.850000001,2173.03
-11799666.58,4654471.38,2162.03
-11799667.17,4654470.92,2168.69
-11799667.36,4654470.76,2170.84
-11799667.58,4654470.59,2173.22
-11799664.93,4654472.15,2162.03
-11799665.870000001,4654471.42,2172.42
-11799665.96,4654471.33,2173.46
-11799663.27,4654472.91,2162.06
-11799663.81,4654472.5,2167.84
-11799664.13,4654472.26,2171.42
-11799664.24,4654472.18,2172.51
-11799661.72,4654473.62,2163.11
-11799662.13,4654473.29,2167.56
-11799662.72,4654472.850000001,2173.85
-11799660.13,4654474.350000001,2163.31
-11799658.33,4654475.23,2161.81
-11799658.57,4654475.05,2164.32
-11799656.69,4654476.01,2161.86
-11799656.98,4654475.76,2164.97
-11799655.040000001,4654476.7700000005,2161.83
-11799653.39,4654477.53,2161.85
-11799651.790000001,4654478.29,2161.86
-11799648.48,4654479.83,2161.85
-11799650.15,4654479.04,2161.86
-11799646.8,4654480.600000001,2161.86
-11799645.15,4654481.38,2161.82
-11799643.53,4654482.14,2161.78
-11799641.85,4654482.93,2161.69
-11799640.17,4654483.69,2161.61
-11799638.53,4654484.47,2161.59
-11799636.92,4654485.22,2161.63
-11799635.28,4654485.98,2161.67
-11799633.64,4654486.75,2161.86
-11799631.96,4654487.5200000005,2161.49
-11799630.34,4654488.28,2161.36
-11799628.71,4654489.04,2161.4
-11799627.03,4654489.82,2161.38
-11799625.370000001,4654490.62,2161.36
-11799625.27,4654491.25,2161.4
-11799628.65,4654489.67,2161.38
-11799626.96,4654490.46,2161.4
-11799631.97,4654488.14,2161.42
-11799630.32,4654488.9,2161.36
-11799633.67,4654487.34,2161.72
-11799635.34,4654486.5600000005,2161.67
-11799636.99,4654485.79,2161.61
-11799640.25,4654484.28,2161.61
-11799638.63,4654485.0200000005,2161.59
-11799641.94,4654483.49,2161.69
-11799643.66,4654482.69,2161.74
-11799645.35,4654481.9,2161.79
-11799647.01,4654481.12,2161.84
-11799648.67,4654480.34,2161.88
-11799650.32,4654479.59,2161.86
-11799651.98,4654478.8,2161.85
-11799653.64,4654478.04,2161.84
-11799655.26,4654477.29,2161.84
-11799656.91,4654476.5,2161.86
-11799658.76,4654475.600000001,2164.01
-11799658.55,4654475.74,2161.86
-11799660.33,4654474.89,2163.42
-11799661.98,4654474.100000001,2163.3
-11799663.0,4654473.350000001,2174.11
-11799663.52,4654473.44,2162.02
-11799664.32,4654472.82,2170.72
-11799664.43,4654472.74,2171.82
-11799664.6,4654472.61,2173.67
-11799665.17,4654472.67,2162.03
-11799666.19,4654471.89,2173.15
-11799666.84,4654471.89,2162.08
-11799667.81,4654471.13,2173.02
-11799668.5,4654471.13,2162.08
-11799669.11,4654470.64,2169.03
-11799669.48,4654470.350000001,2173.11
-11799670.14,4654470.36,2162.07
-11799672.09,4654469.36,2165.44
-11799673.74,4654468.57,2165.46
-11799675.38,4654467.8100000005,2165.51
-11799677.03,4654467.0600000005,2165.51
-11799678.71,4654466.28,2165.55
-11799680.370000001,4654465.5,2165.61
-11799681.97,4654464.74,2165.63
-11799682.05,4654464.69,2166.65
-11799683.71,4654463.9,2167.11
-11799685.3,4654463.19,2166.29
-11799686.89,4654462.47,2165.52
-11799688.53,4654461.72,2165.33
-11799690.05,4654461.0200000005,2163.94
-11799691.59,4654460.36,2162.42
-11799693.23,4654459.600000001,2162.44
-11799695.41,4654458.37,2169.9
-11799697.19,4654457.5,2171.77
-11799698.82,4654456.75,2171.59
-11799700.05,4654456.32,2165.75
-11799700.36,4654456.08,2170.09
-11799701.71,4654455.57,2165.74
-11799703.34,4654454.8100000005,2165.71
-11799704.950000001,4654454.0600000005,2165.69
-11799706.33,4654453.51,2162.61
-11799706.53,4654453.33,2165.6
-11799707.97,4654452.74,2162.61
-11799709.66,4654451.96,2162.65
-11799709.88,4654451.7700000005,2166.05
-11799711.31,4654451.17,2162.67
-11799711.52,4654451.0,2165.84
-11799711.68,4654450.850000001,2168.38
-11799713.28,4654450.13,2167.98
-11799713.1,4654450.28,2165.19
-11799714.89,4654449.36,2168.24
-11799713.33,4654450.0600000005,2168.98
-11799716.52,4654448.600000001,2168.0
-11799717.84,4654448.15,2162.73
-11799718.0,4654448.0,2165.35
-11799718.120000001,4654447.88,2167.36
-11799719.46,4654447.4,2162.67
-11799719.58,4654447.2700000005,2164.97
-11799722.76,4654445.850000001,2162.72
-11799721.1,4654446.63,2162.69
-11799724.41,4654445.09,2162.75
-11799726.05,4654444.32,2162.78
-11799727.67,4654443.57,2162.67
-11799729.31,4654442.8100000005,2162.67
-11799730.96,4654442.03,2162.78
-11799732.58,4654441.2700000005,2162.84
-11799734.24,4654440.51,2162.9
-11799735.88,4654439.74,2162.97
-11799735.89,4654440.94,2163.02
-11799734.26,4654441.7,2162.94
-11799732.64,4654442.46,2162.88
-11799731.0,4654443.21,2162.82
-11799729.38,4654443.97,2162.77
-11799727.76,4654444.75,2162.67
-11799726.13,4654445.51,2162.65
-11799724.49,4654446.2700000005,2162.79
-11799722.83,4654447.05,2162.75
-11799721.200000001,4654447.8100000005,2162.71
-11799719.56,4654448.57,2162.67
-11799719.75,4654448.4,2165.81
-11799718.1,4654449.18,2165.27
-11799718.25,4654449.05,2167.77
-11799716.56,4654449.87,2166.63
-11799714.66,4654450.87,2162.73
-11799716.69,4654449.73,2168.79
-11799714.84,4654450.69,2165.81
-11799715.02,4654450.53,2168.55
-11799712.99,4654451.64,2162.61
-11799713.13,4654451.53,2164.78
-11799713.28,4654451.37,2167.28
-11799711.35,4654452.4,2162.69
-11799711.620000001,4654452.17,2166.94
-11799711.71,4654452.08,2168.36
-11799709.74,4654453.17,2162.65
-11799708.14,4654453.91,2162.67
-11799706.69,4654454.48,2165.67
-11799705.05,4654455.2700000005,2165.69
-11799703.370000001,4654456.0600000005,2165.71
-11799700.17,4654457.54,2165.74
-11799701.77,4654456.8,2165.72
-11799698.73,4654458.13,2168.79
-11799698.5,4654458.3100000005,2165.75
-11799698.97,4654457.91,2172.29
-11799697.23,4654458.75,2170.9
-11799695.0,4654460.0600000005,2162.42
-11799695.48,4654459.63,2169.11
-11799693.370000001,4654460.8100000005,2162.46
-11799691.77,4654461.54,2162.44
-11799690.33,4654462.16,2164.94
-11799688.59,4654462.99,2164.25
-11799688.68,4654462.91,2165.34
-11799687.08,4654463.65,2165.84
-11799685.540000001,4654464.33,2166.63
-11799683.950000001,4654465.08,2167.09
-11799682.23,4654465.9,2166.22
-11799680.52,4654466.72,2165.61
-11799678.870000001,4654467.49,2165.6
-11799677.26,4654468.24,2165.6
-11799675.620000001,4654469.0200000005,2165.56
-11799673.98,4654469.78,2165.5
-11799672.33,4654470.55,2165.48
-11799671.19,4654470.9,2171.17
-11799670.41,4654471.53,2162.13
-11799668.77,4654472.3,2162.1
-11799671.39,4654470.7700000005,2173.26
-11799669.76,4654471.53,2173.15
-11799667.8,4654472.54,2169.42
-11799668.02,4654472.38,2171.86
-11799668.11,4654472.32,2172.84
-11799668.200000001,4654472.24,2173.77
-11799666.21,4654473.2700000005,2169.97
-11799665.48,4654473.83,2162.02
-11799666.51,4654473.04,2173.24
-11799666.67,4654472.92,2175.02
-11799664.57,4654474.0200000005,2169.94
-11799664.78,4654473.88,2172.15
-11799664.94,4654473.75,2173.92
-11799662.33,4654475.28,2163.38
-11799663.13,4654474.67,2171.94
-11799663.25,4654474.5600000005,2173.32
-11799660.73,4654476.01,2163.73
-11799661.39,4654475.49,2170.86
-11799661.52,4654475.39,2172.34
-11799658.870000001,4654476.93,2161.84
-11799659.09,4654476.75,2164.13
-11799657.23,4654477.68,2161.85
-11799655.58,4654478.47,2161.85
-11799653.94,4654479.23,2161.88
-11799652.32,4654479.98,2161.9
-11799650.69,4654480.74,2161.9
-11799649.05,4654481.51,2161.86
-11799647.370000001,4654482.28,2161.84
-11799645.71,4654483.08,2161.83
-11799644.08,4654483.82,2161.74
-11799642.47,4654484.57,2161.65
-11799640.790000001,4654485.37,2161.61
-11799639.11,4654486.15,2161.63
-11799637.47,4654486.92,2161.63
-11799635.86,4654487.67,2161.69
-11799634.21,4654488.43,2161.65
-11799632.52,4654489.22,2161.4
-11799630.85,4654490.01,2161.4
-11799629.21,4654490.76,2161.38
-11799627.56,4654491.54,2161.4
-11799625.92,4654492.32,2161.36
-11799624.3,4654493.05,2161.38
-11799624.55,4654493.64,2161.33
-11799626.200000001,4654492.87,2161.38
-11799627.84,4654492.11,2161.38
-11799629.5,4654491.34,2161.36
-11799631.15,4654490.57,2161.42
-11799632.78,4654489.8100000005,2161.4
-11799636.15,4654488.24,2161.73
-11799634.48,4654489.01,2161.78
-11799637.81,4654487.46,2161.65
-11799639.450000001,4654486.71,2161.65
-11799641.08,4654485.95,2161.61
-11799642.74,4654485.16,2161.63
-11799644.41,4654484.38,2161.73
-11799647.700000001,4654482.86,2161.83
-11799646.05,4654483.62,2161.75
-11799650.94,4654481.350000001,2161.88
-11799649.3,4654482.11,2161.86
-11799654.27,4654479.79,2161.86
-11799652.6,4654480.5600000005,2161.9
-11799657.55,4654478.2700000005,2161.85
-11799655.92,4654479.03,2161.86
-11799659.17,4654477.5200000005,2161.86
-11799661.01,4654476.61,2163.75
-11799661.42,4654476.3,2168.06
-11799661.69,4654476.08,2170.94
-11799661.9,4654475.94,2173.19
-11799662.5,4654475.97,2162.04
-11799663.540000001,4654475.17,2173.22
-11799665.32,4654474.3,2175.0
-11799665.75,4654474.46,2161.99
-11799666.1,4654474.18,2165.77
-11799666.92,4654473.5600000005,2174.73
-11799667.38,4654473.7,2162.09
-11799668.040000001,4654473.18,2169.46
-11799668.290000001,4654472.99,2172.21
-11799668.46,4654472.850000001,2174.01
-11799669.02,4654472.93,2162.1
-11799669.870000001,4654472.2700000005,2171.6
-11799669.97,4654472.19,2172.86
-11799670.1,4654472.09,2174.22
-11799670.68,4654472.16,2162.13
-11799671.51,4654471.51,2171.5
-11799671.65,4654471.41,2173.1
-11799672.34,4654471.4,2162.05
-11799672.64,4654471.15,2165.48
-11799674.28,4654470.39,2165.51
-11799675.94,4654469.61,2165.57
-11799677.58,4654468.850000001,2165.58
-11799679.18,4654468.09,2165.6
-11799680.81,4654467.36,2165.63
-11799682.48,4654466.5600000005,2165.94
-11799684.19,4654465.74,2166.85
-11799685.86,4654464.97,2166.86
-11799687.42,4654464.26,2166.07
-11799688.790000001,4654463.73,2162.46
-11799688.93,4654463.600000001,2164.32
-11799690.61,4654462.8,2165.05
-11799692.02,4654462.22,2162.42
-11799692.13,4654462.13,2163.94
-11799693.65,4654461.46,2162.47
-11799695.3,4654460.7,2162.42
-11799695.78,4654460.29,2168.96
-11799697.53,4654459.43,2170.42
-11799700.46,4654458.2,2165.72
-11799698.83,4654458.95,2165.74
-11799703.72,4654456.68,2165.67
-11799702.08,4654457.44,2165.71
-11799706.96,4654455.17,2165.61
-11799705.35,4654455.93,2165.67
-11799708.41,4654454.59,2162.65
-11799706.870000001,4654455.25,2164.35
-11799708.5,4654454.5,2164.09
-11799710.09,4654453.8,2162.63
-11799711.73,4654453.04,2162.67
-11799713.32,4654452.3100000005,2162.69
-11799713.620000001,4654452.01,2167.57
-11799714.91,4654451.5600000005,2162.71
-11799715.07,4654451.4,2165.27
-11799715.27,4654451.23,2168.57
-11799716.82,4654450.55,2167.15
-11799716.77,4654450.600000001,2166.17
-11799718.200000001,4654450.03,2162.56
-11799718.370000001,4654449.87,2165.55
-11799718.53,4654449.71,2168.02
-11799719.84,4654449.26,2162.69
-11799720.01,4654449.100000001,2165.61
-11799721.46,4654448.5,2162.73
-11799723.1,4654447.74,2162.76
-11799724.74,4654446.99,2162.71
-11799726.35,4654446.24,2162.65
-11799727.99,4654445.46,2162.76
-11799729.66,4654444.69,2162.79
-11799731.32,4654443.9,2162.86
-11799732.94,4654443.17,2162.88
-11799734.540000001,4654442.42,2162.94
-11799736.18,4654441.64,2163.0
-11799736.19,4654442.82,2163.03
-11799734.59,4654443.57,2162.98
-11799732.96,4654444.33,2162.94
-11799731.3,4654445.11,2162.88
-11799729.63,4654445.88,2162.8
-11799728.01,4654446.64,2162.79
-11799726.38,4654447.41,2162.72
-11799724.73,4654448.18,2162.61
-11799723.09,4654448.94,2162.72
-11799721.46,4654449.7,2162.74
-11799719.81,4654450.48,2162.72
-11799719.94,4654450.36,2164.97
-11799718.17,4654451.25,2162.61
-11799718.32,4654451.100000001,2165.15
-11799716.56,4654452.0,2162.65
-11799716.75,4654451.83,2165.59
-11799714.93,4654452.76,2162.67
-11799715.03,4654452.67,2164.31
-11799713.290000001,4654453.5200000005,2162.72
-11799711.67,4654454.2700000005,2162.67
-11799708.44,4654455.8,2162.69
-11799710.05,4654455.03,2162.71
-11799706.76,4654456.57,2162.6
-11799706.89,4654456.45,2164.49
-11799705.13,4654457.33,2162.63
-11799705.34,4654457.16,2165.63
-11799703.68,4654457.92,2165.67
-11799702.05,4654458.7,2165.71
-11799702.73,4654458.100000001,2175.48
-11799700.42,4654459.46,2165.73
-11799698.790000001,4654460.21,2165.74
-11799697.17,4654460.97,2165.69
-11799695.290000001,4654461.93,2162.49
-11799693.67,4654462.69,2162.48
-11799692.02,4654463.46,2162.42
-11799692.19,4654463.33,2164.53
-11799690.57,4654464.08,2164.77
-11799690.39,4654464.22,2162.44
-11799689.0,4654464.78,2165.69
-11799687.43,4654465.49,2166.51
-11799685.86,4654466.2,2167.21
-11799684.13,4654467.04,2166.36
-11799682.44,4654467.84,2165.79
-11799680.8,4654468.63,2165.61
-11799679.16,4654469.37,2165.63
-11799675.88,4654470.9,2165.61
-11799677.55,4654470.14,2165.67
-11799672.31,4654472.68,2162.17
-11799674.23,4654471.67,2165.57
-11799670.69,4654473.44,2162.17
-11799671.67,4654472.66,2173.42
-11799669.03,4654474.2,2162.15
-11799670.11,4654473.37,2174.19
-11799667.38,4654474.98,2162.1
-11799667.72,4654474.72,2165.85
-11799668.040000001,4654474.46,2169.36
-11799668.5,4654474.12,2174.4
-11799667.02,4654474.76,2176.11
-11799664.38,4654476.29,2165.36
-11799664.84,4654475.94,2170.38
-11799665.120000001,4654475.72,2173.33
-11799665.21,4654475.66,2174.35
-11799662.950000001,4654476.9,2167.59
-11799663.1,4654476.78,2169.26
-11799663.28,4654476.65,2171.13
-11799663.450000001,4654476.5200000005,2172.98
-11799661.56,4654477.47,2170.04
-11799661.84,4654477.26,2173.0
-11799659.14,4654478.84,2161.86
-11799657.5,4654479.600000001,2161.86
-11799654.22,4654481.14,2161.92
-11799655.84,4654480.36,2161.88
-11799652.57,4654481.9,2161.92
-11799650.93,4654482.66,2161.92
-11799649.27,4654483.45,2161.86
-11799647.61,4654484.22,2161.83
-11799645.98,4654484.98,2161.77
-11799644.36,4654485.74,2161.72
-11799642.69,4654486.5200000005,2161.63
-11799641.02,4654487.3100000005,2161.61
-11799639.36,4654488.07,2161.65
-11799636.1,4654489.59,2161.67
-11799637.74,4654488.83,2161.63
-11799632.77,4654491.14,2161.48
-11799634.41,4654490.38,2161.47
-11799629.450000001,4654492.7,2161.42
-11799631.120000001,4654491.93,2161.44
-11799627.8,4654493.48,2161.38
-11799626.17,4654494.24,2161.34
-11799624.53,4654495.0,2161.38
-11799624.49,4654495.62,2161.34
-11799626.120000001,4654494.84,2161.33
-11799627.76,4654494.08,2161.38
-11799629.43,4654493.32,2161.38
-11799631.09,4654492.54,2161.36
-11799634.35,4654491.0200000005,2161.44
-11799632.72,4654491.78,2161.44
-11799636.0,4654490.25,2161.56
-11799637.67,4654489.47,2161.57
-11799640.97,4654487.94,2161.65
-11799639.34,4654488.68,2161.65
-11799642.61,4654487.17,2161.65
-11799644.26,4654486.4,2161.63
-11799645.91,4654485.63,2161.74
-11799647.57,4654484.84,2161.83
-11799649.19,4654484.100000001,2161.86
-11799650.86,4654483.33,2161.9
-11799652.51,4654482.54,2161.9
-11799654.15,4654481.79,2161.92
-11799655.8,4654481.03,2161.88
-11799659.040000001,4654479.5200000005,2161.88
-11799657.41,4654480.2700000005,2161.88
-11799661.07,4654478.43,2166.13
-11799661.43,4654478.17,2169.9
-11799661.67,4654477.99,2172.51
-11799662.46,4654477.88,2163.27
-11799662.71,4654477.7,2165.94
-11799663.370000001,4654477.19,2173.02
-11799664.1,4654477.12,2163.1
-11799664.48,4654476.83,2167.25
-11799665.120000001,4654476.34,2174.17
-11799665.65,4654476.41,2162.17
-11799666.88,4654475.48,2175.53
-11799667.290000001,4654475.65,2162.19
-11799668.44,4654474.7700000005,2174.79
-11799668.9,4654474.91,2162.13
-11799670.0,4654474.0600000005,2174.38
-11799670.540000001,4654474.15,2162.17
-11799671.620000001,4654473.3,2174.22
-11799672.19,4654473.37,2162.17
-11799673.120000001,4654472.65,2172.69
-11799673.82,4654472.63,2162.09
-11799674.120000001,4654472.39,2165.52
-11799675.74,4654471.63,2165.61
-11799677.39,4654470.87,2165.6
-11799679.05,4654470.07,2165.65
-11799680.67,4654469.33,2165.65
-11799682.32,4654468.5600000005,2165.83
-11799684.02,4654467.76,2166.25
-11799685.71,4654466.94,2166.88
-11799687.32,4654466.18,2166.88
-11799688.86,4654465.5,2166.09
-11799690.200000001,4654464.97,2162.44
-11799690.36,4654464.850000001,2164.53
-11799691.85,4654464.21,2162.42
-11799691.99,4654464.100000001,2164.23
-11799693.49,4654463.45,2162.46
-11799695.13,4654462.67,2162.49
-11799696.75,4654461.91,2162.46
-11799696.98,4654461.73,2165.6
-11799698.61,4654460.98,2165.69
-11799700.24,4654460.22,2165.73
-11799701.86,4654459.46,2165.69
-11799702.53,4654458.89,2175.19
-11799703.5,4654458.68,2165.67
-11799704.120000001,4654458.15,2174.67
-11799704.91,4654458.12,2162.63
-11799706.55,4654457.350000001,2162.61
-11799706.67,4654457.26,2164.22
-11799708.19,4654456.59,2162.69
-11799709.83,4654455.83,2162.72
-11799711.47,4654455.07,2162.69
-11799713.08,4654454.3100000005,2162.67
-11799714.72,4654453.55,2162.67
-11799716.540000001,4654452.62,2165.59
-11799716.35,4654452.7700000005,2162.63
-11799718.15,4654451.88,2165.13
-11799718.0,4654452.01,2162.69
-11799719.67,4654451.25,2162.69
-11799718.25,4654451.79,2166.72
-11799719.790000001,4654451.13,2164.72
-11799721.28,4654450.5,2162.74
-11799722.88,4654449.75,2162.61
-11799724.51,4654448.99,2162.63
-11799726.120000001,4654448.23,2162.71
-11799727.77,4654447.47,2162.77
-11799729.44,4654446.69,2162.83
-11799731.040000001,4654445.93,2162.86
-11799732.68,4654445.17,2162.92
-11799734.3,4654444.41,2162.97
-11799735.93,4654443.66,2163.01
-11799736.22,4654444.73,2163.03
-11799734.61,4654445.47,2162.99
-11799732.97,4654446.26,2162.94
-11799731.33,4654447.01,2162.92
-11799729.68,4654447.79,2162.86
-11799728.040000001,4654448.57,2162.82
-11799726.43,4654449.3,2162.77
-11799724.790000001,4654450.09,2162.71
-11799723.14,4654450.86,2162.61
-11799721.47,4654451.64,2162.6
-11799719.870000001,4654452.39,2162.72
-11799718.27,4654453.12,2162.71
-11799716.620000001,4654453.9,2162.67
-11799714.950000001,4654454.69,2162.63
-11799713.31,4654455.45,2162.65
-11799711.67,4654456.22,2162.71
-11799710.05,4654456.98,2162.73
-11799708.43,4654457.72,2162.69
-11799706.81,4654458.49,2162.65
-11799705.18,4654459.25,2162.71
-11799705.790000001,4654458.71,2171.59
-11799706.0,4654458.53,2174.88
-11799703.52,4654460.0200000005,2162.59
-11799704.48,4654459.2,2176.54
-11799702.08,4654460.62,2165.63
-11799702.64,4654460.14,2173.55
-11799702.75,4654460.05,2175.13
-11799702.84,4654459.97,2176.44
-11799700.450000001,4654461.38,2165.67
-11799698.81,4654462.15,2165.67
-11799696.93,4654463.11,2162.53
-11799695.290000001,4654463.88,2162.52
-11799693.67,4654464.64,2162.51
-11799692.03,4654465.39,2162.47
-11799690.39,4654466.17,2162.55
-11799690.63,4654465.98,2165.67
-11799689.040000001,4654466.69,2166.46
-11799687.5,4654467.4,2167.23
-11799685.85,4654468.17,2167.05
-11799684.16,4654468.97,2166.69
-11799682.48,4654469.76,2166.23
-11799680.82,4654470.55,2165.82
-11799679.18,4654471.32,2165.65
-11799677.540000001,4654472.100000001,2165.65
-11799675.9,4654472.86,2165.63
-11799673.99,4654473.850000001,2162.17
-11799672.35,4654474.62,2162.19
-11799673.33,4654473.84,2173.53
-11799670.71,4654475.38,2162.19
-11799671.71,4654474.58,2173.52
-11799671.85,4654474.49,2175.1
-11799669.07,4654476.15,2162.15
-11799670.23,4654475.24,2175.19
-11799667.43,4654476.91,2162.4
-11799668.56,4654476.04,2174.83
-11799667.68,4654476.71,2165.19
-11799666.98,4654476.7700000005,2175.23
-11799665.790000001,4654477.68,2162.24
-11799665.33,4654477.54,2175.05
-11799662.450000001,4654479.25,2161.94
-11799662.99,4654478.83,2167.63
-11799663.52,4654478.43,2173.34
-11799660.81,4654480.01,2161.85
-11799661.57,4654479.44,2169.86
-11799661.24,4654479.7,2166.31
-11799659.18,4654480.7700000005,2161.88
-11799657.52,4654481.5600000005,2161.92
-11799655.88,4654482.32,2161.92
-11799654.26,4654483.07,2161.92
-11799650.97,4654484.61,2161.88
-11799652.63,4654483.850000001,2161.92
-11799649.35,4654485.37,2161.86
-11799647.69,4654486.14,2161.79
-11799646.0,4654486.93,2161.73
-11799644.31,4654487.73,2161.65
-11799642.69,4654488.49,2161.63
-11799641.06,4654489.23,2161.67
-11799639.4,4654490.03,2161.61
-11799637.76,4654490.79,2161.55
-11799636.11,4654491.57,2161.47
-11799634.47,4654492.34,2161.42
-11799632.790000001,4654493.12,2161.36
-11799631.13,4654493.9,2161.42
-11799629.5,4654494.65,2161.4
-11799627.88,4654495.41,2161.36
-11799626.22,4654496.19,2161.33
-11799624.56,4654496.98,2161.33
-11799624.21,4654497.86,2161.32
-11799625.85,4654497.12,2161.31
-11799627.5,4654496.33,2161.36
-11799629.14,4654495.57,2161.38
-11799630.78,4654494.82,2161.36
-11799634.07,4654493.2700000005,2161.38
-11799632.42,4654494.0600000005,2161.38
-11799635.72,4654492.5200000005,2161.48
-11799637.4,4654491.73,2161.54
-11799640.71,4654490.18,2161.63
-11799639.06,4654490.96,2161.59
-11799643.98,4654488.66,2161.72
-11799642.35,4654489.41,2161.69
-11799645.61,4654487.9,2161.65
-11799647.25,4654487.14,2161.76
-11799648.9,4654486.36,2161.81
-11799650.55,4654485.59,2161.9
-11799652.200000001,4654484.83,2161.92
-11799653.88,4654484.04,2161.92
-11799655.49,4654483.29,2161.92
-11799657.13,4654482.53,2161.92
-11799660.44,4654480.99,2161.9
-11799658.8,4654481.75,2161.9
-11799662.4,4654479.97,2165.4
-11799662.59,4654479.8100000005,2167.42
-11799662.870000001,4654479.62,2170.34
-11799663.040000001,4654479.49,2172.03
-11799663.71,4654479.46,2161.94
-11799664.27,4654479.04,2167.92
-11799664.790000001,4654478.65,2173.44
-11799665.370000001,4654478.68,2162.22
-11799666.46,4654477.850000001,2174.01
-11799667.52,4654477.5200000005,2168.15
-11799666.99,4654477.92,2162.33
-11799668.15,4654477.05,2174.88
-11799667.92,4654477.22,2172.42
-11799668.620000001,4654477.17,2162.17
-11799669.870000001,4654476.21,2176.08
-11799670.27,4654476.4,2162.17
-11799671.49,4654475.46,2175.73
-11799671.91,4654475.63,2162.17
-11799672.9,4654474.87,2173.38
-11799673.55,4654474.87,2162.13
-11799674.51,4654474.12,2173.15
-11799675.21,4654474.100000001,2162.15
-11799675.52,4654473.850000001,2165.72
-11799677.14,4654473.100000001,2165.69
-11799678.78,4654472.3100000005,2165.69
-11799678.86,4654472.26,2166.61
-11799680.41,4654471.57,2165.97
-11799682.06,4654470.78,2166.38
-11799683.73,4654470.0,2166.79
-11799685.370000001,4654469.23,2166.99
-11799687.0,4654468.48,2166.71
-11799688.67,4654467.69,2167.09
-11799690.19,4654467.0,2166.27
-11799691.53,4654466.48,2162.5
-11799691.77,4654466.29,2165.57
-11799693.18,4654465.69,2162.44
-11799694.85,4654464.92,2162.51
-11799696.49,4654464.16,2162.52
-11799698.09,4654463.42,2162.54
-11799699.950000001,4654462.47,2165.69
-11799701.39,4654461.89,2162.57
-11799701.61,4654461.7,2165.61
-11799702.06,4654461.3,2172.11
-11799702.24,4654461.16,2174.59
-11799703.02,4654461.12,2162.61
-11799703.99,4654460.28,2176.52
-11799705.620000001,4654459.5200000005,2176.61
-11799706.27,4654459.600000001,2162.67
-11799706.85,4654459.100000001,2171.27
-11799707.1,4654458.89,2174.94
-11799707.9,4654458.84,2162.67
-11799709.540000001,4654458.08,2162.71
-11799712.790000001,4654456.5600000005,2162.6
-11799711.17,4654457.32,2162.67
-11799716.07,4654455.05,2162.65
-11799714.43,4654455.8100000005,2162.61
-11799717.69,4654454.28,2162.69
-11799719.33,4654453.51,2162.67
-11799720.950000001,4654452.76,2162.53
-11799722.59,4654452.0,2162.63
-11799724.22,4654451.22,2162.74
-11799725.86,4654450.48,2162.78
-11799727.52,4654449.7,2162.82
-11799729.13,4654448.94,2162.85
-11799730.73,4654448.18,2162.92
-11799732.4,4654447.42,2162.94
-11799734.02,4654446.66,2162.97
-11799735.67,4654445.88,2163.01
-11799736.93,4654446.26,2163.01
-11799735.33,4654447.01,2162.98
-11799733.71,4654447.7700000005,2163.0
-11799732.09,4654448.54,2162.96
-11799730.49,4654449.28,2162.94
-11799728.86,4654450.05,2162.88
-11799727.22,4654450.82,2162.85
-11799725.61,4654451.5600000005,2162.8
-11799723.97,4654452.34,2162.76
-11799722.32,4654453.12,2162.73
-11799720.700000001,4654453.88,2162.61
-11799719.11,4654454.61,2162.58
-11799717.5,4654455.36,2162.71
-11799715.870000001,4654456.14,2162.67
-11799714.25,4654456.89,2162.65
-11799712.63,4654457.65,2162.61
-11799710.97,4654458.42,2162.61
-11799709.370000001,4654459.16,2162.69
-11799707.73,4654459.92,2162.71
-11799708.5,4654459.2700000005,2174.11
-11799706.09,4654460.71,2162.71
-11799706.61,4654460.25,2170.28
-11799705.44,4654460.64,2176.48
-11799702.85,4654462.22,2162.59
-11799703.53,4654461.65,2172.22
-11799703.75,4654461.46,2175.32
-11799701.24,4654462.98,2162.6
-11799701.92,4654462.39,2172.21
-11799702.01,4654462.32,2173.54
-11799702.22,4654462.15,2176.46
-11799699.61,4654463.74,2162.51
-11799699.84,4654463.53,2165.65
-11799700.61,4654462.91,2176.25
-11799697.98,4654464.5,2162.56
-11799696.36,4654465.26,2162.54
-11799694.72,4654466.0200000005,2162.53
-11799693.08,4654466.8,2162.47
-11799691.69,4654467.350000001,2165.88
-11799690.14,4654468.05,2166.67
-11799688.57,4654468.78,2167.13
-11799686.85,4654469.61,2166.35
-11799685.25,4654470.350000001,2166.67
-11799683.66,4654471.07,2167.02
-11799682.01,4654471.86,2166.75
-11799680.38,4654472.62,2166.38
-11799678.69,4654473.43,2165.71
-11799677.040000001,4654474.21,2165.71
-11799675.09,4654475.21,2162.17
-11799673.46,4654475.98,2162.15
-11799671.86,4654476.71,2162.15
-11799672.88,4654475.94,2173.71
-11799670.22,4654477.49,2162.15
-11799671.46,4654476.55,2175.92
-11799669.17,4654477.79,2168.98
-11799669.82,4654477.3100000005,2176.05
-11799667.36,4654478.68,2167.19
-11799666.9,4654479.05,2162.19
-11799668.07,4654478.15,2174.97
-11799667.47,4654478.61,2168.52
-11799666.38,4654478.96,2174.27
-11799665.33,4654479.76,2162.98
-11799664.120000001,4654480.21,2167.29
-11799664.46,4654479.95,2170.9
-11799664.64,4654479.82,2172.75
-11799664.81,4654479.67,2174.67
-11799661.98,4654481.350000001,2161.9
-11799662.69,4654480.8100000005,2169.42
-11799662.94,4654480.64,2171.9
-11799660.36,4654482.11,2161.9
-11799658.72,4654482.88,2161.92
-11799657.05,4654483.66,2161.92
-11799653.78,4654485.18,2161.94
-11799655.43,4654484.42,2161.97
-11799652.15,4654485.95,2161.92
-11799650.5,4654486.73,2161.84
-11799648.85,4654487.49,2161.81
-11799647.23,4654488.25,2161.73
-11799645.58,4654489.03,2161.69
-11799643.9,4654489.8100000005,2161.67
-11799640.61,4654491.350000001,2161.61
-11799642.25,4654490.58,2161.71
-11799639.02,4654492.09,2161.61
-11799637.38,4654492.86,2161.55
-11799635.71,4654493.65,2161.46
-11799634.03,4654494.44,2161.44
-11799632.38,4654495.21,2161.38
-11799630.74,4654495.97,2161.4
-11799629.1,4654496.73,2161.4
-11799627.450000001,4654497.51,2161.38
-11799625.78,4654498.3,2161.35
-11799624.94,4654499.51,2161.32
-11799626.58,4654498.75,2161.3
-11799628.22,4654497.97,2161.36
-11799629.870000001,4654497.21,2161.4
-11799631.540000001,4654496.44,2161.38
-11799633.18,4654495.68,2161.4
-11799634.84,4654494.9,2161.4
-11799636.49,4654494.13,2161.46
-11799638.120000001,4654493.37,2161.55
-11799639.76,4654492.600000001,2161.59
-11799641.42,4654491.82,2161.63
-11799643.09,4654491.03,2161.69
-11799644.74,4654490.2700000005,2161.69
-11799646.35,4654489.5200000005,2161.69
-11799647.99,4654488.76,2161.69
-11799649.67,4654487.97,2161.82
-11799651.290000001,4654487.2,2161.86
-11799652.93,4654486.43,2161.92
-11799654.6,4654485.67,2161.94
-11799656.23,4654484.9,2161.94
-11799657.85,4654484.14,2161.94
-11799659.5,4654483.37,2161.92
-11799661.120000001,4654482.64,2161.88
-11799661.78,4654482.14,2168.74
-11799661.870000001,4654482.07,2169.71
-11799663.43,4654481.36,2169.15
-11799662.76,4654481.86,2161.94
-11799663.72,4654481.14,2172.17
-11799663.59,4654481.24,2170.86
-11799664.4,4654481.100000001,2161.98
-11799665.23,4654480.46,2170.94
-11799665.47,4654480.3,2173.42
-11799665.61,4654480.18,2175.02
-11799666.06,4654480.33,2162.17
-11799667.07,4654479.55,2173.22
-11799667.26,4654479.42,2175.19
-11799667.69,4654479.54,2162.19
-11799668.18,4654479.19,2167.53
-11799668.5,4654478.94,2171.03
-11799668.68,4654478.8100000005,2172.94
-11799669.35,4654478.78,2162.15
-11799669.620000001,4654478.58,2165.02
-11799670.43,4654477.96,2174.05
-11799671.0,4654478.0,2162.11
-11799672.08,4654477.2,2174.13
-11799672.64,4654477.24,2162.15
-11799673.4,4654476.67,2170.84
-11799673.66,4654476.47,2173.69
-11799674.27,4654476.48,2162.13
-11799675.92,4654475.71,2162.19
-11799677.86,4654474.72,2165.72
-11799679.24,4654474.16,2162.69
-11799679.49,4654473.96,2165.65
-11799684.42,4654471.64,2166.59
-11799681.24,4654473.11,2167.38
-11799686.05,4654470.89,2166.17
-11799682.81,4654472.37,2166.98
-11799687.700000001,4654470.11,2166.28
-11799689.39,4654469.3100000005,2167.15
-11799690.98,4654468.58,2166.69
-11799692.5,4654467.91,2165.23
-11799693.93,4654467.32,2162.49
-11799695.55,4654466.57,2162.55
-11799697.14,4654465.8100000005,2162.57
-11799698.790000001,4654465.04,2162.57
-11799700.450000001,4654464.2700000005,2162.63
-11799701.47,4654463.41,2176.81
-11799703.06,4654462.7,2176.07
-11799703.74,4654462.73,2162.65
-11799704.39,4654462.17,2172.11
-11799704.66,4654461.95,2175.92
-11799705.34,4654462.0,2162.61
-11799705.950000001,4654461.46,2171.5
-11799706.16,4654461.3,2174.54
-11799706.98,4654461.21,2162.69
-11799707.8,4654460.51,2174.81
-11799708.64,4654460.45,2162.67
-11799710.27,4654459.7,2162.59
-11799711.89,4654458.94,2162.58
-11799713.52,4654458.18,2162.67
-11799715.15,4654457.41,2162.71
-11799716.77,4654456.65,2162.67
-11799718.4,4654455.9,2162.52
-11799720.03,4654455.14,2162.6
-11799721.65,4654454.37,2162.67
-11799723.28,4654453.61,2162.73
-11799724.93,4654452.850000001,2162.8
-11799728.22,4654451.3100000005,2162.88
-11799726.6,4654452.07,2162.85
-11799731.46,4654449.8,2162.94
-11799729.84,4654450.55,2162.9
-11799733.1,4654449.04,2162.96
-11799734.75,4654448.25,2162.98
-11799736.38,4654447.5,2163.01
-11799736.77,4654448.37,2162.99
-11799735.15,4654449.13,2162.99
-11799733.51,4654449.91,2162.96
-11799731.870000001,4654450.67,2162.96
-11799730.22,4654451.44,2162.92
-11799728.59,4654452.2,2162.88
-11799726.96,4654452.96,2162.86
-11799725.3,4654453.75,2162.82
-11799723.66,4654454.51,2162.81
-11799722.03,4654455.28,2162.75
-11799720.41,4654456.04,2162.67
-11799718.790000001,4654456.8,2162.59
-11799717.15,4654457.57,2162.51
-11799715.53,4654458.32,2162.71
-11799713.9,4654459.08,2162.72
-11799712.24,4654459.87,2162.65
-11799710.57,4654460.65,2162.56
-11799708.93,4654461.41,2162.6
-11799709.69,4654460.76,2173.9
-11799707.290000001,4654462.17,2162.61
-11799708.13,4654461.47,2174.82
-11799706.53,4654462.22,2174.98
-11799706.46,4654462.2700000005,2174.04
-11799705.15,4654462.7700000005,2178.25
-11799705.0,4654462.89,2176.03
-11799703.39,4654463.65,2176.38
-11799703.5,4654463.54,2178.13
-11799700.75,4654465.24,2162.65
-11799701.18,4654464.89,2168.61
-11799701.75,4654464.41,2176.58
-11799699.09,4654466.03,2162.57
-11799699.540000001,4654465.65,2168.81
-11799697.46,4654466.79,2162.51
-11799697.84,4654466.48,2167.59
-11799695.870000001,4654467.5200000005,2162.54
-11799696.21,4654467.25,2167.11
-11799692.78,4654468.91,2165.1
-11799694.22,4654468.3,2162.51
-11799691.28,4654469.5600000005,2166.97
-11799691.17,4654469.65,2165.47
-11799687.92,4654471.16,2165.97
-11799689.64,4654470.32,2166.88
-11799686.290000001,4654471.91,2165.8
-11799684.69,4654472.67,2166.17
-11799683.06,4654473.42,2166.57
-11799681.08,4654474.46,2162.46
-11799681.32,4654474.26,2165.34
-11799681.49,4654474.13,2167.31
-11799679.53,4654475.14,2163.25
-11799677.790000001,4654476.01,2162.23
-11799676.14,4654476.7700000005,2162.19
-11799674.51,4654477.53,2162.19
-11799672.870000001,4654478.3,2162.15
-11799673.66,4654477.71,2171.02
-11799673.92,4654477.5,2174.06
-11799671.23,4654479.08,2162.15
-11799672.3,4654478.26,2174.07
-11799669.78,4654479.68,2164.49
-11799670.450000001,4654479.18,2171.94
-11799670.64,4654479.0200000005,2174.11
-11799667.99,4654480.55,2163.15
-11799668.370000001,4654480.26,2167.34
-11799668.49,4654480.17,2168.49
-11799668.89,4654479.87,2172.97
-11799666.24,4654481.4,2162.05
-11799667.290000001,4654480.61,2173.38
-11799664.6,4654482.18,2161.99
-11799665.61,4654481.42,2172.76
-11799665.73,4654481.33,2174.1
-11799665.83,4654481.25,2175.17
-11799662.96,4654482.94,2161.99
-11799663.63,4654482.44,2169.04
-11799663.81,4654482.3100000005,2170.85
-11799663.94,4654482.22,2172.23
-11799661.33,4654483.7,2161.9
-11799662.08,4654483.15,2169.63
-11799659.72,4654484.46,2161.96
-11799658.06,4654485.24,2161.94
-11799656.4,4654486.01,2161.96
-11799654.83,4654486.73,2161.94
-11799653.16,4654487.53,2161.88
-11799651.49,4654488.32,2161.88
-11799649.83,4654489.08,2161.81
-11799648.18,4654489.87,2161.71
-11799646.56,4654490.62,2161.69
-11799644.89,4654491.41,2161.72
-11799643.25,4654492.17,2161.69
-11799641.61,4654492.94,2161.61
-11799639.94,4654493.73,2161.61
-11799638.3,4654494.49,2161.54
-11799633.35,4654496.8,2161.4
-11799636.64,4654495.2700000005,2161.48
-11799631.69,4654497.59,2161.4
-11799635.01,4654496.03,2161.42
-11799628.4,4654499.13,2161.36
-11799630.05,4654498.37,2161.38
-11799625.06,4654500.7,2161.29
-11799626.72,4654499.91,2161.29
-11799625.14,4654501.33,2161.23
-11799626.82,4654500.55,2161.28
-11799628.49,4654499.7700000005,2161.36
-11799630.15,4654498.99,2161.4
-11799631.76,4654498.23,2161.4
-11799633.39,4654497.48,2161.4
-11799635.05,4654496.69,2161.42
-11799636.69,4654495.93,2161.46
-11799638.34,4654495.17,2161.54
-11799641.68,4654493.61,2161.63
-11799640.03,4654494.37,2161.61
-11799643.32,4654492.83,2161.67
-11799644.950000001,4654492.07,2161.69
-11799646.6,4654491.3,2161.69
-11799648.27,4654490.5200000005,2161.71
-11799649.89,4654489.76,2161.79
-11799651.540000001,4654489.0,2161.84
-11799653.18,4654488.23,2161.9
-11799654.85,4654487.45,2161.94
-11799656.49,4654486.66,2161.96
-11799658.11,4654485.93,2161.98
-11799659.790000001,4654485.13,2161.96
-11799661.46,4654484.37,2161.92
-11799662.17,4654483.850000001,2169.31
-11799663.09,4654483.600000001,2161.96
-11799663.790000001,4654483.08,2169.34
-11799665.82,4654482.0200000005,2173.42
-11799664.75,4654482.83,2161.98
-11799666.94,4654481.64,2168.28
-11799666.36,4654482.07,2162.0
-11799667.31,4654481.350000001,2172.29
-11799667.42,4654481.2700000005,2173.49
-11799668.09,4654481.23,2163.32
-11799668.52,4654480.9,2168.08
-11799669.75,4654480.45,2163.38
-11799672.040000001,4654479.2,2170.38
-11799670.53,4654479.87,2172.02
-11799672.24,4654479.04,2172.69
-11799671.3,4654479.76,2162.17
-11799673.700000001,4654478.41,2170.54
-11799672.96,4654479.0,2162.17
-11799673.98,4654478.21,2173.69
-11799674.66,4654478.18,2162.83
-11799676.23,4654477.46,2162.17
-11799677.86,4654476.7,2162.24
-11799679.59,4654475.87,2163.34
-11799681.19,4654475.12,2162.75
-11799681.4,4654474.95,2165.36
-11799683.120000001,4654474.14,2166.35
-11799684.72,4654473.4,2165.92
-11799686.31,4654472.66,2165.54
-11799687.97,4654471.88,2165.67
-11799689.6,4654471.13,2165.33
-11799689.700000001,4654471.05,2166.57
-11799692.63,4654469.79,2162.56
-11799691.23,4654470.38,2165.38
-11799692.83,4654469.64,2165.13
-11799694.290000001,4654469.03,2162.51
-11799695.93,4654468.26,2162.54
-11799697.56,4654467.49,2162.5
-11799697.96,4654467.16,2168.09
-11799698.16,4654467.0,2170.78
-11799699.16,4654466.75,2162.57
-11799699.61,4654466.37,2168.67
-11799701.76,4654465.17,2176.07
-11799700.78,4654465.98,2162.63
-11799703.46,4654464.350000001,2176.76
-11799703.56,4654464.29,2178.11
-11799705.0,4654463.68,2175.6
-11799705.200000001,4654463.51,2178.51
-11799706.540000001,4654462.98,2174.79
-11799707.34,4654462.92,2162.55
-11799706.78,4654462.76,2178.3
-11799708.19,4654462.2,2175.13
-11799708.950000001,4654462.18,2162.57
-11799709.71,4654461.53,2173.8
-11799710.59,4654461.39,2162.58
-11799712.23,4654460.64,2162.67
-11799713.88,4654459.850000001,2162.71
-11799715.5,4654459.12,2162.63
-11799717.1,4654458.37,2162.52
-11799718.73,4654457.61,2162.63
-11799720.39,4654456.83,2162.65
-11799722.040000001,4654456.0600000005,2162.75
-11799723.67,4654455.3,2162.8
-11799725.27,4654454.55,2162.84
-11799726.9,4654453.79,2162.84
-11799728.55,4654453.01,2162.9
-11799730.19,4654452.25,2162.9
-11799731.790000001,4654451.49,2162.96
-11799733.41,4654450.74,2162.97
-11799735.040000001,4654449.98,2162.98
-11799736.69,4654449.19,2163.0
-11799736.49,4654450.51,2162.99
-11799734.84,4654451.29,2162.94
-11799733.19,4654452.05,2162.96
-11799731.61,4654452.8,2162.94
-11799730.01,4654453.53,2162.92
-11799728.38,4654454.3,2162.9
-11799726.74,4654455.07,2162.86
-11799725.13,4654455.83,2162.86
-11799723.49,4654456.59,2162.81
-11799721.86,4654457.37,2162.76
-11799720.26,4654458.12,2162.72
-11799718.66,4654458.88,2162.67
-11799717.01,4654459.65,2162.61
-11799715.370000001,4654460.43,2162.49
-11799713.76,4654461.17,2162.65
-11799712.14,4654461.92,2162.67
-11799708.870000001,4654463.47,2162.6
-11799710.52,4654462.7,2162.65
-11799708.14,4654463.47,2175.75
-11799708.290000001,4654463.34,2178.05
-11799708.39,4654463.26,2179.42
-11799706.57,4654464.18,2176.46
-11799706.74,4654464.03,2178.88
-11799704.9,4654465.0,2175.31
-11799705.18,4654464.76,2179.28
-11799702.39,4654466.51,2162.69
-11799703.59,4654465.5,2179.4
-11799703.4,4654465.66,2176.77
-11799701.24,4654466.86,2169.44
-11799701.35,4654466.7700000005,2171.04
-11799701.73,4654466.45,2176.17
-11799699.84,4654467.43,2172.57
-11799697.950000001,4654468.41,2168.67
-11799698.1,4654468.3,2170.86
-11799695.83,4654469.5600000005,2162.53
-11799696.26,4654469.23,2168.19
-11799694.200000001,4654470.33,2162.5
-11799692.59,4654471.100000001,2162.48
-11799690.96,4654471.86,2162.61
-11799691.15,4654471.69,2165.09
-11799689.540000001,4654472.47,2165.05
-11799687.700000001,4654473.38,2162.58
-11799687.91,4654473.22,2165.31
-11799686.3,4654473.98,2165.3
-11799684.67,4654474.73,2165.5
-11799683.02,4654475.5,2165.32
-11799681.25,4654476.39,2163.46
-11799679.63,4654477.14,2163.61
-11799679.5,4654477.22,2162.22
-11799676.22,4654478.78,2162.19
-11799677.870000001,4654478.01,2162.21
-11799674.58,4654479.54,2162.19
-11799672.96,4654480.3,2162.21
-11799673.05,4654480.23,2163.15
-11799673.73,4654479.72,2170.88
-11799671.44,4654480.99,2163.36
-11799672.1,4654480.48,2170.73
-11799669.86,4654481.71,2163.65
-11799670.4,4654481.3100000005,2169.74
-11799668.200000001,4654482.5,2163.63
-11799668.61,4654482.18,2168.07
-11799669.17,4654481.7700000005,2174.08
-11799666.41,4654483.38,2162.02
-11799666.93,4654482.97,2167.65
-11799667.39,4654482.65,2172.51
-11799664.81,4654484.11,2162.01
-11799665.51,4654483.600000001,2169.51
-11799665.85,4654483.36,2173.11
-11799663.16,4654484.9,2161.94
-11799661.52,4654485.67,2161.98
-11799663.92,4654484.34,2169.97
-11799658.23,4654487.21,2161.97
-11799659.870000001,4654486.43,2161.99
-11799656.6,4654487.97,2161.98
-11799654.94,4654488.76,2161.92
-11799653.290000001,4654489.53,2161.88
-11799651.65,4654490.29,2161.83
-11799649.98,4654491.08,2161.74
-11799648.34,4654491.86,2161.69
-11799646.73,4654492.59,2161.71
-11799645.08,4654493.38,2161.72
-11799643.450000001,4654494.13,2161.73
-11799641.8,4654494.92,2161.65
-11799640.15,4654495.69,2161.63
-11799638.48,4654496.48,2161.57
-11799636.83,4654497.24,2161.49
-11799635.17,4654498.03,2161.42
-11799633.540000001,4654498.78,2161.4
-11799631.91,4654499.5600000005,2161.36
-11799630.25,4654500.34,2161.4
-11799628.57,4654501.13,2161.36
-11799626.91,4654501.89,2161.29
-11799625.28,4654502.66,2161.21
-11799625.09,4654503.46,2161.15
-11799626.75,4654502.7,2161.23
-11799628.39,4654501.92,2161.31
-11799630.03,4654501.16,2161.32
-11799631.68,4654500.39,2161.36
-11799633.32,4654499.61,2161.36
-11799634.96,4654498.850000001,2161.38
-11799636.620000001,4654498.08,2161.44
-11799638.26,4654497.3,2161.54
-11799639.9,4654496.54,2161.61
-11799641.53,4654495.78,2161.65
-11799643.21,4654494.98,2161.71
-11799644.84,4654494.22,2161.71
-11799646.48,4654493.45,2161.72
-11799648.120000001,4654492.68,2161.69
-11799649.76,4654491.92,2161.72
-11799651.4,4654491.16,2161.78
-11799654.71,4654489.61,2161.9
-11799653.040000001,4654490.38,2161.84
-11799657.98,4654488.07,2162.01
-11799656.36,4654488.83,2161.98
-11799659.61,4654487.3100000005,2162.01
-11799661.290000001,4654486.5200000005,2161.98
-11799664.53,4654485.01,2161.92
-11799662.93,4654485.76,2161.97
-11799665.24,4654484.48,2169.56
-11799666.14,4654484.26,2161.99
-11799667.15,4654483.5,2172.86
-11799667.790000001,4654483.49,2162.03
-11799668.49,4654482.96,2169.53
-11799669.620000001,4654482.58,2163.8
-11799671.22,4654481.850000001,2163.53
-11799671.74,4654481.45,2169.34
-11799671.86,4654481.37,2170.54
-11799672.82,4654481.09,2163.17
-11799673.48,4654480.61,2170.48
-11799674.39,4654480.4,2162.15
-11799676.03,4654479.63,2162.17
-11799677.67,4654478.87,2162.19
-11799679.33,4654478.08,2162.24
-11799681.05,4654477.25,2163.53
-11799682.61,4654476.53,2163.27
-11799684.41,4654475.61,2165.29
-11799686.08,4654474.850000001,2165.29
-11799687.53,4654474.23,2163.15
-11799687.700000001,4654474.09,2165.26
-11799689.120000001,4654473.51,2162.44
-11799690.77,4654472.74,2162.6
-11799690.96,4654472.58,2165.03
-11799692.36,4654471.99,2162.44
-11799693.99,4654471.23,2162.49
-11799695.65,4654470.45,2162.52
-11799697.26,4654469.7,2162.5
-11799697.83,4654469.22,2170.08
-11799697.93,4654469.16,2171.42
-11799699.98,4654468.04,2177.26
-11799699.620000001,4654468.34,2172.46
-11799700.06,4654467.97,2178.46
-11799701.18,4654467.63,2171.34
-11799701.69,4654467.21,2178.34
-11799702.200000001,4654467.39,2162.53
-11799703.41,4654466.38,2179.29
-11799704.25,4654466.2700000005,2168.38
-11799704.8,4654465.82,2176.19
-11799706.43,4654465.05,2176.57
-11799705.07,4654465.59,2180.11
-11799706.63,4654464.88,2179.55
-11799707.97,4654464.350000001,2175.23
-11799708.25,4654464.12,2179.4
-11799708.73,4654464.33,2162.63
-11799709.46,4654463.72,2173.3
-11799709.76,4654463.46,2177.73
-11799710.36,4654463.57,2162.65
-11799711.99,4654462.8100000005,2162.63
-11799713.56,4654462.07,2162.5
-11799716.870000001,4654460.51,2162.63
-11799715.22,4654461.3100000005,2162.54
-11799720.120000001,4654458.99,2162.71
-11799718.51,4654459.75,2162.65
-11799723.41,4654457.45,2162.83
-11799721.75,4654458.24,2162.77
-11799726.64,4654455.96,2162.85
-11799725.01,4654456.72,2162.84
-11799729.93,4654454.42,2162.92
-11799728.290000001,4654455.18,2162.86
-11799731.56,4654453.66,2162.92
-11799733.17,4654452.9,2162.94
-11799734.78,4654452.15,2162.9
-11799736.4,4654451.39,2162.96
-11799735.370000001,4654452.89,2162.94
-11799733.73,4654453.66,2162.94
-11799732.09,4654454.42,2162.92
-11799730.450000001,4654455.18,2162.92
-11799728.85,4654455.94,2162.9
-11799727.22,4654456.72,2162.88
-11799725.56,4654457.48,2162.86
-11799723.9,4654458.2700000005,2162.82
-11799722.27,4654459.04,2162.82
-11799720.66,4654459.78,2162.77
-11799719.03,4654460.55,2162.71
-11799717.370000001,4654461.34,2162.65
-11799715.71,4654462.12,2162.61
-11799714.06,4654462.9,2162.53
-11799712.42,4654463.66,2162.44
-11799710.83,4654464.41,2162.65
-11799709.200000001,4654465.17,2162.65
-11799710.200000001,4654464.33,2177.3
-11799708.450000001,4654465.21,2175.06
-11799708.75,4654464.94,2179.58
-11799708.64,4654465.04,2177.92
-11799706.93,4654465.89,2176.59
-11799707.08,4654465.75,2178.77
-11799704.97,4654466.9,2172.4
-11799704.69,4654467.13,2168.53
-11799705.49,4654466.48,2179.69
-11799705.08,4654466.8100000005,2174.11
-11799700.99,4654469.0200000005,2162.55
-11799703.65,4654467.43,2176.63
-11799701.69,4654468.46,2172.09
-11799703.84,4654467.26,2179.4
-11799702.11,4654468.11,2177.92
-11799701.91,4654468.2700000005,2175.07
-11799700.56,4654468.82,2178.88
-11799697.74,4654470.5600000005,2162.59
-11799698.19,4654470.18,2168.63
-11799698.36,4654470.05,2170.9
-11799698.65,4654469.8,2174.86
-11799696.120000001,4654471.32,2162.49
-11799697.07,4654470.55,2175.15
-11799694.450000001,4654472.09,2162.46
-11799695.44,4654471.3100000005,2175.25
-11799692.8,4654472.88,2162.46
-11799691.15,4654473.64,2162.48
-11799689.52,4654474.42,2162.44
-11799687.92,4654475.14,2163.1
-11799686.27,4654475.91,2162.65
-11799686.370000001,4654475.850000001,2163.88
-11799686.48,4654475.76,2165.23
-11799684.86,4654476.5200000005,2165.27
-11799683.040000001,4654477.42,2163.65
-11799681.290000001,4654478.28,2162.25
-11799681.4,4654478.19,2163.63
-11799679.67,4654479.04,2162.24
-11799678.03,4654479.8,2162.22
-11799676.38,4654480.57,2162.15
-11799674.74,4654481.34,2162.15
-11799673.17,4654482.07,2163.07
-11799671.59,4654482.79,2163.65
-11799672.120000001,4654482.38,2169.59
-11799669.98,4654483.54,2163.83
-11799670.48,4654483.16,2169.49
-11799670.6,4654483.07,2170.73
-11799668.15,4654484.45,2161.96
-11799668.31,4654484.32,2163.74
-11799668.9,4654483.9,2169.94
-11799667.35,4654484.61,2170.67
-11799666.53,4654485.21,2162.01
-11799664.9,4654485.97,2162.0
-11799665.68,4654485.38,2170.23
-11799663.26,4654486.74,2161.99
-11799661.59,4654487.5200000005,2162.0
-11799659.950000001,4654488.28,2162.02
-11799658.33,4654489.04,2161.99
-11799656.67,4654489.82,2161.96
-11799655.02,4654490.600000001,2161.88
-11799653.370000001,4654491.38,2161.84
-11799651.71,4654492.17,2161.75
-11799650.05,4654492.93,2161.75
-11799648.42,4654493.72,2161.73
-11799646.78,4654494.46,2161.74
-11799645.16,4654495.23,2161.75
-11799643.51,4654496.01,2161.69
-11799640.18,4654497.58,2161.63
-11799641.85,4654496.79,2161.69
-11799636.88,4654499.11,2161.47
-11799638.52,4654498.350000001,2161.54
-11799635.25,4654499.87,2161.42
-11799633.56,4654500.69,2161.4
-11799631.9,4654501.46,2161.38
-11799630.28,4654502.22,2161.36
-11799628.620000001,4654503.0,2161.32
-11799626.93,4654503.8,2161.26
-11799625.26,4654504.57,2161.17
-11799624.64,4654505.55,2161.15
-11799626.3,4654504.7700000005,2161.21
-11799627.98,4654503.99,2161.26
-11799629.64,4654503.2,2161.33
-11799631.28,4654502.43,2161.36
-11799632.88,4654501.69,2161.38
-11799634.52,4654500.92,2161.38
-11799636.16,4654500.16,2161.44
-11799637.83,4654499.37,2161.51
-11799639.48,4654498.600000001,2161.57
-11799639.65,4654498.48,2163.21
-11799641.120000001,4654497.83,2161.65
-11799642.78,4654497.05,2161.71
-11799644.43,4654496.2700000005,2161.78
-11799646.06,4654495.51,2161.78
-11799647.69,4654494.75,2161.74
-11799650.98,4654493.21,2161.76
-11799649.32,4654493.99,2161.73
-11799654.27,4654491.68,2161.86
-11799652.620000001,4654492.45,2161.79
-11799655.92,4654490.89,2161.92
-11799657.57,4654490.11,2161.98
-11799659.21,4654489.350000001,2161.99
-11799660.86,4654488.58,2162.01
-11799662.53,4654487.8,2161.99
-11799664.17,4654487.04,2161.99
-11799665.77,4654486.28,2162.01
-11799666.540000001,4654485.7,2170.28
-11799667.39,4654485.5200000005,2162.02
-11799668.15,4654484.96,2170.19
-11799669.03,4654484.76,2162.01
-11799669.76,4654484.22,2169.75
-11799670.84,4654483.87,2163.88
-11799671.46,4654483.4,2170.6
-11799672.46,4654483.12,2163.55
-11799673.05,4654482.67,2170.09
-11799674.040000001,4654482.39,2163.04
-11799675.59,4654481.69,2162.13
-11799677.23,4654480.92,2162.13
-11799677.47,4654480.74,2164.92
-11799679.02,4654480.03,2164.05
-11799678.870000001,4654480.15,2162.15
-11799680.67,4654479.2700000005,2163.94
-11799680.52,4654479.37,2162.21
-11799682.15,4654478.61,2162.21
-11799682.27,4654478.51,2163.79
-11799683.870000001,4654477.76,2163.69
-11799685.4,4654477.09,2162.42
-11799685.53,4654477.0,2163.88
-11799685.64,4654476.91,2165.24
-11799687.06,4654476.3,2162.51
-11799687.17,4654476.22,2163.77
-11799688.700000001,4654475.54,2162.42
-11799690.34,4654474.75,2162.44
-11799691.98,4654474.0,2162.48
-11799693.6,4654473.26,2162.44
-11799696.18,4654471.73,2175.06
-11799695.22,4654472.49,2162.42
-11799697.540000001,4654471.17,2171.38
-11799697.84,4654470.93,2175.32
-11799698.49,4654470.96,2162.53
-11799698.94,4654470.59,2168.51
-11799699.11,4654470.46,2170.72
-11799701.290000001,4654469.24,2178.61
-11799702.540000001,4654468.8,2173.08
-11799702.94,4654468.46,2178.67
-11799703.02,4654468.4,2179.85
-11799704.1,4654468.09,2172.23
-11799704.38,4654467.86,2176.23
-11799704.65,4654467.65,2179.79
-11799705.040000001,4654467.89,2162.69
-11799705.77,4654467.29,2172.94
-11799706.18,4654466.94,2178.92
-11799707.83,4654466.16,2179.28
-11799709.47,4654465.38,2179.65
-11799709.9,4654465.62,2162.6
-11799711.51,4654464.850000001,2162.44
-11799713.18,4654464.08,2162.5
-11799716.44,4654462.5600000005,2162.67
-11799714.790000001,4654463.32,2162.6
-11799719.72,4654461.0200000005,2162.72
-11799718.09,4654461.78,2162.67
-11799721.32,4654460.26,2162.79
-11799722.96,4654459.48,2162.83
-11799726.21,4654457.96,2162.86
-11799724.59,4654458.72,2162.85
-11799729.47,4654456.45,2162.88
-11799727.84,4654457.21,2162.88
-11799731.09,4654455.69,2162.9
-11799732.73,4654454.91,2162.9
-11799734.33,4654454.17,2162.9
-11799735.97,4654453.4,2162.92
-11799736.69,4654454.08,2162.86
-11799735.06,4654454.850000001,2162.88
-11799733.43,4654455.61,2162.86
-11799731.78,4654456.39,2162.9
-11799730.15,4654457.15,2162.88
-11799728.52,4654457.92,2162.86
-11799726.89,4654458.68,2162.85
-11799725.25,4654459.46,2162.83
-11799723.620000001,4654460.22,2162.83
-11799722.01,4654460.98,2162.81
-11799720.370000001,4654461.76,2162.77
-11799718.71,4654462.53,2162.74
-11799717.05,4654463.32,2162.65
-11799715.41,4654464.08,2162.61
-11799713.78,4654464.83,2162.57
-11799712.17,4654465.59,2162.52
-11799710.53,4654466.38,2162.4
-11799708.88,4654467.15,2162.59
-11799708.13,4654467.19,2175.33
-11799709.68,4654466.48,2174.24
-11799708.22,4654467.12,2176.55
-11799708.39,4654466.97,2179.11
-11799706.25,4654468.17,2171.44
-11799706.64,4654467.84,2176.98
-11799706.49,4654467.95,2174.88
-11799706.790000001,4654467.73,2179.09
-11799705.14,4654468.5,2178.65
-11799705.24,4654468.42,2180.06
-11799703.65,4654469.16,2180.17
-11799701.47,4654470.37,2172.6
-11799701.58,4654470.3,2174.11
-11799699.84,4654471.12,2172.86
-11799701.98,4654469.97,2179.55
-11799700.05,4654470.98,2175.59
-11799699.94,4654471.0600000005,2174.19
-11799698.290000001,4654471.83,2173.77
-11799698.17,4654471.94,2172.1
-11799698.41,4654471.75,2175.15
-11799696.63,4654472.65,2173.04
-11799696.78,4654472.53,2175.03
-11799694.18,4654474.0600000005,2162.47
-11799692.540000001,4654474.83,2162.48
-11799690.89,4654475.61,2162.42
-11799689.27,4654476.37,2162.4
-11799687.63,4654477.13,2162.4
-11799687.74,4654477.05,2163.69
-11799686.1,4654477.83,2163.83
-11799684.42,4654478.61,2163.79
-11799682.78,4654479.38,2163.72
-11799682.67,4654479.47,2162.27
-11799681.15,4654480.14,2163.63
-11799681.040000001,4654480.24,2162.26
-11799679.64,4654480.82,2165.09
-11799677.99,4654481.600000001,2165.17
-11799676.1,4654482.55,2162.15
-11799676.3,4654482.41,2164.47
-11799674.55,4654483.26,2163.0
-11799672.93,4654484.01,2163.26
-11799673.4,4654483.67,2168.44
-11799671.38,4654484.73,2163.75
-11799671.83,4654484.41,2168.5
-11799671.950000001,4654484.3,2169.88
-11799669.58,4654485.61,2162.0
-11799669.74,4654485.49,2163.88
-11799668.66,4654485.84,2170.36
-11799670.290000001,4654485.09,2169.84
-11799666.24,4654487.2,2162.0
-11799667.88,4654486.42,2162.02
-11799667.040000001,4654486.600000001,2170.5
-11799664.620000001,4654487.95,2162.01
-11799663.0,4654488.72,2162.02
-11799661.34,4654489.48,2162.01
-11799659.72,4654490.26,2162.0
-11799658.07,4654491.03,2161.96
-11799654.74,4654492.59,2161.86
-11799656.39,4654491.82,2161.92
-11799653.09,4654493.37,2161.76
-11799651.42,4654494.14,2161.76
-11799648.19,4654495.67,2161.77
-11799649.790000001,4654494.91,2161.73
-11799646.61,4654496.39,2162.47
-11799644.950000001,4654497.18,2162.42
-11799643.24,4654498.0,2161.8
-11799641.56,4654498.79,2161.74
-11799639.91,4654499.57,2161.63
-11799638.450000001,4654500.21,2163.27
-11799638.26,4654500.33,2161.55
-11799634.950000001,4654501.9,2161.4
-11799636.61,4654501.13,2161.44
-11799633.290000001,4654502.68,2161.38
-11799631.65,4654503.44,2161.36
-11799630.01,4654504.21,2161.33
-11799628.35,4654505.0,2161.27
-11799626.69,4654505.78,2161.19
-11799625.03,4654506.5600000005,2161.15
-11799624.59,4654507.39,2161.17
-11799626.28,4654506.59,2161.19
-11799627.96,4654505.8100000005,2161.23
-11799629.64,4654505.01,2161.3
-11799631.31,4654504.24,2161.34
-11799632.99,4654503.45,2161.36
-11799634.66,4654502.66,2161.38
-11799636.32,4654501.89,2161.44
-11799638.0,4654501.100000001,2161.54
-11799641.34,4654499.5200000005,2161.76
-11799638.19,4654500.97,2163.24
-11799644.64,4654497.96,2161.84
-11799639.66,4654500.3100000005,2161.69
-11799646.31,4654497.19,2161.85
-11799643.02,4654498.72,2161.82
-11799647.96,4654496.43,2161.77
-11799649.620000001,4654495.64,2161.76
-11799651.290000001,4654494.86,2161.71
-11799652.93,4654494.08,2161.78
-11799654.620000001,4654493.3,2161.85
-11799656.290000001,4654492.51,2161.9
-11799657.950000001,4654491.73,2161.96
-11799659.59,4654490.95,2161.98
-11799661.21,4654490.19,2162.0
-11799662.88,4654489.43,2162.01
-11799664.540000001,4654488.65,2162.02
-11799666.18,4654487.88,2162.03
-11799667.82,4654487.12,2162.02
-11799668.44,4654486.64,2168.72
-11799668.55,4654486.5600000005,2170.04
-11799669.450000001,4654486.34,2162.03
-11799670.14,4654485.82,2169.52
-11799671.290000001,4654485.44,2163.8
-11799671.78,4654485.07,2169.29
-11799672.9,4654484.69,2163.35
-11799676.1,4654483.22,2162.28
-11799674.5,4654483.95,2163.01
-11799676.31,4654483.08,2164.57
-11799678.05,4654482.21,2165.67
-11799679.61,4654481.53,2164.5
-11799679.67,4654481.47,2165.34
-11799681.02,4654480.92,2162.11
-11799681.21,4654480.76,2164.4
-11799682.67,4654480.15,2162.26
-11799682.790000001,4654480.0600000005,2163.61
-11799684.41,4654479.29,2163.59
-11799685.950000001,4654478.600000001,2162.36
-11799686.05,4654478.5200000005,2163.67
-11799687.63,4654477.82,2162.42
-11799687.71,4654477.74,2163.48
-11799689.28,4654477.04,2162.42
-11799690.9,4654476.29,2162.4
-11799692.53,4654475.51,2162.47
-11799694.290000001,4654474.65,2163.96
-11799694.17,4654474.74,2162.46
-11799695.84,4654473.96,2162.48
-11799696.64,4654473.33,2172.88
-11799696.790000001,4654473.22,2174.77
-11799698.19,4654472.63,2171.97
-11799698.35,4654472.5,2174.13
-11799698.43,4654472.42,2175.13
-11799699.120000001,4654472.41,2162.57
-11799699.76,4654471.91,2171.38
-11799700.02,4654471.7,2174.78
-11799701.68,4654470.91,2175.17
-11799701.88,4654470.76,2177.86
-11799703.46,4654470.0200000005,2177.25
-11799703.65,4654469.88,2179.86
-11799704.97,4654469.350000001,2175.82
-11799705.31,4654469.08,2180.6
-11799706.31,4654468.83,2171.53
-11799706.84,4654468.39,2179.08
-11799708.3,4654467.7700000005,2176.85
-11799709.71,4654467.17,2173.99
-11799709.81,4654467.09,2175.33
-11799713.84,4654465.5200000005,2162.58
-11799710.55,4654467.07,2162.44
-11799715.46,4654464.76,2162.63
-11799712.22,4654466.28,2162.55
-11799718.76,4654463.21,2162.74
-11799717.11,4654463.98,2162.67
-11799722.09,4654461.64,2162.8
-11799720.44,4654462.42,2162.77
-11799725.33,4654460.13,2162.81
-11799723.700000001,4654460.9,2162.82
-11799726.94,4654459.38,2162.86
-11799728.58,4654458.600000001,2162.82
-11799730.25,4654457.83,2162.84
-11799731.89,4654457.04,2162.86
-11799733.51,4654456.28,2162.88
-11799735.14,4654455.53,2162.88
-11799736.77,4654454.7700000005,2162.79
-11799736.27,4654455.95,2162.78
-11799734.64,4654456.72,2162.84
-11799732.99,4654457.49,2162.86
-11799729.72,4654459.03,2162.85
-11799731.36,4654458.26,2162.86
-11799728.08,4654459.8,2162.82
-11799726.450000001,4654460.57,2162.84
-11799724.84,4654461.32,2162.81
-11799723.24,4654462.08,2162.82
-11799721.620000001,4654462.850000001,2162.79
-11799719.950000001,4654463.63,2162.75
-11799718.31,4654464.41,2162.73
-11799716.67,4654465.17,2162.69
-11799715.040000001,4654465.93,2162.65
-11799713.4,4654466.72,2162.61
-11799710.14,4654468.23,2162.51
-11799711.78,4654467.47,2162.56
-11799710.69,4654467.8,2170.44
-11799709.31,4654468.350000001,2174.13
-11799709.42,4654468.2700000005,2175.6
-11799707.64,4654469.17,2173.0
-11799707.78,4654469.0600000005,2174.98
-11799706.18,4654469.8,2175.22
-11799706.26,4654469.72,2176.49
-11799706.450000001,4654469.58,2179.07
-11799704.57,4654470.53,2175.85
-11799704.88,4654470.3,2180.04
-11799703.23,4654471.07,2179.9
-11799701.26,4654472.11,2175.3
-11799701.5,4654471.93,2178.5
-11799698.72,4654473.62,2162.53
-11799699.05,4654473.350000001,2166.99
-11799699.23,4654473.21,2169.3
-11799699.38,4654473.100000001,2171.29
-11799697.9,4654473.75,2173.24
-11799695.43,4654475.17,2162.54
-11799695.56,4654475.07,2164.25
-11799696.25,4654474.5200000005,2173.3
-11799693.78,4654475.95,2162.36
-11799693.92,4654475.83,2164.19
-11799692.16,4654476.71,2162.4
-11799690.540000001,4654477.47,2162.38
-11799688.89,4654478.24,2162.36
-11799687.22,4654479.03,2162.35
-11799685.65,4654479.75,2163.38
-11799685.56,4654479.8100000005,2162.38
-11799683.92,4654480.58,2162.35
-11799684.02,4654480.5200000005,2163.52
-11799682.3,4654481.34,2162.22
-11799682.44,4654481.24,2163.82
-11799680.68,4654482.12,2162.24
-11799680.92,4654481.94,2165.07
-11799679.23,4654482.72,2164.8
-11799677.64,4654483.47,2165.22
-11799675.77,4654484.41,2162.22
-11799675.9,4654484.3100000005,2163.74
-11799674.22,4654485.12,2163.22
-11799672.620000001,4654485.850000001,2163.6
-11799670.82,4654486.75,2162.04
-11799669.15,4654487.54,2162.02
-11799667.51,4654488.3,2162.04
-11799665.89,4654489.08,2162.04
-11799664.25,4654489.84,2162.05
-11799662.61,4654490.600000001,2162.01
-11799660.96,4654491.37,2162.03
-11799659.34,4654492.13,2162.0
-11799657.700000001,4654492.92,2161.94
-11799656.03,4654493.71,2161.88
-11799654.39,4654494.48,2161.76
-11799652.75,4654495.26,2161.8
-11799649.44,4654496.8100000005,2161.77
-11799651.07,4654496.05,2161.76
-11799647.81,4654497.58,2161.8
-11799646.15,4654498.36,2161.84
-11799644.51,4654499.13,2161.88
-11799642.89,4654499.89,2162.0
-11799641.24,4654500.67,2161.86
-11799639.57,4654501.45,2161.74
-11799637.89,4654502.24,2161.58
-11799636.450000001,4654502.89,2163.28
-11799636.24,4654503.0200000005,2161.48
-11799634.59,4654503.8,2161.4
-11799632.98,4654504.55,2161.36
-11799631.34,4654505.34,2161.35
-11799629.65,4654506.13,2161.3
-11799627.98,4654506.9,2161.23
-11799626.33,4654507.69,2161.17
-11799624.68,4654508.46,2161.15
-11799624.86,4654509.04,2161.15
-11799626.52,4654508.25,2161.19
-11799628.16,4654507.49,2161.24
-11799629.82,4654506.7,2161.28
-11799631.46,4654505.94,2161.34
-11799636.39,4654503.61,2161.52
-11799633.09,4654505.17,2161.4
-11799636.58,4654503.49,2163.19
-11799634.74,4654504.41,2161.44
-11799639.69,4654502.07,2161.81
-11799638.03,4654502.84,2161.61
-11799641.36,4654501.28,2161.85
-11799643.09,4654500.45,2162.44
-11799644.65,4654499.72,2161.86
-11799646.28,4654498.96,2161.82
-11799647.93,4654498.2,2161.81
-11799649.540000001,4654497.45,2161.78
-11799651.17,4654496.66,2161.78
-11799652.82,4654495.91,2161.8
-11799654.450000001,4654495.12,2161.78
-11799656.11,4654494.36,2161.85
-11799659.4,4654492.8100000005,2161.97
-11799657.77,4654493.57,2161.9
-11799661.02,4654492.05,2162.02
-11799662.63,4654491.29,2162.03
-11799664.26,4654490.53,2162.03
-11799665.91,4654489.75,2162.03
-11799667.55,4654488.99,2162.02
-11799669.200000001,4654488.22,2162.01
-11799670.85,4654487.44,2162.04
-11799672.46,4654486.68,2161.98
-11799672.64,4654486.54,2163.88
-11799674.22,4654485.83,2163.01
-11799675.700000001,4654485.16,2162.11
-11799675.870000001,4654485.04,2164.01
-11799677.36,4654484.38,2162.13
-11799679.34,4654483.36,2165.74
-11799677.65,4654484.16,2165.49
-11799680.93,4654482.64,2165.13
-11799682.31,4654482.05,2162.26
-11799682.41,4654481.97,2163.59
-11799683.94,4654481.29,2162.31
-11799685.58,4654480.51,2162.36
-11799685.65,4654480.46,2163.32
-11799688.83,4654478.99,2162.32
-11799687.200000001,4654479.75,2162.34
-11799690.47,4654478.23,2162.36
-11799692.1,4654477.45,2162.38
-11799692.22,4654477.350000001,2163.9
-11799693.76,4654476.68,2162.36
-11799693.91,4654476.5600000005,2164.4
-11799695.63,4654475.71,2165.46
-11799697.040000001,4654475.14,2162.51
-11799697.84,4654474.51,2173.07
-11799698.69,4654474.37,2162.42
-11799699.1,4654474.04,2167.78
-11799699.34,4654473.850000001,2171.07
-11799701.41,4654472.74,2177.05
-11799703.06,4654471.95,2177.55
-11799703.13,4654471.88,2178.6
-11799703.540000001,4654472.08,2162.48
-11799703.22,4654471.82,2179.77
-11799704.84,4654471.04,2180.4
-11799706.120000001,4654470.5200000005,2176.42
-11799706.32,4654470.36,2179.19
-11799707.71,4654469.8100000005,2175.75
-11799709.13,4654469.2,2172.73
-11799709.31,4654469.07,2175.15
-11799710.64,4654468.54,2170.92
-11799710.85,4654468.37,2173.88
-11799710.96,4654468.2700000005,2175.58
-11799711.69,4654468.26,2162.51
-11799712.56,4654467.54,2175.44
-11799713.33,4654467.49,2162.61
-11799714.98,4654466.71,2162.67
-11799716.620000001,4654465.94,2162.72
-11799718.25,4654465.18,2162.73
-11799719.88,4654464.4,2162.75
-11799721.51,4654463.64,2162.78
-11799723.120000001,4654462.88,2162.81
-11799724.78,4654462.11,2162.84
-11799726.42,4654461.32,2162.85
-11799728.02,4654460.58,2162.84
-11799729.6,4654459.83,2162.8
-11799731.23,4654459.07,2162.84
-11799732.88,4654458.3,2162.85
-11799734.52,4654457.5200000005,2162.78
-11799736.16,4654456.76,2162.86
-11799736.91,4654457.5,2162.94
-11799735.31,4654458.23,2162.9
-11799733.700000001,4654459.0,2162.73
-11799732.07,4654459.78,2162.81
-11799727.200000001,4654462.07,2162.86
-11799730.44,4654460.53,2162.84
-11799723.98,4654463.59,2162.82
-11799728.84,4654461.29,2162.82
-11799722.36,4654464.350000001,2162.8
-11799725.59,4654462.83,2162.8
-11799720.77,4654465.100000001,2162.78
-11799719.13,4654465.87,2162.75
-11799717.48,4654466.66,2162.73
-11799715.86,4654467.42,2162.67
-11799714.24,4654468.18,2162.67
-11799713.4,4654468.3,2174.47
-11799713.51,4654468.19,2176.21
-11799711.88,4654468.98,2176.06
-11799712.01,4654468.850000001,2178.11
-11799710.290000001,4654469.73,2175.94
-11799708.43,4654470.7,2172.02
-11799708.51,4654470.63,2172.98
-11799708.71,4654470.48,2175.85
-11799707.16,4654471.17,2177.0
-11799705.52,4654471.95,2176.9
-11799705.42,4654472.0200000005,2175.58
-11799705.66,4654471.83,2178.9
-11799705.78,4654471.75,2180.44
-11799702.81,4654473.57,2162.42
-11799703.24,4654473.23,2168.32
-11799703.33,4654473.16,2169.51
-11799703.870000001,4654472.73,2176.88
-11799702.17,4654473.5600000005,2175.57
-11799701.88,4654473.79,2171.63
-11799702.31,4654473.44,2177.35
-11799700.66,4654474.24,2176.63
-11799697.98,4654475.850000001,2162.42
-11799696.36,4654476.61,2162.57
-11799696.47,4654476.5200000005,2163.94
-11799694.92,4654477.22,2165.13
-11799693.09,4654478.16,2162.38
-11799693.23,4654478.03,2164.17
-11799691.68,4654478.74,2164.96
-11799689.82,4654479.7,2162.35
-11799688.19,4654480.46,2162.36
-11799686.540000001,4654481.23,2162.34
-11799684.92,4654482.01,2162.34
-11799681.68,4654483.53,2162.27
-11799683.290000001,4654482.7700000005,2162.29
-11799681.83,4654483.41,2164.05
-11799680.290000001,4654484.11,2164.99
-11799678.71,4654484.84,2165.74
-11799676.76,4654485.850000001,2162.15
-11799676.99,4654485.68,2164.71
-11799675.16,4654486.600000001,2162.17
-11799673.63,4654487.3,2163.33
-11799673.52,4654487.38,2162.1
-11799670.19,4654488.95,2162.05
-11799671.85,4654488.15,2162.07
-11799668.56,4654489.71,2162.07
-11799666.97,4654490.45,2162.06
-11799665.35,4654491.21,2162.07
-11799663.700000001,4654492.01,2162.06
-11799662.06,4654492.78,2162.03
-11799660.41,4654493.5600000005,2162.0
-11799658.78,4654494.32,2161.94
-11799657.11,4654495.100000001,2161.86
-11799655.46,4654495.88,2161.82
-11799653.84,4654496.66,2161.83
-11799652.200000001,4654497.43,2161.79
-11799650.57,4654498.19,2161.8
-11799648.94,4654498.95,2161.83
-11799647.31,4654499.73,2161.85
-11799645.64,4654500.5200000005,2161.88
-11799644.0,4654501.28,2161.9
-11799642.4,4654502.04,2161.98
-11799642.98,4654501.64,2167.38
-11799640.75,4654502.8100000005,2161.88
-11799641.33,4654502.42,2167.15
-11799639.08,4654503.600000001,2161.88
-11799637.41,4654504.4,2161.71
-11799635.76,4654505.16,2161.58
-11799634.1,4654505.95,2161.48
-11799634.31,4654505.82,2163.26
-11799632.46,4654506.73,2161.38
-11799630.81,4654507.51,2161.3
-11799629.14,4654508.3,2161.27
-11799627.48,4654509.08,2161.21
-11799625.86,4654509.850000001,2161.19
-11799625.74,4654510.63,2161.19
-11799627.4,4654509.850000001,2161.21
-11799629.05,4654509.07,2161.26
-11799630.69,4654508.3,2161.28
-11799632.36,4654507.5200000005,2161.36
-11799634.21,4654506.600000001,2163.13
-11799634.02,4654506.73,2161.5
-11799637.34,4654505.15,2161.78
-11799635.69,4654505.95,2161.63
-11799638.99,4654504.38,2161.88
-11799640.6,4654503.64,2161.79
-11799641.200000001,4654503.22,2167.25
-11799642.89,4654502.42,2167.65
-11799643.9,4654502.09,2161.9
-11799645.56,4654501.3,2161.9
-11799647.19,4654500.54,2161.86
-11799648.81,4654499.78,2161.84
-11799650.450000001,4654499.0,2161.8
-11799652.08,4654498.24,2161.79
-11799653.74,4654497.45,2161.78
-11799655.38,4654496.69,2161.81
-11799657.0,4654495.93,2161.79
-11799658.66,4654495.13,2161.88
-11799660.32,4654494.37,2161.97
-11799661.96,4654493.59,2162.0
-11799663.58,4654492.83,2162.04
-11799665.200000001,4654492.07,2162.08
-11799666.83,4654491.3,2162.04
-11799668.47,4654490.53,2162.07
-11799670.120000001,4654489.76,2162.03
-11799673.36,4654488.24,2162.07
-11799671.76,4654488.99,2162.05
-11799676.65,4654486.69,2162.17
-11799675.0,4654487.46,2162.17
-11799678.61,4654485.68,2165.44
-11799678.32,4654485.89,2162.11
-11799679.98,4654485.11,2162.19
-11799678.51,4654485.7700000005,2164.15
-11799680.200000001,4654484.96,2164.59
-11799681.58,4654484.36,2162.22
-11799681.77,4654484.23,2164.33
-11799683.21,4654483.59,2162.28
-11799683.370000001,4654483.47,2164.17
-11799684.870000001,4654482.82,2162.31
-11799686.51,4654482.05,2162.34
-11799688.11,4654481.29,2162.34
-11799689.71,4654480.53,2162.32
-11799691.56,4654479.600000001,2165.17
-11799693.21,4654478.83,2165.15
-11799694.63,4654478.23,2162.36
-11799696.25,4654477.47,2162.36
-11799696.36,4654477.38,2163.83
-11799700.540000001,4654475.12,2176.27
-11799697.870000001,4654476.7,2162.36
-11799702.25,4654474.29,2177.27
-11799700.08,4654475.48,2170.23
-11799702.790000001,4654474.39,2162.44
-11799703.75,4654473.63,2175.52
-11799703.84,4654473.57,2176.71
-11799704.4,4654473.64,2162.29
-11799705.38,4654472.86,2175.73
-11799707.120000001,4654472.01,2177.4
-11799708.69,4654471.2700000005,2176.97
-11799710.26,4654470.5600000005,2176.17
-11799711.8,4654469.850000001,2175.08
-11799712.02,4654469.68,2178.25
-11799714.16,4654469.04,2162.63
-11799713.46,4654469.05,2176.07
-11799715.0,4654468.34,2175.13
-11799715.8,4654468.2700000005,2162.65
-11799717.43,4654467.51,2162.75
-11799719.08,4654466.73,2162.76
-11799720.71,4654465.96,2162.75
-11799722.32,4654465.21,2162.77
-11799723.96,4654464.44,2162.79
-11799725.61,4654463.66,2162.8
-11799727.24,4654462.89,2162.8
-11799728.85,4654462.14,2162.82
-11799730.450000001,4654461.38,2162.81
-11799732.09,4654460.62,2162.75
-11799733.72,4654459.84,2162.74
-11799735.36,4654459.07,2162.88
-11799735.43,4654460.08,2162.88
-11799733.77,4654460.87,2162.8
-11799732.11,4654461.65,2162.69
-11799730.5,4654462.4,2162.75
-11799728.870000001,4654463.16,2162.78
-11799727.24,4654463.95,2162.78
-11799725.620000001,4654464.7,2162.78
-11799724.0,4654465.49,2162.78
-11799722.36,4654466.26,2162.79
-11799720.700000001,4654467.04,2162.76
-11799719.05,4654467.8100000005,2162.74
-11799715.790000001,4654469.350000001,2162.71
-11799717.41,4654468.59,2162.72
-11799714.17,4654470.11,2162.73
-11799715.02,4654469.41,2175.49
-11799713.46,4654470.14,2176.34
-11799713.57,4654470.05,2177.97
-11799712.0,4654470.7700000005,2178.61
-11799710.21,4654471.68,2176.22
-11799710.36,4654471.55,2178.38
-11799708.1,4654472.83,2169.04
-11799708.540000001,4654472.47,2175.36
-11799708.68,4654472.36,2177.3
-11799707.14,4654473.07,2178.09
-11799704.36,4654474.75,2162.32
-11799704.950000001,4654474.2700000005,2170.42
-11799705.25,4654474.05,2174.67
-11799705.35,4654473.97,2176.0
-11799702.700000001,4654475.53,2162.34
-11799703.32,4654475.04,2170.78
-11799701.05,4654476.32,2162.42
-11799703.700000001,4654474.75,2175.85
-11799699.41,4654477.09,2162.36
-11799701.540000001,4654475.91,2169.08
-11799696.16,4654478.63,2162.36
-11799700.0,4654476.62,2170.28
-11799694.540000001,4654479.39,2162.42
-11799697.8,4654477.850000001,2162.36
-11799693.14,4654479.98,2165.4
-11799691.24,4654480.94,2162.26
-11799691.43,4654480.8100000005,2164.63
-11799689.61,4654481.71,2162.35
-11799687.99,4654482.47,2162.36
-11799686.33,4654483.26,2162.34
-11799684.700000001,4654484.04,2162.3
-11799683.06,4654484.8100000005,2162.3
-11799681.44,4654485.57,2162.28
-11799679.88,4654486.28,2163.4
-11799679.78,4654486.36,2162.27
-11799678.14,4654487.12,2162.22
-11799676.5,4654487.91,2162.23
-11799673.23,4654489.44,2162.06
-11799674.85,4654488.68,2162.11
-11799671.61,4654490.22,2162.03
-11799669.94,4654490.99,2162.06
-11799668.28,4654491.7700000005,2162.07
-11799666.64,4654492.55,2162.08
-11799665.040000001,4654493.3,2162.08
-11799663.4,4654494.09,2162.03
-11799661.74,4654494.88,2162.02
-11799660.07,4654495.65,2161.94
-11799658.44,4654496.41,2161.88
-11799656.82,4654497.19,2161.82
-11799655.14,4654497.99,2161.76
-11799653.5,4654498.76,2161.81
-11799651.86,4654499.54,2161.82
-11799650.21,4654500.3,2161.85
-11799648.57,4654501.09,2161.86
-11799646.94,4654501.84,2161.9
-11799645.290000001,4654502.62,2161.92
-11799643.68,4654503.38,2161.99
-11799643.98,4654503.18,2164.82
-11799644.38,4654502.92,2168.38
-11799642.700000001,4654503.72,2168.01
-11799641.1,4654504.46,2168.36
-11799638.72,4654505.72,2161.88
-11799639.43,4654505.25,2168.19
-11799637.09,4654506.51,2161.86
-11799635.4,4654507.3,2161.75
-11799633.72,4654508.100000001,2161.53
-11799632.08,4654508.87,2161.38
-11799632.31,4654508.73,2163.33
-11799630.43,4654509.66,2161.32
-11799628.78,4654510.42,2161.24
-11799625.450000001,4654512.01,2161.22
-11799627.1,4654511.23,2161.19
-11799625.09,4654512.91,2161.22
-11799626.72,4654512.14,2161.19
-11799628.36,4654511.36,2161.19
-11799630.040000001,4654510.57,2161.28
-11799631.68,4654509.8,2161.32
-11799633.33,4654509.0200000005,2161.5
-11799633.51,4654508.89,2163.11
-11799635.01,4654508.21,2161.76
-11799636.64,4654507.45,2161.86
-11799640.66,4654505.41,2168.42
-11799638.98,4654506.19,2168.22
-11799642.28,4654504.66,2168.17
-11799643.94,4654503.84,2168.54
-11799644.86,4654503.59,2161.94
-11799646.51,4654502.8,2161.9
-11799648.11,4654502.05,2161.88
-11799649.72,4654501.29,2161.86
-11799651.370000001,4654500.51,2161.84
-11799653.03,4654499.74,2161.8
-11799654.69,4654498.96,2161.81
-11799656.33,4654498.19,2161.81
-11799657.94,4654497.43,2161.83
-11799659.6,4654496.66,2161.88
-11799661.24,4654495.88,2161.99
-11799662.9,4654495.08,2162.01
-11799664.55,4654494.3100000005,2162.06
-11799666.18,4654493.55,2162.07
-11799667.78,4654492.79,2162.06
-11799669.39,4654492.0200000005,2162.04
-11799671.06,4654491.25,2162.06
-11799672.68,4654490.49,2162.06
-11799674.32,4654489.71,2162.06
-11799675.97,4654488.94,2162.13
-11799677.63,4654488.16,2162.22
-11799679.24,4654487.4,2162.19
-11799680.870000001,4654486.63,2162.25
-11799682.49,4654485.87,2162.27
-11799684.120000001,4654485.11,2162.3
-11799685.76,4654484.33,2162.3
-11799687.4,4654483.54,2162.35
-11799689.040000001,4654482.78,2162.38
-11799690.63,4654482.03,2162.36
-11799692.26,4654481.2700000005,2162.28
-11799692.48,4654481.09,2164.94
-11799693.950000001,4654480.47,2162.34
-11799694.11,4654480.36,2164.23
-11799695.620000001,4654479.68,2162.35
-11799697.23,4654478.92,2162.35
-11799698.83,4654478.17,2162.38
-11799700.49,4654477.4,2162.38
-11799701.08,4654476.93,2170.35
-11799702.11,4654476.64,2162.29
-11799702.59,4654476.25,2168.88
-11799703.74,4654475.86,2162.3
-11799706.36,4654474.3,2176.23
-11799704.33,4654475.4,2170.44
-11799706.48,4654474.21,2177.73
-11799708.08,4654473.43,2178.15
-11799709.07,4654473.19,2169.34
-11799709.14,4654473.14,2170.33
-11799709.64,4654472.72,2177.54
-11799710.81,4654472.32,2171.0
-11799711.16,4654472.0600000005,2175.83
-11799711.31,4654471.93,2178.17
-11799714.42,4654470.5200000005,2176.23
-11799712.58,4654471.46,2173.03
-11799715.14,4654470.5,2162.69
-11799712.88,4654471.21,2177.5
-11799716.76,4654469.71,2162.72
-11799718.39,4654468.95,2162.74
-11799720.01,4654468.2,2162.72
-11799721.67,4654467.41,2162.75
-11799723.28,4654466.65,2162.74
-11799724.89,4654465.87,2162.77
-11799726.55,4654465.11,2162.75
-11799729.77,4654463.58,2162.69
-11799728.19,4654464.350000001,2162.76
-11799731.39,4654462.84,2162.74
-11799733.040000001,4654462.05,2162.81
-11799734.69,4654461.28,2162.86
-11799736.3,4654460.5200000005,2162.92
-11799736.790000001,4654461.53,2162.92
-11799735.14,4654462.3100000005,2162.86
-11799733.51,4654463.09,2162.81
-11799730.24,4654464.64,2162.76
-11799731.88,4654463.86,2162.82
-11799728.59,4654465.41,2162.67
-11799726.94,4654466.2,2162.77
-11799725.33,4654466.95,2162.74
-11799723.73,4654467.71,2162.76
-11799722.1,4654468.47,2162.73
-11799720.450000001,4654469.24,2162.75
-11799718.8,4654470.04,2162.76
-11799717.16,4654470.82,2162.76
-11799715.56,4654471.58,2162.69
-11799713.93,4654472.34,2162.71
-11799714.84,4654471.600000001,2176.21
-11799713.15,4654472.41,2175.4
-11799713.290000001,4654472.3100000005,2177.46
-11799711.23,4654473.44,2170.99
-11799711.540000001,4654473.19,2175.4
-11799711.72,4654473.05,2177.97
-11799709.0,4654474.68,2162.59
-11799709.48,4654474.28,2169.56
-11799708.3,4654474.71,2175.55
-11799708.41,4654474.61,2177.23
-11799705.73,4654476.23,2162.48
-11799706.15,4654475.9,2168.15
-11799706.77,4654475.4,2176.9
-11799704.1,4654477.0,2162.46
-11799704.68,4654476.55,2170.36
-11799702.46,4654477.78,2162.32
-11799703.13,4654477.26,2171.32
-11799700.790000001,4654478.5600000005,2162.27
-11799699.18,4654479.33,2162.38
-11799697.55,4654480.07,2162.36
-11799694.3,4654481.64,2162.34
-11799695.91,4654480.87,2162.35
-11799692.65,4654482.41,2162.35
-11799691.01,4654483.18,2162.4
-11799689.370000001,4654483.96,2162.38
-11799687.73,4654484.72,2162.35
-11799686.1,4654485.51,2162.32
-11799684.48,4654486.2700000005,2162.3
-11799682.84,4654487.0600000005,2162.3
-11799681.19,4654487.83,2162.29
-11799679.56,4654488.59,2162.23
-11799677.92,4654489.37,2162.24
-11799676.26,4654490.15,2162.13
-11799674.63,4654490.93,2162.08
-11799672.99,4654491.7,2162.06
-11799671.35,4654492.48,2162.07
-11799669.71,4654493.25,2162.07
-11799668.06,4654494.04,2162.11
-11799666.41,4654494.8100000005,2162.08
-11799664.77,4654495.59,2162.06
-11799663.14,4654496.36,2162.0
-11799661.49,4654497.14,2161.96
-11799659.83,4654497.93,2161.88
-11799658.19,4654498.7,2161.85
-11799656.55,4654499.49,2161.79
-11799654.91,4654500.25,2161.83
-11799653.27,4654501.04,2161.84
-11799651.61,4654501.8100000005,2161.85
-11799649.98,4654502.59,2161.88
-11799648.34,4654503.36,2161.9
-11799646.68,4654504.13,2161.94
-11799645.85,4654504.36,2169.51
-11799644.200000001,4654505.15,2169.08
-11799642.56,4654505.94,2168.92
-11799640.88,4654506.74,2168.69
-11799639.22,4654507.5200000005,2168.5
-11799637.46,4654508.38,2167.36
-11799635.19,4654509.57,2161.79
-11799633.5,4654510.37,2161.38
-11799631.870000001,4654511.13,2161.63
-11799628.49,4654512.76,2161.23
-11799630.17,4654511.96,2161.26
-11799625.25,4654514.28,2161.23
-11799626.870000001,4654513.5200000005,2161.22
-11799625.16,4654515.05,2161.23
-11799626.82,4654514.28,2161.22
-11799628.53,4654513.48,2161.23
-11799630.19,4654512.69,2161.25
-11799631.870000001,4654511.89,2161.29
-11799633.55,4654511.100000001,2161.32
-11799635.24,4654510.3,2161.73
-11799639.25,4654508.25,2168.02
-11799635.4,4654510.18,2163.19
-11799641.02,4654507.4,2168.79
-11799637.53,4654509.08,2167.61
-11799642.68,4654506.63,2169.07
-11799644.36,4654505.8100000005,2169.33
-11799646.03,4654505.03,2169.59
-11799646.870000001,4654504.8100000005,2161.92
-11799648.540000001,4654504.01,2161.9
-11799650.200000001,4654503.24,2161.86
-11799651.86,4654502.46,2161.85
-11799653.51,4654501.69,2161.84
-11799655.17,4654500.89,2161.83
-11799656.82,4654500.13,2161.8
-11799658.450000001,4654499.350000001,2161.86
-11799661.78,4654497.78,2161.94
-11799660.1,4654498.58,2161.86
-11799663.42,4654497.0,2162.01
-11799665.1,4654496.21,2162.05
-11799666.76,4654495.44,2162.05
-11799668.39,4654494.65,2162.08
-11799670.01,4654493.89,2162.07
-11799673.33,4654492.34,2162.06
-11799671.68,4654493.12,2162.06
-11799674.97,4654491.57,2162.06
-11799676.61,4654490.79,2162.11
-11799678.26,4654490.0,2162.23
-11799679.92,4654489.22,2162.23
-11799681.56,4654488.46,2162.27
-11799683.200000001,4654487.68,2162.3
-11799684.85,4654486.89,2162.3
-11799686.52,4654486.11,2162.32
-11799688.18,4654485.3100000005,2162.36
-11799689.81,4654484.5600000005,2162.4
-11799691.44,4654483.8,2162.35
-11799693.07,4654483.01,2162.32
-11799694.700000001,4654482.26,2162.34
-11799696.35,4654481.47,2162.36
-11799698.01,4654480.7,2162.38
-11799699.63,4654479.92,2162.3
-11799701.27,4654479.15,2162.31
-11799705.14,4654477.14,2170.29
-11799702.94,4654478.37,2162.4
-11799706.200000001,4654476.82,2162.49
-11799706.67,4654476.45,2169.0
-11799706.75,4654476.4,2170.07
-11799707.21,4654476.01,2176.61
-11799707.81,4654476.0600000005,2162.53
-11799708.74,4654475.34,2175.5
-11799709.44,4654475.29,2162.6
-11799711.59,4654474.11,2169.8
-11799711.67,4654474.0600000005,2170.94
-11799711.78,4654473.97,2172.4
-11799712.14,4654473.66,2177.81
-11799713.47,4654473.16,2173.17
-11799713.63,4654473.03,2175.52
-11799714.4,4654472.94,2162.67
-11799716.040000001,4654472.18,2162.69
-11799717.67,4654471.4,2162.69
-11799719.33,4654470.63,2162.69
-11799720.97,4654469.850000001,2162.74
-11799722.58,4654469.09,2162.72
-11799724.22,4654468.33,2162.75
-11799725.83,4654467.5600000005,2162.72
-11799727.46,4654466.8,2162.65
-11799729.1,4654466.0200000005,2162.72
-11799730.71,4654465.26,2162.77
-11799732.35,4654464.49,2162.82
-11799733.99,4654463.7,2162.83
-11799735.620000001,4654462.94,2162.86
-11799734.98,4654464.48,2162.84
-11799736.61,4654463.72,2162.88
-11799733.38,4654465.26,2162.83
-11799731.77,4654466.0200000005,2162.81
-11799730.09,4654466.82,2162.79
-11799728.450000001,4654467.59,2162.8
-11799726.82,4654468.37,2162.63
-11799725.22,4654469.13,2162.67
-11799723.57,4654469.9,2162.71
-11799721.93,4654470.66,2162.71
-11799720.32,4654471.44,2162.72
-11799717.05,4654472.99,2162.69
-11799718.69,4654472.2,2162.71
-11799715.43,4654473.76,2162.69
-11799713.81,4654474.5200000005,2162.67
-11799714.43,4654474.03,2171.9
-11799712.17,4654475.3,2162.63
-11799712.67,4654474.91,2169.82
-11799708.9,4654476.850000001,2162.59
-11799710.52,4654476.09,2162.63
-11799707.26,4654477.63,2162.54
-11799707.790000001,4654477.22,2170.06
-11799705.58,4654478.43,2162.5
-11799706.16,4654477.97,2170.51
-11799703.97,4654479.2,2162.47
-11799702.34,4654479.97,2162.46
-11799700.71,4654480.73,2162.38
-11799699.09,4654481.49,2162.32
-11799697.46,4654482.28,2162.36
-11799695.82,4654483.0600000005,2162.36
-11799694.18,4654483.83,2162.33
-11799692.540000001,4654484.600000001,2162.31
-11799690.89,4654485.38,2162.31
-11799689.24,4654486.17,2162.42
-11799687.59,4654486.95,2162.35
-11799685.97,4654487.71,2162.32
-11799684.36,4654488.49,2162.32
-11799682.700000001,4654489.26,2162.32
-11799681.040000001,4654490.05,2162.28
-11799679.39,4654490.84,2162.26
-11799677.77,4654491.61,2162.13
-11799676.15,4654492.37,2162.09
-11799674.53,4654493.15,2162.07
-11799671.24,4654494.71,2162.09
-11799672.89,4654493.91,2162.09
-11799669.57,4654495.5,2162.1
-11799667.97,4654496.25,2162.11
-11799666.33,4654497.0200000005,2162.06
-11799664.68,4654497.8,2162.04
-11799663.040000001,4654498.58,2161.98
-11799661.38,4654499.37,2161.92
-11799659.74,4654500.14,2161.85
-11799656.46,4654501.71,2161.85
-11799658.1,4654500.93,2161.8
-11799653.18,4654503.26,2161.88
-11799654.82,4654502.48,2161.86
-11799651.55,4654504.03,2161.88
-11799649.89,4654504.79,2161.9
-11799648.25,4654505.59,2161.94
-11799647.35,4654505.86,2168.82
-11799645.74,4654506.61,2169.21
-11799644.16,4654507.350000001,2169.6
-11799642.5,4654508.13,2169.29
-11799639.14,4654509.76,2168.48
-11799640.84,4654508.93,2169.02
-11799637.46,4654510.54,2168.13
-11799636.74,4654511.03,2161.74
-11799633.41,4654512.61,2161.33
-11799635.06,4654511.84,2161.38
-11799631.74,4654513.41,2161.31
-11799630.09,4654514.2,2161.29
-11799628.450000001,4654514.96,2161.29
-11799626.81,4654515.75,2161.24
-11799625.19,4654516.53,2161.22
-11799625.72,4654517.08,2161.21
-11799627.38,4654516.3100000005,2161.34
-11799629.03,4654515.53,2161.24
-11799632.33,4654513.99,2161.27
-11799630.69,4654514.76,2161.33
-11799635.59,4654512.44,2161.34
-11799633.96,4654513.2,2161.33
-11799637.290000001,4654511.64,2161.69
-11799639.76,4654510.3,2168.88
-11799641.450000001,4654509.5,2169.29
-11799643.120000001,4654508.7,2169.61
-11799644.73,4654507.95,2169.23
-11799646.3,4654507.22,2168.82
-11799647.89,4654506.47,2168.4
-11799648.83,4654506.18,2161.9
-11799650.5,4654505.38,2162.02
-11799650.86,4654505.14,2165.46
-11799652.11,4654504.64,2161.88
-11799653.74,4654503.87,2161.88
-11799655.39,4654503.08,2161.86
-11799657.040000001,4654502.3,2161.85
-11799658.67,4654501.54,2161.82
-11799660.3,4654500.7700000005,2161.84
-11799661.94,4654499.99,2161.85
-11799663.58,4654499.22,2161.96
-11799665.25,4654498.43,2162.0
-11799666.89,4654497.66,2162.05
-11799668.53,4654496.88,2162.1
-11799670.18,4654496.08,2162.09
-11799671.82,4654495.33,2162.1
-11799673.46,4654494.55,2162.08
-11799675.07,4654493.78,2162.07
-11799676.700000001,4654493.01,2162.06
-11799679.99,4654491.46,2162.22
-11799678.32,4654492.25,2162.11
-11799681.63,4654490.69,2162.25
-11799681.790000001,4654490.5600000005,2164.19
-11799683.24,4654489.92,2162.32
-11799684.85,4654489.16,2162.34
-11799686.5,4654488.39,2162.34
-11799688.14,4654487.600000001,2162.42
-11799689.78,4654486.84,2162.26
-11799691.46,4654486.05,2162.28
-11799693.07,4654485.28,2162.31
-11799694.69,4654484.5200000005,2162.32
-11799696.3,4654483.76,2162.35
-11799699.63,4654482.17,2163.19
-11799698.0,4654482.93,2163.42
-11799701.21,4654481.44,2162.4
-11799702.84,4654480.66,2162.42
-11799704.47,4654479.88,2162.49
-11799706.11,4654479.12,2162.55
-11799707.74,4654478.36,2162.57
-11799709.36,4654477.59,2162.6
-11799711.0,4654476.8100000005,2162.63
-11799712.63,4654476.04,2162.63
-11799714.28,4654475.26,2162.67
-11799715.92,4654474.47,2162.67
-11799720.790000001,4654472.18,2162.69
-11799717.56,4654473.71,2162.67
-11799722.41,4654471.42,2162.67
-11799719.19,4654472.94,2162.69
-11799724.040000001,4654470.64,2162.65
-11799724.27,4654470.46,2166.23
-11799725.790000001,4654469.78,2164.96
-11799725.64,4654469.88,2162.59
-11799727.32,4654469.09,2163.02
-11799728.94,4654468.33,2162.82
-11799730.57,4654467.5600000005,2162.77
-11799732.200000001,4654466.8,2162.8
-11799733.81,4654466.03,2162.81
-11799735.450000001,4654465.26,2162.83
-11799736.11,4654466.19,2162.86
-11799734.48,4654466.95,2162.84
-11799732.88,4654467.71,2162.8
-11799729.66,4654469.25,2162.77
-11799731.27,4654468.49,2162.79
-11799728.040000001,4654470.01,2162.84
-11799726.42,4654470.78,2162.9
-11799726.63,4654470.600000001,2166.44
-11799724.790000001,4654471.54,2162.55
-11799725.14,4654471.2700000005,2168.19
-11799724.94,4654471.44,2164.85
-11799723.16,4654472.33,2162.6
-11799723.33,4654472.2,2165.19
-11799721.540000001,4654473.11,2162.65
-11799719.91,4654473.88,2162.67
-11799718.31,4654474.64,2162.67
-11799716.71,4654475.4,2162.69
-11799715.07,4654476.18,2162.67
-11799713.44,4654476.94,2162.65
-11799711.82,4654477.71,2162.63
-11799710.19,4654478.49,2162.6
-11799708.56,4654479.26,2162.59
-11799706.94,4654480.0200000005,2162.55
-11799703.700000001,4654481.57,2162.48
-11799705.32,4654480.78,2162.53
-11799702.07,4654482.350000001,2162.44
-11799700.450000001,4654483.12,2162.46
-11799698.91,4654483.82,2163.56
-11799697.32,4654484.5600000005,2163.77
-11799695.65,4654485.38,2163.11
-11799693.96,4654486.19,2162.33
-11799692.3,4654486.97,2162.31
-11799690.67,4654487.75,2162.29
-11799689.05,4654488.53,2162.27
-11799687.41,4654489.3,2162.27
-11799685.81,4654490.05,2162.38
-11799684.18,4654490.84,2162.3
-11799684.32,4654490.73,2163.9
-11799682.81,4654491.42,2165.38
-11799680.9,4654492.39,2162.23
-11799681.13,4654492.22,2164.77
-11799679.290000001,4654493.15,2162.11
-11799677.66,4654493.91,2162.1
-11799676.02,4654494.71,2162.08
-11799674.39,4654495.48,2162.09
-11799672.75,4654496.26,2162.11
-11799671.13,4654497.03,2162.07
-11799669.51,4654497.79,2162.09
-11799667.85,4654498.58,2162.07
-11799666.200000001,4654499.37,2162.01
-11799664.58,4654500.14,2161.97
-11799662.950000001,4654500.92,2161.88
-11799661.32,4654501.68,2161.86
-11799659.68,4654502.47,2161.85
-11799658.05,4654503.24,2161.86
-11799656.41,4654504.0200000005,2161.9
-11799654.77,4654504.79,2161.92
-11799653.13,4654505.5600000005,2161.9
-11799650.28,4654506.83,2165.85
-11799651.86,4654506.09,2165.44
-11799648.86,4654507.47,2167.72
-11799647.290000001,4654508.19,2168.33
-11799645.73,4654508.9,2169.1
-11799644.14,4654509.66,2169.5
-11799642.49,4654510.45,2169.38
-11799640.88,4654511.2,2169.61
-11799638.38,4654512.5600000005,2161.73
-11799639.23,4654512.0,2169.33
-11799636.700000001,4654513.37,2161.35
-11799635.03,4654514.15,2161.28
-11799633.370000001,4654514.95,2161.3
-11799631.73,4654515.72,2161.35
-11799630.09,4654516.5,2161.28
-11799628.48,4654517.26,2161.27
-11799626.84,4654518.03,2161.29
-11799625.18,4654518.83,2161.25
-11799625.58,4654519.53,2161.21
-11799628.86,4654517.99,2161.38
-11799627.21,4654518.7700000005,2161.27
-11799630.51,4654517.21,2161.29
-11799632.17,4654516.42,2161.31
-11799633.8,4654515.65,2161.33
-11799637.05,4654514.11,2161.35
-11799635.41,4654514.89,2161.32
-11799638.75,4654513.3,2161.65
-11799638.93,4654513.18,2163.3
-11799641.27,4654511.94,2169.38
-11799642.83,4654511.22,2168.98
-11799644.46,4654510.44,2169.26
-11799646.120000001,4654509.64,2169.32
-11799647.67,4654508.93,2168.51
-11799650.66,4654507.57,2166.0
-11799649.21,4654508.22,2167.74
-11799650.77,4654507.5,2167.07
-11799652.26,4654506.83,2165.55
-11799653.52,4654506.3,2161.9
-11799655.15,4654505.54,2161.94
-11799656.75,4654504.79,2161.92
-11799658.370000001,4654504.01,2161.88
-11799660.040000001,4654503.24,2161.88
-11799661.66,4654502.47,2161.83
-11799663.32,4654501.7,2161.86
-11799664.950000001,4654500.91,2161.98
-11799668.23,4654499.36,2162.05
-11799666.59,4654500.12,2162.0
-11799671.46,4654497.82,2162.08
-11799669.85,4654498.600000001,2162.06
-11799673.11,4654497.05,2162.09
-11799674.76,4654496.26,2162.08
-11799676.4,4654495.5,2162.08
-11799678.03,4654494.71,2162.09
-11799679.69,4654493.94,2162.13
-11799681.32,4654493.18,2162.09
-11799681.49,4654493.05,2163.96
-11799683.26,4654492.17,2165.94
-11799684.6,4654491.62,2162.36
-11799684.71,4654491.54,2163.67
-11799686.23,4654490.850000001,2162.25
-11799687.84,4654490.08,2162.27
-11799689.48,4654489.29,2162.25
-11799691.120000001,4654488.53,2162.27
-11799692.73,4654487.7700000005,2162.31
-11799694.33,4654487.0,2162.22
-11799696.06,4654486.17,2163.23
-11799697.77,4654485.350000001,2163.73
-11799700.89,4654483.91,2162.46
-11799699.290000001,4654484.67,2162.38
-11799704.13,4654482.37,2162.52
-11799702.5,4654483.15,2162.47
-11799705.78,4654481.59,2162.55
-11799707.41,4654480.8100000005,2162.57
-11799709.03,4654480.05,2162.57
-11799710.66,4654479.28,2162.61
-11799712.3,4654478.5,2162.63
-11799713.92,4654477.74,2162.63
-11799715.56,4654476.97,2162.63
-11799717.200000001,4654476.19,2162.65
-11799718.85,4654475.4,2162.63
-11799720.47,4654474.64,2162.63
-11799722.06,4654473.89,2162.57
-11799723.700000001,4654473.11,2162.63
-11799723.85,4654472.99,2165.08
-11799723.96,4654472.89,2167.0
-11799725.700000001,4654472.0200000005,2168.98
-11799726.950000001,4654471.57,2162.81
-11799727.1,4654471.44,2165.36
-11799727.25,4654471.32,2167.75
-11799728.6,4654470.8,2162.76
-11799730.24,4654470.0200000005,2162.76
-11799731.85,4654469.25,2162.75
-11799735.08,4654467.73,2162.86
-11799733.450000001,4654468.49,2162.83
-11799736.73,4654466.93,2162.86
-11799736.71,4654468.18,2162.86
-11799735.08,4654468.96,2162.92
-11799735.19,4654468.87,2164.94
-11799733.47,4654469.73,2162.83
-11799731.83,4654470.51,2162.8
-11799730.21,4654471.2700000005,2162.78
-11799728.59,4654472.04,2162.75
-11799726.92,4654472.84,2162.74
-11799727.1,4654472.69,2165.63
-11799727.18,4654472.63,2166.73
-11799725.28,4654473.62,2162.76
-11799725.46,4654473.46,2165.67
-11799725.59,4654473.36,2167.69
-11799723.68,4654474.38,2162.74
-11799722.06,4654475.15,2162.67
-11799720.41,4654475.94,2162.56
-11799718.75,4654476.73,2162.61
-11799717.15,4654477.49,2162.63
-11799715.53,4654478.26,2162.61
-11799713.89,4654479.04,2162.58
-11799712.25,4654479.8,2162.59
-11799710.620000001,4654480.57,2162.63
-11799709.01,4654481.36,2162.59
-11799705.74,4654482.91,2162.56
-11799707.370000001,4654482.13,2162.58
-11799704.08,4654483.68,2162.49
-11799702.450000001,4654484.47,2162.5
-11799700.84,4654485.24,2162.44
-11799699.19,4654486.03,2162.44
-11799697.53,4654486.8100000005,2162.4
-11799695.98,4654487.54,2163.08
-11799694.28,4654488.37,2162.24
-11799692.64,4654489.14,2162.19
-11799690.99,4654489.92,2162.28
-11799689.370000001,4654490.7,2162.25
-11799687.75,4654491.45,2162.24
-11799686.13,4654492.24,2162.24
-11799684.5,4654493.01,2162.24
-11799684.64,4654492.91,2163.81
-11799682.83,4654493.8,2162.08
-11799683.02,4654493.67,2164.22
-11799681.18,4654494.59,2162.17
-11799679.53,4654495.38,2162.11
-11799677.92,4654496.14,2162.08
-11799676.3,4654496.91,2162.1
-11799674.65,4654497.69,2162.1
-11799672.99,4654498.49,2162.11
-11799671.35,4654499.26,2162.11
-11799669.71,4654500.04,2162.07
-11799668.08,4654500.82,2162.03
-11799666.46,4654501.57,2161.99
-11799664.82,4654502.37,2161.9
-11799663.17,4654503.16,2161.86
-11799661.53,4654503.92,2161.86
-11799659.9,4654504.71,2161.88
-11799658.27,4654505.48,2161.94
-11799656.61,4654506.2700000005,2161.96
-11799654.97,4654507.0600000005,2161.92
-11799653.32,4654507.83,2161.94
-11799653.69,4654507.58,2165.47
-11799652.1,4654508.33,2165.85
-11799650.66,4654508.98,2167.54
-11799649.1,4654509.7,2168.33
-11799647.52,4654510.43,2169.11
-11799645.950000001,4654511.17,2169.44
-11799644.26,4654512.0,2168.57
-11799642.620000001,4654512.7700000005,2168.58
-11799640.19,4654514.08,2161.76
-11799641.01,4654513.53,2169.03
-11799638.47,4654514.91,2161.36
-11799636.83,4654515.68,2161.35
-11799635.19,4654516.44,2161.33
-11799633.56,4654517.23,2161.38
-11799631.91,4654518.0200000005,2161.36
-11799628.59,4654519.59,2161.31
-11799630.26,4654518.79,2161.35
-11799626.950000001,4654520.37,2161.26
-11799625.32,4654521.14,2161.24
-11799625.44,4654521.97,2161.31
-11799627.09,4654521.19,2161.36
-11799628.78,4654520.38,2161.27
-11799630.41,4654519.600000001,2161.35
-11799632.02,4654518.850000001,2161.36
-11799633.66,4654518.0600000005,2161.35
-11799635.3,4654517.3,2161.36
-11799636.950000001,4654516.51,2161.36
-11799638.6,4654515.74,2161.4
-11799640.24,4654514.95,2161.47
-11799640.46,4654514.8100000005,2163.36
-11799642.65,4654513.67,2168.29
-11799644.25,4654512.91,2168.19
-11799647.700000001,4654511.25,2169.46
-11799646.0,4654512.05,2169.03
-11799650.790000001,4654509.8100000005,2167.88
-11799649.25,4654510.5200000005,2168.67
-11799652.21,4654509.18,2166.06
-11799652.32,4654509.100000001,2167.13
-11799653.790000001,4654508.44,2165.65
-11799655.040000001,4654507.93,2161.96
-11799656.66,4654507.17,2161.96
-11799658.31,4654506.38,2161.97
-11799659.950000001,4654505.59,2161.92
-11799661.57,4654504.83,2161.9
-11799663.23,4654504.0600000005,2161.82
-11799664.870000001,4654503.28,2161.88
-11799666.5,4654502.51,2161.94
-11799668.14,4654501.71,2162.01
-11799669.78,4654500.95,2162.03
-11799671.41,4654500.17,2162.07
-11799673.05,4654499.4,2162.09
-11799674.66,4654498.64,2162.09
-11799676.28,4654497.87,2162.08
-11799677.93,4654497.09,2162.07
-11799679.58,4654496.3,2162.11
-11799681.21,4654495.53,2162.15
-11799682.81,4654494.76,2162.22
-11799684.46,4654493.99,2162.19
-11799686.11,4654493.2,2162.22
-11799687.72,4654492.44,2162.23
-11799689.35,4654491.67,2162.25
-11799691.0,4654490.88,2162.24
-11799692.620000001,4654490.12,2162.19
-11799694.24,4654489.36,2162.3
-11799695.91,4654488.57,2162.34
-11799697.56,4654487.7700000005,2162.36
-11799699.21,4654486.99,2162.4
-11799700.82,4654486.23,2162.44
-11799702.44,4654485.47,2162.47
-11799704.05,4654484.7,2162.51
-11799705.68,4654483.92,2162.55
-11799707.3,4654483.16,2162.56
-11799708.92,4654482.4,2162.57
-11799710.56,4654481.61,2162.59
-11799712.200000001,4654480.84,2162.6
-11799713.81,4654480.08,2162.61
-11799715.44,4654479.29,2162.6
-11799717.1,4654478.51,2162.59
-11799718.73,4654477.74,2162.57
-11799720.33,4654476.98,2162.54
-11799721.97,4654476.2,2162.81
-11799723.61,4654475.43,2162.75
-11799725.22,4654474.67,2162.71
-11799725.41,4654474.5,2165.77
-11799726.83,4654473.89,2162.74
-11799727.05,4654473.71,2166.17
-11799728.48,4654473.11,2162.74
-11799730.11,4654472.33,2162.82
-11799731.74,4654471.57,2162.82
-11799733.34,4654470.8100000005,2162.8
-11799734.96,4654470.05,2162.76
-11799735.07,4654469.93,2164.76
-11799736.59,4654469.2700000005,2162.76
-11799736.69,4654469.17,2164.63
-11799735.35,4654471.28,2162.82
-11799735.450000001,4654471.18,2164.83
-11799733.72,4654472.04,2162.82
-11799733.82,4654471.97,2164.38
-11799732.11,4654472.82,2162.81
-11799732.21,4654472.73,2164.61
-11799730.44,4654473.61,2162.83
-11799728.83,4654474.39,2162.8
-11799727.200000001,4654475.15,2162.76
-11799725.6,4654475.92,2162.73
-11799723.98,4654476.68,2162.71
-11799722.31,4654477.48,2162.69
-11799720.67,4654478.2700000005,2162.65
-11799719.03,4654479.0600000005,2162.6
-11799717.39,4654479.83,2162.51
-11799715.78,4654480.59,2162.59
-11799714.17,4654481.37,2162.59
-11799712.53,4654482.14,2162.59
-11799710.88,4654482.92,2162.57
-11799709.28,4654483.68,2162.61
-11799707.64,4654484.48,2162.54
-11799705.99,4654485.2700000005,2162.55
-11799704.33,4654486.05,2162.54
-11799702.71,4654486.83,2162.53
-11799701.09,4654487.59,2162.47
-11799699.47,4654488.38,2162.47
-11799697.82,4654489.15,2162.42
-11799696.19,4654489.94,2162.38
-11799694.55,4654490.72,2162.31
-11799692.91,4654491.5,2162.29
-11799691.27,4654492.2700000005,2162.21
-11799689.61,4654493.07,2162.15
-11799687.98,4654493.850000001,2162.24
-11799686.370000001,4654494.62,2162.22
-11799684.73,4654495.38,2162.19
-11799683.1,4654496.17,2162.19
-11799681.450000001,4654496.96,2162.13
-11799679.81,4654497.73,2162.09
-11799678.21,4654498.51,2162.07
-11799676.56,4654499.29,2162.08
-11799674.89,4654500.08,2162.07
-11799673.26,4654500.86,2162.08
-11799671.620000001,4654501.64,2162.05
-11799669.99,4654502.42,2162.04
-11799668.36,4654503.19,2162.0
-11799666.71,4654503.97,2161.92
-11799665.07,4654504.7700000005,2161.88
-11799663.42,4654505.55,2161.9
-11799661.77,4654506.32,2161.92
-11799660.14,4654507.09,2161.98
-11799658.52,4654507.88,2161.98
-11799656.88,4654508.67,2161.96
-11799654.03,4654509.93,2165.92
-11799655.61,4654509.19,2165.48
-11799651.02,4654511.3100000005,2168.74
-11799652.63,4654510.53,2168.34
-11799649.42,4654512.0600000005,2169.17
-11799647.82,4654512.82,2169.36
-11799646.09,4654513.66,2168.49
-11799644.36,4654514.5,2167.61
-11799640.39,4654516.53,2161.4
-11799642.08,4654515.71,2161.8
-11799637.11,4654518.08,2161.49
-11799638.72,4654517.3100000005,2161.4
-11799633.8,4654519.66,2161.48
-11799635.46,4654518.88,2161.38
-11799630.51,4654521.22,2161.38
-11799632.15,4654520.42,2161.48
-11799628.89,4654522.0,2161.34
-11799627.22,4654522.79,2161.26
-11799625.58,4654523.57,2161.31
-11799625.94,4654524.37,2161.26
-11799627.59,4654523.58,2161.36
-11799629.27,4654522.78,2161.36
-11799630.96,4654521.98,2161.4
-11799632.65,4654521.18,2161.46
-11799634.3,4654520.39,2161.4
-11799635.950000001,4654519.61,2161.46
-11799637.6,4654518.83,2161.44
-11799639.27,4654518.04,2161.36
-11799640.96,4654517.24,2161.42
-11799642.59,4654516.45,2161.58
-11799642.8,4654516.3100000005,2163.34
-11799644.91,4654515.23,2167.48
-11799646.66,4654514.38,2168.32
-11799648.4,4654513.5200000005,2169.23
-11799651.700000001,4654511.98,2168.83
-11799650.09,4654512.73,2169.3
-11799653.32,4654511.22,2168.4
-11799654.700000001,4654510.61,2165.96
-11799656.32,4654509.850000001,2165.56
-11799657.6,4654509.32,2162.04
-11799659.23,4654508.54,2161.99
-11799660.84,4654507.78,2161.97
-11799662.49,4654507.0,2161.92
-11799664.17,4654506.21,2161.92
-11799667.47,4654504.64,2161.88
-11799665.85,4654505.41,2161.88
-11799670.78,4654503.08,2162.02
-11799669.1,4654503.86,2162.0
-11799674.08,4654501.49,2162.06
-11799672.43,4654502.29,2162.02
-11799675.76,4654500.7,2162.06
-11799677.38,4654499.94,2162.07
-11799679.0,4654499.17,2162.05
-11799680.65,4654498.39,2162.06
-11799682.3,4654497.600000001,2162.06
-11799683.97,4654496.82,2162.13
-11799685.6,4654496.0200000005,2162.19
-11799687.23,4654495.25,2162.23
-11799688.870000001,4654494.48,2162.13
-11799690.56,4654493.67,2162.22
-11799695.450000001,4654491.36,2162.36
-11799692.21,4654492.89,2162.27
-11799697.1,4654490.57,2162.4
-11799693.82,4654492.13,2162.31
-11799698.77,4654489.78,2162.42
-11799700.39,4654489.01,2162.44
-11799701.99,4654488.25,2162.48
-11799703.65,4654487.46,2162.52
-11799705.290000001,4654486.68,2162.53
-11799706.92,4654485.9,2162.55
-11799710.23,4654484.33,2162.56
-11799708.59,4654485.11,2162.53
-11799713.51,4654482.7700000005,2162.56
-11799711.870000001,4654483.55,2162.57
-11799718.41,4654480.45,2162.6
-11799715.120000001,4654482.01,2162.52
-11799720.05,4654479.66,2162.65
-11799716.76,4654481.24,2162.46
-11799721.68,4654478.89,2162.69
-11799723.3,4654478.13,2162.69
-11799724.93,4654477.350000001,2162.71
-11799726.540000001,4654476.59,2162.75
-11799728.18,4654475.8,2162.79
-11799729.83,4654475.0200000005,2162.82
-11799731.48,4654474.24,2162.8
-11799731.61,4654474.12,2165.05
-11799733.26,4654473.32,2165.6
-11799733.1,4654473.47,2162.8
-11799734.81,4654472.61,2164.75
-11799734.71,4654472.71,2162.82
-11799736.35,4654471.93,2162.81
-11799735.82,4654473.57,2162.82
-11799734.19,4654474.37,2162.8
-11799734.33,4654474.22,2165.27
-11799732.540000001,4654475.14,2162.84
-11799732.66,4654475.04,2164.85
-11799730.9,4654475.91,2162.85
-11799729.28,4654476.7,2162.83
-11799727.68,4654477.48,2162.79
-11799726.06,4654478.24,2162.79
-11799724.5,4654478.97,2163.61
-11799721.18,4654480.5600000005,2162.69
-11799722.82,4654479.79,2162.69
-11799719.53,4654481.36,2162.72
-11799717.89,4654482.13,2162.69
-11799716.28,4654482.91,2162.51
-11799716.56,4654482.69,2166.69
-11799714.65,4654483.7,2162.46
-11799714.89,4654483.5,2166.06
-11799711.4,4654485.24,2162.55
-11799713.040000001,4654484.47,2162.53
-11799709.72,4654486.03,2162.55
-11799708.08,4654486.83,2162.55
-11799706.47,4654487.59,2162.54
-11799704.86,4654488.37,2162.51
-11799703.22,4654489.14,2162.5
-11799701.59,4654489.93,2162.5
-11799699.950000001,4654490.72,2162.49
-11799698.34,4654491.48,2162.4
-11799696.73,4654492.25,2162.4
-11799695.09,4654493.03,2162.38
-11799693.43,4654493.83,2162.36
-11799691.77,4654494.61,2162.29
-11799690.16,4654495.38,2162.27
-11799688.53,4654496.16,2162.19
-11799686.89,4654496.95,2162.13
-11799685.26,4654497.73,2162.19
-11799683.6,4654498.53,2162.11
-11799681.96,4654499.3,2162.08
-11799680.35,4654500.07,2162.07
-11799678.72,4654500.850000001,2162.05
-11799677.120000001,4654501.61,2162.04
-11799675.46,4654502.41,2162.01
-11799673.82,4654503.2,2162.02
-11799672.200000001,4654503.96,2162.02
-11799670.55,4654504.73,2161.97
-11799668.91,4654505.53,2161.9
-11799667.27,4654506.32,2161.92
-11799665.63,4654507.08,2161.9
-11799664.01,4654507.87,2161.96
-11799662.38,4654508.64,2162.0
-11799660.73,4654509.43,2162.01
-11799659.07,4654510.23,2162.02
-11799657.78,4654510.7700000005,2165.44
-11799656.23,4654511.51,2165.86
-11799654.85,4654512.11,2168.33
-11799653.23,4654512.87,2168.73
-11799651.66,4654513.600000001,2169.15
-11799650.08,4654514.36,2169.44
-11799648.370000001,4654515.2,2168.59
-11799646.61,4654516.05,2167.71
-11799644.31,4654517.25,2161.8
-11799642.64,4654518.07,2161.47
-11799641.0,4654518.84,2161.51
-11799639.370000001,4654519.64,2161.44
-11799637.72,4654520.43,2161.44
-11799636.08,4654521.19,2161.47
-11799634.43,4654521.99,2161.58
-11799632.78,4654522.78,2161.47
-11799631.14,4654523.5600000005,2161.4
-11799629.5,4654524.350000001,2161.38
-11799627.85,4654525.13,2161.36
-11799624.53,4654526.71,2161.21
-11799626.18,4654525.93,2161.28
-11799625.72,4654527.16,2161.21
-11799627.38,4654526.36,2161.31
-11799629.02,4654525.59,2161.4
-11799630.63,4654524.83,2161.42
-11799632.290000001,4654524.04,2161.48
-11799633.92,4654523.2700000005,2161.46
-11799635.58,4654522.48,2161.61
-11799637.200000001,4654521.7,2161.47
-11799638.84,4654520.93,2161.51
-11799640.49,4654520.13,2161.42
-11799642.15,4654519.350000001,2161.61
-11799643.75,4654518.59,2161.5
-11799645.43,4654517.79,2161.79
-11799647.73,4654516.5600000005,2167.8
-11799649.46,4654515.72,2168.69
-11799651.200000001,4654514.88,2169.54
-11799652.77,4654514.13,2169.09
-11799654.35,4654513.4,2168.67
-11799655.950000001,4654512.64,2168.29
-11799657.34,4654512.03,2165.8
-11799658.9,4654511.3100000005,2165.4
-11799658.56,4654511.55,2162.06
-11799660.16,4654510.7700000005,2161.99
-11799661.82,4654510.0,2162.02
-11799663.47,4654509.21,2161.98
-11799665.1,4654508.42,2161.94
-11799666.700000001,4654507.66,2161.92
-11799668.33,4654506.89,2161.94
-11799669.950000001,4654506.12,2161.92
-11799671.59,4654505.350000001,2162.01
-11799673.24,4654504.5600000005,2162.02
-11799674.88,4654503.78,2162.0
-11799676.48,4654503.01,2162.01
-11799678.14,4654502.23,2162.02
-11799679.78,4654501.45,2162.03
-11799681.41,4654500.68,2162.04
-11799683.05,4654499.89,2162.04
-11799684.68,4654499.12,2162.09
-11799686.290000001,4654498.36,2162.11
-11799687.92,4654497.58,2162.19
-11799689.57,4654496.79,2162.24
-11799691.21,4654496.01,2162.31
-11799692.82,4654495.24,2162.34
-11799694.48,4654494.46,2162.38
-11799696.11,4654493.68,2162.4
-11799697.74,4654492.9,2162.44
-11799699.38,4654492.12,2162.44
-11799701.01,4654491.350000001,2162.49
-11799702.620000001,4654490.59,2162.46
-11799704.27,4654489.8,2162.48
-11799705.91,4654489.01,2162.52
-11799709.16,4654487.47,2162.51
-11799707.52,4654488.25,2162.51
-11799710.790000001,4654486.7,2162.53
-11799712.4,4654485.93,2162.46
-11799714.06,4654485.13,2162.46
-11799716.01,4654484.09,2167.3
-11799717.28,4654483.59,2162.63
-11799717.46,4654483.46,2165.19
-11799717.540000001,4654483.38,2166.4
-11799717.64,4654483.32,2167.92
-11799720.540000001,4654482.05,2162.67
-11799718.9,4654482.83,2162.65
-11799723.81,4654480.48,2162.69
-11799722.16,4654481.28,2162.67
-11799727.040000001,4654478.94,2162.77
-11799725.48,4654479.69,2163.33
-11799730.27,4654477.42,2162.83
-11799728.67,4654478.18,2162.79
-11799731.89,4654476.65,2162.84
-11799733.53,4654475.87,2162.86
-11799733.700000001,4654475.72,2165.72
-11799735.18,4654475.09,2162.86
-11799736.8,4654474.3,2162.78
-11799736.89,4654474.23,2164.38
-11799736.32,4654476.07,2162.86
-11799736.41,4654476.0,2164.44
-11799734.71,4654476.83,2162.86
-11799733.07,4654477.63,2162.86
-11799731.450000001,4654478.4,2162.84
-11799729.84,4654479.18,2162.81
-11799728.200000001,4654479.94,2162.77
-11799726.65,4654480.68,2163.96
-11799724.94,4654481.5200000005,2162.69
-11799723.32,4654482.29,2162.67
-11799721.77,4654483.0200000005,2163.34
-11799720.07,4654483.86,2162.65
-11799718.42,4654484.64,2162.67
-11799716.78,4654485.42,2162.61
-11799716.99,4654485.26,2165.61
-11799717.06,4654485.2,2166.58
-11799715.15,4654486.2,2162.71
-11799713.51,4654486.99,2162.5
-11799711.89,4654487.7700000005,2162.4
-11799710.26,4654488.54,2162.44
-11799708.63,4654489.33,2162.47
-11799707.01,4654490.100000001,2162.5
-11799705.36,4654490.89,2162.48
-11799703.74,4654491.65,2162.49
-11799702.13,4654492.44,2162.47
-11799700.5,4654493.21,2162.47
-11799698.86,4654494.0,2162.46
-11799697.21,4654494.79,2162.42
-11799695.57,4654495.57,2162.4
-11799693.96,4654496.350000001,2162.38
-11799692.32,4654497.12,2162.35
-11799690.67,4654497.92,2162.3
-11799689.040000001,4654498.7,2162.27
-11799687.42,4654499.47,2162.25
-11799684.13,4654501.0600000005,2162.08
-11799685.790000001,4654500.26,2162.21
-11799682.46,4654501.850000001,2162.05
-11799680.82,4654502.63,2162.01
-11799679.21,4654503.41,2162.0
-11799677.540000001,4654504.2,2162.0
-11799675.91,4654504.98,2162.0
-11799674.28,4654505.76,2161.98
-11799672.65,4654506.54,2161.99
-11799671.06,4654507.29,2161.96
-11799669.41,4654508.09,2161.98
-11799666.13,4654509.64,2161.97
-11799667.76,4654508.88,2161.98
-11799664.47,4654510.45,2161.94
-11799664.700000001,4654510.3,2164.25
-11799662.83,4654511.23,2162.01
-11799661.19,4654512.0200000005,2162.02
-11799659.92,4654512.54,2165.49
-11799658.32,4654513.3,2165.9
-11799657.0,4654513.88,2168.67
-11799655.35,4654514.67,2168.47
-11799653.76,4654515.42,2169.19
-11799652.16,4654516.18,2169.4
-11799650.42,4654517.0200000005,2168.48
-11799648.69,4654517.87,2167.61
-11799646.43,4654519.09,2161.78
-11799646.58,4654518.99,2163.17
-11799644.78,4654519.86,2161.5
-11799643.14,4654520.66,2161.56
-11799641.47,4654521.45,2161.52
-11799639.81,4654522.25,2161.44
-11799638.18,4654523.03,2161.49
-11799634.88,4654524.600000001,2161.5
-11799636.56,4654523.8,2161.59
-11799633.22,4654525.39,2161.49
-11799631.56,4654526.19,2161.46
-11799629.98,4654526.95,2161.56
-11799628.31,4654527.74,2161.4
-11799626.65,4654528.55,2161.28
-11799625.02,4654529.33,2161.19
-11799624.66,4654530.5200000005,2161.21
-11799624.8,4654530.43,2162.38
-11799626.35,4654529.72,2161.3
-11799628.0,4654528.92,2161.36
-11799629.68,4654528.13,2161.4
-11799631.4,4654527.3100000005,2161.63
-11799633.05,4654526.53,2161.47
-11799634.700000001,4654525.74,2161.49
-11799636.35,4654524.96,2161.53
-11799639.71,4654523.34,2161.54
-11799638.03,4654524.16,2161.58
-11799641.370000001,4654522.57,2161.54
-11799643.040000001,4654521.76,2161.47
-11799644.700000001,4654520.98,2161.51
-11799646.35,4654520.19,2161.5
-11799648.03,4654519.38,2161.72
-11799648.620000001,4654518.99,2167.17
-11799650.36,4654518.14,2167.96
-11799652.11,4654517.2700000005,2168.84
-11799653.82,4654516.46,2169.6
-11799655.38,4654515.72,2168.85
-11799658.370000001,4654514.37,2165.82
-11799656.950000001,4654515.0,2168.04
-11799661.290000001,4654513.05,2162.06
-11799660.0,4654513.61,2165.61
-11799662.950000001,4654512.28,2162.03
-11799664.57,4654511.51,2161.96
-11799664.82,4654511.3100000005,2164.52
-11799666.25,4654510.7,2162.05
-11799667.91,4654509.89,2161.98
-11799669.55,4654509.12,2161.99
-11799671.18,4654508.36,2161.98
-11799672.8,4654507.58,2161.97
-11799674.47,4654506.79,2161.97
-11799676.13,4654505.99,2161.98
-11799677.77,4654505.21,2161.98
-11799679.4,4654504.44,2161.96
-11799681.08,4654503.64,2161.99
-11799682.75,4654502.83,2162.04
-11799684.39,4654502.0600000005,2162.19
-11799686.01,4654501.28,2162.21
-11799687.66,4654500.48,2162.26
-11799689.31,4654499.71,2162.33
-11799690.96,4654498.92,2162.32
-11799692.61,4654498.13,2162.33
-11799694.25,4654497.36,2162.4
-11799695.88,4654496.57,2162.42
-11799697.5,4654495.78,2162.44
-11799699.16,4654495.01,2162.44
-11799700.8,4654494.23,2162.47
-11799702.43,4654493.45,2162.46
-11799704.06,4654492.66,2162.47
-11799705.69,4654491.9,2162.48
-11799707.33,4654491.11,2162.46
-11799708.98,4654490.34,2162.42
-11799710.6,4654489.55,2162.4
-11799712.24,4654488.7700000005,2162.47
-11799713.91,4654487.99,2162.57
-11799715.56,4654487.19,2162.63
-11799717.19,4654486.41,2162.63
-11799718.77,4654485.66,2162.65
-11799720.39,4654484.89,2162.67
-11799722.05,4654484.08,2163.17
-11799723.64,4654483.34,2162.75
-11799725.28,4654482.54,2162.69
-11799726.93,4654481.7700000005,2162.84
-11799726.99,4654481.71,2163.67
-11799728.58,4654480.98,2162.76
-11799730.21,4654480.19,2162.82
-11799731.83,4654479.43,2162.85
-11799733.450000001,4654478.66,2162.88
-11799735.06,4654477.88,2162.88
-11799736.69,4654477.12,2162.92
-11799736.75,4654478.5200000005,2162.88
-11799735.13,4654479.3100000005,2162.9
-11799733.5,4654480.08,2162.88
-11799731.86,4654480.87,2162.84
-11799730.27,4654481.63,2162.78
-11799728.65,4654482.4,2162.77
-11799727.01,4654483.19,2162.73
-11799725.38,4654483.98,2162.69
-11799723.74,4654484.75,2162.75
-11799723.82,4654484.7,2163.97
-11799720.5,4654486.3100000005,2162.72
-11799722.13,4654485.54,2162.81
-11799718.870000001,4654487.100000001,2162.69
-11799717.24,4654487.87,2162.65
-11799715.59,4654488.67,2162.65
-11799713.97,4654489.45,2162.65
-11799712.34,4654490.22,2162.58
-11799710.700000001,4654491.01,2162.5
-11799709.08,4654491.78,2162.5
-11799707.46,4654492.57,2162.38
-11799705.84,4654493.33,2162.46
-11799704.23,4654494.11,2162.44
-11799702.59,4654494.91,2162.46
-11799700.93,4654495.71,2162.42
-11799697.700000001,4654497.24,2162.42
-11799699.31,4654496.46,2162.44
-11799696.06,4654498.03,2162.42
-11799694.41,4654498.8100000005,2162.38
-11799692.76,4654499.62,2162.33
-11799689.53,4654501.15,2162.34
-11799691.120000001,4654500.39,2162.32
-11799687.88,4654501.95,2162.31
-11799686.21,4654502.74,2162.23
-11799684.57,4654503.54,2162.22
-11799682.950000001,4654504.33,2162.17
-11799681.3,4654505.12,2162.08
-11799679.67,4654505.9,2161.99
-11799678.040000001,4654506.68,2161.96
-11799676.38,4654507.48,2161.98
-11799674.77,4654508.25,2161.94
-11799673.16,4654509.01,2161.96
-11799671.540000001,4654509.79,2162.06
-11799669.89,4654510.59,2162.05
-11799668.21,4654511.38,2162.0
-11799666.6,4654512.15,2162.0
-11799665.0,4654512.91,2161.96
-11799663.36,4654513.71,2162.05
-11799661.72,4654514.5,2162.1
-11799660.08,4654515.26,2162.17
-11799658.790000001,4654515.8100000005,2165.51
-11799655.61,4654517.34,2165.94
-11799657.26,4654516.55,2166.11
-11799654.32,4654517.89,2169.35
-11799655.950000001,4654517.100000001,2169.15
-11799652.58,4654518.71,2168.49
-11799650.870000001,4654519.58,2167.6
-11799648.59,4654520.78,2161.79
-11799648.75,4654520.68,2163.19
-11799645.3,4654522.37,2161.55
-11799646.92,4654521.600000001,2161.5
-11799641.97,4654523.96,2161.51
-11799643.65,4654523.16,2161.57
-11799638.77,4654525.48,2161.65
-11799640.370000001,4654524.72,2161.52
-11799635.44,4654527.100000001,2161.51
-11799637.120000001,4654526.28,2161.6
-11799632.19,4654528.64,2161.59
-11799633.8,4654527.88,2161.51
-11799630.51,4654529.46,2161.51
-11799628.85,4654530.25,2161.38
-11799627.21,4654531.05,2161.36
-11799625.56,4654531.83,2161.36
-11799624.65,4654532.14,2167.17
-11799625.16,4654532.93,2167.27
-11799625.35,4654532.8,2168.83
-11799626.05,4654532.62,2161.42
-11799627.65,4654531.86,2161.29
-11799629.32,4654531.07,2161.4
-11799627.82,4654531.76,2162.67
-11799630.98,4654530.2700000005,2161.44
-11799632.67,4654529.47,2161.65
-11799634.31,4654528.69,2161.67
-11799635.91,4654527.92,2161.48
-11799637.55,4654527.14,2161.56
-11799639.18,4654526.36,2161.49
-11799640.85,4654525.5600000005,2161.58
-11799642.47,4654524.79,2161.58
-11799644.07,4654524.03,2161.65
-11799645.72,4654523.24,2161.58
-11799647.36,4654522.45,2161.46
-11799649.02,4654521.66,2161.61
-11799649.21,4654521.5200000005,2163.36
-11799650.65,4654520.89,2161.61
-11799651.27,4654520.47,2167.31
-11799653.01,4654519.62,2168.17
-11799654.44,4654518.99,2165.96
-11799654.75,4654518.78,2168.92
-11799656.02,4654518.24,2165.67
-11799657.28,4654517.7,2162.08
-11799657.68,4654517.43,2165.84
-11799658.91,4654516.93,2162.15
-11799660.5,4654516.17,2162.09
-11799662.11,4654515.4,2162.05
-11799663.76,4654514.62,2162.04
-11799665.41,4654513.82,2161.97
-11799667.05,4654513.0600000005,2162.01
-11799668.67,4654512.28,2161.98
-11799670.32,4654511.49,2162.04
-11799671.94,4654510.72,2162.02
-11799673.57,4654509.93,2161.94
-11799675.21,4654509.16,2161.94
-11799676.81,4654508.4,2161.96
-11799678.450000001,4654507.61,2161.96
-11799680.08,4654506.84,2162.04
-11799681.74,4654506.03,2162.11
-11799683.370000001,4654505.26,2162.13
-11799684.97,4654504.5,2162.19
-11799686.59,4654503.72,2162.23
-11799688.23,4654502.94,2162.33
-11799689.86,4654502.15,2162.31
-11799691.51,4654501.350000001,2162.35
-11799693.120000001,4654500.600000001,2162.36
-11799694.75,4654499.8100000005,2162.4
-11799696.4,4654499.04,2162.4
-11799698.05,4654498.23,2162.4
-11799699.68,4654497.47,2162.38
-11799701.27,4654496.7,2162.42
-11799702.88,4654495.93,2162.42
-11799704.53,4654495.16,2162.4
-11799706.17,4654494.37,2162.36
-11799707.81,4654493.58,2162.49
-11799709.43,4654492.8100000005,2162.59
-11799711.03,4654492.05,2162.58
-11799712.65,4654491.2700000005,2162.61
-11799714.32,4654490.47,2162.63
-11799715.97,4654489.68,2162.63
-11799717.6,4654488.91,2162.67
-11799719.22,4654488.13,2162.69
-11799720.84,4654487.350000001,2162.71
-11799722.44,4654486.59,2162.71
-11799724.05,4654485.82,2162.72
-11799724.14,4654485.75,2164.05
-11799725.69,4654485.04,2162.82
-11799727.31,4654484.26,2162.69
-11799730.58,4654482.7,2162.78
-11799728.98,4654483.46,2162.82
-11799732.17,4654481.94,2162.78
-11799733.81,4654481.17,2162.85
-11799735.43,4654480.39,2162.86
-11799735.76,4654481.89,2162.85
-11799734.120000001,4654482.69,2162.86
-11799732.48,4654483.48,2162.85
-11799731.09,4654484.07,2166.38
-11799729.26,4654485.01,2162.79
-11799729.49,4654484.83,2166.42
-11799726.0,4654486.59,2162.69
-11799727.63,4654485.8,2162.71
-11799722.72,4654488.16,2162.71
-11799724.35,4654487.39,2162.67
-11799721.09,4654488.93,2162.71
-11799719.46,4654489.72,2162.71
-11799717.85,4654490.48,2162.67
-11799716.200000001,4654491.3,2162.65
-11799714.58,4654492.07,2162.65
-11799712.96,4654492.86,2162.61
-11799711.32,4654493.63,2162.59
-11799709.700000001,4654494.42,2162.57
-11799708.06,4654495.21,2162.58
-11799706.450000001,4654495.98,2162.56
-11799704.81,4654496.7700000005,2162.32
-11799703.18,4654497.5600000005,2162.36
-11799699.9,4654499.12,2162.38
-11799701.540000001,4654498.34,2162.4
-11799696.68,4654500.68,2162.36
-11799698.290000001,4654499.9,2162.38
-11799695.02,4654501.47,2162.36
-11799693.370000001,4654502.2700000005,2162.36
-11799691.73,4654503.05,2162.36
-11799690.11,4654503.83,2162.38
-11799688.48,4654504.61,2162.35
-11799686.85,4654505.4,2162.3
-11799683.59,4654506.96,2162.19
-11799685.22,4654506.18,2162.24
-11799681.98,4654507.75,2162.19
-11799680.32,4654508.53,2162.11
-11799678.69,4654509.33,2162.07
-11799677.05,4654510.11,2161.98
-11799675.38,4654510.91,2161.94
-11799672.14,4654512.46,2162.01
-11799673.74,4654511.7,2161.97
-11799670.5,4654513.26,2162.03
-11799668.86,4654514.05,2162.0
-11799667.23,4654514.84,2162.0
-11799665.6,4654515.61,2162.02
-11799663.96,4654516.4,2162.04
-11799662.32,4654517.19,2162.05
-11799660.700000001,4654517.97,2162.06
-11799659.040000001,4654518.75,2162.07
-11799657.44,4654519.51,2162.17
-11799655.82,4654520.3100000005,2162.25
-11799656.15,4654520.0600000005,2165.38
-11799654.16,4654521.100000001,2162.34
-11799654.51,4654520.86,2165.58
-11799652.49,4654521.91,2161.94
-11799650.81,4654522.72,2161.84
-11799647.52,4654524.3,2161.56
-11799649.13,4654523.5200000005,2161.51
-11799645.91,4654525.07,2161.65
-11799644.28,4654525.86,2161.54
-11799642.620000001,4654526.66,2161.49
-11799640.96,4654527.45,2161.59
-11799639.31,4654528.25,2161.53
-11799637.66,4654529.0200000005,2161.51
-11799636.05,4654529.8,2161.6
-11799634.41,4654530.600000001,2161.52
-11799632.76,4654531.38,2161.52
-11799631.13,4654532.17,2161.44
-11799629.47,4654532.96,2161.44
-11799627.8,4654533.7700000005,2161.44
-11799626.33,4654534.44,2162.86
-11799626.86,4654534.09,2167.24
-11799625.58,4654534.65,2169.96
-11799626.03,4654535.46,2170.33
-11799627.15,4654535.0200000005,2165.97
-11799627.4,4654534.850000001,2168.01
-11799627.56,4654534.75,2169.29
-11799628.24,4654534.61,2161.54
-11799629.85,4654533.84,2161.42
-11799630.040000001,4654533.71,2162.92
-11799631.5,4654533.05,2161.51
-11799631.65,4654532.93,2162.83
-11799633.11,4654532.28,2161.5
-11799636.450000001,4654530.68,2161.65
-11799634.78,4654531.46,2161.57
-11799638.03,4654529.93,2161.53
-11799639.67,4654529.14,2161.51
-11799641.32,4654528.34,2161.5
-11799642.98,4654527.55,2161.6
-11799644.61,4654526.78,2161.59
-11799646.21,4654525.99,2161.74
-11799647.84,4654525.23,2161.53
-11799649.5,4654524.44,2161.52
-11799652.8,4654522.850000001,2161.86
-11799651.15,4654523.64,2161.61
-11799654.43,4654522.05,2161.98
-11799656.07,4654521.29,2162.0
-11799657.72,4654520.49,2162.03
-11799659.39,4654519.7,2162.04
-11799661.01,4654518.93,2162.01
-11799662.6,4654518.16,2162.0
-11799664.24,4654517.38,2162.0
-11799665.89,4654516.59,2161.99
-11799667.5,4654515.82,2161.98
-11799670.76,4654514.26,2162.04
-11799669.14,4654515.03,2161.98
-11799672.41,4654513.47,2162.0
-11799674.02,4654512.7,2161.92
-11799675.66,4654511.91,2161.94
-11799677.3,4654511.12,2162.02
-11799678.94,4654510.350000001,2162.06
-11799680.59,4654509.5600000005,2162.11
-11799682.22,4654508.7700000005,2162.19
-11799683.82,4654508.0,2162.22
-11799687.08,4654506.44,2162.33
-11799685.46,4654507.23,2162.25
-11799688.75,4654505.65,2162.32
-11799690.39,4654504.86,2162.34
-11799692.0,4654504.09,2162.35
-11799693.61,4654503.3,2162.34
-11799695.25,4654502.54,2162.36
-11799696.88,4654501.75,2162.36
-11799698.49,4654500.98,2162.36
-11799700.13,4654500.2,2162.36
-11799701.75,4654499.42,2162.34
-11799703.36,4654498.66,2162.3
-11799705.0,4654497.87,2162.49
-11799706.620000001,4654497.07,2162.55
-11799708.24,4654496.3100000005,2162.53
-11799709.85,4654495.53,2162.56
-11799711.49,4654494.76,2162.57
-11799713.13,4654493.97,2162.63
-11799714.76,4654493.18,2162.63
-11799716.38,4654492.41,2162.63
-11799718.02,4654491.64,2162.63
-11799719.66,4654490.84,2162.67
-11799721.290000001,4654490.07,2162.69
-11799722.9,4654489.3,2162.67
-11799727.97,4654486.78,2166.48
-11799724.540000001,4654488.51,2162.8
-11799729.63,4654485.97,2167.11
-11799726.13,4654487.75,2162.69
-11799732.63,4654484.63,2162.92
-11799727.75,4654486.95,2162.97
-11799732.700000001,4654484.59,2163.86
-11799731.21,4654485.23,2166.6
-11799732.870000001,4654484.43,2166.86
-11799734.26,4654483.84,2162.94
-11799735.86,4654483.09,2162.85
-11799736.61,4654484.24,2162.85
-11799734.99,4654485.03,2162.98
-11799733.32,4654485.83,2163.01
-11799733.61,4654485.58,2167.92
-11799731.96,4654486.38,2167.33
-11799730.35,4654487.17,2167.29
-11799728.67,4654487.98,2166.52
-11799727.03,4654488.78,2166.32
-11799726.8,4654488.98,2162.65
-11799725.17,4654489.76,2162.72
-11799723.56,4654490.5200000005,2162.74
-11799721.96,4654491.3,2162.67
-11799720.31,4654492.100000001,2162.65
-11799718.66,4654492.87,2162.65
-11799717.03,4654493.67,2162.65
-11799715.43,4654494.43,2162.65
-11799713.83,4654495.21,2162.67
-11799712.43,4654495.8100000005,2165.94
-11799712.19,4654496.0,2162.69
-11799710.53,4654496.8100000005,2162.57
-11799708.9,4654497.58,2162.55
-11799707.26,4654498.38,2162.54
-11799705.64,4654499.16,2162.55
-11799704.0,4654499.93,2162.52
-11799702.35,4654500.74,2162.4
-11799700.68,4654501.55,2162.27
-11799699.07,4654502.32,2162.35
-11799697.47,4654503.09,2162.35
-11799695.85,4654503.87,2162.32
-11799694.23,4654504.65,2162.33
-11799692.58,4654505.44,2162.38
-11799690.94,4654506.24,2162.35
-11799689.31,4654507.03,2162.32
-11799687.67,4654507.8,2162.31
-11799686.03,4654508.600000001,2162.3
-11799684.41,4654509.38,2162.28
-11799682.78,4654510.15,2162.23
-11799681.16,4654510.95,2162.17
-11799679.52,4654511.74,2162.17
-11799677.88,4654512.53,2162.1
-11799676.24,4654513.33,2162.05
-11799674.61,4654514.09,2161.97
-11799672.96,4654514.9,2161.9
-11799671.32,4654515.68,2161.99
-11799669.68,4654516.48,2161.98
-11799668.03,4654517.26,2161.97
-11799666.4,4654518.05,2161.94
-11799664.790000001,4654518.83,2161.96
-11799663.16,4654519.61,2161.97
-11799661.5,4654520.41,2161.96
-11799659.870000001,4654521.2,2162.01
-11799658.27,4654521.96,2162.01
-11799656.65,4654522.75,2162.0
-11799654.98,4654523.55,2161.94
-11799653.31,4654524.36,2161.9
-11799651.64,4654525.16,2161.61
-11799650.040000001,4654525.94,2161.79
-11799648.39,4654526.72,2161.74
-11799646.75,4654527.5200000005,2161.6
-11799645.1,4654528.3,2161.59
-11799643.46,4654529.11,2161.54
-11799641.85,4654529.89,2161.63
-11799640.19,4654530.67,2161.54
-11799638.540000001,4654531.47,2161.57
-11799636.88,4654532.2700000005,2161.58
-11799635.23,4654533.0600000005,2161.57
-11799633.61,4654533.850000001,2161.61
-11799631.950000001,4654534.65,2161.48
-11799630.31,4654535.44,2161.49
-11799628.700000001,4654536.2,2161.9
-11799629.33,4654535.78,2167.1
-11799627.97,4654536.38,2169.38
-11799626.450000001,4654537.11,2170.03
-11799624.870000001,4654537.850000001,2170.42
-11799624.64,4654539.17,2170.17
-11799626.19,4654538.44,2169.52
-11799627.77,4654537.68,2168.86
-11799629.3,4654536.97,2168.25
-11799630.13,4654536.72,2161.69
-11799631.76,4654535.93,2161.52
-11799633.41,4654535.16,2161.48
-11799635.07,4654534.350000001,2161.51
-11799636.71,4654533.57,2161.55
-11799638.38,4654532.76,2161.61
-11799640.02,4654532.0,2161.52
-11799641.66,4654531.2,2161.54
-11799643.32,4654530.41,2161.57
-11799644.92,4654529.63,2161.72
-11799646.56,4654528.86,2161.63
-11799648.200000001,4654528.0600000005,2161.61
-11799649.85,4654527.2700000005,2161.74
-11799651.52,4654526.47,2161.69
-11799653.14,4654525.7,2161.67
-11799656.44,4654524.11,2161.97
-11799654.82,4654524.88,2161.9
-11799658.07,4654523.32,2161.97
-11799659.72,4654522.54,2161.96
-11799661.36,4654521.75,2161.94
-11799662.99,4654520.97,2161.92
-11799664.63,4654520.19,2161.92
-11799666.25,4654519.41,2161.94
-11799667.89,4654518.62,2162.05
-11799669.540000001,4654517.84,2161.97
-11799671.18,4654517.05,2161.86
-11799672.8,4654516.28,2161.92
-11799674.44,4654515.48,2162.03
-11799676.07,4654514.7,2162.07
-11799677.700000001,4654513.91,2162.08
-11799679.35,4654513.13,2162.13
-11799680.99,4654512.34,2162.19
-11799684.23,4654510.78,2162.25
-11799682.620000001,4654511.54,2162.22
-11799689.15,4654508.43,2162.33
-11799685.86,4654510.0,2162.24
-11799690.790000001,4654507.64,2162.3
-11799687.51,4654509.22,2162.29
-11799694.05,4654506.08,2162.32
-11799692.43,4654506.84,2162.32
-11799695.67,4654505.3100000005,2162.31
-11799697.28,4654504.53,2162.32
-11799698.92,4654503.74,2162.25
-11799700.57,4654502.94,2162.36
-11799702.21,4654502.14,2162.47
-11799703.84,4654501.37,2162.47
-11799705.46,4654500.61,2162.48
-11799707.09,4654499.82,2162.52
-11799708.71,4654499.05,2162.54
-11799710.370000001,4654498.25,2162.57
-11799710.68,4654498.01,2166.85
-11799712.52,4654497.0600000005,2169.9
-11799711.99,4654497.47,2162.61
-11799713.59,4654496.7,2162.67
-11799712.17,4654497.33,2165.11
-11799713.85,4654496.5,2166.17
-11799715.22,4654495.91,2162.67
-11799716.86,4654495.14,2162.67
-11799718.5,4654494.350000001,2162.67
-11799720.11,4654493.57,2162.74
-11799721.72,4654492.79,2162.72
-11799723.57,4654491.83,2166.5
-11799725.200000001,4654491.04,2166.73
-11799726.83,4654490.2700000005,2166.52
-11799728.700000001,4654489.29,2170.13
-11799730.120000001,4654488.67,2167.29
-11799731.790000001,4654487.87,2167.75
-11799731.9,4654487.7700000005,2169.63
-11799733.450000001,4654487.04,2168.58
-11799735.09,4654486.23,2169.22
-11799734.99,4654486.33,2167.44
-11799736.32,4654485.79,2162.88
-11799736.19,4654487.39,2167.44
-11799736.35,4654487.26,2170.15
-11799734.71,4654488.0600000005,2169.81
-11799733.09,4654488.82,2170.11
-11799731.43,4654489.63,2169.65
-11799729.85,4654490.39,2170.32
-11799728.23,4654491.17,2170.47
-11799726.620000001,4654491.93,2170.65
-11799725.02,4654492.7,2170.86
-11799723.14,4654493.68,2166.51
-11799721.27,4654494.67,2162.73
-11799721.46,4654494.5200000005,2165.6
-11799719.81,4654495.32,2165.42
-11799719.620000001,4654495.48,2162.65
-11799719.89,4654495.2700000005,2166.59
-11799717.97,4654496.28,2162.67
-11799716.34,4654497.07,2162.63
-11799714.73,4654497.84,2162.63
-11799713.33,4654498.45,2166.04
-11799713.5,4654498.3100000005,2168.19
-11799711.450000001,4654499.43,2162.53
-11799712.0,4654498.99,2169.97
-11799709.84,4654500.19,2162.51
-11799708.24,4654500.98,2162.55
-11799704.97,4654502.54,2162.47
-11799706.620000001,4654501.76,2162.5
-11799703.32,4654503.350000001,2162.42
-11799703.620000001,4654503.12,2166.36
-11799702.02,4654503.88,2166.84
-11799701.68,4654504.12,2162.44
-11799700.05,4654504.92,2162.4
-11799698.43,4654505.71,2162.34
-11799696.8,4654506.5,2162.25
-11799695.18,4654507.29,2162.28
-11799693.55,4654508.0600000005,2162.31
-11799691.9,4654508.86,2162.3
-11799690.27,4654509.65,2162.28
-11799688.65,4654510.44,2162.31
-11799686.96,4654511.25,2162.26
-11799685.32,4654512.04,2162.23
-11799683.700000001,4654512.8100000005,2162.19
-11799682.120000001,4654513.58,2162.21
-11799680.48,4654514.37,2162.17
-11799678.81,4654515.17,2162.13
-11799675.53,4654516.75,2162.02
-11799677.17,4654515.97,2162.08
-11799673.92,4654517.5200000005,2162.04
-11799672.28,4654518.33,2161.97
-11799670.64,4654519.12,2161.9
-11799669.0,4654519.91,2161.84
-11799667.370000001,4654520.71,2161.92
-11799665.73,4654521.5,2161.92
-11799664.09,4654522.2700000005,2161.9
-11799660.84,4654523.86,2161.92
-11799662.46,4654523.07,2161.9
-11799659.17,4654524.64,2161.9
-11799657.56,4654525.43,2161.92
-11799655.92,4654526.21,2161.9
-11799654.24,4654527.03,2161.69
-11799652.620000001,4654527.82,2161.69
-11799651.0,4654528.59,2161.81
-11799649.35,4654529.38,2161.61
-11799647.74,4654530.17,2161.63
-11799646.06,4654530.97,2161.79
-11799644.4,4654531.78,2161.63
-11799642.78,4654532.5600000005,2161.61
-11799641.16,4654533.34,2161.61
-11799639.52,4654534.13,2161.54
-11799637.88,4654534.9,2161.61
-11799636.21,4654535.72,2161.58
-11799634.89,4654536.3100000005,2164.26
-11799634.56,4654536.5200000005,2161.54
-11799633.3,4654537.07,2164.38
-11799632.96,4654537.29,2161.54
-11799631.32,4654538.07,2161.54
-11799629.700000001,4654538.87,2161.81
-11799630.34,4654538.44,2167.07
-11799628.8,4654539.16,2167.97
-11799627.33,4654539.83,2169.1
-11799625.78,4654540.58,2169.61
-11799625.59,4654541.8,2169.17
-11799627.3,4654540.94,2169.63
-11799628.83,4654540.24,2168.72
-11799630.3,4654539.57,2167.58
-11799631.22,4654539.25,2161.65
-11799632.86,4654538.46,2161.65
-11799633.24,4654538.21,2164.79
-11799634.5,4654537.66,2161.67
-11799634.78,4654537.49,2164.02
-11799634.9,4654537.41,2165.04
-11799636.120000001,4654536.9,2161.53
-11799636.4,4654536.72,2163.86
-11799637.74,4654536.12,2161.57
-11799639.36,4654535.350000001,2161.58
-11799641.03,4654534.55,2161.69
-11799642.67,4654533.76,2161.58
-11799644.290000001,4654532.96,2161.61
-11799645.92,4654532.2,2161.61
-11799647.58,4654531.37,2161.78
-11799649.21,4654530.61,2161.69
-11799650.85,4654529.83,2161.74
-11799652.49,4654529.03,2161.82
-11799654.13,4654528.25,2161.73
-11799655.75,4654527.48,2161.78
-11799657.370000001,4654526.68,2161.86
-11799659.01,4654525.9,2161.88
-11799660.66,4654525.12,2161.88
-11799660.950000001,4654524.92,2164.65
-11799662.28,4654524.33,2161.9
-11799663.9,4654523.55,2161.9
-11799667.18,4654521.99,2161.82
-11799665.55,4654522.7700000005,2161.9
-11799670.450000001,4654520.42,2161.94
-11799668.81,4654521.21,2161.86
-11799672.07,4654519.62,2161.99
-11799673.72,4654518.84,2162.03
-11799675.36,4654518.0600000005,2162.08
-11799677.0,4654517.2700000005,2162.06
-11799678.65,4654516.47,2162.13
-11799680.24,4654515.71,2162.17
-11799681.870000001,4654514.92,2162.19
-11799683.53,4654514.12,2162.24
-11799685.17,4654513.33,2162.23
-11799686.77,4654512.57,2162.24
-11799688.370000001,4654511.8,2162.22
-11799690.02,4654511.01,2162.23
-11799691.67,4654510.21,2162.26
-11799693.32,4654509.42,2162.25
-11799694.94,4654508.64,2162.19
-11799696.55,4654507.86,2162.19
-11799698.18,4654507.09,2162.31
-11799699.81,4654506.3,2162.4
-11799701.44,4654505.51,2162.38
-11799701.69,4654505.32,2165.56
-11799701.77,4654505.2700000005,2166.5
-11799703.07,4654504.74,2162.4
-11799703.42,4654504.46,2167.02
-11799703.61,4654504.32,2169.44
-11799704.68,4654503.95,2162.48
-11799704.950000001,4654503.76,2165.9
-11799705.24,4654503.53,2169.61
-11799706.290000001,4654503.16,2162.49
-11799706.53,4654502.99,2165.59
-11799707.93,4654502.39,2162.53
-11799709.57,4654501.600000001,2162.51
-11799711.22,4654500.8100000005,2162.54
-11799712.82,4654500.04,2162.59
-11799713.22,4654499.74,2167.88
-11799714.450000001,4654499.25,2162.61
-11799716.08,4654498.47,2162.61
-11799717.700000001,4654497.69,2162.63
-11799719.32,4654496.92,2162.63
-11799719.540000001,4654496.75,2165.82
-11799719.63,4654496.66,2167.23
-11799721.31,4654495.84,2167.85
-11799720.96,4654496.13,2162.65
-11799722.870000001,4654495.12,2166.79
-11799722.59,4654495.34,2162.71
-11799724.46,4654494.36,2166.61
-11799724.71,4654494.15,2170.5
-11799727.94,4654492.59,2170.84
-11799726.47,4654493.26,2172.9
-11799729.540000001,4654491.82,2170.99
-11799731.13,4654491.08,2170.21
-11799732.73,4654490.32,2169.69
-11799734.4,4654489.5,2170.28
-11799736.03,4654488.71,2170.96
-11799735.96,4654490.36,2171.69
-11799734.32,4654491.16,2171.05
-11799732.71,4654491.96,2170.42
-11799731.1,4654492.74,2170.82
-11799729.5,4654493.5,2171.5
-11799726.26,4654495.0600000005,2171.23
-11799727.83,4654494.3100000005,2170.9
-11799724.31,4654496.11,2166.53
-11799722.41,4654497.11,2162.67
-11799722.620000001,4654496.93,2165.9
-11799722.76,4654496.83,2168.0
-11799720.78,4654497.9,2162.69
-11799720.96,4654497.75,2165.4
-11799721.18,4654497.58,2168.51
-11799719.16,4654498.69,2162.61
-11799719.36,4654498.5200000005,2165.59
-11799719.47,4654498.43,2167.29
-11799717.57,4654499.45,2162.99
-11799717.75,4654499.29,2165.61
-11799715.92,4654500.25,2162.58
-11799714.290000001,4654501.04,2162.6
-11799712.68,4654501.8100000005,2162.56
-11799711.05,4654502.61,2162.48
-11799709.43,4654503.39,2162.56
-11799707.790000001,4654504.19,2162.49
-11799707.91,4654504.100000001,2164.05
-11799708.03,4654503.99,2165.69
-11799708.14,4654503.91,2167.15
-11799706.16,4654504.97,2162.48
-11799706.700000001,4654504.54,2169.48
-11799706.38,4654504.8,2165.24
-11799705.07,4654505.34,2169.69
-11799706.55,4654504.66,2167.63
-11799703.08,4654506.4,2165.07
-11799705.18,4654505.25,2171.09
-11799703.3,4654506.24,2167.86
-11799703.48,4654506.11,2170.09
-11799701.26,4654507.34,2162.38
-11799699.620000001,4654508.14,2162.38
-11799697.98,4654508.92,2162.35
-11799694.700000001,4654510.51,2162.15
-11799696.33,4654509.74,2162.13
-11799691.49,4654512.07,2162.19
-11799693.11,4654511.2700000005,2162.17
-11799686.56,4654514.46,2162.19
-11799689.83,4654512.86,2162.21
-11799684.94,4654515.23,2162.19
-11799688.18,4654513.66,2162.21
-11799683.290000001,4654516.0200000005,2162.23
-11799681.65,4654516.82,2162.21
-11799680.03,4654517.61,2162.15
-11799678.4,4654518.39,2162.13
-11799676.81,4654519.17,2162.11
-11799675.16,4654519.96,2162.09
-11799673.52,4654520.76,2162.04
-11799671.88,4654521.54,2161.98
-11799668.59,4654523.13,2161.94
-11799670.23,4654522.34,2161.98
-11799665.3,4654524.72,2161.78
-11799666.97,4654523.92,2161.9
-11799663.66,4654525.5200000005,2161.9
-11799662.040000001,4654526.3100000005,2161.9
-11799662.23,4654526.18,2163.73
-11799662.32,4654526.11,2164.57
-11799660.41,4654527.09,2161.9
-11799658.78,4654527.88,2161.86
-11799657.15,4654528.65,2161.86
-11799655.51,4654529.47,2161.85
-11799653.870000001,4654530.24,2161.82
-11799652.24,4654531.04,2161.84
-11799650.59,4654531.84,2161.81
-11799648.94,4654532.64,2161.85
-11799647.27,4654533.44,2161.73
-11799645.66,4654534.23,2161.65
-11799642.41,4654535.79,2161.77
-11799644.03,4654534.99,2161.67
-11799637.44,4654538.19,2161.57
-11799640.76,4654536.600000001,2161.59
-11799635.84,4654538.97,2161.59
-11799639.09,4654537.39,2161.67
-11799636.11,4654538.8,2163.81
-11799634.19,4654539.75,2161.6
-11799634.47,4654539.58,2163.86
-11799632.540000001,4654540.57,2161.72
-11799631.63,4654540.87,2167.65
-11799630.15,4654541.55,2168.8
-11799628.63,4654542.26,2169.61
-11799626.84,4654543.18,2168.17
-11799625.23,4654543.94,2168.36
-11799625.93,4654544.7,2167.61
-11799627.63,4654543.88,2168.02
-11799629.450000001,4654542.99,2169.42
-11799631.01,4654542.24,2168.92
-11799632.5,4654541.53,2167.78
-11799633.39,4654541.25,2161.78
-11799635.03,4654540.46,2161.69
-11799635.27,4654540.3100000005,2163.63
-11799636.66,4654539.68,2161.61
-11799636.91,4654539.51,2163.69
-11799638.290000001,4654538.89,2161.61
-11799639.94,4654538.09,2161.59
-11799641.58,4654537.3100000005,2161.65
-11799643.22,4654536.53,2161.67
-11799644.9,4654535.71,2161.67
-11799646.56,4654534.91,2161.69
-11799649.84,4654533.33,2161.94
-11799648.19,4654534.13,2161.69
-11799653.120000001,4654531.74,2161.78
-11799651.47,4654532.55,2161.81
-11799656.370000001,4654530.19,2161.84
-11799654.77,4654530.96,2161.83
-11799659.66,4654528.600000001,2161.85
-11799657.98,4654529.41,2161.84
-11799661.63,4654527.59,2164.94
-11799661.31,4654527.8,2161.86
-11799662.93,4654527.03,2161.83
-11799663.19,4654526.84,2164.44
-11799664.540000001,4654526.25,2161.78
-11799666.19,4654525.45,2161.86
-11799667.84,4654524.67,2161.92
-11799669.49,4654523.87,2161.94
-11799671.13,4654523.08,2162.0
-11799674.35,4654521.5200000005,2162.06
-11799672.75,4654522.3,2162.05
-11799677.65,4654519.93,2162.11
-11799676.0,4654520.73,2162.09
-11799679.32,4654519.14,2162.17
-11799680.94,4654518.350000001,2162.15
-11799682.540000001,4654517.58,2162.22
-11799684.16,4654516.8100000005,2162.17
-11799685.81,4654515.99,2162.21
-11799689.09,4654514.43,2162.17
-11799687.46,4654515.22,2162.19
-11799690.700000001,4654513.64,2162.15
-11799692.35,4654512.86,2162.13
-11799693.98,4654512.08,2162.11
-11799695.6,4654511.3,2162.15
-11799697.200000001,4654510.5200000005,2162.15
-11799698.83,4654509.73,2162.34
-11799700.47,4654508.95,2162.36
-11799702.15,4654508.12,2162.44
-11799702.35,4654507.96,2165.01
-11799704.370000001,4654506.9,2169.73
-11799705.98,4654506.13,2169.96
-11799705.88,4654506.21,2168.67
-11799707.57,4654505.34,2170.15
-11799707.33,4654505.54,2167.05
-11799708.59,4654505.04,2162.36
-11799708.790000001,4654504.88,2164.92
-11799708.89,4654504.79,2166.26
-11799710.26,4654504.22,2162.53
-11799711.92,4654503.42,2162.49
-11799713.52,4654502.66,2162.51
-11799715.13,4654501.89,2162.57
-11799716.74,4654501.100000001,2162.54
-11799716.96,4654500.93,2165.6
-11799718.59,4654500.14,2165.69
-11799720.24,4654499.34,2165.79
-11799721.88,4654498.5600000005,2165.82
-11799722.040000001,4654498.43,2168.29
-11799723.27,4654497.95,2162.63
-11799723.46,4654497.8,2165.58
-11799723.57,4654497.72,2167.07
-11799724.870000001,4654497.19,2162.67
-11799725.1,4654497.0,2166.33
-11799726.77,4654496.18,2166.82
-11799728.66,4654495.17,2170.47
-11799730.31,4654494.37,2171.31
-11799731.9,4654493.61,2171.0
-11799733.51,4654492.83,2171.32
-11799735.18,4654492.0,2171.94
-11799736.82,4654491.21,2172.46
-11799735.4,4654493.4,2172.42
-11799733.790000001,4654494.18,2172.21
-11799732.14,4654495.0,2171.59
-11799730.5,4654495.8,2170.99
-11799728.84,4654496.61,2170.34
-11799726.71,4654497.8100000005,2162.69
-11799726.950000001,4654497.63,2166.36
-11799725.26,4654498.47,2165.13
-11799725.09,4654498.600000001,2162.67
-11799723.48,4654499.39,2162.75
-11799725.34,4654498.4,2166.29
-11799723.56,4654499.32,2163.81
-11799723.73,4654499.18,2166.38
-11799721.85,4654500.16,2162.74
-11799722.120000001,4654499.95,2166.69
-11799720.44,4654500.79,2165.94
-11799718.81,4654501.59,2165.83
-11799715.55,4654503.17,2165.63
-11799717.18,4654502.38,2165.72
-11799712.05,4654504.92,2162.51
-11799713.69,4654504.13,2162.51
-11799712.19,4654504.8100000005,2164.38
-11799710.450000001,4654505.71,2162.53
-11799708.82,4654506.48,2162.53
-11799709.09,4654506.29,2166.06
-11799707.52,4654507.0200000005,2167.13
-11799707.66,4654506.89,2169.01
-11799705.97,4654507.75,2167.97
-11799704.370000001,4654508.5200000005,2168.09
-11799704.55,4654508.39,2170.32
-11799704.66,4654508.3,2171.82
-11799702.32,4654509.64,2162.32
-11799702.92,4654509.19,2169.9
-11799700.68,4654510.44,2162.38
-11799699.01,4654511.25,2162.31
-11799697.41,4654512.0200000005,2162.19
-11799695.790000001,4654512.79,2162.17
-11799694.120000001,4654513.61,2162.15
-11799692.51,4654514.39,2162.1
-11799690.870000001,4654515.19,2162.1
-11799689.23,4654515.98,2162.11
-11799687.620000001,4654516.7700000005,2162.15
-11799686.02,4654517.54,2162.17
-11799684.4,4654518.33,2162.15
-11799682.74,4654519.13,2162.15
-11799684.11,4654518.14,2177.25
-11799681.07,4654519.93,2162.17
-11799679.450000001,4654520.72,2162.13
-11799677.81,4654521.5200000005,2162.13
-11799676.21,4654522.29,2162.1
-11799674.61,4654523.07,2162.1
-11799671.3,4654524.65,2162.03
-11799672.97,4654523.87,2162.04
-11799668.03,4654526.24,2161.94
-11799669.65,4654525.47,2161.94
-11799664.790000001,4654527.83,2161.88
-11799666.41,4654527.04,2161.9
-11799663.11,4654528.64,2161.81
-11799661.47,4654529.43,2161.75
-11799659.86,4654530.22,2161.81
-11799658.22,4654531.0200000005,2161.85
-11799656.58,4654531.8,2161.84
-11799654.94,4654532.600000001,2161.83
-11799653.290000001,4654533.39,2161.84
-11799651.64,4654534.19,2161.8
-11799650.01,4654534.98,2161.86
-11799648.36,4654535.78,2161.72
-11799646.72,4654536.57,2161.78
-11799645.120000001,4654537.350000001,2161.82
-11799643.49,4654538.14,2161.67
-11799641.870000001,4654538.91,2161.63
-11799640.200000001,4654539.73,2161.65
-11799638.55,4654540.54,2161.67
-11799636.89,4654541.33,2161.65
-11799635.25,4654542.13,2161.61
-11799633.63,4654542.91,2161.61
-11799632.03,4654543.68,2161.77
-11799632.69,4654543.25,2167.21
-11799631.36,4654543.84,2169.63
-11799629.57,4654544.72,2168.51
-11799627.51,4654545.8,2165.17
-11799627.78,4654545.62,2167.34
-11799625.86,4654546.600000001,2165.11
-11799626.450000001,4654547.44,2165.04
-11799628.11,4654546.64,2165.06
-11799630.13,4654545.61,2168.17
-11799630.99,4654545.33,2161.76
-11799632.620000001,4654544.55,2161.61
-11799634.24,4654543.75,2161.71
-11799635.86,4654542.98,2161.61
-11799637.51,4654542.19,2161.67
-11799639.15,4654541.41,2161.67
-11799640.77,4654540.62,2161.65
-11799642.41,4654539.82,2161.69
-11799644.05,4654539.03,2161.73
-11799645.69,4654538.23,2161.88
-11799647.290000001,4654537.47,2161.73
-11799648.94,4654536.67,2161.76
-11799650.58,4654535.88,2161.77
-11799652.21,4654535.09,2161.78
-11799653.85,4654534.29,2161.79
-11799655.49,4654533.5200000005,2161.79
-11799657.11,4654532.73,2161.81
-11799658.75,4654531.95,2161.79
-11799660.35,4654531.17,2161.73
-11799661.97,4654530.38,2161.81
-11799663.63,4654529.600000001,2161.86
-11799665.290000001,4654528.78,2161.88
-11799666.96,4654527.98,2161.94
-11799668.56,4654527.2,2161.97
-11799670.14,4654526.45,2161.94
-11799671.8,4654525.65,2162.0
-11799673.46,4654524.850000001,2162.04
-11799676.74,4654523.26,2162.1
-11799675.09,4654524.0600000005,2162.09
-11799679.85,4654521.41,2178.08
-11799678.36,4654522.47,2162.17
-11799679.98,4654521.7,2162.13
-11799681.620000001,4654520.9,2162.11
-11799683.17,4654519.79,2178.92
-11799684.84,4654518.97,2179.65
-11799684.83,4654519.350000001,2162.15
-11799686.47,4654518.55,2162.11
-11799688.1,4654517.79,2162.08
-11799689.71,4654517.0,2162.04
-11799691.35,4654516.2,2162.09
-11799694.6,4654514.64,2162.17
-11799692.97,4654515.43,2162.11
-11799697.86,4654513.07,2162.23
-11799696.23,4654513.850000001,2162.21
-11799701.16,4654511.48,2162.36
-11799699.5,4654512.2700000005,2162.17
-11799703.31,4654510.29,2169.17
-11799702.76,4654510.7,2162.32
-11799703.52,4654510.12,2171.88
-11799704.97,4654509.46,2170.06
-11799705.06,4654509.4,2171.21
-11799706.51,4654508.75,2169.02
-11799707.64,4654508.33,2162.48
-11799707.88,4654508.16,2165.63
-11799708.01,4654508.0600000005,2167.25
-11799709.27,4654507.5600000005,2162.5
-11799710.89,4654506.78,2162.53
-11799712.540000001,4654505.98,2162.54
-11799712.76,4654505.8,2165.6
-11799712.66,4654505.88,2164.15
-11799715.99,4654504.24,2165.72
-11799714.370000001,4654505.03,2165.63
-11799719.24,4654502.68,2165.94
-11799717.64,4654503.45,2165.84
-11799720.83,4654501.9,2166.09
-11799722.28,4654501.2700000005,2162.9
-11799722.5,4654501.09,2166.28
-11799723.91,4654500.48,2162.72
-11799725.790000001,4654499.48,2166.63
-11799724.07,4654500.350000001,2164.99
-11799728.77,4654498.15,2162.67
-11799727.18,4654498.91,2162.75
-11799729.24,4654497.76,2169.94
-11799729.31,4654497.68,2171.19
-11799730.94,4654496.89,2171.75
-11799732.59,4654496.08,2172.49
-11799734.19,4654495.32,2172.21
-11799735.74,4654494.58,2171.6
-11799735.96,4654495.89,2171.11
-11799734.36,4654496.66,2171.44
-11799732.81,4654497.41,2172.06
-11799731.19,4654498.17,2172.52
-11799728.94,4654499.49,2162.77
-11799727.31,4654500.2700000005,2162.79
-11799727.540000001,4654500.09,2166.32
-11799725.9,4654500.9,2165.78
-11799724.1,4654501.84,2162.74
-11799722.72,4654502.42,2166.69
-11799721.06,4654503.22,2166.4
-11799719.47,4654503.98,2166.92
-11799717.81,4654504.82,2165.98
-11799716.18,4654505.61,2165.86
-11799714.55,4654506.41,2165.73
-11799712.93,4654507.2,2165.65
-11799711.16,4654508.09,2163.92
-11799711.290000001,4654507.97,2165.61
-11799707.81,4654509.74,2162.51
-11799709.540000001,4654508.89,2163.71
-11799708.25,4654509.4,2168.32
-11799706.46,4654510.32,2166.19
-11799706.68,4654510.15,2168.97
-11799706.78,4654510.07,2170.25
-11799705.02,4654510.96,2168.46
-11799705.19,4654510.84,2170.51
-11799702.89,4654512.13,2162.38
-11799701.25,4654512.93,2162.35
-11799699.6,4654513.71,2162.23
-11799697.97,4654514.53,2162.22
-11799696.35,4654515.3100000005,2162.22
-11799693.13,4654516.86,2162.13
-11799694.72,4654516.100000001,2162.17
-11799691.64,4654517.57,2163.53
-11799691.55,4654517.64,2162.47
-11799689.83,4654518.46,2162.07
-11799688.19,4654519.26,2162.06
-11799686.57,4654520.05,2162.06
-11799684.94,4654520.850000001,2162.11
-11799686.51,4654519.7,2179.54
-11799684.63,4654520.69,2176.4
-11799684.96,4654520.44,2180.07
-11799681.700000001,4654522.4,2162.13
-11799683.3,4654521.2700000005,2179.49
-11799680.09,4654523.2,2162.1
-11799681.68,4654522.05,2179.22
-11799678.47,4654523.99,2162.1
-11799679.77,4654523.05,2175.88
-11799679.96,4654522.9,2177.82
-11799676.82,4654524.79,2162.13
-11799675.14,4654525.600000001,2162.1
-11799673.53,4654526.37,2162.05
-11799671.91,4654527.16,2162.04
-11799670.25,4654527.96,2162.02
-11799668.63,4654528.76,2161.97
-11799667.0,4654529.55,2161.94
-11799665.38,4654530.32,2161.92
-11799662.08,4654531.94,2161.85
-11799663.74,4654531.13,2161.92
-11799660.450000001,4654532.72,2161.8
-11799658.81,4654533.5200000005,2161.69
-11799657.16,4654534.32,2161.76
-11799655.540000001,4654535.11,2161.8
-11799653.9,4654535.9,2161.79
-11799652.25,4654536.7,2161.78
-11799650.63,4654537.48,2161.77
-11799649.01,4654538.2700000005,2161.75
-11799647.370000001,4654539.07,2161.73
-11799645.72,4654539.87,2161.77
-11799644.07,4654540.66,2161.73
-11799642.47,4654541.45,2161.73
-11799640.84,4654542.23,2161.72
-11799639.18,4654543.05,2161.69
-11799637.53,4654543.850000001,2161.67
-11799635.9,4654544.65,2161.65
-11799634.25,4654545.43,2161.63
-11799632.620000001,4654546.22,2161.76
-11799634.01,4654545.3100000005,2173.1
-11799630.98,4654547.0200000005,2161.63
-11799631.47,4654546.71,2165.52
-11799631.97,4654546.37,2169.61
-11799629.36,4654547.8100000005,2161.67
-11799630.68,4654546.93,2172.36
-11799630.85,4654546.82,2173.78
-11799628.11,4654548.350000001,2164.99
-11799628.75,4654547.92,2170.15
-11799629.01,4654547.75,2172.22
-11799626.03,4654549.43,2161.5
-11799629.22,4654547.600000001,2173.9
-11799627.46,4654548.48,2172.98
-11799626.08,4654550.46,2161.51
-11799627.06,4654549.8100000005,2169.26
-11799627.4,4654549.59,2171.98
-11799629.09,4654548.76,2172.35
-11799629.3,4654548.62,2174.06
-11799629.94,4654548.48,2166.1
-11799630.9,4654547.86,2173.85
-11799632.120000001,4654547.33,2170.9
-11799634.120000001,4654546.29,2173.83
-11799632.63,4654547.29,2161.67
-11799634.3,4654546.49,2161.63
-11799633.22,4654546.89,2166.44
-11799635.72,4654545.53,2173.36
-11799635.48,4654545.69,2171.46
-11799637.58,4654544.9,2161.65
-11799635.92,4654545.69,2161.63
-11799639.22,4654544.100000001,2161.65
-11799639.52,4654543.9,2164.17
-11799641.15,4654543.11,2164.17
-11799642.48,4654542.5200000005,2161.73
-11799644.13,4654541.72,2161.77
-11799645.78,4654540.91,2161.75
-11799647.41,4654540.14,2161.74
-11799649.06,4654539.350000001,2161.74
-11799650.68,4654538.5600000005,2161.75
-11799652.36,4654537.73,2161.75
-11799653.99,4654536.96,2161.77
-11799655.620000001,4654536.17,2161.77
-11799657.26,4654535.39,2161.69
-11799658.86,4654534.61,2161.77
-11799660.52,4654533.8,2161.81
-11799662.17,4654533.01,2161.84
-11799663.81,4654532.21,2161.88
-11799665.44,4654531.42,2161.94
-11799667.06,4654530.62,2161.94
-11799668.73,4654529.84,2161.98
-11799670.370000001,4654529.04,2162.0
-11799671.99,4654528.25,2161.99
-11799673.620000001,4654527.46,2162.06
-11799675.27,4654526.67,2162.04
-11799676.91,4654525.87,2162.08
-11799678.3,4654524.88,2176.73
-11799679.88,4654524.12,2176.63
-11799681.19,4654523.5600000005,2173.36
-11799681.63,4654523.25,2178.13
-11799682.76,4654522.8100000005,2172.76
-11799681.790000001,4654523.51,2162.1
-11799684.48,4654521.94,2173.86
-11799684.76,4654521.76,2176.84
-11799685.040000001,4654521.94,2162.03
-11799686.03,4654521.22,2172.92
-11799686.65,4654520.78,2179.71
-11799686.67,4654521.15,2162.03
-11799688.28,4654520.38,2162.04
-11799689.91,4654519.59,2162.06
-11799691.620000001,4654518.74,2163.17
-11799693.21,4654517.99,2162.24
-11799693.32,4654517.91,2163.57
-11799694.85,4654517.2,2162.13
-11799696.46,4654516.42,2162.17
-11799698.09,4654515.63,2162.21
-11799699.72,4654514.850000001,2162.23
-11799701.35,4654514.05,2162.21
-11799703.01,4654513.24,2162.38
-11799704.620000001,4654512.47,2162.36
-11799706.22,4654511.69,2162.44
-11799707.85,4654510.89,2162.51
-11799708.11,4654510.7,2165.96
-11799709.5,4654510.11,2162.53
-11799709.73,4654509.94,2165.61
-11799711.35,4654509.15,2165.65
-11799712.950000001,4654508.36,2165.74
-11799714.6,4654507.5600000005,2165.81
-11799717.86,4654506.0,2165.98
-11799716.23,4654506.7700000005,2165.92
-11799717.97,4654505.9,2167.61
-11799719.56,4654505.15,2167.19
-11799721.11,4654504.39,2166.67
-11799722.75,4654503.600000001,2166.92
-11799724.1,4654503.05,2162.76
-11799724.41,4654502.8,2167.31
-11799725.75,4654502.25,2162.65
-11799725.82,4654502.18,2163.8
-11799727.35,4654501.47,2162.76
-11799728.94,4654500.71,2162.76
-11799729.15,4654500.53,2166.08
-11799729.24,4654500.45,2167.52
-11799730.540000001,4654499.91,2162.73
-11799731.01,4654499.55,2170.0
-11799732.72,4654498.68,2171.59
-11799734.31,4654497.93,2170.9
-11799736.09,4654497.0200000005,2173.11
-11799735.92,4654497.16,2170.44
-11799736.55,4654498.45,2169.74
-11799734.94,4654499.22,2169.82
-11799736.75,4654498.29,2173.07
-11799735.14,4654499.05,2173.23
-11799733.36,4654499.98,2170.52
-11799731.28,4654501.17,2162.81
-11799731.51,4654500.97,2166.58
-11799731.59,4654500.9,2167.9
-11799729.8,4654501.83,2165.32
-11799729.92,4654501.73,2167.07
-11799728.03,4654502.76,2162.73
-11799726.46,4654503.48,2163.74
-11799728.38,4654502.46,2168.17
-11799725.120000001,4654504.05,2167.86
-11799723.48,4654504.850000001,2167.53
-11799721.82,4654505.66,2167.17
-11799720.22,4654506.44,2167.35
-11799718.620000001,4654507.2,2167.77
-11799717.0,4654508.01,2167.61
-11799715.27,4654508.89,2165.99
-11799715.36,4654508.8100000005,2167.17
-11799712.040000001,4654510.46,2165.83
-11799713.67,4654509.66,2165.94
-11799710.14,4654511.46,2162.5
-11799710.39,4654511.26,2165.78
-11799708.5,4654512.26,2162.51
-11799706.870000001,4654513.04,2162.42
-11799705.25,4654513.83,2162.4
-11799703.61,4654514.63,2162.36
-11799701.98,4654515.42,2162.27
-11799700.370000001,4654516.21,2162.26
-11799698.78,4654516.98,2162.24
-11799697.13,4654517.78,2162.19
-11799695.48,4654518.57,2162.19
-11799693.9,4654519.33,2163.06
-11799693.98,4654519.28,2164.02
-11799692.19,4654520.18,2162.11
-11799692.33,4654520.09,2163.65
-11799690.59,4654520.97,2162.13
-11799687.3,4654522.5600000005,2162.33
-11799688.93,4654521.7700000005,2162.08
-11799684.040000001,4654524.14,2162.17
-11799685.64,4654523.37,2162.13
-11799685.11,4654523.37,2173.88
-11799683.52,4654524.14,2174.02
-11799682.01,4654524.84,2175.13
-11799679.18,4654526.5200000005,2162.08
-11799680.42,4654525.62,2175.28
-11799677.55,4654527.3,2162.07
-11799675.9,4654528.100000001,2162.07
-11799674.26,4654528.89,2162.05
-11799672.620000001,4654529.69,2162.03
-11799671.0,4654530.48,2162.01
-11799669.36,4654531.29,2162.01
-11799667.74,4654532.07,2161.96
-11799666.13,4654532.850000001,2161.94
-11799664.49,4654533.65,2161.9
-11799662.85,4654534.45,2161.88
-11799661.200000001,4654535.25,2161.84
-11799659.540000001,4654536.05,2161.85
-11799657.9,4654536.850000001,2161.82
-11799659.46,4654535.79,2176.44
-11799656.25,4654537.67,2161.72
-11799654.63,4654538.45,2161.69
-11799656.13,4654537.42,2175.44
-11799656.27,4654537.32,2176.72
-11799654.44,4654538.25,2174.82
-11799653.01,4654539.23,2161.74
-11799651.34,4654540.04,2161.74
-11799653.09,4654538.86,2177.42
-11799648.1,4654541.62,2161.71
-11799649.73,4654540.83,2161.75
-11799646.48,4654542.42,2161.73
-11799644.81,4654543.22,2161.73
-11799643.19,4654544.0200000005,2161.73
-11799641.56,4654544.8,2161.73
-11799641.78,4654544.63,2163.6
-11799641.950000001,4654544.53,2165.11
-11799639.91,4654545.600000001,2161.69
-11799636.620000001,4654547.2,2161.67
-11799638.27,4654546.4,2161.69
-11799634.98,4654548.0,2161.65
-11799636.370000001,4654547.07,2173.25
-11799634.57,4654547.97,2171.59
-11799634.700000001,4654547.9,2172.63
-11799634.84,4654547.8,2173.79
-11799633.17,4654548.61,2173.65
-11799631.48,4654549.44,2173.27
-11799629.65,4654550.37,2171.63
-11799629.97,4654550.16,2174.13
-11799628.05,4654551.14,2172.03
-11799625.120000001,4654552.78,2161.59
-11799626.24,4654552.0600000005,2170.44
-11799626.52,4654551.850000001,2172.65
-11799625.22,4654553.74,2162.52
-11799626.22,4654553.09,2170.36
-11799628.11,4654552.11,2172.42
-11799629.08,4654551.76,2167.24
-11799629.46,4654551.5,2170.28
-11799629.82,4654551.28,2173.11
-11799630.950000001,4654550.82,2169.21
-11799631.39,4654550.5200000005,2172.84
-11799633.200000001,4654549.63,2174.32
-11799631.6,4654550.39,2174.47
-11799634.66,4654548.93,2172.88
-11799634.1,4654549.32,2168.26
-11799636.41,4654548.07,2173.86
-11799636.55,4654548.2700000005,2161.67
-11799637.72,4654547.49,2171.47
-11799637.5,4654547.62,2169.65
-11799638.17,4654547.49,2161.67
-11799639.82,4654546.69,2161.73
-11799641.47,4654545.89,2161.69
-11799643.11,4654545.09,2161.73
-11799644.73,4654544.3100000005,2161.71
-11799646.35,4654543.5200000005,2161.69
-11799647.97,4654542.75,2161.72
-11799649.61,4654541.93,2161.72
-11799651.24,4654541.16,2161.74
-11799653.17,4654539.84,2179.0
-11799652.89,4654540.350000001,2161.69
-11799654.620000001,4654539.17,2177.42
-11799654.86,4654539.0200000005,2179.59
-11799654.52,4654539.57,2161.65
-11799656.38,4654538.28,2178.69
-11799656.17,4654538.44,2176.73
-11799656.17,4654538.76,2161.76
-11799657.77,4654537.66,2176.6
-11799658.16,4654537.4,2180.15
-11799657.77,4654538.0,2161.77
-11799659.43,4654536.850000001,2177.25
-11799659.43,4654537.2,2161.83
-11799660.84,4654536.22,2175.1
-11799661.09,4654536.38,2161.88
-11799662.700000001,4654535.600000001,2161.88
-11799664.31,4654534.82,2161.9
-11799665.93,4654534.05,2161.94
-11799667.58,4654533.23,2161.99
-11799669.200000001,4654532.45,2162.0
-11799670.82,4654531.66,2162.0
-11799672.46,4654530.87,2162.02
-11799674.11,4654530.07,2162.05
-11799675.76,4654529.2700000005,2162.05
-11799677.41,4654528.49,2162.03
-11799679.02,4654527.7,2162.05
-11799680.61,4654526.92,2162.01
-11799681.63,4654526.2,2172.79
-11799681.8,4654526.0600000005,2174.65
-11799683.33,4654525.34,2173.9
-11799684.8,4654524.66,2172.27
-11799684.99,4654524.53,2174.26
-11799685.55,4654524.54,2162.17
-11799687.16,4654523.75,2162.13
-11799688.78,4654522.96,2162.15
-11799690.4,4654522.19,2162.11
-11799692.02,4654521.4,2162.13
-11799693.65,4654520.61,2162.1
-11799693.790000001,4654520.51,2163.69
-11799695.41,4654519.71,2163.98
-11799696.89,4654519.03,2162.24
-11799696.99,4654518.96,2163.42
-11799698.5,4654518.25,2162.19
-11799700.14,4654517.44,2162.27
-11799703.370000001,4654515.89,2162.23
-11799701.77,4654516.68,2162.27
-11799704.99,4654515.09,2162.38
-11799706.66,4654514.3,2162.38
-11799708.32,4654513.49,2162.44
-11799709.92,4654512.72,2162.48
-11799711.51,4654511.94,2162.4
-11799711.78,4654511.75,2165.9
-11799713.41,4654510.95,2166.0
-11799715.05,4654510.15,2166.13
-11799716.74,4654509.3100000005,2167.24
-11799718.39,4654508.48,2167.67
-11799719.98,4654507.72,2167.65
-11799721.58,4654506.95,2167.36
-11799723.22,4654506.16,2167.69
-11799726.53,4654504.55,2168.42
-11799724.870000001,4654505.350000001,2168.05
-11799727.72,4654504.08,2162.72
-11799729.66,4654503.04,2167.78
-11799729.76,4654502.95,2169.38
-11799730.97,4654502.51,2162.6
-11799731.19,4654502.33,2166.07
-11799731.34,4654502.2,2168.38
-11799732.6,4654501.72,2162.74
-11799734.620000001,4654500.600000001,2169.51
-11799736.17,4654499.850000001,2168.9
-11799735.65,4654501.54,2168.34
-11799733.72,4654502.600000001,2162.96
-11799732.08,4654503.4,2162.74
-11799732.23,4654503.28,2165.05
-11799732.3,4654503.2,2166.19
-11799732.38,4654503.15,2167.5
-11799730.71,4654503.99,2166.3
-11799730.83,4654503.88,2168.3
-11799728.84,4654504.98,2162.72
-11799728.99,4654504.84,2165.15
-11799729.120000001,4654504.74,2167.01
-11799727.61,4654505.44,2169.0
-11799729.3,4654504.59,2169.82
-11799725.98,4654506.23,2168.67
-11799724.33,4654507.0600000005,2168.32
-11799722.68,4654507.850000001,2167.98
-11799721.040000001,4654508.67,2167.69
-11799719.4,4654509.46,2167.69
-11799717.76,4654510.2700000005,2167.27
-11799716.120000001,4654511.07,2166.72
-11799714.48,4654511.88,2166.4
-11799712.83,4654512.7,2166.13
-11799710.94,4654513.69,2162.5
-11799709.32,4654514.49,2162.48
-11799707.68,4654515.28,2162.4
-11799707.85,4654515.16,2164.56
-11799706.06,4654516.08,2162.42
-11799704.41,4654516.87,2162.23
-11799702.8,4654517.67,2162.29
-11799701.18,4654518.45,2162.3
-11799699.56,4654519.24,2162.29
-11799697.93,4654520.03,2162.3
-11799696.41,4654520.75,2163.53
-11799694.67,4654521.62,2162.19
-11799691.4,4654523.2,2162.15
-11799693.05,4654522.42,2162.15
-11799688.120000001,4654524.82,2162.17
-11799689.76,4654524.0200000005,2162.17
-11799686.52,4654525.59,2162.21
-11799685.85,4654525.7,2172.44
-11799685.99,4654525.600000001,2173.97
-11799686.28,4654525.39,2177.19
-11799686.46,4654525.26,2179.19
-11799684.35,4654526.38,2173.9
-11799684.46,4654526.32,2175.19
-11799682.63,4654527.25,2173.23
-11799682.82,4654527.12,2175.19
-11799679.94,4654528.8,2161.94
-11799678.34,4654529.58,2162.0
-11799676.74,4654530.36,2162.02
-11799673.48,4654531.95,2162.01
-11799675.1,4654531.15,2162.04
-11799670.19,4654533.55,2162.01
-11799671.81,4654532.75,2162.0
-11799668.57,4654534.34,2161.98
-11799666.93,4654535.14,2161.94
-11799665.31,4654535.93,2161.94
-11799663.67,4654536.73,2161.94
-11799665.14,4654535.71,2176.03
-11799662.040000001,4654537.51,2161.9
-11799660.4,4654538.3100000005,2161.88
-11799661.61,4654537.48,2173.29
-11799661.94,4654537.26,2176.36
-11799658.75,4654539.11,2161.82
-11799659.73,4654538.45,2170.94
-11799660.25,4654538.100000001,2175.74
-11799660.64,4654537.82,2179.44
-11799659.14,4654538.5200000005,2180.54
-11799657.120000001,4654539.58,2177.04
-11799657.25,4654539.49,2178.26
-11799657.43,4654539.37,2179.84
-11799653.82,4654541.51,2161.74
-11799655.790000001,4654540.19,2179.6
-11799652.18,4654542.33,2161.59
-11799654.14,4654540.97,2179.24
-11799650.56,4654543.100000001,2161.69
-11799648.93,4654543.9,2161.75
-11799647.27,4654544.72,2161.73
-11799645.63,4654545.5,2161.69
-11799644.03,4654546.29,2161.69
-11799642.39,4654547.09,2161.67
-11799640.73,4654547.9,2161.72
-11799638.63,4654548.72,2171.51
-11799639.09,4654548.7,2161.75
-11799636.81,4654549.64,2169.72
-11799637.450000001,4654549.49,2161.74
-11799637.19,4654549.38,2172.86
-11799635.85,4654550.28,2161.71
-11799635.65,4654550.100000001,2173.59
-11799637.05,4654549.48,2171.67
-11799633.08,4654551.54,2165.98
-11799634.96,4654550.58,2167.81
-11799633.32,4654551.36,2167.94
-11799630.9,4654552.69,2161.65
-11799632.13,4654551.87,2171.59
-11799632.44,4654551.67,2174.09
-11799629.28,4654553.48,2161.54
-11799630.1,4654552.93,2168.24
-11799630.370000001,4654552.76,2170.36
-11799627.65,4654554.28,2161.51
-11799628.91,4654553.43,2171.57
-11799627.22,4654554.28,2171.19
-11799626.1,4654555.01,2162.42
-11799627.47,4654554.09,2173.23
-11799625.72,4654556.3,2163.25
-11799626.99,4654555.48,2173.17
-11799626.16,4654556.01,2166.69
-11799627.31,4654555.54,2162.63
-11799628.5,4654554.7700000005,2172.05
-11799628.82,4654554.84,2161.61
-11799629.67,4654554.28,2168.4
-11799630.05,4654554.01,2171.46
-11799630.47,4654554.04,2161.58
-11799631.88,4654553.100000001,2172.99
-11799632.1,4654553.24,2161.6
-11799632.950000001,4654552.68,2168.55
-11799634.22,4654552.13,2165.73
-11799634.71,4654551.79,2169.78
-11799634.950000001,4654551.65,2171.67
-11799635.07,4654551.57,2172.63
-11799635.4,4654551.64,2161.75
-11799635.82,4654551.350000001,2165.27
-11799636.59,4654550.83,2171.63
-11799636.73,4654550.75,2172.76
-11799637.040000001,4654550.850000001,2161.72
-11799638.040000001,4654550.18,2170.13
-11799638.26,4654550.0200000005,2171.9
-11799638.67,4654550.05,2161.72
-11799640.32,4654549.25,2161.71
-11799641.97,4654548.45,2161.67
-11799643.6,4654547.67,2161.65
-11799645.26,4654546.87,2161.69
-11799646.9,4654546.07,2161.65
-11799648.53,4654545.28,2161.69
-11799650.14,4654544.49,2161.59
-11799651.790000001,4654543.69,2161.67
-11799653.44,4654542.89,2161.74
-11799655.450000001,4654541.5200000005,2179.88
-11799656.870000001,4654540.87,2178.22
-11799657.1,4654540.71,2180.36
-11799658.61,4654539.99,2179.54
-11799658.790000001,4654539.86,2181.17
-11799660.4,4654539.08,2181.11
-11799661.67,4654538.54,2177.6
-11799661.620000001,4654538.92,2161.86
-11799663.26,4654538.12,2161.9
-11799664.76,4654537.09,2176.13
-11799664.9,4654537.33,2161.88
-11799666.35,4654536.3,2175.88
-11799666.55,4654536.5200000005,2161.92
-11799667.9,4654535.58,2175.1
-11799668.18,4654535.73,2161.94
-11799669.61,4654534.74,2175.97
-11799669.81,4654534.95,2162.0
-11799671.42,4654534.17,2161.98
-11799673.06,4654533.37,2162.0
-11799674.68,4654532.58,2161.99
-11799676.31,4654531.79,2161.99
-11799677.96,4654530.99,2161.92
-11799679.64,4654530.17,2162.02
-11799681.01,4654529.19,2176.4
-11799681.26,4654529.38,2162.15
-11799682.88,4654528.59,2162.23
-11799683.75,4654527.97,2171.67
-11799683.94,4654527.82,2173.67
-11799685.42,4654527.14,2172.29
-11799685.64,4654526.97,2174.76
-11799686.06,4654526.67,2179.29
-11799685.92,4654526.78,2177.73
-11799687.74,4654526.23,2162.21
-11799686.13,4654527.01,2162.28
-11799691.0,4654524.66,2162.19
-11799686.9,4654526.46,2170.81
-11799694.26,4654523.07,2162.15
-11799689.370000001,4654525.44,2162.24
-11799695.89,4654522.28,2162.19
-11799692.61,4654523.88,2162.13
-11799699.14,4654520.71,2162.24
-11799697.5,4654521.48,2162.29
-11799702.39,4654519.12,2162.32
-11799700.78,4654519.89,2162.29
-11799705.620000001,4654517.55,2162.24
-11799704.02,4654518.33,2162.29
-11799707.27,4654516.76,2162.42
-11799707.44,4654516.62,2164.54
-11799709.14,4654515.78,2165.42
-11799710.55,4654515.17,2162.48
-11799712.17,4654514.37,2162.48
-11799714.120000001,4654513.34,2166.57
-11799715.74,4654512.55,2166.88
-11799719.02,4654510.94,2167.52
-11799717.4,4654511.74,2167.22
-11799720.65,4654510.15,2167.82
-11799722.24,4654509.350000001,2168.15
-11799725.55,4654507.74,2168.85
-11799723.9,4654508.55,2168.5
-11799728.77,4654506.18,2168.63
-11799727.18,4654506.95,2168.97
-11799730.0,4654505.73,2162.63
-11799730.18,4654505.57,2165.52
-11799730.35,4654505.42,2168.24
-11799731.64,4654504.91,2162.74
-11799731.73,4654504.850000001,2164.11
-11799731.9,4654504.71,2166.94
-11799733.28,4654504.13,2162.67
-11799734.89,4654503.34,2162.78
-11799734.97,4654503.2700000005,2164.1
-11799736.76,4654502.33,2167.48
-11799736.42,4654504.11,2162.71
-11799734.78,4654504.91,2162.73
-11799734.86,4654504.83,2164.01
-11799733.18,4654505.69,2162.69
-11799733.32,4654505.58,2164.79
-11799731.74,4654506.34,2165.31
-11799730.09,4654507.15,2165.25
-11799730.26,4654507.01,2167.86
-11799728.67,4654507.7700000005,2168.24
-11799727.07,4654508.54,2168.53
-11799725.5,4654509.3,2168.83
-11799723.89,4654510.08,2168.85
-11799722.24,4654510.9,2168.58
-11799720.59,4654511.72,2168.24
-11799718.94,4654512.53,2167.94
-11799717.28,4654513.34,2167.63
-11799715.65,4654514.14,2167.29
-11799715.8,4654514.01,2169.36
-11799713.67,4654515.21,2162.48
-11799712.05,4654516.0,2162.52
-11799710.44,4654516.79,2162.44
-11799710.65,4654516.62,2165.4
-11799709.05,4654517.39,2165.71
-11799707.14,4654518.4,2162.22
-11799707.4,4654518.21,2165.49
-11799705.53,4654519.19,2162.32
-11799703.92,4654519.96,2162.33
-11799700.66,4654521.55,2162.3
-11799702.27,4654520.78,2162.33
-11799697.39,4654523.16,2162.22
-11799699.02,4654522.36,2162.25
-11799694.15,4654524.72,2162.17
-11799695.77,4654523.96,2162.19
-11799692.55,4654525.5200000005,2162.22
-11799690.91,4654526.3100000005,2162.25
-11799687.72,4654527.86,2163.07
-11799689.27,4654527.12,2162.26
-11799686.02,4654528.7,2162.34
-11799684.4,4654529.5,2162.17
-11799683.88,4654529.48,2174.31
-11799682.76,4654530.3,2162.23
-11799684.120000001,4654529.3100000005,2176.92
-11799684.33,4654529.15,2179.1
-11799681.1,4654531.11,2162.17
-11799682.71,4654529.93,2179.36
-11799679.47,4654531.89,2162.17
-11799677.83,4654532.7,2162.07
-11799676.19,4654533.51,2161.88
-11799674.57,4654534.29,2161.97
-11799672.950000001,4654535.09,2161.98
-11799671.31,4654535.87,2162.01
-11799672.450000001,4654535.08,2173.36
-11799671.17,4654535.63,2176.75
-11799672.82,4654534.82,2177.05
-11799671.47,4654535.42,2179.73
-11799668.07,4654537.46,2161.98
-11799669.41,4654536.5200000005,2175.13
-11799670.0,4654536.12,2180.86
-11799666.43,4654538.2700000005,2161.92
-11799667.9,4654537.23,2176.28
-11799667.72,4654537.350000001,2174.47
-11799664.78,4654539.07,2161.9
-11799666.25,4654538.05,2176.06
-11799664.16,4654539.16,2171.79
-11799663.120000001,4654539.89,2161.92
-11799661.5,4654540.67,2161.86
-11799663.48,4654539.3100000005,2180.5
-11799659.9,4654541.45,2161.86
-11799661.83,4654540.12,2179.94
-11799661.42,4654540.39,2176.13
-11799660.290000001,4654540.850000001,2180.55
-11799658.4,4654541.82,2178.29
-11799656.540000001,4654542.7700000005,2176.36
-11799658.74,4654541.59,2181.4
-11799656.9,4654542.53,2179.59
-11799654.96,4654543.850000001,2161.82
-11799653.31,4654544.66,2161.78
-11799656.75,4654542.64,2178.21
-11799655.27,4654543.33,2179.46
-11799655.07,4654543.46,2177.71
-11799655.4,4654543.24,2180.65
-11799651.69,4654545.46,2161.72
-11799653.23,4654544.41,2175.52
-11799650.040000001,4654546.26,2161.69
-11799648.38,4654547.08,2161.58
-11799645.13,4654548.66,2161.61
-11799646.77,4654547.86,2161.58
-11799643.49,4654549.46,2161.67
-11799641.870000001,4654550.25,2161.63
-11799640.26,4654551.04,2161.65
-11799638.61,4654551.84,2161.63
-11799636.97,4654552.64,2161.76
-11799638.200000001,4654551.82,2171.92
-11799636.64,4654552.55,2172.54
-11799635.19,4654553.23,2174.06
-11799633.08,4654554.350000001,2170.11
-11799633.33,4654554.19,2172.15
-11799633.540000001,4654554.05,2173.81
-11799631.71,4654554.98,2172.42
-11799630.1,4654555.75,2172.57
-11799630.93,4654556.34,2171.4
-11799631.07,4654556.24,2172.53
-11799632.77,4654555.41,2173.25
-11799632.99,4654555.57,2161.67
-11799634.63,4654554.7700000005,2161.55
-11799634.1,4654554.82,2170.65
-11799635.65,4654554.09,2169.83
-11799636.06,4654553.8100000005,2173.33
-11799636.3,4654553.94,2161.71
-11799637.5,4654553.14,2171.74
-11799637.9,4654553.18,2161.63
-11799641.14,4654551.59,2161.61
-11799639.51,4654552.39,2161.61
-11799644.450000001,4654549.99,2161.61
-11799642.790000001,4654550.8,2161.6
-11799647.65,4654548.42,2161.56
-11799646.040000001,4654549.22,2161.54
-11799649.3,4654547.63,2161.67
-11799650.93,4654546.83,2161.72
-11799652.59,4654546.0200000005,2161.76
-11799654.28,4654544.87,2176.9
-11799654.46,4654544.75,2178.51
-11799656.33,4654543.8100000005,2180.65
-11799657.700000001,4654543.18,2178.61
-11799658.92,4654542.66,2175.08
-11799657.93,4654543.0200000005,2180.65
-11799659.16,4654542.5,2177.26
-11799660.67,4654541.79,2176.28
-11799660.870000001,4654541.64,2178.23
-11799661.22,4654541.41,2181.34
-11799661.78,4654541.350000001,2171.54
-11799660.75,4654542.05,2161.9
-11799662.44,4654540.88,2177.72
-11799662.64,4654540.75,2179.6
-11799663.35,4654540.600000001,2170.94
-11799663.72,4654540.34,2174.5
-11799664.32,4654539.93,2180.08
-11799664.03,4654540.47,2161.83
-11799665.08,4654539.74,2171.98
-11799665.67,4654539.67,2161.94
-11799667.19,4654538.59,2176.73
-11799668.8,4654537.82,2176.69
-11799669.200000001,4654537.55,2180.53
-11799670.85,4654536.74,2180.94
-11799672.14,4654536.17,2177.98
-11799672.28,4654536.07,2179.36
-11799672.16,4654536.51,2162.0
-11799673.290000001,4654535.71,2173.35
-11799673.57,4654535.5200000005,2176.17
-11799675.41,4654534.92,2161.88
-11799673.8,4654535.72,2161.92
-11799677.040000001,4654534.14,2162.08
-11799678.66,4654533.33,2162.17
-11799680.290000001,4654532.5600000005,2162.17
-11799681.93,4654531.74,2162.13
-11799683.6,4654530.5600000005,2179.96
-11799683.57,4654530.96,2162.22
-11799684.75,4654530.11,2175.0
-11799685.13,4654529.82,2179.11
-11799684.92,4654529.98,2176.92
-11799685.19,4654530.17,2162.23
-11799686.69,4654529.08,2178.6
-11799686.91,4654529.32,2163.03
-11799688.540000001,4654528.5200000005,2163.28
-11799690.05,4654527.8100000005,2162.3
-11799691.67,4654527.0200000005,2162.28
-11799693.31,4654526.22,2162.23
-11799696.55,4654524.65,2162.19
-11799694.93,4654525.43,2162.15
-11799699.78,4654523.0600000005,2162.27
-11799698.18,4654523.850000001,2162.24
-11799703.03,4654521.5,2162.35
-11799701.42,4654522.29,2162.32
-11799704.66,4654520.7,2162.34
-11799706.3,4654519.91,2162.32
-11799707.93,4654519.11,2162.25
-11799708.18,4654518.93,2165.4
-11799709.81,4654518.13,2165.54
-11799711.16,4654517.54,2162.42
-11799712.78,4654516.75,2162.49
-11799714.39,4654515.95,2162.48
-11799716.39,4654514.86,2167.73
-11799718.03,4654514.08,2168.02
-11799719.67,4654513.28,2168.33
-11799721.31,4654512.46,2168.65
-11799722.96,4654511.66,2168.92
-11799724.56,4654510.88,2168.76
-11799726.15,4654510.100000001,2168.44
-11799727.76,4654509.34,2168.13
-11799729.34,4654508.58,2167.83
-11799730.93,4654507.8100000005,2167.52
-11799732.24,4654507.2700000005,2162.71
-11799732.43,4654507.12,2165.56
-11799733.86,4654506.49,2162.74
-11799735.48,4654505.71,2162.73
-11799735.65,4654507.19,2162.67
-11799735.85,4654507.01,2165.85
-11799735.950000001,4654506.93,2167.58
-11799734.03,4654507.98,2162.74
-11799732.42,4654508.75,2162.79
-11799732.66,4654508.54,2166.69
-11799731.09,4654509.33,2167.07
-11799729.52,4654510.07,2167.38
-11799727.9,4654510.87,2167.67
-11799726.26,4654511.65,2167.98
-11799724.66,4654512.44,2168.29
-11799723.08,4654513.19,2168.63
-11799719.92,4654514.75,2168.8
-11799721.51,4654513.95,2168.94
-11799718.27,4654515.5600000005,2168.5
-11799716.17,4654516.71,2162.48
-11799716.6,4654516.38,2168.26
-11799714.55,4654517.5,2162.52
-11799711.32,4654519.09,2162.47
-11799712.92,4654518.3,2162.49
-11799709.68,4654519.89,2162.34
-11799709.870000001,4654519.74,2164.86
-11799706.43,4654521.47,2162.36
-11799708.05,4654520.67,2162.32
-11799704.81,4654522.2700000005,2162.35
-11799703.200000001,4654523.0600000005,2162.35
-11799699.950000001,4654524.65,2162.28
-11799701.57,4654523.84,2162.3
-11799698.31,4654525.45,2162.22
-11799696.67,4654526.25,2162.19
-11799695.05,4654527.05,2162.25
-11799693.42,4654527.84,2162.28
-11799691.790000001,4654528.64,2162.34
-11799690.18,4654529.41,2162.63
-11799688.55,4654530.21,2162.3
-11799686.94,4654531.0,2162.25
-11799686.870000001,4654530.66,2179.3
-11799685.3,4654531.8,2162.27
-11799683.67,4654532.58,2162.23
-11799685.03,4654531.61,2176.8
-11799682.040000001,4654533.4,2162.15
-11799683.41,4654532.42,2176.73
-11799680.41,4654534.2,2162.11
-11799678.8,4654534.98,2162.11
-11799677.16,4654535.78,2162.17
-11799675.48,4654536.61,2162.11
-11799673.84,4654537.4,2161.94
-11799674.94,4654536.63,2173.1
-11799675.17,4654536.47,2175.38
-11799673.72,4654537.13,2176.8
-11799672.52,4654537.66,2180.72
-11799669.97,4654539.09,2171.46
-11799670.76,4654538.53,2179.32
-11799670.89,4654538.44,2180.53
-11799667.36,4654540.58,2161.88
-11799669.34,4654539.19,2181.22
-11799667.42,4654540.19,2178.24
-11799665.32,4654541.3100000005,2173.92
-11799665.83,4654540.96,2178.85
-11799662.41,4654543.0,2161.9
-11799664.22,4654541.75,2178.98
-11799663.75,4654542.05,2174.55
-11799662.08,4654542.9,2173.94
-11799662.28,4654542.76,2175.94
-11799662.72,4654542.46,2180.03
-11799659.13,4654544.600000001,2161.78
-11799661.1,4654543.24,2179.97
-11799657.53,4654545.37,2161.82
-11799661.25,4654543.14,2181.38
-11799659.24,4654544.2,2177.67
-11799659.58,4654543.97,2180.81
-11799657.73,4654544.92,2178.48
-11799658.01,4654544.73,2181.07
-11799656.27,4654545.600000001,2180.04
-11799654.27,4654546.99,2161.82
-11799652.61,4654547.7700000005,2161.82
-11799654.540000001,4654546.46,2179.19
-11799650.950000001,4654548.600000001,2161.76
-11799649.3,4654549.41,2161.72
-11799647.68,4654550.19,2161.67
-11799646.08,4654550.97,2161.6
-11799644.46,4654551.7700000005,2161.51
-11799642.81,4654552.59,2161.6
-11799641.14,4654553.39,2161.6
-11799639.49,4654554.2,2161.6
-11799637.88,4654554.99,2161.6
-11799639.14,4654554.13,2172.11
-11799637.65,4654554.86,2173.06
-11799635.84,4654555.7700000005,2171.83
-11799637.94,4654555.68,2171.8
-11799638.31,4654555.73,2161.57
-11799639.93,4654554.94,2161.57
-11799643.19,4654553.350000001,2161.48
-11799641.57,4654554.14,2161.57
-11799646.49,4654551.74,2161.65
-11799644.82,4654552.55,2161.57
-11799648.14,4654550.93,2161.67
-11799649.78,4654550.14,2161.71
-11799651.42,4654549.34,2161.79
-11799653.040000001,4654548.5200000005,2161.8
-11799655.02,4654547.2,2179.54
-11799656.35,4654546.94,2161.81
-11799656.74,4654546.33,2180.33
-11799657.96,4654545.83,2176.54
-11799658.17,4654545.67,2178.52
-11799659.92,4654544.8,2179.88
-11799657.97,4654546.14,2161.88
-11799659.59,4654545.350000001,2161.86
-11799659.73,4654544.93,2178.13
-11799661.67,4654543.92,2181.15
-11799661.22,4654544.55,2161.85
-11799662.47,4654543.69,2173.54
-11799664.09,4654542.9,2173.51
-11799666.06,4654541.86,2176.71
-11799666.32,4654541.7,2179.13
-11799667.950000001,4654540.87,2179.99
-11799667.57,4654541.15,2176.38
-11799668.14,4654540.74,2181.88
-11799667.700000001,4654541.39,2161.86
-11799669.69,4654540.01,2181.23
-11799670.5,4654539.8100000005,2172.77
-11799671.09,4654539.38,2178.74
-11799671.28,4654539.23,2180.61
-11799672.35,4654538.84,2175.02
-11799672.68,4654538.62,2178.27
-11799672.92,4654538.45,2180.63
-11799674.21,4654537.89,2177.52
-11799674.26,4654538.19,2162.11
-11799675.39,4654537.41,2173.46
-11799675.64,4654537.21,2176.01
-11799675.91,4654537.38,2162.13
-11799677.540000001,4654536.600000001,2162.08
-11799679.18,4654535.79,2162.1
-11799680.83,4654535.0,2162.17
-11799682.47,4654534.2,2162.19
-11799684.09,4654533.4,2162.23
-11799685.66,4654532.2700000005,2179.15
-11799685.71,4654532.61,2162.23
-11799687.28,4654531.48,2179.25
-11799687.34,4654531.83,2162.23
-11799688.96,4654531.03,2162.27
-11799690.65,4654530.19,2163.08
-11799692.200000001,4654529.45,2162.35
-11799693.84,4654528.65,2162.31
-11799695.48,4654527.850000001,2162.29
-11799697.1,4654527.07,2162.21
-11799698.72,4654526.28,2162.21
-11799700.370000001,4654525.48,2162.26
-11799701.98,4654524.68,2162.32
-11799703.620000001,4654523.89,2162.36
-11799705.23,4654523.100000001,2162.35
-11799706.86,4654522.32,2162.34
-11799708.47,4654521.5200000005,2162.32
-11799710.07,4654520.74,2162.26
-11799711.700000001,4654519.94,2162.42
-11799713.35,4654519.14,2162.46
-11799714.99,4654518.34,2162.51
-11799716.63,4654517.53,2162.49
-11799718.71,4654516.39,2168.79
-11799721.9,4654514.84,2168.65
-11799720.34,4654515.59,2168.97
-11799723.47,4654514.08,2168.32
-11799725.07,4654513.3100000005,2168.0
-11799726.68,4654512.53,2167.65
-11799728.26,4654511.76,2167.36
-11799729.86,4654511.0,2167.06
-11799731.44,4654510.24,2166.76
-11799733.03,4654509.46,2166.42
-11799734.4,4654508.87,2162.71
-11799736.32,4654507.850000001,2167.13
-11799734.6,4654508.7,2165.86
-11799736.65,4654509.08,2166.67
-11799734.81,4654510.0600000005,2162.86
-11799734.99,4654509.9,2165.76
-11799731.790000001,4654511.47,2166.32
-11799733.4,4654510.69,2166.01
-11799730.200000001,4654512.24,2166.63
-11799728.6,4654513.03,2166.94
-11799727.03,4654513.7700000005,2167.22
-11799725.450000001,4654514.55,2167.55
-11799723.83,4654515.33,2167.88
-11799722.21,4654516.12,2168.19
-11799720.620000001,4654516.9,2168.55
-11799718.57,4654518.0200000005,2162.42
-11799719.040000001,4654517.66,2168.86
-11799716.96,4654518.8100000005,2162.52
-11799715.33,4654519.61,2162.51
-11799713.68,4654520.42,2162.48
-11799710.44,4654522.01,2162.31
-11799712.06,4654521.21,2162.46
-11799707.200000001,4654523.600000001,2162.38
-11799708.82,4654522.8,2162.36
-11799702.31,4654525.97,2162.33
-11799705.55,4654524.38,2162.38
-11799699.01,4654527.61,2162.22
-11799703.93,4654525.2,2162.38
-11799695.78,4654529.18,2162.3
-11799700.66,4654526.8,2162.25
-11799694.16,4654529.98,2162.32
-11799697.38,4654528.41,2162.22
-11799692.540000001,4654530.76,2162.61
-11799690.92,4654531.54,2162.33
-11799686.01,4654533.97,2162.22
-11799689.27,4654532.37,2162.28
-11799682.790000001,4654535.53,2162.15
-11799687.64,4654533.17,2162.24
-11799684.36,4654534.42,2178.86
-11799684.38,4654534.7700000005,2162.19
-11799681.16,4654536.34,2162.19
-11799679.51,4654537.16,2162.15
-11799677.870000001,4654537.96,2162.1
-11799676.23,4654538.76,2162.09
-11799674.74,4654539.09,2179.96
-11799674.61,4654539.5600000005,2162.07
-11799673.18,4654539.850000001,2180.58
-11799674.44,4654539.32,2177.0
-11799669.69,4654541.97,2161.88
-11799671.25,4654540.86,2177.26
-11799671.46,4654540.72,2179.38
-11799668.040000001,4654542.7700000005,2161.9
-11799669.790000001,4654541.55,2178.9
-11799670.03,4654541.39,2181.19
-11799666.41,4654543.57,2161.92
-11799664.77,4654544.37,2161.9
-11799668.3,4654542.24,2180.23
-11799666.09,4654543.46,2174.5
-11799663.15,4654545.17,2161.88
-11799665.1,4654543.82,2180.4
-11799664.85,4654543.98,2177.99
-11799659.92,4654546.73,2161.88
-11799661.55,4654545.94,2161.88
-11799660.27,4654546.18,2180.29
-11799656.620000001,4654548.37,2161.88
-11799658.01,4654547.39,2174.61
-11799658.46,4654547.09,2178.73
-11799658.65,4654546.96,2180.48
-11799654.97,4654549.17,2161.81
-11799656.33,4654548.22,2174.19
-11799656.47,4654548.14,2175.38
-11799653.38,4654549.96,2161.81
-11799655.18,4654548.71,2178.01
-11799651.74,4654550.74,2161.8
-11799650.09,4654551.55,2161.76
-11799648.44,4654552.37,2161.71
-11799646.82,4654553.16,2161.69
-11799645.200000001,4654553.95,2161.65
-11799643.55,4654554.7700000005,2161.61
-11799641.89,4654555.58,2161.49
-11799640.28,4654556.36,2161.53
-11799643.77,4654555.7,2161.61
-11799645.41,4654554.9,2161.65
-11799647.08,4654554.09,2161.71
-11799648.73,4654553.2700000005,2161.72
-11799650.33,4654552.5,2161.75
-11799651.94,4654551.7,2161.8
-11799653.58,4654550.92,2161.83
-11799656.39,4654549.32,2172.31
-11799655.22,4654550.100000001,2161.82
-11799658.870000001,4654547.92,2180.24
-11799658.48,4654548.5200000005,2161.86
-11799659.5,4654547.8100000005,2171.21
-11799660.5,4654547.14,2180.38
-11799660.11,4654547.73,2161.86
-11799662.0,4654546.43,2179.42
-11799661.75,4654546.93,2161.86
-11799663.11,4654545.99,2174.61
-11799663.370000001,4654546.14,2161.88
-11799665.34,4654544.7700000005,2180.52
-11799664.98,4654545.34,2161.82
-11799666.71,4654544.14,2178.38
-11799666.61,4654544.5600000005,2161.85
-11799668.36,4654543.33,2178.65
-11799668.82,4654543.36,2167.11
-11799671.26,4654541.99,2175.35
-11799670.18,4654542.4,2180.4
-11799671.64,4654541.72,2179.15
-11799670.83,4654542.29,2171.11
-11799671.53,4654542.14,2162.13
-11799671.4,4654541.89,2176.76
-11799672.33,4654541.58,2170.07
-11799672.68,4654541.33,2173.58
-11799673.17,4654541.36,2162.17
-11799673.88,4654540.850000001,2169.34
-11799675.01,4654540.05,2180.57
-11799675.81,4654539.83,2172.44
-11799674.8,4654540.5600000005,2162.21
-11799676.57,4654539.29,2180.19
-11799676.44,4654539.38,2178.92
-11799676.41,4654539.7700000005,2162.07
-11799678.06,4654538.96,2162.11
-11799679.69,4654538.17,2162.13
-11799681.290000001,4654537.39,2162.15
-11799682.91,4654536.59,2162.15
-11799684.540000001,4654535.8100000005,2162.17
-11799686.17,4654535.01,2162.19
-11799687.790000001,4654534.22,2162.22
-11799689.42,4654533.42,2162.24
-11799691.040000001,4654532.61,2162.29
-11799692.66,4654531.850000001,2162.21
-11799692.78,4654531.74,2163.72
-11799694.39,4654530.97,2163.34
-11799695.9,4654530.26,2162.28
-11799697.52,4654529.45,2162.25
-11799699.16,4654528.67,2162.17
-11799700.790000001,4654527.86,2162.22
-11799702.41,4654527.07,2162.29
-11799704.040000001,4654526.2700000005,2162.33
-11799705.64,4654525.5,2162.38
-11799707.28,4654524.68,2162.38
-11799708.92,4654523.9,2162.36
-11799710.53,4654523.100000001,2162.31
-11799712.11,4654522.34,2162.27
-11799713.75,4654521.54,2162.48
-11799715.370000001,4654520.75,2162.49
-11799716.99,4654519.94,2162.55
-11799718.61,4654519.16,2162.54
-11799720.64,4654518.05,2168.26
-11799722.22,4654517.29,2167.94
-11799723.790000001,4654516.53,2167.61
-11799725.41,4654515.73,2167.3
-11799727.01,4654514.97,2166.97
-11799728.6,4654514.19,2166.65
-11799730.200000001,4654513.43,2166.35
-11799731.790000001,4654512.66,2166.07
-11799733.200000001,4654512.04,2162.59
-11799733.4,4654511.88,2165.74
-11799734.870000001,4654511.21,2163.02
-11799736.64,4654510.28,2165.97
-11799735.620000001,4654512.17,2163.59
-11799734.01,4654512.95,2163.9
-11799732.31,4654513.82,2162.58
-11799732.5,4654513.65,2165.6
-11799730.91,4654514.44,2165.88
-11799729.32,4654515.2,2166.17
-11799727.72,4654515.97,2166.48
-11799726.13,4654516.76,2166.77
-11799724.49,4654517.55,2167.13
-11799722.89,4654518.32,2167.46
-11799721.34,4654519.08,2167.77
-11799719.35,4654520.17,2162.56
-11799720.06,4654519.61,2172.44
-11799716.73,4654521.2700000005,2170.74
-11799717.74,4654520.94,2162.56
-11799714.47,4654522.57,2162.48
-11799716.11,4654521.75,2162.5
-11799712.83,4654523.37,2162.31
-11799711.21,4654524.17,2162.35
-11799709.59,4654524.95,2162.4
-11799707.96,4654525.75,2162.38
-11799706.34,4654526.55,2162.4
-11799704.700000001,4654527.350000001,2162.33
-11799703.06,4654528.15,2162.29
-11799701.43,4654528.97,2162.23
-11799699.8,4654529.7700000005,2162.21
-11799698.17,4654530.55,2162.26
-11799696.57,4654531.34,2162.26
-11799694.96,4654532.13,2162.42
-11799691.68,4654533.73,2162.29
-11799693.32,4654532.93,2162.34
-11799690.07,4654534.53,2162.25
-11799688.44,4654535.32,2162.24
-11799686.84,4654536.12,2162.22
-11799685.22,4654536.92,2162.17
-11799683.56,4654537.72,2162.13
-11799681.91,4654538.53,2162.11
-11799680.3,4654539.33,2162.11
-11799678.67,4654540.12,2162.15
-11799677.03,4654540.93,2162.17
-11799677.09,4654540.5200000005,2179.51
-11799675.370000001,4654541.73,2162.15
-11799675.66,4654541.19,2181.36
-11799676.88,4654540.67,2177.33
-11799674.07,4654541.96,2181.34
-11799670.57,4654544.08,2162.86
-11799668.870000001,4654544.93,2162.07
-11799670.13,4654544.04,2174.4
-11799670.31,4654543.9,2176.19
-11799667.19,4654545.75,2161.75
-11799668.57,4654544.79,2174.98
-11799668.8,4654544.63,2177.19
-11799665.58,4654546.54,2161.8
-11799667.25,4654545.37,2177.82
-11799663.96,4654547.33,2161.86
-11799665.52,4654546.25,2176.65
-11799665.83,4654546.05,2179.44
-11799662.34,4654548.13,2161.83
-11799663.790000001,4654547.13,2175.46
-11799663.93,4654547.01,2176.84
-11799664.09,4654546.9,2178.25
-11799660.68,4654548.94,2161.84
-11799662.6,4654547.61,2179.65
-11799659.05,4654549.74,2161.86
-11799660.03,4654549.0600000005,2171.04
-11799660.19,4654548.96,2172.4
-11799661.19,4654548.2700000005,2181.57
-11799657.41,4654550.54,2161.79
-11799655.790000001,4654551.34,2161.82
-11799658.51,4654549.79,2171.82
-11799654.17,4654552.13,2161.81
-11799652.53,4654552.94,2161.78
-11799650.89,4654553.73,2161.77
-11799649.24,4654554.54,2161.76
-11799647.61,4654555.34,2161.75
-11799645.99,4654556.13,2161.71
-11799648.89,4654555.7,2161.77
-11799650.51,4654554.91,2161.75
-11799653.77,4654553.3100000005,2161.8
-11799652.13,4654554.11,2161.79
-11799655.39,4654552.53,2161.81
-11799657.02,4654551.73,2161.83
-11799658.15,4654550.94,2172.13
-11799658.77,4654550.53,2177.78
-11799659.64,4654550.25,2170.69
-11799658.69,4654550.91,2161.88
-11799661.39,4654549.38,2171.72
-11799660.33,4654550.100000001,2161.86
-11799661.950000001,4654549.3100000005,2161.83
-11799662.28,4654548.74,2180.04
-11799663.18,4654548.47,2173.31
-11799663.39,4654548.32,2175.29
-11799663.69,4654548.11,2178.1
-11799663.58,4654548.51,2161.84
-11799665.11,4654547.46,2176.34
-11799664.92,4654547.59,2174.48
-11799665.21,4654547.73,2161.72
-11799666.74,4654546.66,2176.34
-11799668.33,4654545.9,2175.97
-11799666.86,4654546.91,2161.92
-11799668.49,4654545.78,2177.63
-11799668.52,4654546.100000001,2162.09
-11799669.86,4654545.16,2175.1
-11799670.05,4654545.0200000005,2177.0
-11799670.16,4654545.29,2162.17
-11799671.17,4654544.58,2172.11
-11799671.77,4654544.51,2162.15
-11799672.76,4654543.82,2171.98
-11799673.13,4654543.55,2175.67
-11799673.61,4654543.22,2180.35
-11799675.07,4654542.54,2178.85
-11799675.31,4654542.37,2181.27
-11799675.040000001,4654542.91,2162.1
-11799676.23,4654542.07,2174.1
-11799676.47,4654541.9,2176.63
-11799676.65,4654542.13,2162.13
-11799677.83,4654541.29,2174.17
-11799678.15,4654541.07,2177.38
-11799678.3,4654541.32,2162.13
-11799679.94,4654540.5200000005,2162.11
-11799681.57,4654539.71,2162.1
-11799683.17,4654538.94,2162.11
-11799686.450000001,4654537.34,2162.17
-11799684.81,4654538.12,2162.13
-11799688.05,4654536.55,2162.19
-11799689.67,4654535.76,2162.24
-11799691.3,4654534.96,2162.23
-11799692.94,4654534.16,2162.27
-11799694.59,4654533.36,2162.32
-11799696.23,4654532.55,2162.31
-11799697.85,4654531.76,2162.23
-11799701.07,4654530.19,2162.19
-11799699.47,4654530.98,2162.24
-11799702.68,4654529.39,2162.25
-11799704.33,4654528.59,2162.29
-11799705.97,4654527.79,2162.36
-11799707.59,4654527.0,2162.4
-11799710.8,4654525.43,2162.38
-11799709.19,4654526.22,2162.42
-11799715.69,4654523.04,2162.5
-11799712.44,4654524.63,2162.35
-11799716.290000001,4654522.5600000005,2170.51
-11799714.07,4654523.84,2162.29
-11799717.290000001,4654522.25,2162.48
-11799718.01,4654521.68,2172.15
-11799718.94,4654521.44,2162.57
-11799719.68,4654520.87,2172.69
-11799720.57,4654520.64,2162.53
-11799722.52,4654519.59,2167.38
-11799724.11,4654518.82,2166.98
-11799725.700000001,4654518.0600000005,2166.67
-11799727.3,4654517.26,2166.34
-11799728.94,4654516.48,2166.11
-11799730.3,4654515.89,2162.75
-11799730.5,4654515.72,2165.74
-11799731.9,4654515.11,2162.56
-11799733.620000001,4654514.24,2163.71
-11799733.73,4654514.14,2165.53
-11799735.24,4654513.45,2163.83
-11799735.44,4654513.28,2167.07
-11799735.57,4654513.18,2169.06
-11799736.86,4654512.67,2163.42
-11799736.33,4654514.48,2163.58
-11799736.67,4654514.19,2169.11
-11799734.98,4654515.0600000005,2167.67
-11799735.040000001,4654515.01,2168.78
-11799733.07,4654516.09,2163.36
-11799733.19,4654515.99,2165.11
-11799733.38,4654515.850000001,2167.96
-11799731.41,4654516.92,2162.6
-11799729.99,4654517.55,2165.94
-11799728.39,4654518.34,2166.02
-11799726.8,4654519.11,2166.11
-11799725.200000001,4654519.9,2166.36
-11799723.58,4654520.69,2166.71
-11799721.67,4654521.69,2162.51
-11799722.07,4654521.39,2168.21
-11799722.34,4654521.19,2171.88
-11799722.450000001,4654521.09,2173.4
-11799719.31,4654522.62,2174.44
-11799720.07,4654522.49,2162.61
-11799716.83,4654524.09,2162.52
-11799717.41,4654523.64,2170.44
-11799717.59,4654523.49,2172.77
-11799715.15,4654524.92,2162.26
-11799715.540000001,4654524.62,2167.4
-11799715.74,4654524.46,2170.0
-11799713.540000001,4654525.71,2162.32
-11799714.06,4654525.3,2169.09
-11799711.94,4654526.49,2162.4
-11799710.3,4654527.29,2162.42
-11799708.66,4654528.09,2162.42
-11799707.02,4654528.91,2162.36
-11799705.39,4654529.71,2162.31
-11799703.78,4654530.49,2162.28
-11799704.290000001,4654530.12,2168.5
-11799702.15,4654531.3100000005,2162.21
-11799700.53,4654532.08,2162.25
-11799698.93,4654532.89,2162.24
-11799697.31,4654533.67,2162.32
-11799695.8,4654534.38,2163.71
-11799694.05,4654535.28,2162.25
-11799692.42,4654536.07,2162.23
-11799690.78,4654536.88,2162.22
-11799689.17,4654537.68,2162.21
-11799687.53,4654538.48,2162.22
-11799685.91,4654539.28,2162.17
-11799684.28,4654540.08,2162.13
-11799682.620000001,4654540.88,2162.1
-11799680.99,4654541.69,2162.1
-11799679.39,4654542.47,2162.11
-11799677.74,4654543.28,2162.11
-11799676.09,4654544.11,2162.1
-11799676.82,4654543.600000001,2169.44
-11799677.28,4654543.2700000005,2174.09
-11799677.540000001,4654543.08,2176.75
-11799674.46,4654544.91,2162.17
-11799675.82,4654543.94,2175.79
-11799676.17,4654543.69,2179.27
-11799674.73,4654544.36,2180.83
-11799671.25,4654546.48,2162.15
-11799672.17,4654545.83,2171.29
-11799672.68,4654545.48,2176.29
-11799673.03,4654545.23,2179.69
-11799669.58,4654547.3100000005,2162.05
-11799670.77,4654546.46,2173.58
-11799671.31,4654546.08,2178.83
-11799667.96,4654548.09,2162.06
-11799669.63,4654546.93,2178.17
-11799668.07,4654547.68,2178.78
-11799666.32,4654548.91,2162.05
-11799666.31,4654548.59,2177.36
-11799664.68,4654549.72,2161.92
-11799663.040000001,4654550.5200000005,2161.72
-11799664.21,4654549.72,2172.58
-11799664.9,4654549.24,2179.13
-11799663.42,4654549.94,2180.4
-11799663.64,4654549.78,2182.44
-11799659.790000001,4654552.12,2161.83
-11799661.59,4654550.88,2178.38
-11799658.15,4654552.92,2161.82
-11799659.97,4654551.66,2178.38
-11799656.52,4654553.72,2161.8
-11799658.28,4654552.51,2177.74
-11799658.47,4654552.39,2179.44
-11799654.9,4654554.5200000005,2161.78
-11799657.03,4654553.07,2180.79
-11799653.27,4654555.3100000005,2161.78
-11799651.620000001,4654556.12,2161.79
-11799652.9,4654556.4,2161.81
-11799654.52,4654555.600000001,2161.76
-11799656.49,4654554.26,2179.29
-11799656.15,4654554.8100000005,2161.73
-11799658.19,4654553.42,2180.17
-11799657.75,4654554.03,2161.8
-11799659.53,4654552.8100000005,2177.92
-11799659.96,4654552.5,2181.9
-11799659.38,4654553.24,2161.71
-11799661.040000001,4654552.41,2161.79
-11799661.34,4654551.88,2179.83
-11799661.93,4654551.79,2170.08
-11799663.3,4654550.86,2182.78
-11799662.63,4654551.63,2161.69
-11799664.52,4654550.32,2179.36
-11799664.67,4654550.23,2180.71
-11799665.57,4654549.93,2174.17
-11799664.28,4654550.83,2162.01
-11799665.76,4654549.8,2175.94
-11799666.09,4654549.58,2179.03
-11799665.92,4654550.03,2162.04
-11799667.25,4654549.100000001,2174.65
-11799667.55,4654549.21,2162.06
-11799669.32,4654547.99,2179.03
-11799669.17,4654548.43,2162.04
-11799670.870000001,4654547.25,2178.49
-11799672.46,4654546.8100000005,2162.11
-11799672.69,4654546.32,2180.3
-11799674.290000001,4654545.54,2180.15
-11799674.36,4654545.48,2180.92
-11799674.06,4654546.03,2162.13
-11799675.71,4654544.88,2178.55
-11799675.88,4654544.75,2180.25
-11799675.64,4654545.2700000005,2162.09
-11799677.4,4654544.01,2179.86
-11799677.28,4654544.47,2162.09
-11799678.93,4654543.64,2162.11
-11799680.540000001,4654542.86,2162.09
-11799682.18,4654542.0600000005,2162.11
-11799683.81,4654541.26,2162.11
-11799685.42,4654540.47,2162.13
-11799687.07,4654539.65,2162.19
-11799688.71,4654538.84,2162.19
-11799690.31,4654538.0600000005,2162.21
-11799691.9,4654537.29,2162.21
-11799693.540000001,4654536.49,2162.22
-11799695.18,4654535.69,2162.25
-11799695.27,4654535.61,2163.32
-11799696.94,4654534.79,2163.77
-11799698.44,4654534.08,2162.29
-11799700.03,4654533.32,2162.22
-11799701.64,4654532.5200000005,2162.22
-11799702.18,4654532.11,2168.47
-11799703.28,4654531.72,2162.15
-11799703.64,4654531.46,2166.32
-11799703.92,4654531.25,2169.72
-11799704.91,4654530.92,2162.24
-11799705.36,4654530.58,2167.73
-11799706.5,4654530.14,2162.29
-11799708.120000001,4654529.36,2162.36
-11799709.75,4654528.5600000005,2162.4
-11799711.36,4654527.74,2162.4
-11799713.0,4654526.96,2162.38
-11799713.6,4654526.49,2170.08
-11799714.6,4654526.18,2162.32
-11799715.16,4654525.73,2169.69
-11799716.21,4654525.38,2162.31
-11799716.63,4654525.07,2167.85
-11799716.75,4654524.95,2169.5
-11799718.450000001,4654524.11,2170.54
-11799720.09,4654523.3,2171.17
-11799718.63,4654523.97,2172.97
-11799720.23,4654523.18,2173.17
-11799719.82,4654523.48,2167.65
-11799721.07,4654523.01,2162.6
-11799721.59,4654522.59,2169.8
-11799721.75,4654522.45,2172.13
-11799722.69,4654522.21,2162.59
-11799722.98,4654521.97,2166.78
-11799723.17,4654521.83,2169.36
-11799723.290000001,4654521.74,2171.01
-11799724.59,4654521.19,2166.26
-11799725.0,4654520.86,2172.24
-11799726.200000001,4654520.41,2166.08
-11799727.84,4654519.600000001,2166.0
-11799729.44,4654518.83,2165.9
-11799731.03,4654518.05,2165.82
-11799732.42,4654517.43,2162.55
-11799734.05,4654516.63,2162.98
-11799734.19,4654516.5200000005,2165.13
-11799734.35,4654516.37,2167.72
-11799734.49,4654516.2700000005,2169.78
-11799736.02,4654515.55,2168.48
-11799735.91,4654517.04,2167.96
-11799735.98,4654516.98,2169.07
-11799733.94,4654518.12,2162.57
-11799734.290000001,4654517.82,2168.06
-11799734.36,4654517.7700000005,2169.1
-11799732.540000001,4654518.74,2165.61
-11799732.68,4654518.64,2167.73
-11799730.950000001,4654519.51,2165.73
-11799729.33,4654520.33,2165.82
-11799727.700000001,4654521.100000001,2165.92
-11799726.11,4654521.9,2166.0
-11799723.39,4654523.07,2173.13
-11799724.26,4654522.88,2162.57
-11799723.49,4654523.01,2174.65
-11799724.9,4654522.38,2171.65
-11799721.31,4654524.25,2166.85
-11799721.55,4654524.05,2170.3
-11799721.63,4654523.99,2171.34
-11799721.790000001,4654523.86,2173.58
-11799719.77,4654524.97,2168.05
-11799719.86,4654524.91,2169.32
-11799720.0,4654524.8,2171.19
-11799720.15,4654524.68,2173.26
-11799717.74,4654526.100000001,2162.34
-11799718.120000001,4654525.8,2167.4
-11799716.57,4654526.55,2168.42
-11799716.71,4654526.44,2170.17
-11799716.790000001,4654526.38,2171.23
-11799716.86,4654526.3100000005,2172.32
-11799714.48,4654527.7,2162.36
-11799715.03,4654527.2700000005,2169.67
-11799715.26,4654527.100000001,2172.65
-11799715.35,4654527.03,2173.71
-11799712.89,4654528.47,2162.42
-11799713.450000001,4654528.04,2169.65
-11799711.26,4654529.28,2162.42
-11799709.620000001,4654530.100000001,2162.42
-11799707.99,4654530.9,2162.34
-11799706.39,4654531.68,2162.29
-11799706.92,4654531.29,2168.83
-11799705.32,4654532.07,2169.24
-11799704.73,4654532.5,2162.15
-11799703.92,4654532.68,2171.76
-11799703.69,4654532.87,2168.98
-11799701.85,4654533.82,2166.34
-11799701.51,4654534.08,2162.26
-11799702.01,4654533.71,2168.21
-11799699.870000001,4654534.9,2162.29
-11799698.28,4654535.67,2162.54
-11799696.69,4654536.43,2163.17
-11799694.98,4654537.3,2162.23
-11799693.35,4654538.100000001,2162.19
-11799691.71,4654538.91,2162.19
-11799690.07,4654539.71,2162.22
-11799688.450000001,4654540.5,2162.11
-11799686.83,4654541.3100000005,2162.08
-11799685.21,4654542.11,2162.04
-11799683.56,4654542.92,2162.01
-11799681.96,4654543.71,2162.07
-11799680.36,4654544.48,2162.08
-11799678.69,4654545.3100000005,2162.07
-11799677.07,4654546.11,2162.08
-11799675.44,4654546.91,2162.06
-11799674.84,4654546.99,2172.11
-11799675.47,4654546.55,2178.42
-11799673.91,4654547.3100000005,2178.88
-11799670.57,4654549.3,2162.08
-11799672.26,4654548.12,2178.49
-11799668.93,4654550.11,2162.07
-11799670.700000001,4654548.88,2179.02
-11799667.32,4654550.9,2162.01
-11799669.03,4654549.71,2178.38
-11799665.72,4654551.7,2162.02
-11799667.18,4654550.67,2175.86
-11799665.3,4654551.65,2173.56
-11799664.07,4654552.5,2162.05
-11799666.03,4654551.14,2180.52
-11799664.41,4654551.95,2180.38
-11799660.78,4654554.12,2161.81
-11799662.58,4654552.88,2178.46
-11799662.71,4654552.79,2179.61
-11799663.05,4654552.5600000005,2182.78
-11799659.24,4654554.87,2162.79
-11799660.83,4654553.7700000005,2177.25
-11799661.19,4654553.53,2180.69
-11799660.94,4654553.7,2178.33
-11799657.68,4654555.62,2163.32
-11799659.68,4654554.25,2181.53
-11799659.8,4654554.17,2182.57
-11799657.65,4654555.34,2177.61
-11799658.02,4654555.09,2180.94
-11799656.24,4654555.97,2179.59
-11799658.43,4654556.29,2163.26
-11799660.01,4654555.21,2177.56
-11799659.9,4654555.61,2161.75
-11799661.61,4654554.43,2177.4
-11799661.84,4654554.25,2179.6
-11799663.370000001,4654553.54,2178.73
-11799661.540000001,4654554.79,2161.9
-11799664.38,4654553.16,2173.24
-11799663.68,4654553.32,2181.69
-11799664.59,4654553.0200000005,2175.22
-11799665.08,4654552.66,2179.83
-11799664.82,4654553.18,2161.98
-11799666.35,4654552.11,2176.36
-11799666.47,4654552.38,2162.02
-11799668.1,4654551.57,2162.05
-11799669.84,4654550.36,2178.79
-11799669.72,4654550.78,2162.06
-11799671.22,4654549.74,2176.46
-11799671.34,4654549.66,2177.67
-11799671.35,4654549.98,2162.05
-11799673.03,4654548.8100000005,2178.49
-11799673.75,4654548.65,2169.51
-11799674.03,4654548.45,2172.28
-11799674.48,4654548.12,2176.67
-11799674.63,4654548.0200000005,2178.29
-11799674.620000001,4654548.37,2162.02
-11799675.370000001,4654547.850000001,2169.36
-11799675.74,4654547.600000001,2173.02
-11799675.96,4654547.44,2175.25
-11799676.25,4654547.58,2162.04
-11799677.86,4654546.79,2162.05
-11799679.5,4654545.98,2162.07
-11799681.15,4654545.17,2162.05
-11799682.78,4654544.38,2162.06
-11799684.38,4654543.58,2162.03
-11799686.05,4654542.7700000005,2162.38
-11799689.26,4654541.21,2162.08
-11799688.32,4654541.5,2169.34
-11799692.51,4654539.59,2162.19
-11799690.870000001,4654540.41,2162.13
-11799694.13,4654538.8100000005,2162.17
-11799695.76,4654538.01,2162.22
-11799697.43,4654537.19,2162.21
-11799699.16,4654536.3100000005,2163.44
-11799700.64,4654535.61,2162.25
-11799701.120000001,4654535.25,2167.97
-11799701.200000001,4654535.18,2168.92
-11799702.76,4654534.44,2168.38
-11799702.950000001,4654534.3,2170.57
-11799703.13,4654534.17,2172.69
-11799704.49,4654533.58,2169.52
-11799704.39,4654533.64,2168.24
-11799704.72,4654533.39,2172.3
-11799706.07,4654532.8100000005,2168.72
-11799707.15,4654532.42,2162.27
-11799707.68,4654532.03,2168.74
-11799708.76,4654531.62,2162.36
-11799710.4,4654530.83,2162.38
-11799712.02,4654530.03,2162.42
-11799713.64,4654529.23,2162.4
-11799716.06,4654527.82,2173.02
-11799717.38,4654527.25,2169.35
-11799717.28,4654527.33,2168.01
-11799718.48,4654526.86,2162.25
-11799717.51,4654527.14,2171.15
-11799719.15,4654526.350000001,2171.28
-11799718.76,4654526.65,2165.96
-11799720.81,4654525.5,2171.92
-11799720.950000001,4654525.39,2173.82
-11799722.26,4654524.84,2169.86
-11799722.35,4654524.78,2171.03
-11799722.540000001,4654524.63,2173.59
-11799724.14,4654523.850000001,2173.58
-11799724.96,4654523.68,2162.59
-11799725.58,4654523.19,2171.38
-11799725.700000001,4654523.09,2173.17
-11799726.82,4654522.7,2165.88
-11799727.34,4654522.2700000005,2173.38
-11799728.450000001,4654521.89,2165.8
-11799730.06,4654521.11,2165.67
-11799731.65,4654520.33,2165.59
-11799733.44,4654519.4,2168.3
-11799733.25,4654519.54,2165.51
-11799734.68,4654518.91,2162.63
-11799734.9,4654518.73,2166.26
-11799734.99,4654518.65,2167.63
-11799736.61,4654517.850000001,2167.57
-11799736.61,4654519.34,2162.69
-11799736.85,4654519.13,2166.61
-11799734.98,4654520.14,2162.69
-11799733.36,4654520.92,2162.65
-11799733.53,4654520.7700000005,2165.4
-11799731.92,4654521.58,2165.48
-11799730.34,4654522.36,2165.56
-11799728.74,4654523.14,2165.63
-11799727.13,4654523.93,2165.77
-11799725.3,4654524.9,2162.78
-11799725.38,4654524.850000001,2163.8
-11799725.77,4654524.53,2169.42
-11799726.06,4654524.29,2173.63
-11799723.66,4654525.71,2162.56
-11799724.21,4654525.28,2170.21
-11799724.42,4654525.11,2173.11
-11799722.06,4654526.5,2162.61
-11799722.34,4654526.28,2166.36
-11799722.49,4654526.16,2168.47
-11799721.41,4654526.54,2175.73
-11799719.34,4654527.69,2169.73
-11799719.620000001,4654527.47,2173.54
-11799719.46,4654527.600000001,2171.32
-11799719.74,4654527.38,2175.11
-11799717.6,4654528.57,2168.58
-11799717.96,4654528.3,2173.13
-11799716.23,4654529.18,2171.65
-11799716.1,4654529.28,2169.98
-11799716.33,4654529.100000001,2172.98
-11799713.92,4654530.51,2162.42
-11799712.31,4654531.3100000005,2162.42
-11799710.66,4654532.12,2162.4
-11799709.02,4654532.92,2162.29
-11799707.42,4654533.71,2162.27
-11799707.85,4654533.39,2167.53
-11799705.82,4654534.51,2162.23
-11799706.3,4654534.15,2168.09
-11799706.46,4654534.03,2170.19
-11799704.77,4654534.87,2169.32
-11799704.9,4654534.78,2170.85
-11799705.040000001,4654534.67,2172.47
-11799703.41,4654535.47,2172.32
-11799703.49,4654535.42,2173.26
-11799700.94,4654536.91,2162.38
-11799701.03,4654536.83,2163.42
-11799701.49,4654536.49,2169.01
-11799699.4,4654537.65,2163.63
-11799699.290000001,4654537.72,2162.33
-11799697.66,4654538.5200000005,2162.25
-11799696.03,4654539.32,2162.23
-11799694.370000001,4654540.15,2162.21
-11799692.74,4654540.95,2162.19
-11799689.52,4654542.54,2162.19
-11799691.1,4654541.75,2162.09
-11799690.14,4654542.08,2169.01
-11799688.61,4654542.82,2170.05
-11799686.91,4654543.67,2169.15
-11799687.11,4654543.54,2171.25
-11799684.61,4654544.96,2162.02
-11799683.05,4654545.71,2162.65
-11799685.290000001,4654544.48,2169.1
-11799679.72,4654547.36,2162.05
-11799681.36,4654546.5600000005,2162.04
-11799676.48,4654548.96,2162.04
-11799678.08,4654548.18,2162.06
-11799674.86,4654549.76,2162.02
-11799675.96,4654548.99,2172.99
-11799676.28,4654548.7700000005,2176.15
-11799673.23,4654550.55,2161.94
-11799674.36,4654549.78,2173.05
-11799674.540000001,4654549.65,2174.78
-11799671.63,4654551.350000001,2162.03
-11799669.99,4654552.16,2162.05
-11799673.11,4654550.32,2176.53
-11799671.59,4654551.04,2177.44
-11799668.34,4654552.97,2162.09
-11799668.58,4654552.48,2179.8
-11799669.9,4654551.89,2177.06
-11799665.09,4654554.57,2162.01
-11799666.71,4654553.7700000005,2162.05
-11799666.48,4654553.61,2175.17
-11799668.370000001,4654552.62,2177.9
-11799666.69,4654553.48,2177.0
-11799666.81,4654553.39,2178.19
-11799663.450000001,4654555.37,2162.06
-11799665.41,4654554.0200000005,2180.38
-11799665.17,4654554.2,2178.04
-11799663.91,4654554.74,2181.69
-11799661.68,4654555.96,2175.78
-11799664.36,4654555.51,2179.79
-11799664.06,4654556.04,2161.99
-11799665.25,4654555.21,2173.13
-11799664.56,4654555.38,2181.67
-11799665.77,4654554.850000001,2178.0
-11799665.68,4654555.25,2161.97
-11799667.1,4654554.2700000005,2175.34
-11799667.51,4654553.97,2179.17
-11799667.3,4654554.45,2162.01
-11799669.08,4654553.21,2178.98
-11799668.93,4654553.64,2162.02
-11799670.540000001,4654552.53,2177.47
-11799670.82,4654552.33,2180.15
-11799670.56,4654552.850000001,2162.0
-11799672.09,4654551.78,2176.81
-11799672.17,4654552.05,2162.02
-11799673.64,4654551.0200000005,2176.44
-11799673.790000001,4654551.26,2162.02
-11799675.07,4654550.36,2174.61
-11799675.23,4654550.25,2176.29
-11799675.41,4654550.46,2162.02
-11799676.49,4654549.71,2172.77
-11799676.86,4654549.43,2176.42
-11799678.67,4654548.86,2162.05
-11799677.040000001,4654549.65,2162.06
-11799681.91,4654547.2700000005,2162.09
-11799680.290000001,4654548.0600000005,2162.05
-11799683.620000001,4654546.41,2162.92
-11799684.200000001,4654545.99,2169.03
-11799685.85,4654545.17,2169.3
-11799685.99,4654545.0600000005,2170.76
-11799689.21,4654543.51,2170.33
-11799687.68,4654544.24,2171.53
-11799690.73,4654542.7700000005,2169.19
-11799691.67,4654542.47,2162.08
-11799693.27,4654541.67,2162.17
-11799696.540000001,4654540.09,2162.19
-11799694.9,4654540.89,2162.17
-11799698.18,4654539.26,2162.21
-11799698.93,4654538.73,2170.81
-11799699.790000001,4654538.49,2162.27
-11799700.36,4654538.07,2168.88
-11799702.08,4654537.19,2170.19
-11799700.620000001,4654537.88,2171.83
-11799705.43,4654535.53,2171.19
-11799703.84,4654536.3,2171.72
-11799705.620000001,4654535.38,2173.57
-11799706.700000001,4654534.99,2167.13
-11799707.03,4654534.74,2171.05
-11799707.91,4654534.5,2162.24
-11799708.24,4654534.24,2166.34
-11799709.51,4654533.71,2162.31
-11799711.11,4654532.93,2162.38
-11799712.75,4654532.11,2162.4
-11799716.69,4654529.98,2171.5
-11799714.39,4654531.3100000005,2162.44
-11799717.6,4654529.74,2162.33
-11799718.16,4654529.3,2169.86
-11799718.39,4654529.13,2172.88
-11799719.99,4654528.34,2172.4
-11799719.81,4654528.48,2170.07
-11799720.23,4654528.16,2175.67
-11799721.5,4654527.63,2171.11
-11799721.77,4654527.41,2174.72
-11799722.48,4654527.33,2162.55
-11799722.89,4654527.01,2168.05
-11799723.0,4654526.92,2169.76
-11799724.09,4654526.54,2162.57
-11799724.59,4654526.15,2169.61
-11799725.69,4654525.75,2162.56
-11799726.16,4654525.39,2169.19
-11799727.33,4654524.95,2162.55
-11799727.55,4654524.7700000005,2165.69
-11799729.17,4654523.97,2165.56
-11799730.790000001,4654523.18,2165.47
-11799732.36,4654522.42,2165.4
-11799733.790000001,4654521.78,2162.65
-11799735.43,4654520.97,2162.67
-11799736.09,4654522.07,2162.73
-11799734.49,4654522.86,2162.63
-11799732.86,4654523.66,2162.67
-11799731.21,4654524.47,2162.67
-11799731.39,4654524.32,2165.29
-11799729.77,4654525.13,2165.44
-11799727.96,4654526.09,2162.61
-11799726.33,4654526.89,2162.57
-11799723.11,4654528.47,2162.52
-11799724.73,4654527.67,2162.54
-11799723.46,4654528.2,2167.32
-11799724.99,4654527.48,2166.07
-11799723.85,4654527.88,2172.9
-11799723.94,4654527.82,2174.04
-11799721.48,4654529.29,2162.22
-11799721.8,4654529.04,2166.4
-11799721.91,4654528.95,2168.09
-11799722.3,4654528.64,2173.47
-11799719.88,4654530.07,2162.38
-11799720.15,4654529.87,2165.92
-11799720.32,4654529.72,2168.33
-11799719.1,4654530.22,2173.63
-11799719.18,4654530.16,2174.67
-11799716.65,4654531.66,2162.38
-11799717.5,4654531.0200000005,2173.44
-11799715.01,4654532.46,2162.42
-11799713.39,4654533.2700000005,2162.4
-11799711.790000001,4654534.0600000005,2162.36
-11799710.16,4654534.86,2162.28
-11799708.540000001,4654535.67,2162.24
-11799708.84,4654535.44,2166.01
-11799706.02,4654536.73,2171.32
-11799707.72,4654535.850000001,2172.35
-11799706.22,4654536.5600000005,2173.77
-11799704.46,4654537.47,2172.04
-11799702.790000001,4654538.3100000005,2171.47
-11799700.99,4654539.23,2169.05
-11799701.13,4654539.15,2170.61
-11799698.75,4654540.49,2162.15
-11799699.36,4654540.0600000005,2169.09
-11799699.48,4654539.97,2170.44
-11799697.14,4654541.3,2162.21
-11799695.53,4654542.07,2162.19
-11799693.9,4654542.89,2162.15
-11799692.290000001,4654543.69,2162.09
-11799691.33,4654543.99,2169.53
-11799688.25,4654545.49,2171.63
-11799689.78,4654544.74,2170.72
-11799686.52,4654546.36,2170.27
-11799684.55,4654547.43,2166.15
-11799684.83,4654547.22,2169.06
-11799682.91,4654548.24,2165.9
-11799680.94,4654549.2700000005,2162.63
-11799679.23,4654550.12,2162.03
-11799677.6,4654550.92,2162.04
-11799676.0,4654551.72,2162.03
-11799674.35,4654552.54,2162.02
-11799675.68,4654551.59,2175.17
-11799672.71,4654553.32,2161.99
-11799671.09,4654554.15,2161.97
-11799669.46,4654554.95,2161.96
-11799667.85,4654555.74,2162.0
-11799667.97,4654555.34,2178.4
-11799668.16,4654556.05,2178.33
-11799672.96,4654554.05,2161.96
-11799669.67,4654555.67,2161.94
-11799674.58,4654553.25,2161.97
-11799671.31,4654554.84,2161.94
-11799677.84,4654551.65,2162.04
-11799676.19,4654552.44,2162.03
-11799679.47,4654550.850000001,2162.01
-11799681.120000001,4654550.01,2162.65
-11799681.43,4654549.8100000005,2165.8
-11799683.06,4654548.99,2166.07
-11799686.65,4654547.15,2169.77
-11799684.71,4654548.17,2166.51
-11799688.43,4654546.24,2171.17
-11799690.02,4654545.47,2171.13
-11799691.51,4654544.76,2169.94
-11799692.44,4654544.45,2162.23
-11799693.040000001,4654544.0200000005,2168.94
-11799694.06,4654543.67,2162.13
-11799697.290000001,4654542.05,2162.19
-11799695.700000001,4654542.850000001,2162.17
-11799698.15,4654541.45,2171.92
-11799698.88,4654541.29,2162.21
-11799699.49,4654540.850000001,2169.19
-11799701.14,4654540.0200000005,2169.53
-11799701.24,4654539.96,2170.65
-11799702.540000001,4654539.41,2166.54
-11799702.73,4654539.26,2168.72
-11799702.83,4654539.2,2169.86
-11799702.92,4654539.13,2170.92
-11799704.620000001,4654538.2700000005,2172.0
-11799705.98,4654537.66,2169.02
-11799706.27,4654537.44,2172.57
-11799707.73,4654536.76,2170.98
-11799707.88,4654536.64,2172.81
-11799708.98,4654536.23,2166.51
-11799709.05,4654536.18,2167.48
-11799709.200000001,4654536.05,2169.42
-11799709.41,4654535.92,2171.81
-11799710.25,4654535.69,2162.25
-11799711.870000001,4654534.89,2162.32
-11799713.5,4654534.08,2162.4
-11799715.1,4654533.3100000005,2162.44
-11799717.27,4654532.09,2169.55
-11799716.73,4654532.49,2162.42
-11799717.47,4654531.93,2172.13
-11799717.63,4654531.82,2174.17
-11799719.23,4654531.04,2173.97
-11799719.05,4654531.17,2171.65
-11799720.31,4654530.63,2166.94
-11799720.21,4654530.74,2165.53
-11799720.76,4654530.3,2173.15
-11799720.42,4654530.57,2168.51
-11799721.59,4654530.11,2162.34
-11799722.0,4654529.8100000005,2167.73
-11799722.47,4654529.44,2174.21
-11799723.22,4654529.32,2162.47
-11799724.02,4654528.7,2173.52
-11799723.88,4654528.8,2171.67
-11799725.58,4654527.91,2173.36
-11799724.81,4654528.53,2162.55
-11799726.43,4654527.73,2162.67
-11799728.07,4654526.92,2162.61
-11799729.68,4654526.13,2162.61
-11799729.870000001,4654525.98,2165.36
-11799731.3,4654525.33,2162.65
-11799732.94,4654524.5200000005,2162.67
-11799734.55,4654523.73,2162.63
-11799736.19,4654522.92,2162.69
-11799735.73,4654524.67,2162.63
-11799734.1,4654525.48,2162.69
-11799732.52,4654526.2700000005,2162.67
-11799730.91,4654527.04,2162.65
-11799729.28,4654527.87,2162.67
-11799727.65,4654528.67,2162.65
-11799726.03,4654529.46,2162.57
-11799727.74,4654528.600000001,2163.85
-11799724.43,4654530.2700000005,2162.53
-11799725.06,4654529.7700000005,2171.36
-11799722.78,4654531.08,2162.36
-11799723.61,4654530.43,2173.77
-11799721.78,4654531.4,2170.97
-11799721.68,4654531.48,2169.48
-11799719.540000001,4654532.68,2162.4
-11799720.3,4654532.08,2172.63
-11799717.92,4654533.48,2162.46
-11799714.67,4654535.08,2162.4
-11799716.32,4654534.25,2162.44
-11799713.05,4654535.89,2162.36
-11799711.43,4654536.69,2162.28
-11799710.34,4654537.100000001,2168.51
-11799709.84,4654537.48,2162.28
-11799709.09,4654537.64,2172.69
-11799708.8,4654537.850000001,2169.13
-11799707.01,4654538.78,2167.23
-11799707.200000001,4654538.64,2169.54
-11799705.66,4654539.37,2170.77
-11799705.8,4654539.2700000005,2172.38
-11799703.34,4654540.69,2162.38
-11799703.94,4654540.25,2169.49
-11799704.18,4654540.0600000005,2172.32
-11799701.74,4654541.47,2162.38
-11799702.32,4654541.04,2169.19
-11799702.65,4654540.8,2173.11
-11799702.49,4654540.93,2171.22
-11799699.07,4654542.66,2169.04
-11799701.18,4654541.51,2174.52
-11799699.46,4654542.38,2173.48
-11799698.48,4654543.09,2162.17
-11799696.82,4654543.91,2162.19
-11799699.26,4654542.5200000005,2171.29
-11799695.17,4654544.73,2162.17
-11799694.26,4654545.0200000005,2170.02
-11799692.66,4654545.8100000005,2169.96
-11799691.13,4654546.55,2171.13
-11799689.5,4654547.350000001,2171.15
-11799687.78,4654548.22,2169.76
-11799686.05,4654549.100000001,2168.5
-11799684.27,4654550.0200000005,2166.78
-11799684.46,4654549.89,2168.74
-11799682.65,4654550.82,2166.63
-11799680.64,4654551.9,2162.52
-11799678.96,4654552.73,2161.99
-11799677.3,4654553.54,2162.04
-11799675.66,4654554.37,2162.0
-11799674.03,4654555.17,2161.97
-11799672.41,4654555.98,2161.97
-11799674.77,4654555.75,2161.98
-11799676.38,4654554.95,2161.99
-11799678.03,4654554.13,2162.04
-11799679.71,4654553.3100000005,2162.06
-11799681.91,4654552.11,2167.73
-11799682.0,4654552.0600000005,2168.56
-11799683.48,4654551.350000001,2167.28
-11799685.26,4654550.42,2168.98
-11799686.85,4654549.64,2168.44
-11799688.6,4654548.78,2169.75
-11799692.02,4654547.0600000005,2171.11
-11799690.39,4654547.850000001,2171.15
-11799693.540000001,4654546.3100000005,2170.15
-11799695.24,4654545.47,2170.81
-11799696.120000001,4654545.22,2162.19
-11799697.75,4654544.42,2162.17
-11799699.4,4654543.61,2162.15
-11799699.84,4654543.28,2167.27
-11799700.27,4654542.97,2172.29
-11799700.44,4654542.84,2174.21
-11799702.09,4654542.03,2174.8
-11799702.65,4654542.0,2162.35
-11799703.540000001,4654541.34,2172.88
-11799703.02,4654541.72,2166.77
-11799706.63,4654539.86,2171.04
-11799704.28,4654541.21,2162.36
-11799708.13,4654539.15,2169.36
-11799705.89,4654540.41,2162.21
-11799708.44,4654538.92,2173.25
-11799709.14,4654538.8100000005,2162.33
-11799709.64,4654538.43,2168.44
-11799709.78,4654538.33,2170.13
-11799710.8,4654538.0,2162.26
-11799712.46,4654537.17,2162.29
-11799714.09,4654536.37,2162.35
-11799715.72,4654535.57,2162.42
-11799717.35,4654534.76,2162.44
-11799718.96,4654533.97,2162.46
-11799720.59,4654533.14,2162.44
-11799721.07,4654532.79,2168.79
-11799721.17,4654532.71,2170.15
-11799722.76,4654531.94,2169.69
-11799722.24,4654532.36,2162.44
-11799725.49,4654530.74,2162.52
-11799723.870000001,4654531.5600000005,2162.36
-11799727.13,4654529.94,2162.57
-11799728.77,4654529.13,2162.61
-11799730.41,4654528.32,2162.67
-11799732.02,4654527.5200000005,2162.65
-11799733.620000001,4654526.74,2162.63
-11799735.25,4654525.93,2162.65
-11799736.89,4654525.13,2162.61
-11799735.53,4654527.29,2162.67
-11799733.92,4654528.09,2162.69
-11799732.33,4654528.87,2162.67
-11799730.72,4654529.67,2162.63
-11799729.07,4654530.49,2162.55
-11799727.450000001,4654531.3,2162.57
-11799725.83,4654532.100000001,2162.52
-11799724.200000001,4654532.91,2162.4
-11799722.56,4654533.71,2162.44
-11799720.94,4654534.51,2162.48
-11799719.34,4654535.3,2162.46
-11799717.72,4654536.11,2162.42
-11799718.72,4654535.34,2175.55
-11799716.11,4654536.91,2162.36
-11799717.19,4654536.09,2176.36
-11799714.5,4654537.7,2162.33
-11799712.83,4654538.54,2162.27
-11799711.19,4654539.34,2162.29
-11799712.07,4654538.69,2173.07
-11799709.76,4654540.0200000005,2164.15
-11799710.01,4654539.83,2167.3
-11799710.57,4654539.4,2174.15
-11799707.98,4654540.92,2162.33
-11799708.38,4654540.63,2167.29
-11799706.370000001,4654541.72,2162.65
-11799706.78,4654541.41,2167.67
-11799703.09,4654543.350000001,2162.24
-11799704.700000001,4654542.55,2162.21
-11799701.46,4654544.15,2162.23
-11799702.07,4654543.71,2169.26
-11799702.41,4654543.46,2173.23
-11799699.86,4654544.95,2162.21
-11799698.24,4654545.76,2162.15
-11799697.23,4654546.11,2169.15
-11799694.19,4654547.58,2171.15
-11799695.85,4654546.74,2171.79
-11799692.64,4654548.34,2171.61
-11799690.93,4654549.2,2170.65
-11799691.07,4654549.100000001,2172.26
-11799689.200000001,4654550.05,2169.81
-11799689.46,4654549.89,2172.42
-11799685.94,4654551.69,2169.42
-11799687.58,4654550.87,2169.67
-11799682.65,4654553.33,2168.9
-11799684.19,4654552.600000001,2168.03
-11799680.96,4654554.2,2167.96
-11799678.72,4654555.4,2162.02
-11799677.07,4654556.23,2162.0
-11799680.14,4654555.69,2161.97
-11799682.42,4654554.44,2168.48
-11799684.03,4654553.64,2168.51
-11799685.67,4654552.8100000005,2168.94
-11799687.36,4654551.97,2169.85
-11799689.01,4654551.16,2170.0
-11799690.66,4654550.33,2170.38
-11799690.85,4654550.19,2172.36
-11799692.34,4654549.48,2171.15
-11799693.99,4654548.67,2171.55
-11799695.64,4654547.84,2171.8
-11799697.200000001,4654547.08,2171.23
-11799698.08,4654546.83,2162.83
-11799699.620000001,4654546.08,2162.17
-11799698.61,4654546.45,2168.9
-11799701.22,4654545.29,2162.21
-11799702.870000001,4654544.48,2162.23
-11799704.5,4654543.68,2162.23
-11799706.120000001,4654542.87,2162.32
-11799707.77,4654542.04,2162.51
-11799709.36,4654541.28,2162.34
-11799709.790000001,4654540.96,2167.56
-11799711.1,4654540.38,2164.15
-11799711.86,4654539.82,2173.54
-11799712.59,4654539.69,2162.29
-11799713.58,4654538.94,2174.74
-11799715.83,4654538.09,2162.33
-11799714.21,4654538.88,2162.27
-11799717.450000001,4654537.28,2162.4
-11799715.38,4654538.01,2177.04
-11799718.48,4654536.51,2175.67
-11799719.05,4654536.49,2162.46
-11799720.67,4654535.7,2162.47
-11799722.31,4654534.89,2162.44
-11799723.93,4654534.07,2162.42
-11799725.53,4654533.3,2162.38
-11799727.16,4654532.48,2162.55
-11799728.77,4654531.7,2162.56
-11799730.4,4654530.9,2162.63
-11799730.47,4654530.83,2163.81
-11799732.01,4654530.08,2162.67
-11799733.59,4654529.32,2162.67
-11799735.200000001,4654528.5200000005,2162.67
-11799736.84,4654527.72,2162.67
-11799735.55,4654529.9,2162.67
-11799733.93,4654530.7,2162.67
-11799732.3,4654531.5200000005,2162.6
-11799730.64,4654532.33,2162.59
-11799729.03,4654533.13,2162.56
-11799727.42,4654533.93,2162.4
-11799725.8,4654534.73,2162.44
-11799724.200000001,4654535.53,2162.46
-11799722.59,4654536.33,2162.47
-11799720.950000001,4654537.14,2162.46
-11799719.35,4654537.92,2162.42
-11799720.19,4654537.29,2173.4
-11799720.290000001,4654537.21,2174.77
-11799717.76,4654538.71,2162.4
-11799718.700000001,4654538.0,2174.65
-11799716.11,4654539.54,2162.35
-11799714.47,4654540.350000001,2162.31
-11799715.58,4654539.51,2176.4
-11799712.99,4654541.05,2164.0
-11799713.72,4654540.49,2173.33
-11799711.23,4654541.95,2162.1
-11799711.4,4654541.84,2164.17
-11799712.21,4654541.24,2174.22
-11799709.61,4654542.75,2162.36
-11799708.0,4654543.57,2162.38
-11799706.38,4654544.350000001,2162.4
-11799704.76,4654545.17,2162.25
-11799703.14,4654545.97,2162.24
-11799701.52,4654546.7700000005,2162.19
-11799699.94,4654547.53,2163.1
-11799698.9,4654547.91,2169.5
-11799697.370000001,4654548.66,2170.28
-11799695.84,4654549.39,2170.9
-11799694.26,4654550.18,2171.49
-11799692.67,4654550.97,2171.84
-11799690.78,4654551.96,2168.78
-11799689.17,4654552.75,2169.27
-11799687.59,4654553.5200000005,2169.86
-11799686.0,4654554.3100000005,2169.82
-11799684.33,4654555.15,2169.22
-11799682.55,4654556.05,2167.69
-11799683.92,4654556.28,2171.4
-11799685.370000001,4654555.600000001,2169.94
-11799686.97,4654554.82,2169.71
-11799688.52,4654554.0600000005,2169.11
-11799690.08,4654553.3,2168.56
-11799691.71,4654552.5,2168.67
-11799693.55,4654551.53,2171.32
-11799695.1,4654550.79,2170.73
-11799696.67,4654550.01,2170.11
-11799698.25,4654549.25,2169.56
-11799699.48,4654548.71,2165.63
-11799699.790000001,4654548.49,2169.04
-11799700.82,4654548.11,2162.4
-11799702.44,4654547.33,2162.19
-11799704.040000001,4654546.5200000005,2162.25
-11799705.67,4654545.73,2162.27
-11799707.31,4654544.92,2162.47
-11799708.950000001,4654544.11,2162.55
-11799710.56,4654543.29,2162.36
-11799713.85,4654541.66,2163.5
-11799714.63,4654541.07,2173.52
-11799714.53,4654541.15,2172.11
-11799716.08,4654540.4,2171.24
-11799715.39,4654540.93,2162.29
-11799716.44,4654540.14,2175.78
-11799716.99,4654540.13,2162.33
-11799719.53,4654538.63,2174.44
-11799717.92,4654539.43,2174.35
-11799720.24,4654538.5200000005,2162.44
-11799718.6,4654539.33,2162.4
-11799721.05,4654537.9,2173.07
-11799721.32,4654537.7,2176.67
-11799721.870000001,4654537.72,2162.46
-11799723.48,4654536.93,2162.48
-11799725.08,4654536.13,2162.46
-11799726.67,4654535.350000001,2162.44
-11799728.290000001,4654534.55,2162.36
-11799729.96,4654533.73,2162.55
-11799731.55,4654532.95,2162.57
-11799731.81,4654532.73,2166.42
-11799733.16,4654532.15,2162.61
-11799734.8,4654531.33,2162.65
-11799736.38,4654530.55,2162.52
-11799736.49,4654530.46,2164.17
-11799736.57,4654530.39,2165.52
-11799735.69,4654532.39,2164.76
-11799734.18,4654533.100000001,2166.54
-11799735.55,4654532.49,2162.63
-11799732.75,4654533.76,2169.07
-11799733.91,4654533.3100000005,2162.6
-11799730.72,4654534.89,2162.53
-11799730.9,4654534.76,2165.01
-11799731.07,4654534.63,2167.34
-11799731.19,4654534.53,2169.11
-11799729.11,4654535.71,2162.34
-11799729.3,4654535.55,2165.15
-11799727.48,4654536.49,2162.42
-11799724.24,4654538.12,2162.48
-11799725.870000001,4654537.3100000005,2162.5
-11799722.57,4654538.94,2162.48
-11799723.43,4654538.28,2173.99
-11799720.950000001,4654539.74,2162.48
-11799721.96,4654538.98,2175.79
-11799722.07,4654538.89,2177.29
-11799720.32,4654539.8,2174.92
-11799719.370000001,4654540.53,2162.42
-11799718.78,4654540.5600000005,2175.67
-11799720.46,4654539.71,2176.67
-11799716.1,4654542.16,2162.22
-11799717.74,4654541.34,2162.33
-11799717.23,4654541.3,2176.65
-11799717.13,4654541.38,2175.48
-11799714.56,4654542.9,2163.36
-11799714.49,4654542.96,2162.36
-11799715.53,4654542.18,2175.59
-11799712.89,4654543.76,2162.36
-11799712.98,4654543.68,2163.53
-11799711.3,4654544.54,2162.5
-11799708.05,4654546.16,2162.36
-11799709.67,4654545.34,2162.44
-11799706.4,4654546.97,2162.34
-11799704.77,4654547.78,2162.28
-11799703.17,4654548.58,2162.22
-11799701.81,4654549.19,2165.36
-11799701.56,4654549.37,2162.36
-11799700.24,4654549.96,2165.74
-11799698.63,4654550.75,2166.17
-11799697.11,4654551.48,2167.28
-11799697.27,4654551.350000001,2169.13
-11799695.72,4654552.11,2169.61
-11799694.15,4654552.89,2170.24
-11799692.36,4654553.82,2168.35
-11799690.700000001,4654554.65,2167.56
-11799689.17,4654555.39,2168.13
-11799687.58,4654556.16,2168.69
-11799689.85,4654556.0200000005,2167.48
-11799691.44,4654555.24,2167.26
-11799691.75,4654555.0200000005,2170.6
-11799693.17,4654554.36,2168.26
-11799694.9,4654553.48,2169.54
-11799696.43,4654552.73,2168.94
-11799697.93,4654552.0200000005,2167.38
-11799699.46,4654551.28,2166.22
-11799701.03,4654550.5200000005,2165.73
-11799702.36,4654549.94,2162.29
-11799702.620000001,4654549.74,2165.38
-11799703.96,4654549.14,2162.22
-11799705.57,4654548.350000001,2162.28
-11799707.21,4654547.54,2162.29
-11799708.83,4654546.74,2162.34
-11799710.450000001,4654545.94,2162.38
-11799712.06,4654545.14,2162.38
-11799713.69,4654544.34,2162.38
-11799715.3,4654543.54,2162.38
-11799716.1,4654542.91,2172.54
-11799717.9,4654541.98,2175.0
-11799718.02,4654541.91,2176.53
-11799718.53,4654541.93,2162.34
-11799719.3,4654541.350000001,2172.42
-11799719.39,4654541.2700000005,2173.65
-11799719.51,4654541.17,2175.28
-11799720.13,4654541.14,2162.36
-11799721.11,4654540.4,2175.25
-11799721.77,4654540.34,2162.44
-11799723.42,4654539.51,2162.46
-11799725.040000001,4654538.71,2162.49
-11799726.63,4654537.93,2162.49
-11799728.23,4654537.13,2162.42
-11799729.83,4654536.34,2162.36
-11799730.01,4654536.2,2164.86
-11799730.14,4654536.100000001,2166.63
-11799730.3,4654535.97,2169.05
-11799731.46,4654535.54,2162.46
-11799731.69,4654535.36,2165.8
-11799731.76,4654535.29,2166.92
-11799731.950000001,4654535.15,2169.63
-11799733.53,4654534.39,2168.86
-11799733.63,4654534.28,2170.4
-11799735.05,4654533.65,2167.61
-11799736.48,4654533.0,2165.13
-11799736.31,4654533.13,2162.63
-11799736.39,4654533.07,2163.74
-11799736.26,4654534.79,2162.63
-11799736.44,4654534.65,2165.35
-11799735.15,4654535.18,2170.67
-11799734.98,4654535.3100000005,2168.33
-11799733.540000001,4654535.96,2170.96
-11799733.47,4654536.04,2169.69
-11799731.78,4654536.89,2168.53
-11799729.74,4654538.05,2162.4
-11799730.040000001,4654537.8,2166.85
-11799730.17,4654537.69,2168.67
-11799728.120000001,4654538.83,2162.5
-11799726.48,4654539.66,2162.52
-11799724.870000001,4654540.46,2162.53
-11799723.24,4654541.2700000005,2162.46
-11799725.59,4654539.87,2172.44
-11799724.05,4654540.63,2173.46
-11799721.66,4654542.0600000005,2162.42
-11799720.08,4654542.84,2162.36
-11799718.44,4654543.64,2162.33
-11799720.790000001,4654542.3,2171.69
-11799719.0,4654543.23,2169.51
-11799719.46,4654542.88,2175.44
-11799716.82,4654544.46,2162.34
-11799717.49,4654543.96,2170.86
-11799717.64,4654543.850000001,2172.78
-11799715.22,4654545.26,2162.51
-11799713.56,4654546.08,2162.38
-11799711.99,4654546.84,2163.02
-11799710.33,4654547.68,2162.36
-11799708.71,4654548.48,2162.33
-11799707.1,4654549.3,2162.29
-11799708.52,4654548.24,2179.21
-11799705.47,4654550.11,2162.27
-11799706.92,4654549.04,2179.22
-11799703.89,4654550.89,2162.19
-11799702.58,4654551.47,2165.71
-11799700.96,4654552.26,2166.05
-11799699.43,4654553.01,2167.19
-11799697.91,4654553.73,2168.4
-11799696.36,4654554.49,2168.86
-11799694.51,4654555.47,2166.19
-11799694.64,4654555.38,2167.65
-11799692.99,4654556.21,2167.21
-11799696.200000001,4654555.58,2168.0
-11799697.9,4654554.73,2169.08
-11799699.44,4654553.98,2167.88
-11799701.0,4654553.23,2166.72
-11799702.24,4654552.71,2162.26
-11799702.55,4654552.47,2165.86
-11799703.86,4654551.91,2162.17
-11799705.5,4654551.100000001,2162.23
-11799706.870000001,4654550.09,2178.33
-11799707.0,4654550.0,2179.88
-11799707.14,4654550.28,2162.29
-11799708.790000001,4654549.47,2162.33
-11799708.55,4654549.24,2179.13
-11799709.47,4654548.96,2170.6
-11799710.41,4654548.64,2162.34
-11799712.1,4654547.8,2163.3
-11799713.64,4654547.0600000005,2162.48
-11799715.290000001,4654546.24,2162.42
-11799716.97,4654545.4,2162.55
-11799718.58,4654544.600000001,2162.32
-11799719.620000001,4654543.82,2175.8
-11799719.16,4654544.16,2169.84
-11799720.88,4654543.28,2171.44
-11799719.49,4654543.92,2174.19
-11799721.11,4654543.12,2174.42
-11799720.950000001,4654543.23,2172.5
-11799724.23,4654541.59,2173.15
-11799721.3,4654542.97,2176.88
-11799724.32,4654541.53,2174.36
-11799721.790000001,4654543.0200000005,2162.42
-11799725.07,4654541.38,2162.47
-11799723.43,4654542.19,2162.44
-11799725.78,4654540.83,2172.09
-11799726.71,4654540.58,2162.5
-11799728.32,4654539.78,2162.5
-11799729.950000001,4654538.98,2162.44
-11799730.200000001,4654538.78,2165.94
-11799730.39,4654538.63,2168.72
-11799731.77,4654538.0200000005,2165.23
-11799731.96,4654537.87,2167.94
-11799733.57,4654537.07,2168.08
-11799733.75,4654536.92,2170.59
-11799735.36,4654536.12,2170.58
-11799736.44,4654535.75,2162.58
-11799736.64,4654535.58,2165.65
-11799736.81,4654535.47,2168.07
-11799735.88,4654537.32,2170.3
-11799734.07,4654538.28,2167.72
-11799730.49,4654540.17,2162.49
-11799734.27,4654538.12,2170.61
-11799730.77,4654539.95,2166.56
-11799732.48,4654539.05,2168.04
-11799729.58,4654540.42,2172.36
-11799728.870000001,4654540.97,2162.51
-11799727.27,4654541.7700000005,2162.51
-11799728.08,4654541.13,2173.84
-11799725.63,4654542.59,2162.48
-11799726.38,4654542.01,2172.69
-11799724.0,4654543.4,2162.44
-11799722.38,4654544.2,2162.34
-11799723.03,4654543.7,2170.88
-11799723.19,4654543.59,2173.05
-11799721.450000001,4654544.48,2171.36
-11799721.66,4654544.34,2174.02
-11799721.81,4654544.22,2176.03
-11799719.14,4654545.82,2162.36
-11799720.16,4654545.05,2175.51
-11799717.540000001,4654546.59,2162.57
-11799718.13,4654546.17,2169.9
-11799718.68,4654545.74,2177.17
-11799715.89,4654547.44,2162.38
-11799714.290000001,4654548.23,2162.69
-11799712.75,4654548.98,2163.22
-11799711.09,4654549.82,2162.36
-11799710.11,4654550.15,2170.22
-11799710.46,4654549.87,2174.53
-11799708.74,4654550.78,2173.51
-11799709.0,4654550.58,2176.59
-11799709.21,4654550.43,2179.04
-11799706.19,4654552.2700000005,2162.34
-11799707.55,4654551.2700000005,2178.4
-11799707.69,4654551.16,2180.06
-11799704.57,4654553.07,2162.28
-11799706.11,4654551.95,2180.05
-11799702.97,4654553.850000001,2162.19
-11799701.36,4654554.68,2162.17
-11799701.69,4654554.43,2166.0
-11799700.27,4654555.100000001,2168.19
-11799698.75,4654555.82,2169.11
-11799700.11,4654556.33,2162.17
-11799700.450000001,4654556.07,2166.01
-11799703.44,4654554.68,2162.25
-11799701.790000001,4654555.5,2162.17
-11799705.040000001,4654553.88,2162.38
-11799706.42,4654552.88,2178.49
-11799706.56,4654552.78,2180.15
-11799707.9,4654552.17,2177.3
-11799707.99,4654552.09,2178.4
-11799708.1,4654552.0200000005,2179.69
-11799709.57,4654551.32,2178.26
-11799710.870000001,4654550.75,2174.17
-11799711.03,4654550.64,2176.13
-11799711.35,4654550.4,2179.9
-11799711.52,4654550.66,2162.4
-11799711.96,4654550.33,2167.86
-11799712.99,4654549.58,2180.36
-11799713.1,4654549.9,2162.36
-11799714.73,4654549.07,2162.53
-11799715.51,4654548.49,2172.13
-11799716.36,4654548.26,2162.38
-11799718.0,4654547.45,2162.6
-11799719.15,4654546.57,2177.3
-11799719.6,4654546.66,2162.44
-11799720.620000001,4654545.86,2175.85
-11799720.78,4654545.75,2177.77
-11799721.19,4654545.86,2162.33
-11799722.14,4654545.16,2174.65
-11799722.290000001,4654545.04,2176.63
-11799722.83,4654545.0600000005,2162.4
-11799723.65,4654544.43,2173.4
-11799723.790000001,4654544.33,2175.21
-11799724.46,4654544.25,2162.38
-11799725.35,4654543.57,2174.26
-11799725.19,4654543.67,2172.1
-11799726.06,4654543.45,2162.46
-11799726.85,4654542.850000001,2173.04
-11799727.67,4654542.66,2162.52
-11799728.44,4654542.04,2173.28
-11799729.28,4654541.86,2162.53
-11799730.09,4654541.22,2173.86
-11799730.24,4654541.100000001,2176.07
-11799730.92,4654541.05,2162.52
-11799732.52,4654540.25,2162.46
-11799732.92,4654539.93,2168.19
-11799734.61,4654539.07,2169.21
-11799736.15,4654538.32,2167.83
-11799736.24,4654538.2700000005,2169.07
-11799736.34,4654538.18,2170.72
-11799736.48,4654539.7,2162.61
-11799736.8,4654539.46,2167.38
-11799735.09,4654540.350000001,2165.56
-11799735.15,4654540.29,2166.44
-11799735.34,4654540.14,2169.23
-11799733.26,4654541.32,2162.5
-11799733.47,4654541.15,2165.6
-11799733.65,4654541.0,2168.15
-11799731.63,4654542.13,2162.54
-11799732.35,4654541.5600000005,2172.9
-11799730.99,4654542.17,2176.1
-11799728.42,4654543.73,2162.48
-11799726.77,4654544.55,2162.49
-11799727.24,4654544.19,2168.94
-11799727.63,4654543.89,2174.31
-11799725.13,4654545.37,2162.44
-11799725.65,4654544.98,2169.46
-11799723.55,4654546.15,2162.4
-11799724.290000001,4654545.59,2172.23
-11799724.46,4654545.46,2174.47
-11799724.63,4654545.33,2176.67
-11799721.950000001,4654546.95,2162.36
-11799722.59,4654546.47,2170.69
-11799723.03,4654546.13,2176.47
-11799723.16,4654546.04,2178.21
-11799720.34,4654547.75,2162.6
-11799721.59,4654546.8,2178.88
-11799718.69,4654548.58,2162.5
-11799719.790000001,4654547.75,2176.67
-11799717.06,4654549.39,2162.42
-11799718.09,4654548.61,2175.53
-11799715.47,4654550.18,2162.69
-11799716.21,4654549.62,2172.01
-11799713.84,4654551.0,2162.4
-11799713.31,4654550.98,2175.86
-11799712.07,4654551.51,2180.34
-11799710.39,4654552.39,2179.27
-11799710.47,4654552.32,2180.19
-11799708.52,4654553.36,2176.53
-11799705.72,4654555.04,2162.33
-11799706.93,4654554.16,2176.48
-11799704.120000001,4654555.84,2162.28
-11799705.22,4654556.29,2162.26
-11799706.86,4654555.49,2162.33
-11799708.19,4654554.5200000005,2177.92
-11799709.790000001,4654553.73,2177.65
-11799711.67,4654552.73,2180.63
-11799712.84,4654552.25,2175.06
-11799715.03,4654551.43,2162.4
-11799713.4,4654552.24,2162.42
-11799716.72,4654550.55,2163.36
-11799714.26,4654551.59,2173.1
-11799717.790000001,4654549.74,2176.92
-11799718.25,4654549.83,2162.38
-11799721.05,4654548.14,2177.11
-11799719.27,4654549.0600000005,2175.27
-11799721.99,4654547.850000001,2168.36
-11799719.92,4654548.99,2162.59
-11799722.73,4654547.28,2178.07
-11799723.13,4654547.4,2162.23
-11799723.88,4654546.83,2172.24
-11799724.11,4654546.66,2175.23
-11799724.78,4654546.5600000005,2162.42
-11799725.85,4654545.7700000005,2176.74
-11799725.92,4654545.69,2177.77
-11799726.4,4654545.78,2162.42
-11799727.02,4654545.3100000005,2170.79
-11799727.25,4654545.13,2173.85
-11799728.02,4654544.96,2162.51
-11799728.86,4654544.33,2173.99
-11799728.97,4654544.22,2175.59
-11799729.67,4654544.15,2162.51
-11799730.290000001,4654543.66,2171.27
-11799730.55,4654543.47,2174.65
-11799730.47,4654543.51,2173.74
-11799731.3,4654543.34,2162.55
-11799731.88,4654542.88,2170.69
-11799733.620000001,4654541.98,2172.53
-11799732.93,4654542.5200000005,2162.54
-11799734.53,4654541.74,2162.4
-11799734.77,4654541.54,2165.96
-11799735.18,4654541.22,2172.04
-11799736.49,4654540.66,2167.23
-11799736.17,4654540.92,2162.38
-11799736.66,4654540.53,2169.63
-11799736.11,4654542.49,2162.48
-11799734.5,4654543.29,2162.54
-11799735.13,4654542.8100000005,2171.5
-11799732.85,4654544.12,2162.56
-11799733.52,4654543.58,2172.17
-11799731.25,4654544.92,2162.52
-11799731.950000001,4654544.37,2172.23
-11799732.1,4654544.24,2174.38
-11799729.68,4654545.7,2162.52
-11799730.36,4654545.17,2172.0
-11799730.540000001,4654545.03,2174.56
-11799728.05,4654546.51,2162.44
-11799728.86,4654545.88,2173.56
-11799728.96,4654545.8100000005,2174.96
-11799729.05,4654545.73,2176.27
-11799727.14,4654546.78,2171.94
-11799727.71,4654546.34,2179.69
-11799727.31,4654546.64,2174.32
-11799725.69,4654547.45,2174.28
-11799724.8,4654548.14,2162.35
-11799725.93,4654547.2700000005,2177.52
-11799723.17,4654548.95,2162.36
-11799723.74,4654548.5,2169.85
-11799724.33,4654548.07,2177.57
-11799721.59,4654549.74,2162.73
-11799722.69,4654548.91,2177.03
-11799722.83,4654548.78,2178.9
-11799719.97,4654550.54,2162.48
-11799721.28,4654549.5600000005,2179.26
-11799718.450000001,4654551.29,2163.61
-11799718.870000001,4654550.96,2169.0
-11799718.98,4654550.88,2170.48
-11799719.36,4654550.600000001,2175.32
-11799716.73,4654552.15,2162.53
-11799715.13,4654552.96,2162.44
-11799713.51,4654553.78,2162.47
-11799712.98,4654553.7700000005,2175.83
-11799711.21,4654554.7,2173.77
-11799711.35,4654554.600000001,2175.4
-11799711.5,4654554.48,2177.24
-11799709.69,4654555.42,2175.13
-11799710.040000001,4654555.16,2179.11
-11799708.03,4654556.26,2174.29
-11799709.67,4654556.33,2175.52
-11799711.200000001,4654555.57,2174.85
-11799711.44,4654555.4,2177.63
-11799713.06,4654554.59,2177.84
-11799713.43,4654554.7,2162.73
-11799715.02,4654553.93,2162.51
-11799716.65,4654553.12,2162.44
-11799717.0,4654552.84,2166.83
-11799718.72,4654551.96,2168.23
-11799718.84,4654551.86,2169.74
-11799719.52,4654551.37,2178.4
-11799720.05,4654551.37,2164.86
-11799720.16,4654551.28,2166.34
-11799720.89,4654550.72,2175.73
-11799721.14,4654550.55,2178.73
-11799721.49,4654550.7,2162.46
-11799722.67,4654549.82,2177.74
-11799722.76,4654549.74,2179.02
-11799723.11,4654549.89,2162.4
-11799723.92,4654549.28,2173.07
-11799724.08,4654549.16,2175.17
-11799725.32,4654548.63,2170.5
-11799725.61,4654548.41,2174.47
-11799725.76,4654548.3,2176.56
-11799725.84,4654548.24,2177.44
-11799726.31,4654548.3,2162.4
-11799727.07,4654547.72,2172.61
-11799727.51,4654547.39,2178.57
-11799727.93,4654547.49,2162.4
-11799728.69,4654546.89,2172.9
-11799728.77,4654546.84,2174.0
-11799728.950000001,4654546.71,2176.38
-11799729.55,4654546.69,2162.5
-11799730.41,4654546.03,2174.46
-11799731.16,4654545.89,2162.52
-11799731.97,4654545.25,2174.0
-11799732.11,4654545.15,2175.86
-11799732.8,4654545.07,2162.53
-11799734.43,4654544.25,2162.56
-11799733.5,4654544.5200000005,2172.54
-11799735.1,4654543.73,2172.29
-11799736.03,4654543.45,2162.52
-11799736.09,4654544.97,2162.56
-11799735.16,4654545.22,2172.4
-11799734.48,4654545.76,2162.58
-11799733.84,4654545.82,2175.92
-11799732.91,4654546.5600000005,2162.57
-11799731.290000001,4654547.350000001,2162.53
-11799732.27,4654546.61,2176.15
-11799729.65,4654548.19,2162.5
-11799730.51,4654547.51,2174.42
-11799728.01,4654548.99,2162.44
-11799728.84,4654548.37,2173.8
-11799729.18,4654548.11,2178.42
-11799729.1,4654548.17,2177.32
-11799726.39,4654549.83,2162.29
-11799727.48,4654549.0,2176.96
-11799727.61,4654548.88,2178.65
-11799724.81,4654550.600000001,2162.44
-11799723.21,4654551.41,2162.48
-11799725.790000001,4654549.86,2175.4
-11799724.26,4654550.61,2176.36
-11799724.53,4654550.4,2179.86
-11799721.57,4654552.23,2162.42
-11799722.55,4654551.49,2175.19
-11799719.950000001,4654553.03,2162.73
-11799720.49,4654552.62,2169.63
-11799720.67,4654552.48,2171.97
-11799720.98,4654552.26,2175.84
-11799719.03,4654553.3100000005,2171.5
-11799719.51,4654552.97,2177.56
-11799717.5,4654554.07,2171.92
-11799716.74,4654554.64,2162.5
-11799715.15,4654555.43,2162.77
-11799713.48,4654556.25,2162.65
-11799716.44,4654555.850000001,2162.63
-11799717.19,4654555.3,2171.88
-11799718.82,4654554.49,2172.27
-11799719.26,4654554.16,2177.76
-11799719.69,4654554.24,2162.71
-11799720.39,4654553.72,2171.65
-11799720.85,4654553.38,2177.44
-11799721.26,4654553.46,2162.49
-11799722.36,4654552.63,2176.69
-11799722.86,4654552.66,2162.42
-11799724.16,4654551.67,2179.58
-11799723.9,4654551.88,2175.98
-11799724.5,4654551.850000001,2162.44
-11799725.56,4654551.04,2176.55
-11799725.76,4654550.89,2179.15
-11799726.78,4654550.54,2171.34
-11799726.96,4654550.39,2173.84
-11799727.15,4654550.26,2176.32
-11799727.24,4654550.19,2177.54
-11799728.9,4654549.34,2178.19
-11799729.35,4654549.44,2162.44
-11799730.42,4654548.600000001,2177.26
-11799730.53,4654548.53,2178.67
-11799730.950000001,4654548.62,2162.55
-11799731.89,4654547.91,2175.48
-11799732.57,4654547.8100000005,2162.55
-11799734.19,4654547.0,2162.58
-11799735.81,4654546.21,2162.57
-11799736.4,4654547.26,2162.6
-11799734.8,4654548.0600000005,2162.59
-11799733.21,4654548.87,2162.54
-11799734.05,4654548.22,2174.36
-11799734.21,4654548.09,2176.67
-11799731.6,4654549.67,2162.52
-11799729.97,4654550.48,2162.48
-11799732.540000001,4654548.94,2175.6
-11799730.47,4654550.100000001,2169.35
-11799728.36,4654551.28,2162.4
-11799729.63,4654550.33,2179.59
-11799726.76,4654552.09,2162.44
-11799727.97,4654551.17,2178.69
-11799726.290000001,4654552.04,2177.73
-11799725.13,4654552.91,2162.44
-11799724.75,4654552.78,2178.88
-11799723.49,4654553.73,2162.44
-11799721.89,4654554.53,2162.44
-11799723.08,4654553.63,2177.81
-11799723.25,4654553.5,2180.02
-11799720.31,4654555.32,2162.47
-11799718.71,4654556.12,2162.44
-11799719.38,4654555.62,2170.98
-11799717.93,4654556.3100000005,2172.84
-11799721.52,4654555.68,2162.44
-11799722.69,4654554.82,2177.44
-11799723.14,4654554.89,2162.44
-11799724.24,4654554.05,2176.8
-11799724.4,4654553.94,2178.88
-11799724.75,4654554.08,2162.46
-11799725.93,4654553.18,2177.94
-11799726.02,4654553.13,2179.09
-11799726.36,4654553.28,2162.44
-11799727.41,4654552.48,2176.4
-11799727.53,4654552.39,2178.04
-11799727.98,4654552.48,2162.38
-11799728.700000001,4654551.92,2172.15
-11799729.290000001,4654551.48,2180.1
-11799729.59,4654551.67,2162.46
-11799731.19,4654550.87,2162.53
-11799732.8,4654550.05,2162.55
-11799733.63,4654549.43,2174.1
-11799733.78,4654549.3,2176.23
-11799734.42,4654549.24,2162.57
-11799735.23,4654548.63,2174.0
-11799736.03,4654548.45,2162.6
-11799735.4,4654550.19,2162.57
-11799733.8,4654551.0,2162.57
-11799732.18,4654551.82,2162.5
-11799733.16,4654551.0600000005,2176.19
-11799730.57,4654552.63,2162.44
-11799728.93,4654553.46,2162.46
-11799727.32,4654554.26,2162.47
-11799728.38,4654553.45,2176.85
-11799725.72,4654555.0600000005,2162.44
-11799726.92,4654554.16,2178.29
-11799727.0,4654554.09,2179.36
-11799724.09,4654555.87,2162.47
-11799725.21,4654555.04,2177.05
-11799725.33,4654554.94,2178.67
-11799724.71,4654556.3100000005,2177.69
-11799725.13,4654556.4,2162.53
-11799726.17,4654555.600000001,2176.19
-11799726.370000001,4654555.46,2178.75
-11799726.75,4654555.600000001,2162.44
-11799728.370000001,4654554.76,2162.48
-11799729.97,4654553.97,2162.48
-11799730.25,4654553.76,2166.28
-11799731.56,4654553.17,2162.44
-11799733.19,4654552.37,2162.5
-11799734.84,4654551.53,2162.54
-11799736.42,4654550.75,2162.59
-11799736.31,4654552.08,2162.59
-11799734.700000001,4654552.89,2162.54
-11799733.1,4654553.71,2162.49
-11799733.49,4654553.39,2168.0
-11799733.58,4654553.33,2169.26
-11799731.48,4654554.51,2162.49
-11799731.71,4654554.34,2165.57
-11799731.92,4654554.18,2168.52
-11799732.03,4654554.08,2170.07
-11799729.86,4654555.32,2162.72
-11799730.18,4654555.08,2167.01
-11799730.450000001,4654554.86,2170.9
-11799728.21,4654556.14,2162.44
-11799731.14,4654555.62,2170.42
-11799731.28,4654555.5200000005,2172.17
-11799732.16,4654555.2700000005,2162.48
-11799732.41,4654555.07,2166.03
-11799732.6,4654554.92,2168.67
-11799732.71,4654554.84,2170.19
-11799733.78,4654554.45,2162.5
-11799734.25,4654554.100000001,2168.94
-11799735.42,4654553.63,2162.51
-11799735.790000001,4654554.82,2162.56
-11799734.17,4654555.64,2162.49
-11799734.56,4654555.33,2167.96
-11799734.69,4654555.24,2169.81
-11799732.98,4654556.12,2168.78
-11799733.21,4654555.95,2171.88
-11799734.9,4654556.21,2166.97
-11799736.22,4654555.63,2162.55
-11799620.52,4654556.0600000005,2165.88
-11799622.73,4654555.78,2165.25
-11799623.42,4654555.08,2164.79
-11799624.42,4654555.66,2161.36
-11799621.19,4654555.36,2165.4
-11799619.06,4654555.68,2165.78
-11799617.05,4654556.07,2165.69
-11799614.81,4654556.34,2166.36
-11799606.36,4654555.55,2164.55
-11799606.94,4654555.91,2162.51
-11799608.33,4654555.09,2165.01
-11799610.24,4654554.600000001,2165.51
-11799612.11,4654554.14,2165.99
-11799613.98,4654553.67,2166.51
-11799615.94,4654553.23,2166.81
-11799618.16,4654552.94,2166.21
-11799620.38,4654552.66,2165.59
-11799623.620000001,4654552.96,2161.54
-11799624.25,4654551.7,2163.23
-11799624.74,4654551.98,2161.58
-11799622.72,4654552.38,2161.49
-11799619.33,4654551.98,2165.98
-11799617.13,4654552.28,2166.58
-11799615.11,4654552.66,2166.59
-11799613.22,4654553.11,2166.11
-11799611.34,4654553.57,2165.65
-11799609.450000001,4654554.04,2165.17
-11799607.55,4654554.51,2164.69
-11799606.47,4654555.47,2161.31
-11799604.5,4654555.88,2161.17
-11799602.450000001,4654556.23,2161.24
-11799588.53,4654556.24,2162.27
-11799590.49,4654555.86,2162.34
-11799590.85,4654556.09,2161.04
-11799592.84,4654555.68,2161.17
-11799594.92,4654555.29,2161.17
-11799596.48,4654554.59,2162.92
-11799596.97,4654554.89,2161.15
-11799598.19,4654554.0200000005,2164.02
-11799598.97,4654554.5,2161.23
-11799600.27,4654553.72,2163.63
-11799600.96,4654554.13,2161.21
-11799603.01,4654553.74,2161.23
-11799605.040000001,4654553.34,2161.28
-11799606.64,4654552.71,2162.71
-11799607.03,4654552.95,2161.38
-11799608.17,4654552.03,2164.5
-11799610.14,4654551.58,2164.82
-11799612.040000001,4654551.100000001,2165.29
-11799613.91,4654550.64,2165.75
-11799615.8,4654550.19,2166.24
-11799617.65,4654549.71,2166.82
-11799619.22,4654550.62,2161.42
-11799621.27,4654550.23,2161.44
-11799623.31,4654549.8100000005,2161.55
-11799622.78,4654549.23,2161.49
-11799620.8,4654549.61,2161.4
-11799618.74,4654550.0,2161.38
-11799615.370000001,4654549.58,2166.0
-11799613.47,4654550.0600000005,2165.5
-11799611.56,4654550.53,2165.03
-11799609.67,4654550.97,2164.63
-11799607.71,4654551.39,2164.36
-11799605.76,4654551.84,2164.04
-11799606.55,4654552.29,2161.31
-11799604.55,4654552.68,2161.23
-11799601.790000001,4654552.65,2163.74
-11799602.51,4654553.08,2161.19
-11799599.790000001,4654553.03,2163.69
-11799600.48,4654553.47,2161.19
-11799597.15,4654553.0600000005,2165.76
-11799597.66,4654553.37,2163.96
-11799598.44,4654553.850000001,2161.19
-11799595.69,4654553.79,2163.69
-11799596.43,4654554.25,2161.1
-11799594.41,4654554.61,2161.11
-11799592.4,4654554.99,2161.13
-11799590.01,4654555.16,2162.38
-11799587.950000001,4654555.57,2162.29
-11799586.21,4654556.17,2161.07
-11799584.8,4654554.13,2161.09
-11799586.84,4654553.76,2161.08
-11799588.870000001,4654553.37,2161.1
-11799590.91,4654552.98,2161.09
-11799592.97,4654552.59,2161.11
-11799594.11,4654551.65,2164.31
-11799595.0,4654552.2,2161.15
-11799596.05,4654551.2,2164.69
-11799597.06,4654551.83,2161.06
-11799597.61,4654550.54,2166.32
-11799598.32,4654550.97,2163.81
-11799599.07,4654551.43,2161.13
-11799599.97,4654550.36,2165.15
-11799600.36,4654550.59,2163.8
-11799601.09,4654551.04,2161.21
-11799603.120000001,4654550.65,2161.24
-11799605.120000001,4654550.2700000005,2161.27
-11799606.48,4654549.46,2163.73
-11799607.08,4654549.82,2161.61
-11799608.41,4654548.99,2164.17
-11799610.34,4654548.55,2164.42
-11799612.27,4654548.14,2164.72
-11799614.200000001,4654547.65,2165.22
-11799617.370000001,4654547.93,2161.38
-11799618.85,4654547.24,2163.21
-11799619.36,4654547.53,2161.46
-11799621.370000001,4654547.15,2161.48
-11799623.450000001,4654546.76,2161.48
-11799623.57,4654545.2700000005,2167.99
-11799623.31,4654544.66,2168.36
-11799621.59,4654545.23,2167.27
-11799623.290000001,4654546.21,2161.54
-11799621.27,4654546.600000001,2161.42
-11799619.26,4654546.97,2161.44
-11799617.27,4654547.36,2161.32
-11799614.11,4654547.100000001,2165.15
-11799615.22,4654547.76,2161.33
-11799612.19,4654547.57,2164.65
-11799610.27,4654548.0,2164.35
-11799608.36,4654548.42,2164.07
-11799606.99,4654549.23,2161.6
-11799605.06,4654549.69,2161.17
-11799603.01,4654550.07,2161.19
-11799601.0,4654550.45,2161.17
-11799597.94,4654550.19,2164.86
-11799595.91,4654550.57,2164.85
-11799594.06,4654551.09,2164.11
-11799594.4,4654551.29,2162.86
-11799594.88,4654551.600000001,2161.17
-11799591.91,4654551.41,2164.49
-11799592.4,4654551.71,2162.71
-11799592.88,4654552.01,2161.0
-11799590.88,4654552.38,2161.02
-11799588.85,4654552.75,2161.04
-11799586.8,4654553.13,2161.04
-11799584.76,4654553.53,2161.02
-11799584.91,4654551.33,2161.05
-11799586.97,4654550.95,2161.03
-11799588.99,4654550.5600000005,2161.02
-11799590.52,4654549.87,2162.83
-11799591.03,4654550.2,2160.94
-11799592.200000001,4654549.29,2164.04
-11799594.11,4654548.82,2164.49
-11799595.05,4654549.4,2161.15
-11799596.03,4654548.38,2164.88
-11799597.120000001,4654549.04,2161.0
-11799598.61,4654548.28,2163.13
-11799599.16,4654548.62,2161.17
-11799601.19,4654548.23,2161.19
-11799603.16,4654547.86,2161.22
-11799605.22,4654547.48,2161.17
-11799607.27,4654547.09,2161.22
-11799609.27,4654546.67,2161.42
-11799610.5,4654545.82,2164.15
-11799613.3,4654545.91,2161.35
-11799615.36,4654545.54,2161.33
-11799617.38,4654545.14,2161.44
-11799619.44,4654544.76,2161.42
-11799619.74,4654543.350000001,2167.4
-11799621.450000001,4654544.33,2161.6
-11799621.47,4654542.76,2168.53
-11799623.15,4654542.2,2169.65
-11799623.27,4654541.48,2170.32
-11799621.61,4654542.0200000005,2169.19
-11799619.950000001,4654542.600000001,2168.03
-11799619.88,4654544.12,2161.4
-11799617.83,4654544.51,2161.36
-11799615.290000001,4654544.600000001,2163.02
-11799615.76,4654544.89,2161.36
-11799613.76,4654545.29,2161.29
-11799610.9,4654545.16,2164.15
-11799611.75,4654545.65,2161.25
-11799609.67,4654546.0,2161.47
-11799607.72,4654546.43,2161.19
-11799605.68,4654546.8,2161.15
-11799603.66,4654547.19,2161.15
-11799601.63,4654547.57,2161.13
-11799599.6,4654547.95,2161.13
-11799597.05,4654548.03,2162.9
-11799597.56,4654548.350000001,2161.06
-11799594.57,4654548.12,2164.51
-11799595.56,4654548.74,2161.0
-11799592.66,4654548.57,2164.15
-11799593.540000001,4654549.11,2161.03
-11799591.06,4654549.2,2162.65
-11799591.52,4654549.49,2161.0
-11799589.47,4654549.88,2160.96
-11799587.43,4654550.25,2160.98
-11799585.42,4654550.62,2161.0
-11799585.23,4654548.5600000005,2161.0
-11799587.27,4654548.16,2161.02
-11799589.31,4654547.8,2160.99
-11799591.31,4654547.42,2161.02
-11799592.59,4654546.55,2163.73
-11799593.33,4654547.01,2161.09
-11799594.65,4654546.16,2163.74
-11799595.39,4654546.63,2161.11
-11799597.43,4654546.25,2161.11
-11799599.47,4654545.86,2161.11
-11799601.49,4654545.48,2161.11
-11799603.52,4654545.09,2161.15
-11799605.540000001,4654544.71,2161.15
-11799607.57,4654544.3100000005,2161.19
-11799609.61,4654543.95,2161.17
-11799611.61,4654543.55,2161.27
-11799613.14,4654542.87,2162.97
-11799613.6,4654543.16,2161.35
-11799615.64,4654542.78,2161.33
-11799617.69,4654542.38,2161.35
-11799617.83,4654540.88,2167.92
-11799619.58,4654540.34,2168.88
-11799621.370000001,4654539.8,2169.75
-11799623.25,4654539.32,2170.35
-11799623.91,4654538.5600000005,2170.32
-11799622.06,4654539.0,2169.84
-11799620.32,4654539.5200000005,2168.98
-11799618.55,4654540.03,2168.13
-11799616.74,4654540.57,2167.26
-11799616.49,4654541.95,2161.32
-11799614.48,4654542.32,2161.31
-11799612.0,4654542.44,2162.82
-11799612.43,4654542.71,2161.3
-11799610.46,4654543.100000001,2161.19
-11799608.47,4654543.48,2161.15
-11799606.44,4654543.850000001,2161.17
-11799604.450000001,4654544.22,2161.13
-11799602.47,4654544.59,2161.11
-11799600.44,4654544.98,2161.06
-11799598.4,4654545.36,2161.08
-11799596.41,4654545.72,2161.06
-11799593.73,4654545.7,2163.44
-11799594.42,4654546.11,2160.99
-11799592.36,4654546.49,2161.01
-11799590.370000001,4654546.87,2161.0
-11799588.38,4654547.24,2161.01
-11799586.370000001,4654547.61,2161.02
-11799584.39,4654547.98,2161.02
-11799584.49,4654545.9,2161.01
-11799586.56,4654545.53,2160.98
-11799588.59,4654545.15,2161.0
-11799590.58,4654544.7700000005,2161.05
-11799592.59,4654544.37,2161.06
-11799594.64,4654544.0200000005,2161.02
-11799596.68,4654543.62,2161.03
-11799598.72,4654543.26,2161.02
-11799600.74,4654542.86,2161.1
-11799602.790000001,4654542.47,2161.13
-11799604.84,4654542.07,2161.15
-11799606.870000001,4654541.71,2161.15
-11799608.85,4654541.3100000005,2161.19
-11799610.370000001,4654540.63,2163.02
-11799610.870000001,4654540.93,2161.28
-11799612.91,4654540.54,2161.3
-11799614.950000001,4654540.17,2161.27
-11799615.96,4654539.18,2164.81
-11799617.96,4654538.79,2164.9
-11799619.25,4654537.95,2167.53
-11799621.05,4654537.42,2168.38
-11799622.82,4654536.9,2169.23
-11799623.66,4654536.0200000005,2169.4
-11799621.88,4654536.55,2168.55
-11799620.07,4654537.07,2167.69
-11799618.82,4654537.88,2165.11
-11799619.3,4654538.15,2163.47
-11799616.91,4654538.3100000005,2164.79
-11799614.94,4654538.72,2164.59
-11799615.39,4654538.97,2163.08
-11799613.89,4654539.65,2161.19
-11799611.82,4654540.05,2161.19
-11799609.3,4654540.13,2162.94
-11799609.790000001,4654540.42,2161.23
-11799607.72,4654540.73,2161.5
-11799605.77,4654541.18,2161.15
-11799603.75,4654541.55,2161.15
-11799601.71,4654541.94,2161.11
-11799599.72,4654542.32,2161.06
-11799597.71,4654542.7,2161.01
-11799595.65,4654543.08,2160.98
-11799593.59,4654543.45,2161.02
-11799591.55,4654543.83,2161.0
-11799589.11,4654543.98,2162.36
-11799589.5,4654544.22,2161.01
-11799587.48,4654544.58,2160.94
-11799585.42,4654544.98,2160.94
-11799585.91,4654542.63,2160.9
-11799587.89,4654542.26,2160.98
-11799589.93,4654541.88,2160.97
-11799591.93,4654541.5,2160.99
-11799593.96,4654541.13,2161.0
-11799596.03,4654540.73,2161.01
-11799598.09,4654540.350000001,2161.01
-11799600.120000001,4654539.96,2161.06
-11799602.07,4654539.51,2161.4
-11799604.120000001,4654539.17,2161.3
-11799606.16,4654538.82,2161.21
-11799608.18,4654538.42,2161.26
-11799610.24,4654538.05,2161.22
-11799612.290000001,4654537.67,2161.21
-11799614.34,4654537.29,2161.17
-11799616.4,4654536.9,2161.19
-11799618.42,4654536.55,2161.15
-11799620.38,4654536.11,2161.42
-11799620.76,4654534.7700000005,2167.15
-11799621.3,4654535.09,2165.3
-11799622.56,4654534.24,2168.04
-11799624.38,4654533.74,2168.74
-11799623.75,4654533.38,2168.25
-11799621.86,4654533.82,2167.82
-11799622.39,4654534.11,2166.06
-11799621.02,4654534.87,2163.84
-11799619.76,4654535.68,2161.23
-11799617.76,4654536.07,2161.11
-11799615.700000001,4654536.45,2161.11
-11799613.65,4654536.82,2161.11
-11799611.61,4654537.2,2161.15
-11799609.57,4654537.5600000005,2161.19
-11799607.540000001,4654537.94,2161.19
-11799605.540000001,4654538.32,2161.13
-11799603.47,4654538.66,2161.29
-11799601.4,4654539.0200000005,2161.42
-11799599.450000001,4654539.47,2161.0
-11799597.42,4654539.83,2160.97
-11799595.42,4654540.21,2160.94
-11799593.41,4654540.600000001,2160.94
-11799591.35,4654540.96,2160.94
-11799589.3,4654541.350000001,2160.92
-11799587.28,4654541.73,2160.92
-11799585.290000001,4654542.09,2160.84
-11799584.58,4654539.76,2163.38
-11799587.33,4654539.83,2160.88
-11799589.36,4654539.43,2160.9
-11799591.38,4654539.07,2160.92
-11799593.42,4654538.68,2160.97
-11799595.49,4654538.3,2160.96
-11799596.13,4654537.07,2165.97
-11799597.540000001,4654537.91,2161.02
-11799598.1,4654536.67,2166.02
-11799599.46,4654537.5,2161.26
-11799601.4,4654537.11,2161.44
-11799603.49,4654536.75,2161.28
-11799605.53,4654536.4,2161.22
-11799607.6,4654536.03,2161.15
-11799609.67,4654535.64,2161.13
-11799611.74,4654535.2700000005,2161.15
-11799613.790000001,4654534.88,2161.15
-11799615.82,4654534.5,2161.13
-11799617.870000001,4654534.14,2161.13
-11799619.92,4654533.7700000005,2161.13
-11799621.88,4654533.350000001,2161.36
-11799623.23,4654532.59,2163.63
-11799624.13,4654531.57,2167.44
-11799623.31,4654532.23,2162.65
-11799621.67,4654532.86,2161.23
-11799619.69,4654533.26,2161.11
-11799617.66,4654533.62,2161.08
-11799615.61,4654534.01,2161.09
-11799613.56,4654534.36,2161.09
-11799611.5,4654534.76,2161.09
-11799609.49,4654535.12,2161.08
-11799607.450000001,4654535.48,2161.13
-11799605.370000001,4654535.850000001,2161.19
-11799603.33,4654536.23,2161.11
-11799601.32,4654536.59,2161.22
-11799597.89,4654536.08,2166.22
-11799599.33,4654536.97,2161.15
-11799595.94,4654536.5200000005,2165.9
-11799596.43,4654536.82,2164.15
-11799597.34,4654537.37,2160.94
-11799594.790000001,4654537.43,2162.75
-11799595.32,4654537.75,2160.9
-11799593.290000001,4654538.11,2160.94
-11799591.24,4654538.5,2160.9
-11799589.17,4654538.88,2160.86
-11799587.16,4654539.25,2160.84
-11799584.450000001,4654539.22,2163.22
-11799584.38,4654537.41,2160.86
-11799586.42,4654537.0600000005,2160.85
-11799588.48,4654536.67,2160.85
-11799590.5,4654536.3100000005,2160.86
-11799592.49,4654535.92,2160.92
-11799594.5,4654535.53,2160.98
-11799596.540000001,4654535.14,2161.07
-11799598.620000001,4654534.78,2161.02
-11799600.61,4654534.4,2161.1
-11799602.58,4654534.01,2161.19
-11799604.63,4654533.65,2161.15
-11799606.700000001,4654533.2700000005,2161.15
-11799608.78,4654532.89,2161.11
-11799610.8,4654532.5200000005,2161.13
-11799612.82,4654532.13,2161.19
-11799614.89,4654531.7700000005,2161.13
-11799616.92,4654531.39,2161.11
-11799618.96,4654531.0200000005,2161.15
-11799621.02,4654530.64,2161.17
-11799623.03,4654530.26,2161.22
-11799623.25,4654529.7,2161.21
-11799620.700000001,4654529.74,2163.1
-11799621.290000001,4654530.08,2161.11
-11799619.290000001,4654530.45,2161.11
-11799617.3,4654530.79,2161.11
-11799615.32,4654531.18,2161.11
-11799613.290000001,4654531.53,2161.17
-11799611.28,4654531.9,2161.11
-11799609.27,4654532.28,2161.06
-11799607.27,4654532.65,2161.08
-11799605.26,4654533.0,2161.11
-11799603.03,4654533.22,2161.94
-11799601.26,4654533.73,2161.13
-11799599.25,4654534.12,2161.0
-11799597.26,4654534.49,2160.98
-11799595.28,4654534.83,2160.99
-11799593.3,4654535.22,2160.9
-11799591.32,4654535.59,2160.86
-11799589.35,4654535.96,2160.81
-11799587.34,4654536.33,2160.82
-11799585.34,4654536.68,2160.82
-11799584.44,4654534.65,2160.88
-11799586.5,4654534.2700000005,2160.86
-11799588.540000001,4654533.92,2160.84
-11799590.52,4654533.54,2160.9
-11799592.55,4654533.15,2160.94
-11799594.46,4654532.68,2161.51
-11799596.48,4654532.3,2161.52
-11799598.18,4654531.75,2162.65
-11799598.61,4654532.01,2161.13
-11799600.450000001,4654531.5,2161.92
-11799602.49,4654531.12,2161.92
-11799604.76,4654530.88,2161.11
-11799606.81,4654530.54,2161.06
-11799608.82,4654530.14,2161.1
-11799610.19,4654529.4,2163.38
-11799610.9,4654529.8,2160.97
-11799612.9,4654529.41,2161.11
-11799614.950000001,4654529.04,2161.11
-11799617.01,4654528.66,2161.11
-11799619.040000001,4654528.29,2161.13
-11799620.51,4654527.600000001,2162.96
-11799621.03,4654527.91,2161.17
-11799623.120000001,4654527.53,2161.13
-11799623.1,4654526.59,2162.78
-11799623.59,4654526.87,2161.13
-11799621.56,4654527.22,2161.19
-11799619.52,4654527.59,2161.15
-11799617.48,4654527.96,2161.13
-11799615.48,4654528.34,2161.11
-11799613.42,4654528.71,2161.11
-11799610.9,4654528.74,2162.99
-11799611.450000001,4654529.0600000005,2161.07
-11799608.950000001,4654529.13,2162.85
-11799609.43,4654529.41,2161.21
-11799607.43,4654529.79,2161.1
-11799605.370000001,4654530.17,2161.09
-11799603.13,4654530.38,2161.9
-11799601.120000001,4654530.74,2161.94
-11799599.31,4654531.25,2161.17
-11799597.290000001,4654531.63,2161.05
-11799595.14,4654531.92,2161.52
-11799593.120000001,4654532.29,2161.49
-11799591.290000001,4654532.73,2160.88
-11799589.3,4654533.11,2160.86
-11799587.3,4654533.48,2160.86
-11799585.290000001,4654533.84,2160.88
-11799584.72,4654531.79,2160.84
-11799586.76,4654531.42,2160.86
-11799588.78,4654531.05,2160.88
-11799590.8,4654530.66,2160.94
-11799592.83,4654530.3,2160.94
-11799594.82,4654529.91,2161.1
-11799596.86,4654529.54,2161.13
-11799598.93,4654529.17,2161.11
-11799600.97,4654528.78,2161.15
-11799603.01,4654528.44,2161.08
-11799605.05,4654528.07,2161.08
-11799607.1,4654527.7,2161.1
-11799609.14,4654527.33,2161.09
-11799611.15,4654526.96,2161.11
-11799613.19,4654526.57,2161.13
-11799615.23,4654526.21,2161.13
-11799617.24,4654525.83,2161.13
-11799619.31,4654525.48,2161.15
-11799620.9,4654524.83,2162.77
-11799621.4,4654525.11,2161.09
-11799623.39,4654524.73,2161.21
-11799624.1,4654524.15,2161.22
-11799622.07,4654524.54,2161.17
-11799620.07,4654524.89,2161.1
-11799618.05,4654525.26,2161.13
-11799616.0,4654525.63,2161.13
-11799613.98,4654526.0,2161.13
-11799611.96,4654526.350000001,2161.13
-11799609.96,4654526.71,2161.11
-11799607.97,4654527.07,2161.11
-11799605.96,4654527.44,2161.1
-11799603.89,4654527.8100000005,2161.08
-11799601.88,4654528.17,2161.09
-11799599.870000001,4654528.53,2161.09
-11799597.83,4654528.89,2161.13
-11799595.34,4654528.99,2162.65
-11799595.76,4654529.26,2161.11
-11799593.77,4654529.61,2161.06
-11799591.82,4654529.98,2161.04
-11799589.870000001,4654530.350000001,2160.94
-11799587.82,4654530.73,2160.88
-11799585.790000001,4654531.11,2160.85
-11799585.64,4654529.100000001,2160.84
-11799587.67,4654528.72,2160.9
-11799589.66,4654528.33,2161.07
-11799591.61,4654527.91,2161.38
-11799593.28,4654527.32,2162.69
-11799593.76,4654527.61,2160.94
-11799595.78,4654527.23,2161.06
-11799597.8,4654526.84,2161.17
-11799599.870000001,4654526.48,2161.1
-11799601.870000001,4654526.13,2161.11
-11799603.950000001,4654525.76,2161.06
-11799605.99,4654525.39,2161.1
-11799607.99,4654525.0200000005,2161.11
-11799610.0,4654524.67,2161.11
-11799612.08,4654524.29,2161.13
-11799614.13,4654523.92,2161.15
-11799616.16,4654523.55,2161.15
-11799618.25,4654523.18,2161.1
-11799620.28,4654522.8,2161.17
-11799622.31,4654522.43,2161.17
-11799624.38,4654522.0600000005,2161.19
-11799623.57,4654521.63,2161.17
-11799621.53,4654521.99,2161.19
-11799619.540000001,4654522.33,2161.17
-11799617.52,4654522.73,2161.08
-11799615.48,4654523.07,2161.13
-11799613.42,4654523.44,2161.13
-11799611.4,4654523.8100000005,2161.11
-11799609.4,4654524.17,2161.1
-11799607.36,4654524.53,2161.1
-11799605.32,4654524.88,2161.08
-11799602.31,4654524.69,2164.44
-11799603.3,4654525.28,2161.0
-11799601.26,4654525.61,2161.11
-11799599.25,4654525.96,2161.11
-11799597.21,4654526.33,2161.13
-11799595.15,4654526.69,2161.17
-11799592.64,4654526.78,2162.78
-11799593.16,4654527.08,2160.96
-11799590.99,4654527.39,2161.32
-11799588.9,4654527.71,2161.58
-11799587.040000001,4654528.19,2160.92
-11799585.03,4654528.5600000005,2160.84
-11799584.8,4654526.78,2160.9
-11799586.76,4654526.37,2161.19
-11799588.61,4654525.87,2161.85
-11799590.91,4654525.67,2160.99
-11799592.99,4654525.29,2160.97
-11799594.93,4654524.9,2161.19
-11799597.05,4654524.59,2160.94
-11799599.05,4654524.21,2161.01
-11799600.18,4654523.29,2164.24
-11799601.83,4654522.72,2165.5
-11799603.44,4654522.14,2166.84
-11799605.13,4654521.53,2168.21
-11799607.21,4654522.74,2161.04
-11799608.74,4654522.05,2162.94
-11799609.24,4654522.350000001,2161.23
-11799611.31,4654522.0,2161.13
-11799613.35,4654521.64,2161.11
-11799615.370000001,4654521.29,2161.11
-11799617.34,4654520.91,2161.15
-11799619.370000001,4654520.55,2161.19
-11799621.47,4654520.17,2161.22
-11799623.55,4654519.8,2161.22
-11799623.16,4654519.43,2161.19
-11799621.11,4654519.8,2161.19
-11799619.11,4654520.14,2161.21
-11799617.1,4654520.51,2161.17
-11799615.08,4654520.88,2161.11
-11799613.07,4654521.25,2161.08
-11799611.03,4654521.59,2161.15
-11799608.57,4654521.69,2162.63
-11799609.0,4654521.95,2161.17
-11799604.88,4654521.09,2168.28
-11799603.21,4654521.68,2166.97
-11799601.56,4654522.26,2165.65
-11799599.94,4654522.8100000005,2164.36
-11799598.91,4654523.76,2160.99
-11799596.870000001,4654524.13,2160.94
-11799594.74,4654524.47,2161.11
-11799592.74,4654524.87,2160.94
-11799590.36,4654525.03,2162.1
-11799590.71,4654525.24,2160.88
-11799588.450000001,4654525.45,2161.72
-11799586.540000001,4654525.92,2161.13
-11799584.58,4654526.33,2160.85
-11799584.35,4654524.37,2160.77
-11799586.32,4654523.98,2160.99
-11799588.34,4654523.63,2160.97
-11799590.36,4654523.24,2161.08
-11799592.5,4654522.9,2160.9
-11799594.540000001,4654522.55,2160.88
-11799596.53,4654522.17,2160.98
-11799597.620000001,4654521.24,2164.26
-11799598.540000001,4654521.8,2161.03
-11799599.28,4654520.67,2165.57
-11799600.94,4654520.07,2166.86
-11799602.58,4654519.5,2168.19
-11799604.84,4654519.29,2167.38
-11799607.23,4654519.12,2166.17
-11799608.73,4654519.99,2161.06
-11799610.75,4654519.63,2161.13
-11799612.8,4654519.28,2161.09
-11799614.83,4654518.9,2161.15
-11799616.91,4654518.51,2161.17
-11799618.92,4654518.17,2161.17
-11799620.96,4654517.8,2161.19
-11799623.040000001,4654517.43,2161.24
-11799622.92,4654516.99,2161.21
-11799620.91,4654517.34,2161.17
-11799618.88,4654517.71,2161.15
-11799616.83,4654518.07,2161.17
-11799614.8,4654518.42,2161.15
-11799612.790000001,4654518.8,2161.07
-11799610.73,4654519.14,2161.11
-11799607.35,4654518.71,2165.78
-11799608.73,4654519.51,2161.0
-11799604.93,4654518.84,2167.08
-11799602.5,4654518.98,2168.36
-11799600.8,4654519.55,2167.17
-11799599.15,4654520.12,2165.9
-11799597.55,4654520.69,2164.6
-11799596.53,4654521.66,2161.01
-11799594.5,4654522.04,2160.92
-11799592.47,4654522.4,2160.9
-11799590.47,4654522.74,2160.92
-11799588.450000001,4654523.09,2160.92
-11799586.38,4654523.44,2160.98
-11799584.36,4654523.83,2160.76
-11799585.22,4654522.15,2160.76
-11799586.93,4654521.58,2161.97
-11799587.24,4654521.7700000005,2160.85
-11799589.25,4654521.43,2160.86
-11799591.3,4654521.0600000005,2160.85
-11799593.34,4654520.69,2160.9
-11799595.33,4654520.33,2160.98
-11799596.27,4654519.32,2164.82
-11799597.96,4654518.72,2166.13
-11799599.61,4654518.14,2167.47
-11799601.370000001,4654517.64,2168.27
-11799603.85,4654517.55,2166.76
-11799606.3,4654517.42,2165.38
-11799608.66,4654517.26,2164.29
-11799609.61,4654517.8100000005,2161.04
-11799611.13,4654517.15,2162.79
-11799611.64,4654517.44,2161.09
-11799613.66,4654517.07,2161.15
-11799615.77,4654516.7,2161.13
-11799617.83,4654516.350000001,2161.11
-11799619.86,4654515.97,2161.17
-11799621.88,4654515.61,2161.21
-11799623.9,4654515.26,2161.23
-11799622.32,4654515.03,2161.21
-11799620.3,4654515.41,2161.15
-11799618.3,4654515.7700000005,2161.08
-11799616.24,4654516.14,2161.07
-11799614.18,4654516.48,2161.11
-11799612.11,4654516.850000001,2161.09
-11799610.11,4654517.2,2161.06
-11799607.03,4654516.94,2164.65
-11799604.59,4654517.04,2166.03
-11799602.21,4654517.17,2167.4
-11799599.950000001,4654517.36,2168.19
-11799598.28,4654517.96,2166.88
-11799596.6,4654518.54,2165.57
-11799594.950000001,4654519.11,2164.31
-11799593.36,4654519.73,2162.71
-11799593.9,4654520.07,2160.84
-11799591.85,4654520.43,2160.85
-11799589.83,4654520.78,2160.83
-11799587.82,4654521.13,2160.81
-11799585.75,4654521.49,2160.77
-11799584.67,4654520.19,2160.76
-11799586.69,4654519.83,2160.79
-11799588.73,4654519.46,2160.78
-11799590.76,4654519.11,2160.82
-11799592.75,4654518.75,2160.86
-11799594.31,4654518.12,2162.48
-11799594.67,4654518.350000001,2161.21
-11799595.39,4654517.17,2165.92
-11799597.05,4654516.59,2167.22
-11799598.75,4654516.03,2168.4
-11799601.15,4654515.9,2167.09
-11799603.57,4654515.8,2165.65
-11799606.02,4654515.68,2164.31
-11799609.05,4654515.87,2161.08
-11799611.08,4654515.5,2161.13
-11799613.14,4654515.13,2161.13
-11799615.21,4654514.79,2161.07
-11799617.25,4654514.43,2161.11
-11799619.31,4654514.05,2161.13
-11799621.35,4654513.69,2161.19
-11799623.35,4654513.34,2161.22
-11799624.22,4654512.86,2161.19
-11799622.19,4654513.21,2161.19
-11799620.16,4654513.57,2161.15
-11799618.14,4654513.93,2161.09
-11799616.11,4654514.29,2161.08
-11799614.07,4654514.63,2161.1
-11799612.0,4654514.99,2161.13
-11799609.450000001,4654515.04,2162.85
-11799609.97,4654515.33,2161.11
-11799607.950000001,4654515.7,2161.06
-11799604.790000001,4654515.41,2164.82
-11799602.370000001,4654515.5200000005,2166.19
-11799599.94,4654515.63,2167.6
-11799597.81,4654515.91,2168.01
-11799596.16,4654516.48,2166.72
-11799594.52,4654517.08,2165.32
-11799595.06,4654517.4,2163.42
-11799593.74,4654518.18,2160.92
-11799591.71,4654518.5600000005,2160.83
-11799589.69,4654518.91,2160.78
-11799587.67,4654519.28,2160.75
-11799585.63,4654519.62,2160.76
-11799584.47,4654518.33,2160.76
-11799586.49,4654517.97,2160.8
-11799588.51,4654517.62,2160.8
-11799590.56,4654517.25,2160.81
-11799592.61,4654516.89,2160.86
-11799594.59,4654516.51,2161.02
-11799596.55,4654516.12,2161.19
-11799596.64,4654514.57,2168.13
-11799597.36,4654515.01,2165.63
-11799598.89,4654514.36,2167.36
-11799601.33,4654514.23,2166.01
-11799603.8,4654514.12,2164.57
-11799606.85,4654514.37,2161.11
-11799608.85,4654514.0,2161.19
-11799610.88,4654513.65,2161.17
-11799612.91,4654513.3,2161.19
-11799614.97,4654512.96,2161.13
-11799617.06,4654512.600000001,2161.11
-11799619.09,4654512.23,2161.13
-11799621.120000001,4654511.89,2161.17
-11799623.18,4654511.5200000005,2161.22
-11799622.56,4654511.17,2161.15
-11799620.55,4654511.5200000005,2161.1
-11799618.5,4654511.89,2161.07
-11799616.46,4654512.25,2161.05
-11799614.43,4654512.58,2161.11
-11799612.370000001,4654512.92,2161.17
-11799610.33,4654513.28,2161.13
-11799608.26,4654513.63,2161.13
-11799606.27,4654514.0,2161.03
-11799603.31,4654513.78,2164.33
-11799600.870000001,4654513.88,2165.78
-11799598.44,4654513.98,2167.15
-11799596.96,4654514.65,2165.3
-11799596.18,4654515.74,2161.04
-11799594.18,4654516.08,2161.0
-11799592.21,4654516.46,2160.85
-11799590.200000001,4654516.82,2160.78
-11799588.16,4654517.17,2160.77
-11799586.16,4654517.51,2160.72
-11799584.17,4654517.86,2160.69
-11799584.72,4654516.5600000005,2160.75
-11799586.74,4654516.2,2160.75
-11799588.75,4654515.850000001,2160.79
-11799590.78,4654515.49,2160.82
-11799592.8,4654515.13,2160.88
-11799594.84,4654514.74,2161.01
-11799596.88,4654514.4,2161.05
-11799597.98,4654513.5,2164.19
-11799598.51,4654513.82,2162.38
-11799599.5,4654512.84,2165.99
-11799601.96,4654512.73,2164.59
-11799605.02,4654512.97,2161.1
-11799607.05,4654512.62,2161.15
-11799609.08,4654512.26,2161.17
-11799611.120000001,4654511.9,2161.19
-11799613.21,4654511.54,2161.21
-11799615.34,4654511.2,2161.13
-11799617.36,4654510.850000001,2161.11
-11799619.39,4654510.5,2161.13
-11799621.450000001,4654510.13,2161.17
-11799623.540000001,4654509.7700000005,2161.19
-11799623.32,4654509.42,2161.13
-11799621.3,4654509.76,2161.11
-11799619.21,4654510.13,2161.09
-11799617.18,4654510.48,2161.08
-11799615.18,4654510.83,2161.07
-11799613.13,4654511.13,2161.19
-11799611.11,4654511.47,2161.19
-11799609.08,4654511.850000001,2161.13
-11799607.03,4654512.2,2161.11
-11799604.57,4654512.2700000005,2162.67
-11799605.040000001,4654512.55,2161.07
-11799602.120000001,4654512.37,2164.17
-11799603.040000001,4654512.92,2160.98
-11799599.68,4654512.48,2165.51
-11799598.03,4654513.09,2164.05
-11799598.540000001,4654513.39,2162.3
-11799596.86,4654513.96,2161.01
-11799594.85,4654514.32,2160.99
-11799592.84,4654514.68,2160.88
-11799590.82,4654515.04,2160.81
-11799588.82,4654515.4,2160.77
-11799586.76,4654515.74,2160.74
-11799584.74,4654516.11,2160.72
-11799584.120000001,4654514.84,2160.77
-11799586.200000001,4654514.49,2160.77
-11799588.23,4654514.15,2160.77
-11799590.28,4654513.78,2160.82
-11799592.38,4654513.41,2160.88
-11799594.46,4654513.03,2160.96
-11799596.51,4654512.64,2161.03
-11799598.6,4654512.3,2161.08
-11799599.63,4654511.28,2164.79
-11799602.81,4654511.5600000005,2161.07
-11799604.86,4654511.21,2161.13
-11799606.92,4654510.86,2161.15
-11799608.98,4654510.5,2161.15
-11799611.05,4654510.13,2161.23
-11799611.950000001,4654509.08,2165.28
-11799613.76,4654508.5600000005,2166.22
-11799615.3,4654509.44,2161.06
-11799617.370000001,4654509.07,2161.15
-11799619.46,4654508.69,2161.22
-11799621.55,4654508.34,2161.19
-11799623.64,4654507.99,2161.17
-11799624.1,4654507.61,2161.15
-11799622.06,4654507.95,2161.13
-11799619.84,4654508.2,2161.75
-11799617.98,4654508.65,2161.13
-11799614.27,4654508.01,2166.77
-11799615.96,4654509.01,2161.08
-11799612.52,4654508.55,2165.77
-11799610.700000001,4654509.04,2164.92
-11799611.790000001,4654509.68,2161.25
-11799609.78,4654510.04,2161.17
-11799607.78,4654510.38,2161.13
-11799605.74,4654510.72,2161.13
-11799603.21,4654510.8,2162.73
-11799603.69,4654511.09,2161.09
-11799600.76,4654510.93,2164.08
-11799601.18,4654511.18,2162.63
-11799601.67,4654511.46,2160.94
-11799599.53,4654511.75,2161.26
-11799597.57,4654512.15,2161.03
-11799595.59,4654512.49,2160.99
-11799593.59,4654512.83,2160.94
-11799591.58,4654513.21,2160.86
-11799589.51,4654513.57,2160.81
-11799587.49,4654513.92,2160.77
-11799585.46,4654514.2700000005,2160.77
-11799584.31,4654513.09,2160.77
-11799584.72,4654511.72,2166.55
-11799586.36,4654512.74,2160.77
-11799588.39,4654512.39,2160.81
-11799590.42,4654512.0200000005,2160.85
-11799592.450000001,4654511.68,2160.88
-11799594.47,4654511.32,2160.94
-11799596.48,4654510.95,2161.01
-11799598.51,4654510.61,2161.01
-11799600.52,4654510.25,2161.09
-11799602.11,4654509.600000001,2162.78
-11799602.6,4654509.89,2161.11
-11799604.63,4654509.53,2161.15
-11799606.65,4654509.19,2161.15
-11799608.72,4654508.82,2161.17
-11799609.65,4654507.82,2165.01
-11799610.77,4654508.46,2161.26
-11799611.450000001,4654507.3,2165.88
-11799613.19,4654506.82,2166.8
-11799614.93,4654506.3,2167.74
-11799618.98,4654507.09,2161.11
-11799621.05,4654506.71,2161.19
-11799623.11,4654506.37,2161.17
-11799623.91,4654505.82,2161.13
-11799621.870000001,4654506.16,2161.15
-11799619.84,4654506.5200000005,2161.11
-11799615.620000001,4654505.600000001,2168.4
-11799613.84,4654506.100000001,2167.54
-11799612.08,4654506.600000001,2166.58
-11799610.32,4654507.100000001,2165.65
-11799608.48,4654507.59,2164.92
-11799609.58,4654508.23,2161.19
-11799607.58,4654508.59,2161.11
-11799605.53,4654508.93,2161.11
-11799603.48,4654509.2700000005,2161.11
-11799601.450000001,4654509.63,2161.09
-11799599.450000001,4654509.98,2161.01
-11799597.43,4654510.34,2160.98
-11799595.43,4654510.68,2160.92
-11799593.44,4654511.0200000005,2160.88
-11799591.44,4654511.37,2160.83
-11799589.43,4654511.71,2160.81
-11799587.39,4654512.08,2160.76
-11799585.31,4654512.45,2160.72
-11799585.4,4654511.34,2160.76
-11799587.43,4654510.97,2160.8
-11799589.51,4654510.63,2160.83
-11799591.53,4654510.2700000005,2160.86
-11799593.55,4654509.92,2160.92
-11799595.57,4654509.55,2160.98
-11799597.59,4654509.21,2161.0
-11799599.61,4654508.87,2161.06
-11799601.68,4654508.51,2161.09
-11799603.69,4654508.15,2161.15
-11799605.72,4654507.79,2161.17
-11799607.790000001,4654507.44,2161.21
-11799608.66,4654506.37,2165.28
-11799610.46,4654505.86,2166.17
-11799612.22,4654505.37,2167.09
-11799613.950000001,4654504.86,2168.01
-11799615.76,4654504.42,2168.67
-11799619.21,4654504.86,2164.15
-11799620.11,4654505.37,2161.15
-11799622.15,4654505.0200000005,2161.17
-11799624.19,4654504.67,2161.17
-11799623.59,4654504.44,2161.15
-11799621.59,4654504.78,2161.15
-11799618.67,4654504.62,2164.07
-11799615.3,4654504.18,2168.58
-11799613.43,4654504.62,2167.99
-11799611.68,4654505.13,2167.08
-11799609.950000001,4654505.62,2166.19
-11799608.18,4654506.11,2165.29
-11799607.35,4654507.18,2161.17
-11799605.27,4654507.5200000005,2161.15
-11799603.27,4654507.86,2161.13
-11799601.290000001,4654508.21,2161.07
-11799599.24,4654508.58,2161.04
-11799597.24,4654508.93,2160.96
-11799595.23,4654509.2700000005,2160.9
-11799593.24,4654509.62,2160.88
-11799591.25,4654509.96,2160.86
-11799589.200000001,4654510.3100000005,2160.8
-11799587.17,4654510.66,2160.75
-11799585.14,4654511.0,2160.73
-11799585.43,4654509.48,2160.74
-11799587.48,4654509.13,2160.8
-11799587.9,4654507.76,2166.48
-11799589.51,4654508.76,2160.86
-11799591.55,4654508.42,2160.88
-11799593.59,4654508.0600000005,2160.92
-11799595.6,4654507.72,2160.94
-11799597.66,4654507.36,2161.0
-11799599.67,4654506.99,2161.05
-11799601.66,4654506.65,2161.1
-11799603.72,4654506.3100000005,2161.13
-11799605.75,4654505.95,2161.17
-11799606.58,4654504.89,2165.26
-11799608.38,4654504.38,2166.17
-11799610.17,4654503.88,2167.11
-11799611.93,4654503.37,2168.04
-11799613.75,4654502.93,2168.65
-11799616.1,4654502.75,2167.65
-11799618.450000001,4654502.5600000005,2166.79
-11799620.16,4654503.54,2161.11
-11799622.17,4654503.17,2161.19
-11799624.22,4654502.83,2161.19
-11799623.72,4654502.68,2161.13
-11799621.67,4654503.0200000005,2161.15
-11799617.94,4654502.41,2166.69
-11799619.64,4654503.39,2161.02
-11799615.61,4654502.59,2167.63
-11799613.32,4654502.7700000005,2168.58
-11799611.48,4654503.18,2168.03
-11799609.75,4654503.7,2167.08
-11799607.950000001,4654504.18,2166.24
-11799606.19,4654504.7,2165.27
-11799605.38,4654505.76,2161.15
-11799603.38,4654506.11,2161.11
-11799601.35,4654506.45,2161.08
-11799599.290000001,4654506.82,2161.02
-11799597.25,4654507.17,2160.97
-11799595.22,4654507.53,2160.88
-11799593.21,4654507.87,2160.88
-11799591.22,4654508.2,2160.86
-11799589.18,4654508.5600000005,2160.84
-11799587.15,4654508.9,2160.75
-11799584.200000001,4654508.71,2163.88
-11799585.11,4654509.2700000005,2160.67
-11799586.36,4654507.68,2160.76
-11799588.36,4654507.33,2160.82
-11799590.35,4654506.98,2160.88
-11799592.36,4654506.64,2160.9
-11799594.41,4654506.28,2160.96
-11799596.44,4654505.95,2160.92
-11799598.43,4654505.600000001,2161.01
-11799600.49,4654505.23,2161.04
-11799602.53,4654504.88,2161.11
-11799604.57,4654504.5200000005,2161.21
-11799605.35,4654503.43,2165.47
-11799607.14,4654502.91,2166.38
-11799608.91,4654502.43,2167.3
-11799610.64,4654501.91,2168.21
-11799612.64,4654501.54,2168.4
-11799615.02,4654501.350000001,2167.47
-11799617.36,4654501.18,2166.51
-11799619.620000001,4654501.01,2165.61
-11799620.97,4654501.7700000005,2161.15
-11799622.99,4654501.4,2161.19
-11799623.03,4654500.99,2161.19
-11799619.82,4654500.63,2165.24
-11799621.07,4654501.34,2161.11
-11799617.56,4654500.8100000005,2166.11
-11799615.26,4654501.0,2166.99
-11799612.89,4654501.16,2168.04
-11799610.72,4654501.4,2168.57
-11799608.99,4654501.88,2167.67
-11799607.18,4654502.4,2166.77
-11799605.42,4654502.88,2165.85
-11799603.69,4654503.41,2164.85
-11799604.76,4654504.04,2161.19
-11799602.75,4654504.39,2161.11
-11799600.72,4654504.74,2161.05
-11799598.68,4654505.11,2161.0
-11799596.64,4654505.46,2160.92
-11799594.64,4654505.79,2160.92
-11799592.64,4654506.13,2160.88
-11799590.61,4654506.48,2160.88
-11799588.61,4654506.83,2160.8
-11799586.58,4654507.17,2160.74
-11799584.540000001,4654507.54,2160.63
-11799585.57,4654505.86,2160.73
-11799587.57,4654505.5200000005,2160.77
-11799589.58,4654505.18,2160.85
-11799591.6,4654504.82,2160.9
-11799593.63,4654504.48,2160.92
-11799595.71,4654504.100000001,2160.97
-11799597.75,4654503.76,2161.02
-11799599.73,4654503.41,2161.04
-11799601.74,4654503.07,2161.1
-11799603.76,4654502.73,2161.11
-11799605.81,4654502.34,2161.32
-11799606.21,4654501.0,2167.02
-11799607.98,4654500.49,2167.94
-11799609.81,4654500.0200000005,2168.67
-11799612.120000001,4654499.86,2167.71
-11799614.43,4654499.68,2166.75
-11799616.75,4654499.51,2165.81
-11799619.040000001,4654499.3100000005,2164.99
-11799620.18,4654499.97,2161.19
-11799622.22,4654499.62,2161.22
-11799624.17,4654498.96,2161.32
-11799622.19,4654499.3100000005,2161.23
-11799620.22,4654499.61,2161.24
-11799616.92,4654499.21,2165.56
-11799614.620000001,4654499.38,2166.54
-11799612.35,4654499.55,2167.47
-11799610.120000001,4654499.72,2168.31
-11799608.13,4654500.05,2168.33
-11799606.43,4654500.55,2167.38
-11799605.61,4654501.57,2163.44
-11799606.24,4654501.95,2161.32
-11799604.27,4654502.3,2161.11
-11799602.25,4654502.64,2161.09
-11799600.290000001,4654502.99,2161.04
-11799598.33,4654503.33,2161.0
-11799596.35,4654503.66,2160.97
-11799594.35,4654504.0,2160.94
-11799592.36,4654504.34,2160.92
-11799590.39,4654504.68,2160.85
-11799588.41,4654505.03,2160.79
-11799586.42,4654505.37,2160.75
-11799584.43,4654505.71,2160.71
-11799585.63,4654503.88,2160.74
-11799587.67,4654503.53,2160.78
-11799589.64,4654503.19,2160.82
-11799591.620000001,4654502.850000001,2160.86
-11799593.68,4654502.49,2160.92
-11799595.790000001,4654502.12,2160.96
-11799597.85,4654501.78,2160.97
-11799599.85,4654501.44,2161.02
-11799601.86,4654501.100000001,2161.02
-11799603.89,4654500.75,2161.08
-11799605.950000001,4654500.4,2161.13
-11799607.31,4654499.63,2163.59
-11799607.73,4654499.850000001,2162.15
-11799607.99,4654500.0200000005,2161.3
-11799608.28,4654498.65,2167.19
-11799610.16,4654498.22,2167.67
-11799612.47,4654498.04,2166.76
-11799614.83,4654497.89,2165.69
-11799617.13,4654497.67,2164.99
-11799618.26,4654498.33,2161.22
-11799620.31,4654497.98,2161.23
-11799622.3,4654497.62,2161.29
-11799623.28,4654497.0200000005,2161.32
-11799621.25,4654497.36,2161.3
-11799619.25,4654497.7,2161.19
-11799616.08,4654497.36,2165.01
-11799617.24,4654498.04,2161.17
-11799613.77,4654497.54,2165.97
-11799611.450000001,4654497.72,2166.88
-11799609.15,4654497.89,2167.85
-11799607.05,4654499.74,2161.13
-11799605.01,4654500.07,2161.11
-11799603.01,4654500.42,2161.07
-11799600.98,4654500.76,2161.06
-11799598.97,4654501.11,2160.99
-11799596.92,4654501.46,2160.97
-11799594.9,4654501.79,2160.97
-11799592.88,4654502.13,2160.92
-11799590.82,4654502.49,2160.88
-11799588.8,4654502.83,2160.83
-11799586.74,4654503.18,2160.73
-11799584.72,4654503.53,2160.71
-11799585.540000001,4654501.75,2160.76
-11799587.07,4654501.09,2162.6
-11799589.53,4654501.01,2161.04
-11799591.06,4654500.350000001,2162.82
-11799592.92,4654499.91,2163.42
-11799593.620000001,4654500.37,2160.96
-11799595.71,4654500.01,2160.99
-11799597.73,4654499.67,2160.99
-11799599.75,4654499.34,2161.01
-11799601.790000001,4654498.98,2161.05
-11799603.82,4654498.64,2161.09
-11799605.9,4654498.2700000005,2161.11
-11799607.96,4654497.93,2161.13
-11799609.28,4654497.19,2163.44
-11799610.32,4654496.3,2166.67
-11799612.68,4654496.14,2165.65
-11799614.93,4654495.93,2164.94
-11799616.06,4654496.58,2161.19
-11799618.120000001,4654496.24,2161.19
-11799620.200000001,4654495.87,2161.28
-11799622.24,4654495.51,2161.34
-11799623.6,4654494.82,2161.33
-11799621.59,4654495.16,2161.31
-11799619.6,4654495.5,2161.23
-11799617.58,4654495.850000001,2161.17
-11799614.41,4654495.53,2164.92
-11799615.56,4654496.19,2161.15
-11799612.14,4654495.74,2165.69
-11799609.88,4654495.93,2166.4
-11799610.23,4654496.14,2165.23
-11799609.41,4654497.17,2161.27
-11799607.41,4654497.55,2161.11
-11799605.370000001,4654497.89,2161.08
-11799603.33,4654498.22,2161.07
-11799601.32,4654498.5600000005,2161.04
-11799599.3,4654498.91,2161.0
-11799595.64,4654498.2700000005,2166.53
-11799597.26,4654499.25,2160.99
-11799594.49,4654499.12,2163.56
-11799595.25,4654499.57,2160.94
-11799592.59,4654499.53,2163.11
-11799593.22,4654499.91,2160.94
-11799590.65,4654499.92,2162.84
-11799589.120000001,4654500.54,2161.11
-11799586.64,4654500.65,2162.54
-11799585.1,4654501.3,2160.76
-11799584.09,4654499.79,2160.82
-11799585.85,4654499.24,2161.9
-11799586.19,4654499.45,2160.71
-11799588.08,4654499.03,2161.26
-11799589.66,4654498.39,2162.82
-11799591.5,4654497.98,2163.42
-11799593.57,4654497.61,2163.46
-11799595.59,4654497.25,2163.57
-11799596.370000001,4654497.72,2160.94
-11799596.76,4654496.42,2166.48
-11799598.34,4654497.36,2161.06
-11799600.34,4654497.05,2161.04
-11799602.41,4654496.69,2161.09
-11799604.5,4654496.350000001,2161.08
-11799606.540000001,4654496.01,2161.1
-11799608.540000001,4654495.65,2161.19
-11799610.59,4654495.28,2161.26
-11799611.53,4654494.28,2165.07
-11799612.67,4654494.94,2161.29
-11799614.76,4654494.62,2161.17
-11799616.81,4654494.28,2161.17
-11799618.84,4654493.93,2161.25
-11799620.82,4654493.57,2161.38
-11799622.870000001,4654493.22,2161.36
-11799622.61,4654492.86,2161.38
-11799620.59,4654493.2,2161.34
-11799618.58,4654493.54,2161.25
-11799616.55,4654493.91,2161.15
-11799614.53,4654494.23,2161.19
-11799611.42,4654493.94,2164.75
-11799612.49,4654494.57,2161.22
-11799610.42,4654494.9,2161.23
-11799608.42,4654495.24,2161.19
-11799606.42,4654495.58,2161.11
-11799604.39,4654495.93,2161.11
-11799602.35,4654496.26,2161.1
-11799600.33,4654496.600000001,2161.06
-11799598.32,4654496.94,2161.03
-11799596.32,4654497.3,2160.9
-11799593.51,4654497.17,2163.49
-11799591.5,4654497.5200000005,2163.44
-11799589.65,4654497.96,2162.85
-11799587.83,4654498.41,2162.15
-11799588.1,4654498.58,2161.19
-11799585.85,4654498.8100000005,2161.78
-11799586.14,4654499.0,2160.81
-11799584.06,4654499.34,2160.79
-11799584.82,4654497.54,2160.76
-11799586.73,4654497.12,2161.23
-11799588.81,4654496.79,2161.17
-11799590.17,4654496.04,2163.47
-11799592.21,4654495.7,2163.49
-11799594.48,4654495.48,2162.79
-11799594.98,4654495.7700000005,2161.07
-11799596.46,4654495.11,2162.94
-11799597.07,4654495.48,2160.88
-11799599.040000001,4654495.13,2161.05
-11799601.1,4654494.7700000005,2161.08
-11799603.19,4654494.43,2161.11
-11799605.200000001,4654494.08,2161.13
-11799607.24,4654493.75,2161.13
-11799609.27,4654493.4,2161.21
-11799611.32,4654493.07,2161.17
-11799613.39,4654492.72,2161.19
-11799615.43,4654492.38,2161.21
-11799617.43,4654492.03,2161.31
-11799619.450000001,4654491.68,2161.34
-11799621.53,4654491.32,2161.38
-11799623.6,4654490.97,2161.44
-11799623.82,4654490.5,2161.44
-11799621.78,4654490.84,2161.4
-11799619.74,4654491.18,2161.38
-11799617.72,4654491.5200000005,2161.34
-11799615.700000001,4654491.87,2161.26
-11799613.64,4654492.21,2161.21
-11799611.55,4654492.55,2161.17
-11799609.53,4654492.9,2161.17
-11799607.540000001,4654493.22,2161.13
-11799605.55,4654493.55,2161.13
-11799603.51,4654493.9,2161.11
-11799599.85,4654493.28,2166.55
-11799601.47,4654494.24,2161.1
-11799599.46,4654494.57,2161.08
-11799597.41,4654494.89,2161.15
-11799594.870000001,4654494.91,2162.9
-11799592.67,4654495.13,2163.54
-11799593.43,4654495.600000001,2160.92
-11799590.63,4654495.49,2163.46
-11799588.68,4654495.89,2163.08
-11799589.290000001,4654496.26,2161.01
-11799587.18,4654496.58,2161.11
-11799584.82,4654496.69,2162.29
-11799585.25,4654496.96,2160.82
-11799585.03,4654494.79,2162.67
-11799587.61,4654494.76,2160.9
-11799589.05,4654494.04,2163.05
-11799589.57,4654494.37,2161.23
-11799591.0,4654493.65,2163.38
-11799591.69,4654494.08,2160.98
-11799593.38,4654493.5200000005,2162.19
-11799595.69,4654493.37,2161.11
-11799596.76,4654492.44,2164.44
-11799598.94,4654492.19,2164.02
-11799599.82,4654492.73,2161.01
-11799600.24,4654491.42,2166.53
-11799601.84,4654492.36,2161.11
-11799603.92,4654492.0200000005,2161.13
-11799605.96,4654491.69,2161.13
-11799607.99,4654491.350000001,2161.13
-11799610.05,4654491.0,2161.17
-11799612.1,4654490.66,2161.19
-11799614.13,4654490.3100000005,2161.27
-11799616.15,4654489.98,2161.3
-11799618.21,4654489.59,2161.38
-11799620.27,4654489.25,2161.4
-11799622.31,4654488.91,2161.44
-11799622.93,4654488.39,2161.42
-11799620.88,4654488.71,2161.44
-11799618.85,4654489.05,2161.38
-11799616.85,4654489.39,2161.33
-11799614.81,4654489.73,2161.28
-11799612.76,4654490.08,2161.21
-11799610.76,4654490.42,2161.17
-11799608.77,4654490.76,2161.17
-11799606.74,4654491.09,2161.15
-11799604.700000001,4654491.43,2161.13
-11799601.07,4654490.79,2166.58
-11799602.67,4654491.74,2161.15
-11799599.8,4654491.58,2164.04
-11799600.67,4654492.11,2161.07
-11799597.66,4654491.84,2164.38
-11799595.46,4654492.09,2164.92
-11799594.23,4654492.89,2162.19
-11799592.290000001,4654493.29,2161.86
-11799590.51,4654493.78,2160.97
-11799588.450000001,4654494.14,2160.9
-11799585.92,4654494.15,2162.65
-11799586.43,4654494.48,2160.86
-11799584.34,4654492.68,2161.19
-11799586.450000001,4654492.36,2161.07
-11799588.200000001,4654491.83,2162.17
-11799588.58,4654492.05,2160.88
-11799590.620000001,4654491.7,2160.92
-11799592.63,4654491.36,2160.96
-11799593.63,4654490.43,2164.46
-11799595.55,4654490.0,2164.92
-11799597.63,4654489.68,2164.86
-11799599.85,4654489.45,2164.27
-11799601.790000001,4654489.04,2164.65
-11799602.83,4654489.65,2161.15
-11799603.19,4654488.33,2166.76
-11799604.86,4654489.33,2161.13
-11799606.91,4654488.99,2161.13
-11799608.97,4654488.64,2161.15
-11799611.03,4654488.28,2161.23
-11799613.05,4654487.96,2161.21
-11799615.09,4654487.62,2161.28
-11799617.15,4654487.25,2161.36
-11799619.21,4654486.9,2161.36
-11799621.23,4654486.5600000005,2161.47
-11799623.33,4654486.22,2161.42
-11799622.290000001,4654485.95,2161.4
-11799620.25,4654486.28,2161.38
-11799618.21,4654486.59,2161.38
-11799616.17,4654486.94,2161.34
-11799614.16,4654487.3,2161.26
-11799612.11,4654487.65,2161.22
-11799610.03,4654487.99,2161.19
-11799608.01,4654488.3100000005,2161.17
-11799606.06,4654488.64,2161.17
-11799602.92,4654488.3100000005,2164.86
-11799604.02,4654488.97,2161.17
-11799601.07,4654488.79,2164.11
-11799598.86,4654489.04,2164.61
-11799596.700000001,4654489.29,2165.1
-11799594.8,4654489.68,2164.63
-11799592.92,4654490.100000001,2164.17
-11799591.84,4654491.0,2160.94
-11799589.8,4654491.34,2160.94
-11799587.42,4654491.48,2162.06
-11799587.74,4654491.68,2160.94
-11799585.65,4654491.95,2161.24
-11799585.03,4654489.96,2162.11
-11799585.39,4654490.18,2160.86
-11799587.120000001,4654489.65,2161.96
-11799589.03,4654489.23,2162.42
-11799591.540000001,4654489.18,2160.86
-11799592.78,4654488.36,2163.57
-11799593.1,4654488.5600000005,2162.47
-11799593.5,4654488.79,2161.07
-11799594.620000001,4654487.92,2164.22
-11799596.56,4654487.5,2164.65
-11799598.51,4654487.08,2165.1
-11799600.700000001,4654486.82,2164.61
-11799602.85,4654486.5600000005,2164.22
-11799605.83,4654486.75,2161.15
-11799607.88,4654486.41,2161.17
-11799609.9,4654486.08,2161.21
-11799611.92,4654485.74,2161.25
-11799613.950000001,4654485.4,2161.28
-11799616.02,4654485.04,2161.32
-11799618.1,4654484.67,2161.4
-11799620.120000001,4654484.33,2161.46
-11799622.18,4654484.01,2161.42
-11799623.700000001,4654483.100000001,2161.58
-11799621.72,4654483.45,2161.42
-11799619.66,4654483.7700000005,2161.51
-11799617.65,4654484.12,2161.36
-11799615.65,4654484.47,2161.3
-11799613.66,4654484.8,2161.26
-11799611.64,4654485.13,2161.23
-11799609.6,4654485.47,2161.21
-11799607.56,4654485.8,2161.17
-11799605.56,4654486.13,2161.17
-11799602.61,4654485.9,2164.31
-11799600.42,4654486.15,2164.79
-11799598.34,4654486.46,2164.92
-11799596.48,4654486.87,2164.48
-11799594.58,4654487.26,2164.07
-11799593.41,4654488.15,2160.97
-11799591.4,4654488.51,2160.81
-11799588.92,4654488.57,2162.38
-11799586.92,4654488.91,2162.29
-11799584.92,4654489.26,2162.17
-11799584.59,4654487.28,2162.25
-11799586.65,4654486.94,2162.22
-11799586.950000001,4654487.14,2161.13
-11799589.08,4654486.86,2160.88
-11799591.1,4654486.5200000005,2160.9
-11799593.14,4654486.2,2160.86
-11799595.16,4654485.83,2160.97
-11799596.34,4654484.96,2164.03
-11799598.27,4654484.54,2164.46
-11799600.15,4654484.12,2164.92
-11799603.28,4654484.46,2161.19
-11799605.36,4654484.12,2161.15
-11799607.39,4654483.78,2161.17
-11799607.64,4654482.43,2167.06
-11799609.4,4654483.43,2161.22
-11799611.49,4654483.09,2161.26
-11799613.56,4654482.75,2161.3
-11799615.6,4654482.4,2161.31
-11799617.65,4654482.0600000005,2161.31
-11799619.69,4654481.7,2161.46
-11799621.700000001,4654481.32,2161.63
-11799623.73,4654480.98,2161.72
-11799623.6,4654480.5600000005,2161.67
-11799621.6,4654480.9,2161.56
-11799619.57,4654481.2700000005,2161.44
-11799617.6,4654481.62,2161.29
-11799615.58,4654481.95,2161.31
-11799613.57,4654482.2700000005,2161.27
-11799611.53,4654482.61,2161.29
-11799607.74,4654481.94,2167.02
-11799609.49,4654482.96,2161.22
-11799607.44,4654483.3,2161.19
-11799605.42,4654483.63,2161.19
-11799603.41,4654483.96,2161.17
-11799600.27,4654483.63,2164.85
-11799601.41,4654484.3100000005,2161.05
-11799598.38,4654484.04,2164.4
-11799596.49,4654484.43,2163.98
-11799595.35,4654485.32,2160.94
-11799593.34,4654485.66,2160.86
-11799591.27,4654485.99,2160.86
-11799589.27,4654486.33,2160.81
-11799586.790000001,4654486.38,2162.4
-11799587.18,4654486.61,2161.07
-11799584.790000001,4654486.73,2162.3
-11799584.700000001,4654484.39,2162.38
-11799585.15,4654484.68,2160.82
-11799587.22,4654484.34,2160.86
-11799589.26,4654484.0,2160.9
-11799591.27,4654483.67,2160.9
-11799593.040000001,4654483.17,2161.82
-11799595.4,4654482.98,2160.94
-11799597.44,4654482.65,2160.9
-11799598.540000001,4654481.78,2163.97
-11799599.39,4654482.3,2161.1
-11799601.43,4654481.95,2161.13
-11799603.48,4654481.600000001,2161.19
-11799605.56,4654481.26,2161.19
-11799607.6,4654480.91,2161.25
-11799609.65,4654480.58,2161.26
-11799611.71,4654480.23,2161.3
-11799613.72,4654479.88,2161.35
-11799615.790000001,4654479.55,2161.33
-11799617.85,4654479.21,2161.36
-11799619.94,4654478.87,2161.38
-11799621.92,4654478.51,2161.53
-11799623.96,4654478.17,2161.55
-11799622.42,4654478.01,2161.53
-11799620.42,4654478.350000001,2161.36
-11799618.38,4654478.69,2161.33
-11799616.39,4654479.03,2161.29
-11799614.35,4654479.36,2161.32
-11799610.5,4654478.64,2167.31
-11799612.33,4654479.69,2161.28
-11799610.3,4654480.04,2161.22
-11799608.26,4654480.38,2161.21
-11799606.28,4654480.7,2161.19
-11799604.26,4654481.03,2161.17
-11799602.23,4654481.37,2161.11
-11799600.15,4654481.71,2161.1
-11799597.65,4654481.7700000005,2162.67
-11799598.14,4654482.07,2161.02
-11799596.19,4654482.41,2160.88
-11799593.77,4654482.53,2162.1
-11799592.040000001,4654483.08,2160.9
-11799590.03,4654483.41,2160.86
-11799588.02,4654483.74,2160.85
-11799586.01,4654484.08,2160.8
-11799584.540000001,4654482.34,2160.84
-11799586.59,4654482.0,2160.86
-11799588.64,4654481.66,2160.9
-11799590.68,4654481.32,2160.92
-11799591.99,4654480.5600000005,2163.38
-11799592.700000001,4654480.97,2160.97
-11799593.9,4654480.13,2163.82
-11799596.15,4654479.92,2163.17
-11799596.78,4654480.29,2161.06
-11799597.97,4654479.48,2163.8
-11799599.84,4654479.05,2164.34
-11799600.790000001,4654479.62,2161.15
-11799602.870000001,4654479.2700000005,2161.13
-11799604.92,4654478.93,2161.17
-11799606.950000001,4654478.59,2161.21
-11799609.0,4654478.24,2161.24
-11799611.040000001,4654477.9,2161.28
-11799613.09,4654477.5600000005,2161.29
-11799615.16,4654477.21,2161.32
-11799617.200000001,4654476.88,2161.34
-11799619.24,4654476.53,2161.4
-11799621.290000001,4654476.19,2161.44
-11799623.33,4654475.84,2161.5
-11799621.97,4654475.5,2161.44
-11799619.97,4654475.83,2161.38
-11799617.950000001,4654476.17,2161.35
-11799615.93,4654476.51,2161.27
-11799613.9,4654476.84,2161.25
-11799611.620000001,4654477.0,2162.15
-11799611.85,4654477.14,2161.42
-11799609.07,4654477.05,2163.83
-11799609.88,4654477.5,2161.15
-11799607.84,4654477.850000001,2161.17
-11799605.81,4654478.18,2161.15
-11799603.8,4654478.5200000005,2161.08
-11799601.81,4654478.83,2161.11
-11799598.870000001,4654478.64,2164.15
-11799596.92,4654479.03,2163.75
-11799594.75,4654479.2700000005,2164.19
-11799592.75,4654479.61,2164.17
-11799590.94,4654480.09,2163.35
-11799591.63,4654480.5200000005,2160.96
-11799589.620000001,4654480.87,2160.88
-11799587.6,4654481.19,2160.84
-11799585.58,4654481.5200000005,2160.83
-11799584.15,4654479.39,2160.83
-11799586.19,4654479.04,2160.86
-11799588.200000001,4654478.7,2160.9
-11799589.56,4654477.95,2163.32
-11799591.38,4654477.47,2164.11
-11799593.41,4654477.13,2164.17
-11799595.51,4654476.83,2163.97
-11799597.450000001,4654476.43,2164.34
-11799599.39,4654476.01,2164.75
-11799601.38,4654475.67,2164.8
-11799604.53,4654475.98,2161.15
-11799605.82,4654475.19,2163.69
-11799606.57,4654475.64,2161.19
-11799607.82,4654474.83,2163.86
-11799609.86,4654474.49,2163.94
-11799610.61,4654474.93,2161.44
-11799612.69,4654474.61,2161.31
-11799614.72,4654474.24,2161.46
-11799614.86,4654472.82,2167.69
-11799616.81,4654473.93,2161.36
-11799618.86,4654473.58,2161.4
-11799620.89,4654473.24,2161.42
-11799622.94,4654472.91,2161.44
-11799621.97,4654472.5200000005,2161.42
-11799619.94,4654472.850000001,2161.38
-11799615.36,4654471.75,2169.63
-11799617.9,4654473.2,2161.36
-11799615.85,4654473.54,2161.31
-11799613.78,4654473.82,2161.48
-11799611.790000001,4654474.16,2161.49
-11799609.0,4654474.04,2163.98
-11799609.790000001,4654474.5,2161.36
-11799606.99,4654474.42,2163.79
-11799605.01,4654474.7700000005,2163.65
-11799605.75,4654475.21,2161.15
-11799602.72,4654474.94,2164.54
-11799603.76,4654475.5600000005,2161.07
-11799600.63,4654475.23,2164.79
-11799598.64,4654475.5600000005,2164.73
-11799596.71,4654475.97,2164.33
-11799594.77,4654476.37,2163.92
-11799592.73,4654476.69,2163.96
-11799590.69,4654477.01,2164.02
-11799588.83,4654477.44,2163.49
-11799587.53,4654478.22,2160.86
-11799585.52,4654478.5600000005,2160.84
-11799585.39,4654476.05,2160.88
-11799586.700000001,4654475.29,2163.36
-11799587.42,4654475.71,2160.9
-11799588.51,4654474.8100000005,2164.15
-11799590.61,4654474.51,2163.99
-11799592.620000001,4654474.16,2164.01
-11799594.55,4654473.7700000005,2164.42
-11799596.49,4654473.37,2164.81
-11799598.55,4654473.0200000005,2164.75
-11799600.74,4654472.7700000005,2164.34
-11799602.93,4654472.5,2163.94
-11799605.03,4654472.23,2163.61
-11799607.81,4654472.32,2161.21
-11799609.83,4654471.94,2161.36
-11799611.08,4654471.17,2163.92
-11799613.93,4654471.25,2161.38
-11799616.06,4654470.93,2161.35
-11799618.09,4654470.59,2161.38
-11799618.11,4654469.13,2167.88
-11799620.120000001,4654470.25,2161.42
-11799622.16,4654469.91,2161.48
-11799623.69,4654469.0,2161.5
-11799621.69,4654469.350000001,2161.42
-11799619.71,4654469.68,2161.38
-11799617.69,4654470.0200000005,2161.35
-11799615.65,4654470.350000001,2161.35
-11799613.620000001,4654470.68,2161.32
-11799610.8,4654470.54,2163.9
-11799608.82,4654470.91,2163.77
-11799609.57,4654471.34,2161.31
-11799607.58,4654471.68,2161.19
-11799605.23,4654471.83,2162.21
-11799602.700000001,4654471.9,2163.78
-11799600.57,4654472.15,2164.19
-11799598.44,4654472.41,2164.59
-11799596.32,4654472.67,2164.9
-11799594.36,4654473.07,2164.54
-11799592.450000001,4654473.47,2164.15
-11799590.49,4654473.8,2164.11
-11799588.5,4654474.16,2163.99
-11799586.65,4654474.600000001,2163.3
-11799584.700000001,4654475.03,2162.82
-11799585.27,4654475.36,2160.86
-11799584.41,4654472.43,2163.63
-11799586.42,4654472.09,2163.72
-11799588.6,4654471.84,2163.25
-11799589.31,4654472.25,2160.85
-11799591.27,4654471.9,2161.02
-11799592.89,4654471.3100000005,2162.44
-11799593.22,4654471.5200000005,2161.3
-11799594.18,4654470.54,2164.92
-11799596.36,4654470.28,2164.5
-11799598.540000001,4654470.01,2164.11
-11799600.72,4654469.74,2163.73
-11799601.53,4654470.22,2161.01
-11799603.120000001,4654469.61,2162.5
-11799605.33,4654469.37,2162.01
-11799606.82,4654468.71,2163.83
-11799607.58,4654469.15,2161.33
-11799608.870000001,4654468.37,2163.84
-11799610.9,4654468.03,2163.92
-11799611.71,4654468.48,2161.28
-11799613.73,4654468.14,2161.36
-11799615.82,4654467.78,2161.4
-11799617.88,4654467.44,2161.42
-11799619.93,4654467.100000001,2161.44
-11799621.97,4654466.74,2161.55
-11799623.72,4654465.8,2161.58
-11799621.72,4654466.13,2161.53
-11799619.73,4654466.47,2161.44
-11799617.73,4654466.8100000005,2161.35
-11799615.66,4654467.16,2161.36
-11799613.65,4654467.48,2161.31
-11799611.64,4654467.83,2161.27
-11799608.8,4654467.72,2163.81
-11799606.790000001,4654468.05,2163.8
-11799605.57,4654468.84,2161.11
-11799603.14,4654468.92,2162.49
-11799601.55,4654469.5,2161.09
-11799598.69,4654469.34,2163.88
-11799596.55,4654469.59,2164.29
-11799594.4,4654469.86,2164.67
-11799592.97,4654470.54,2162.63
-11799593.38,4654470.78,2161.27
-11799591.39,4654471.16,2161.03
-11799589.42,4654471.5200000005,2160.88
-11799586.6,4654471.37,2163.58
-11799584.46,4654471.64,2163.92
-11799585.86,4654468.98,2162.99
-11799586.49,4654469.36,2160.82
-11799588.52,4654469.0,2160.9
-11799590.55,4654468.66,2160.99
-11799592.59,4654468.3,2161.04
-11799594.61,4654467.94,2161.21
-11799595.86,4654467.13,2163.88
-11799596.27,4654467.38,2162.5
-11799597.92,4654466.82,2163.78
-11799598.72,4654467.29,2161.08
-11799600.46,4654466.76,2162.17
-11799602.84,4654466.600000001,2161.11
-11799604.84,4654466.26,2161.19
-11799606.13,4654465.51,2163.57
-11799606.4,4654465.67,2162.72
-11799608.39,4654465.29,2162.92
-11799608.89,4654465.57,2161.28
-11799610.92,4654465.23,2161.31
-11799613.0,4654464.88,2161.38
-11799615.07,4654464.51,2161.42
-11799617.08,4654464.19,2161.48
-11799619.09,4654463.850000001,2161.53
-11799621.120000001,4654463.51,2161.58
-11799623.17,4654463.14,2161.63
-11799623.450000001,4654461.8,2167.42
-11799623.43,4654462.44,2161.61
-11799621.4,4654462.78,2161.59
-11799619.39,4654463.13,2161.51
-11799617.39,4654463.47,2161.42
-11799615.35,4654463.8100000005,2161.36
-11799613.35,4654464.14,2161.38
-11799611.36,4654464.47,2161.31
-11799609.34,4654464.8100000005,2161.26
-11799606.6,4654464.71,2163.63
-11799607.32,4654465.13,2161.25
-11799605.28,4654465.47,2161.19
-11799603.27,4654465.82,2161.11
-11799600.9,4654465.94,2162.26
-11799598.93,4654466.34,2162.0
-11799596.4,4654466.38,2163.69
-11799597.19,4654466.84,2160.98
-11799595.14,4654467.17,2161.02
-11799593.13,4654467.5,2161.0
-11799591.15,4654467.82,2160.98
-11799589.09,4654468.16,2160.96
-11799587.06,4654468.51,2160.88
-11799584.38,4654468.46,2163.09
-11799585.03,4654468.850000001,2160.8
-11799584.1,4654466.13,2160.88
-11799586.07,4654465.78,2160.98
-11799588.1,4654465.44,2161.0
-11799590.18,4654465.100000001,2161.0
-11799592.23,4654464.76,2161.03
-11799594.28,4654464.41,2161.01
-11799596.31,4654464.07,2161.03
-11799598.32,4654463.73,2161.07
-11799599.85,4654463.11,2162.79
-11799600.36,4654463.38,2161.07
-11799602.23,4654462.94,2161.75
-11799606.48,4654462.34,2161.28
-11799608.53,4654462.0,2161.31
-11799610.53,4654461.66,2161.36
-11799612.6,4654461.32,2161.4
-11799614.67,4654460.96,2161.44
-11799616.69,4654460.62,2161.52
-11799618.72,4654460.25,2161.58
-11799620.78,4654459.91,2161.63
-11799622.85,4654459.5600000005,2161.61
-11799623.450000001,4654458.76,2161.57
-11799621.44,4654459.08,2161.57
-11799619.41,4654459.42,2161.56
-11799617.4,4654459.76,2161.5
-11799615.370000001,4654460.09,2161.47
-11799613.370000001,4654460.43,2161.4
-11799611.34,4654460.78,2161.34
-11799609.32,4654461.11,2161.35
-11799607.3,4654461.45,2161.26
-11799605.26,4654461.79,2161.24
-11799603.05,4654462.0200000005,2161.76
-11799601.23,4654462.46,2161.15
-11799599.15,4654462.76,2161.31
-11799597.18,4654463.14,2161.11
-11799595.17,4654463.48,2161.0
-11799593.13,4654463.82,2161.0
-11799591.120000001,4654464.15,2160.98
-11799589.1,4654464.47,2160.99
-11799587.07,4654464.8100000005,2160.94
-11799585.02,4654465.15,2160.92
-11799585.25,4654462.16,2160.98
-11799587.290000001,4654461.82,2160.99
-11799589.36,4654461.48,2160.99
-11799591.4,4654461.14,2161.02
-11799593.450000001,4654460.82,2160.99
-11799595.48,4654460.45,2161.06
-11799597.53,4654460.11,2161.09
-11799599.540000001,4654459.76,2161.13
-11799601.16,4654459.18,2162.59
-11799601.58,4654459.42,2161.17
-11799603.61,4654459.08,2161.25
-11799605.620000001,4654458.74,2161.31
-11799607.700000001,4654458.39,2161.32
-11799609.75,4654458.04,2161.4
-11799611.81,4654457.69,2161.44
-11799613.82,4654457.34,2161.51
-11799615.85,4654457.01,2161.52
-11799617.89,4654456.67,2161.55
-11799619.94,4654456.32,2161.54
-11799622.03,4654455.99,2161.5
-11799623.15,4654455.0600000005,2161.42
-11799621.09,4654455.39,2161.49
-11799619.08,4654455.7,2161.51
-11799617.0,4654456.04,2161.56
-11799614.97,4654456.38,2161.5
-11799612.950000001,4654456.71,2161.49
-11799610.96,4654457.05,2161.42
-11799608.94,4654457.39,2161.35
-11799606.92,4654457.74,2161.29
-11799604.9,4654458.05,2161.28
-11799602.88,4654458.39,2161.21
-11799600.4,4654458.47,2162.77
-11799600.89,4654458.74,2161.15
-11799598.870000001,4654459.08,2161.13
-11799596.870000001,4654459.42,2161.07
-11799594.86,4654459.76,2161.03
-11799592.83,4654460.11,2160.96
-11799590.76,4654460.44,2160.98
-11799588.71,4654460.78,2160.96
-11799586.71,4654461.08,2160.96
-11799584.66,4654461.43,2160.98
-11799584.36,4654458.21,2160.99
-11799586.42,4654457.88,2160.96
-11799588.450000001,4654457.54,2160.99
-11799590.49,4654457.2,2160.97
-11799592.53,4654456.850000001,2160.99
-11799594.59,4654456.5,2161.08
-11799596.59,4654456.13,2161.28
-11799598.63,4654455.8100000005,2161.17
-11799600.67,4654455.46,2161.23
-11799602.71,4654455.11,2161.27
-11799604.73,4654454.7700000005,2161.31
-11799606.73,4654454.43,2161.38
-11799608.78,4654454.07,2161.44
-11799610.82,4654453.73,2161.5
-11799612.85,4654453.39,2161.5
-11799614.96,4654453.03,2161.51
-11799617.040000001,4654452.7,2161.48
-11799619.07,4654452.37,2161.44
-11799621.11,4654452.05,2161.36
-11799623.17,4654451.7,2161.38
-11799622.36,4654451.08,2161.4
-11799620.33,4654451.45,2161.32
-11799618.31,4654451.76,2161.4
-11799616.28,4654452.08,2161.44
-11799614.24,4654452.41,2161.46
-11799612.21,4654452.74,2161.48
-11799610.17,4654453.07,2161.44
-11799608.15,4654453.41,2161.42
-11799606.15,4654453.76,2161.38
-11799604.09,4654454.100000001,2161.29
-11799602.05,4654454.44,2161.24
-11799600.05,4654454.78,2161.17
-11799598.06,4654455.13,2161.13
-11799595.65,4654455.2,2162.56
-11799596.09,4654455.46,2161.1
-11799594.09,4654455.8,2161.01
-11799592.03,4654456.14,2161.02
-11799590.02,4654456.48,2160.94
-11799587.99,4654456.8100000005,2160.96
-11799585.21,4654456.69,2163.52
-11799585.97,4654457.13,2160.92
-11799584.58,4654453.41,2163.69
-11799586.65,4654453.100000001,2163.59
-11799589.46,4654453.19,2161.0
-11799591.51,4654452.850000001,2161.01
-11799593.53,4654452.51,2161.11
-11799595.57,4654452.17,2161.15
-11799597.58,4654451.8100000005,2161.21
-11799599.61,4654451.47,2161.23
-11799601.61,4654451.12,2161.32
-11799603.67,4654450.7700000005,2161.38
-11799605.73,4654450.4,2161.48
-11799607.78,4654450.0600000005,2161.46
-11799609.78,4654449.71,2161.47
-11799611.82,4654449.4,2161.44
-11799613.870000001,4654449.07,2161.4
-11799615.96,4654448.72,2161.4
-11799618.07,4654448.38,2161.34
-11799620.09,4654448.0,2161.48
-11799621.48,4654447.29,2163.65
-11799622.15,4654447.66,2161.54
-11799622.98,4654446.67,2165.35
-11799622.34,4654445.67,2166.81
-11799622.8,4654445.92,2165.34
-11799620.13,4654445.88,2167.44
-11799622.0,4654446.89,2161.53
-11799619.98,4654447.23,2161.48
-11799617.98,4654447.59,2161.36
-11799616.01,4654447.92,2161.34
-11799613.98,4654448.23,2161.36
-11799611.93,4654448.5600000005,2161.42
-11799609.89,4654448.91,2161.4
-11799607.83,4654449.22,2161.44
-11799605.84,4654449.54,2161.42
-11799603.75,4654449.91,2161.4
-11799601.74,4654450.25,2161.31
-11799599.790000001,4654450.59,2161.25
-11799597.790000001,4654450.94,2161.19
-11799595.8,4654451.25,2161.15
-11799593.76,4654451.59,2161.11
-11799591.72,4654451.96,2161.04
-11799589.69,4654452.3100000005,2160.97
-11799586.91,4654452.16,2163.63
-11799587.69,4654452.62,2160.94
-11799584.83,4654452.49,2163.72
-11799584.25,4654448.92,2163.55
-11799584.9,4654449.29,2161.38
-11799587.05,4654449.03,2160.96
-11799589.09,4654448.66,2161.04
-11799591.120000001,4654448.32,2161.07
-11799593.15,4654447.97,2161.13
-11799595.19,4654447.63,2161.17
-11799597.19,4654447.2700000005,2161.27
-11799599.23,4654446.92,2161.34
-11799601.27,4654446.55,2161.36
-11799603.31,4654446.21,2161.38
-11799605.370000001,4654445.86,2161.4
-11799607.41,4654445.5200000005,2161.4
-11799609.48,4654445.2,2161.34
-11799611.540000001,4654444.86,2161.31
-11799613.61,4654444.53,2161.28
-11799615.61,4654444.15,2161.4
-11799615.98,4654442.91,2166.82
-11799617.63,4654443.8100000005,2161.48
-11799617.040000001,4654442.03,2169.98
-11799617.43,4654442.25,2168.74
-11799619.67,4654443.45,2161.57
-11799618.73,4654441.49,2171.19
-11799620.53,4654440.99,2172.04
-11799621.4,4654441.47,2169.26
-11799622.74,4654440.75,2171.5
-11799622.58,4654439.83,2172.1
-11799620.620000001,4654440.2,2171.84
-11799621.370000001,4654440.61,2169.48
-11799618.84,4654440.67,2171.11
-11799617.15,4654441.16,2170.11
-11799616.44,4654442.2,2165.88
-11799617.790000001,4654442.93,2161.57
-11799615.8,4654443.29,2161.44
-11799613.78,4654443.63,2161.32
-11799611.790000001,4654444.0,2161.21
-11799609.72,4654444.32,2161.29
-11799607.69,4654444.65,2161.32
-11799605.68,4654444.98,2161.36
-11799603.64,4654445.29,2161.4
-11799601.61,4654445.64,2161.38
-11799599.57,4654445.98,2161.36
-11799597.57,4654446.32,2161.29
-11799595.58,4654446.66,2161.25
-11799593.57,4654447.01,2161.13
-11799591.53,4654447.350000001,2161.1
-11799589.52,4654447.69,2161.05
-11799587.51,4654448.03,2161.0
-11799585.36,4654448.3100000005,2161.38
-11799584.53,4654445.12,2160.98
-11799586.53,4654444.7700000005,2161.01
-11799588.540000001,4654444.42,2161.06
-11799590.59,4654444.05,2161.11
-11799592.63,4654443.71,2161.22
-11799594.68,4654443.350000001,2161.29
-11799596.73,4654442.98,2161.36
-11799598.75,4654442.65,2161.36
-11799600.75,4654442.3100000005,2161.36
-11799602.83,4654441.97,2161.33
-11799604.88,4654441.64,2161.29
-11799606.96,4654441.29,2161.26
-11799608.98,4654440.96,2161.24
-11799611.0,4654440.600000001,2161.36
-11799613.02,4654440.24,2161.44
-11799613.68,4654439.14,2165.94
-11799615.040000001,4654439.87,2161.59
-11799614.91,4654438.36,2168.58
-11799616.16,4654437.59,2171.11
-11799616.57,4654437.8,2169.8
-11799619.14,4654439.19,2161.6
-11799618.02,4654437.12,2171.83
-11799620.0,4654436.73,2172.07
-11799622.22,4654436.49,2171.44
-11799622.83,4654435.57,2171.15
-11799620.78,4654435.89,2171.27
-11799621.22,4654436.11,2169.9
-11799618.53,4654436.100000001,2171.99
-11799616.75,4654436.55,2171.22
-11799617.28,4654436.850000001,2169.52
-11799615.08,4654437.08,2170.15
-11799615.46,4654437.28,2168.94
-11799616.02,4654437.57,2167.13
-11799613.790000001,4654437.76,2167.97
-11799614.25,4654438.01,2166.48
-11799612.78,4654438.65,2164.67
-11799613.68,4654439.13,2161.79
-11799611.74,4654439.54,2161.38
-11799609.72,4654439.88,2161.33
-11799607.76,4654440.25,2161.17
-11799605.75,4654440.5600000005,2161.25
-11799603.72,4654440.89,2161.27
-11799601.67,4654441.22,2161.32
-11799599.64,4654441.54,2161.33
-11799597.61,4654441.88,2161.33
-11799595.59,4654442.23,2161.32
-11799593.56,4654442.57,2161.26
-11799591.57,4654442.91,2161.19
-11799589.57,4654443.25,2161.13
-11799587.540000001,4654443.600000001,2161.03
-11799585.53,4654443.94,2161.02
-11799585.540000001,4654440.5,2161.04
-11799587.58,4654440.15,2161.15
-11799589.63,4654439.78,2161.19
-11799591.620000001,4654439.44,2161.28
-11799593.68,4654439.08,2161.34
-11799595.72,4654438.74,2161.33
-11799597.77,4654438.39,2161.29
-11799599.790000001,4654438.0600000005,2161.24
-11799601.85,4654437.72,2161.19
-11799603.96,4654437.38,2161.15
-11799605.96,4654437.0200000005,2161.31
-11799607.950000001,4654436.68,2161.36
-11799609.950000001,4654436.3,2161.53
-11799612.01,4654435.96,2161.52
-11799614.11,4654435.600000001,2161.53
-11799616.19,4654435.24,2161.57
-11799618.21,4654434.9,2161.57
-11799618.290000001,4654433.5200000005,2167.86
-11799618.6,4654433.68,2166.85
-11799620.25,4654434.5600000005,2161.57
-11799620.41,4654433.2,2167.65
-11799621.3,4654433.66,2164.82
-11799623.36,4654433.32,2164.8
-11799622.11,4654432.7700000005,2164.78
-11799620.07,4654433.100000001,2164.82
-11799619.03,4654433.96,2161.57
-11799617.02,4654434.3,2161.59
-11799615.02,4654434.64,2161.52
-11799613.01,4654434.98,2161.48
-11799610.99,4654435.3100000005,2161.53
-11799608.98,4654435.66,2161.49
-11799606.99,4654436.01,2161.34
-11799604.99,4654436.38,2161.25
-11799603.0,4654436.73,2161.11
-11799600.97,4654437.04,2161.19
-11799598.93,4654437.38,2161.22
-11799596.89,4654437.71,2161.28
-11799594.88,4654438.04,2161.31
-11799592.83,4654438.38,2161.29
-11799590.73,4654438.74,2161.25
-11799588.72,4654439.08,2161.19
-11799586.76,4654439.42,2161.11
-11799584.78,4654439.78,2161.02
-11799584.42,4654436.26,2161.13
-11799586.4,4654435.91,2161.19
-11799588.44,4654435.5600000005,2161.25
-11799590.48,4654435.22,2161.24
-11799592.540000001,4654434.86,2161.23
-11799594.58,4654434.5200000005,2161.22
-11799596.620000001,4654434.19,2161.17
-11799598.69,4654433.86,2161.09
-11799600.73,4654433.49,2161.17
-11799602.77,4654433.12,2161.26
-11799604.74,4654432.7700000005,2161.38
-11799606.76,4654432.42,2161.42
-11799608.8,4654432.07,2161.46
-11799610.86,4654431.72,2161.42
-11799612.94,4654431.36,2161.51
-11799614.94,4654431.01,2161.55
-11799615.950000001,4654430.13,2164.82
-11799616.97,4654430.66,2161.59
-11799618.03,4654429.7700000005,2164.81
-11799620.11,4654429.44,2164.74
-11799622.18,4654429.100000001,2164.69
-11799623.33,4654428.04,2164.65
-11799621.31,4654428.37,2164.67
-11799619.28,4654428.7,2164.73
-11799617.21,4654429.01,2164.77
-11799615.18,4654429.36,2164.79
-11799616.18,4654429.9,2161.57
-11799614.19,4654430.24,2161.51
-11799612.18,4654430.58,2161.47
-11799610.15,4654430.92,2161.46
-11799608.120000001,4654431.2700000005,2161.44
-11799606.11,4654431.61,2161.42
-11799604.11,4654431.93,2161.38
-11799602.11,4654432.3100000005,2161.25
-11799600.08,4654432.66,2161.19
-11799598.120000001,4654433.0,2161.08
-11799596.05,4654433.33,2161.17
-11799594.03,4654433.66,2161.17
-11799592.0,4654433.98,2161.21
-11799589.97,4654434.32,2161.26
-11799587.93,4654434.67,2161.22
-11799585.91,4654435.01,2161.15
-11799584.450000001,4654431.69,2161.17
-11799586.5,4654431.350000001,2161.17
-11799588.540000001,4654431.01,2161.13
-11799590.61,4654430.64,2161.15
-11799592.66,4654430.29,2161.11
-11799594.66,4654429.94,2161.25
-11799596.66,4654429.5600000005,2161.38
-11799598.73,4654429.25,2161.22
-11799600.74,4654428.87,2161.36
-11799602.8,4654428.53,2161.38
-11799604.86,4654428.17,2161.4
-11799606.91,4654427.83,2161.4
-11799608.96,4654427.46,2161.47
-11799611.03,4654427.11,2161.5
-11799613.06,4654426.76,2161.5
-11799614.17,4654425.93,2164.42
-11799615.01,4654426.36,2161.77
-11799616.13,4654425.54,2164.69
-11799618.200000001,4654425.19,2164.65
-11799620.28,4654424.850000001,2164.63
-11799622.33,4654424.51,2164.6
-11799621.69,4654423.66,2164.59
-11799619.64,4654423.99,2164.63
-11799617.59,4654424.33,2164.65
-11799615.6,4654424.7,2164.44
-11799613.57,4654425.04,2164.44
-11799611.55,4654425.37,2164.56
-11799612.52,4654425.86,2161.44
-11799610.52,4654426.2,2161.48
-11799608.48,4654426.54,2161.46
-11799606.44,4654426.89,2161.4
-11799604.43,4654427.23,2161.4
-11799602.43,4654427.57,2161.38
-11799600.41,4654427.91,2161.35
-11799598.41,4654428.26,2161.28
-11799596.41,4654428.62,2161.19
-11799594.27,4654428.88,2161.69
-11799592.42,4654429.32,2161.05
-11799590.32,4654429.67,2161.11
-11799588.3,4654430.0,2161.15
-11799586.290000001,4654430.3100000005,2161.13
-11799584.24,4654430.65,2161.13
-11799584.42,4654426.69,2161.06
-11799586.48,4654426.350000001,2161.04
-11799588.55,4654426.0,2160.97
-11799590.48,4654425.55,2161.57
-11799592.620000001,4654425.2700000005,2161.17
-11799594.61,4654424.91,2161.28
-11799596.65,4654424.5600000005,2161.32
-11799598.69,4654424.18,2161.42
-11799600.78,4654423.83,2161.38
-11799602.8,4654423.49,2161.38
-11799604.82,4654423.13,2161.42
-11799606.85,4654422.7700000005,2161.49
-11799608.01,4654421.93,2164.42
-11799610.06,4654421.59,2164.42
-11799612.09,4654421.25,2164.4
-11799614.13,4654420.89,2164.42
-11799616.17,4654420.55,2164.4
-11799618.21,4654420.18,2164.42
-11799620.26,4654419.82,2164.51
-11799622.34,4654419.48,2164.49
-11799622.07,4654418.59,2164.46
-11799620.09,4654418.93,2164.42
-11799618.08,4654419.2700000005,2164.42
-11799616.07,4654419.61,2164.44
-11799614.02,4654419.96,2164.4
-11799611.99,4654420.3,2164.38
-11799610.0,4654420.64,2164.38
-11799607.96,4654420.98,2164.38
-11799605.96,4654421.3100000005,2164.36
-11799606.53,4654421.62,2162.55
-11799604.85,4654422.15,2161.38
-11799602.81,4654422.49,2161.36
-11799600.81,4654422.83,2161.38
-11799598.8,4654423.17,2161.32
-11799596.78,4654423.5200000005,2161.33
-11799594.72,4654423.86,2161.33
-11799592.74,4654424.23,2161.22
-11799590.75,4654424.57,2161.15
-11799588.58,4654424.84,2161.56
-11799586.73,4654425.28,2160.99
-11799584.68,4654425.61,2161.06
-11799584.3,4654421.600000001,2161.25
-11799586.38,4654421.28,2161.09
-11799588.41,4654420.91,2161.15
-11799590.41,4654420.5200000005,2161.4
-11799592.48,4654420.19,2161.28
-11799594.52,4654419.850000001,2161.26
-11799596.540000001,4654419.45,2161.42
-11799598.620000001,4654419.14,2161.29
-11799600.66,4654418.7700000005,2161.34
-11799602.66,4654418.41,2161.4
-11799604.700000001,4654418.07,2161.38
-11799606.78,4654417.71,2161.38
-11799608.44,4654417.16,2162.65
-11799609.97,4654416.53,2164.36
-11799612.01,4654416.17,2164.42
-11799614.040000001,4654415.8100000005,2164.4
-11799616.08,4654415.47,2164.4
-11799618.120000001,4654415.100000001,2164.42
-11799620.19,4654414.76,2164.36
-11799623.0,4654414.82,2161.9
-11799620.52,4654413.79,2164.4
-11799621.200000001,4654414.16,2162.25
-11799618.48,4654414.14,2164.42
-11799616.47,4654414.48,2164.42
-11799614.46,4654414.82,2164.4
-11799612.43,4654415.16,2164.4
-11799610.41,4654415.51,2164.36
-11799609.3,4654416.33,2161.44
-11799607.290000001,4654416.67,2161.4
-11799605.26,4654417.01,2161.42
-11799603.27,4654417.350000001,2161.36
-11799601.25,4654417.72,2161.32
-11799599.22,4654418.07,2161.33
-11799597.22,4654418.42,2161.28
-11799595.17,4654418.75,2161.31
-11799593.15,4654419.11,2161.28
-11799591.15,4654419.45,2161.26
-11799589.11,4654419.75,2161.36
-11799587.14,4654420.15,2161.11
-11799585.11,4654420.51,2161.07
-11799585.05,4654416.45,2161.19
-11799587.05,4654416.08,2161.25
-11799588.59,4654415.42,2163.05
-11799589.16,4654415.74,2161.17
-11799591.200000001,4654415.38,2161.23
-11799593.22,4654415.03,2161.25
-11799595.28,4654414.66,2161.32
-11799597.33,4654414.3,2161.35
-11799599.36,4654413.92,2161.4
-11799601.42,4654413.58,2161.34
-11799603.42,4654413.24,2161.38
-11799605.49,4654412.88,2161.4
-11799607.540000001,4654412.5,2161.47
-11799609.63,4654412.16,2161.44
-11799611.63,4654411.79,2161.56
-11799612.85,4654411.04,2164.06
-11799613.61,4654411.42,2161.63
-11799614.8,4654410.62,2164.38
-11799617.76,4654410.71,2161.63
-11799619.39,4654410.16,2162.9
-11799619.84,4654410.38,2161.5
-11799621.83,4654410.01,2161.63
-11799622.55,4654409.04,2161.59
-11799620.13,4654409.16,2162.88
-11799620.56,4654409.4,2161.52
-11799618.200000001,4654409.55,2162.6
-11799618.5,4654409.73,2161.61
-11799615.59,4654409.600000001,2164.44
-11799615.96,4654409.79,2163.26
-11799616.540000001,4654410.09,2161.42
-11799613.64,4654409.97,2164.23
-11799614.13,4654410.23,2162.65
-11799614.52,4654410.44,2161.44
-11799612.5,4654410.7700000005,2161.48
-11799610.51,4654411.12,2161.4
-11799608.49,4654411.46,2161.44
-11799606.47,4654411.82,2161.36
-11799604.43,4654412.16,2161.35
-11799602.44,4654412.5,2161.36
-11799600.44,4654412.83,2161.38
-11799598.43,4654413.19,2161.31
-11799596.36,4654413.53,2161.32
-11799594.36,4654413.9,2161.25
-11799592.36,4654414.24,2161.26
-11799590.33,4654414.600000001,2161.21
-11799588.28,4654414.93,2161.27
-11799586.28,4654415.28,2161.19
-11799584.28,4654415.64,2161.19
-11799585.49,4654411.48,2161.11
-11799587.5,4654411.11,2161.17
-11799589.5,4654410.76,2161.27
-11799591.540000001,4654410.42,2161.22
-11799593.58,4654410.04,2161.28
-11799595.66,4654409.68,2161.29
-11799597.700000001,4654409.32,2161.31
-11799599.72,4654408.97,2161.36
-11799601.72,4654408.61,2161.36
-11799603.74,4654408.26,2161.4
-11799605.790000001,4654407.89,2161.49
-11799607.870000001,4654407.55,2161.4
-11799609.9,4654407.18,2161.42
-11799611.92,4654406.82,2161.47
-11799613.96,4654406.47,2161.48
-11799616.03,4654406.12,2161.42
-11799618.040000001,4654405.74,2161.57
-11799619.36,4654405.0200000005,2163.85
-11799621.25,4654404.59,2164.35
-11799622.13,4654405.0200000005,2161.57
-11799620.28,4654403.8100000005,2164.48
-11799618.52,4654404.28,2163.69
-11799617.21,4654404.97,2161.48
-11799615.200000001,4654405.3100000005,2161.44
-11799613.16,4654405.65,2161.5
-11799611.17,4654406.0,2161.47
-11799609.15,4654406.36,2161.38
-11799607.11,4654406.71,2161.42
-11799605.08,4654407.0600000005,2161.4
-11799603.05,4654407.42,2161.34
-11799601.0,4654407.76,2161.38
-11799599.040000001,4654408.100000001,2161.32
-11799597.06,4654408.45,2161.28
-11799594.48,4654408.53,2162.98
-11799595.02,4654408.8100000005,2161.22
-11799592.49,4654408.89,2162.9
-11799593.0,4654409.17,2161.22
-11799590.76,4654409.39,2161.96
-11799588.8,4654409.7700000005,2161.77
-11799586.98,4654410.21,2161.11
-11799584.93,4654410.58,2161.07
-11799584.19,4654407.16,2161.01
-11799586.18,4654406.79,2161.1
-11799588.200000001,4654406.44,2161.11
-11799590.25,4654406.08,2161.13
-11799592.24,4654405.7,2161.25
-11799594.27,4654405.350000001,2161.28
-11799596.33,4654404.98,2161.32
-11799598.4,4654404.62,2161.3
-11799600.39,4654404.24,2161.36
-11799602.39,4654403.9,2161.4
-11799604.49,4654403.54,2161.36
-11799598.22,4654403.78,2161.28
-11799596.200000001,4654404.15,2161.28
-11799594.200000001,4654404.5,2161.22
-11799592.18,4654404.86,2161.17
-11799590.21,4654405.2,2161.13
-11799588.22,4654405.55,2161.13
-11799586.18,4654405.91,2161.11
-11799584.18,4654406.28,2160.98
-11799584.14,4654404.15,2161.09
-11799584.4,4654404.45,2161.09
-11799585.9,4654403.69,2161.07
-11799587.92,4654404.21,2161.17
-11799586.42,4654404.97,2161.05
-11799584.96,4654405.72,2161.06
-11799584.790000001,4654406.39,2161.03
-11799586.28,4654405.63,2161.06
-11799587.76,4654404.89,2161.15
-11799589.25,4654404.15,2161.19
-11799591.78,4654404.17,2161.19
-11799590.27,4654404.93,2161.24
-11799588.77,4654405.68,2161.15
-11799587.27,4654406.44,2161.17
-11799585.76,4654407.18,2161.13
-11799584.22,4654407.94,2161.02
-11799585.47,4654407.93,2161.15
-11799586.97,4654407.2,2161.15
-11799588.42,4654406.48,2161.13
-11799589.91,4654405.73,2161.17
-11799591.4,4654404.98,2161.19
-11799592.9,4654404.23,2161.28
-11799597.44,4654403.58,2161.32
-11799595.97,4654404.32,2161.32
-11799594.47,4654405.05,2161.3
-11799592.97,4654405.8100000005,2161.29
-11799591.49,4654406.53,2161.27
-11799589.99,4654407.29,2161.19
-11799588.47,4654408.05,2161.15
-11799586.99,4654408.8,2161.15
-11799585.53,4654409.5200000005,2161.13
-11799584.07,4654410.24,2161.15
-11799584.620000001,4654410.39,2161.13
-11799586.1,4654409.66,2161.11
-11799587.59,4654408.92,2161.17
-11799589.05,4654408.19,2161.15
-11799590.540000001,4654407.44,2161.24
-11799592.05,4654406.68,2161.29
-11799593.55,4654405.94,2161.3
-11799595.03,4654405.21,2161.29
-11799596.51,4654404.48,2161.33
-11799597.99,4654403.73,2161.31
-11799601.44,4654403.69,2161.38
-11799599.94,4654404.44,2161.33
-11799598.42,4654405.2,2161.31
-11799596.89,4654405.96,2161.34
-11799595.370000001,4654406.72,2161.32
-11799593.88,4654407.47,2161.3
-11799592.66,4654408.100000001,2163.33
-11799592.38,4654408.21,2161.3
-11799590.89,4654408.94,2161.25
-11799589.49,4654409.64,2162.15
-11799587.84,4654410.47,2161.17
-11799586.34,4654411.22,2161.15
-11799584.84,4654411.96,2161.13
-11799584.07,4654412.97,2161.11
-11799585.56,4654412.24,2161.13
-11799587.06,4654411.49,2161.13
-11799588.57,4654410.73,2161.3
-11799590.18,4654409.96,2162.1
-11799591.92,4654409.13,2163.9
-11799591.78,4654409.18,2162.99
-11799591.53,4654409.28,2161.21
-11799593.26,4654408.44,2162.92
-11799593.040000001,4654408.53,2161.36
-11799594.51,4654407.78,2161.3
-11799596.0,4654407.0600000005,2161.34
-11799597.46,4654406.34,2161.31
-11799598.950000001,4654405.59,2161.35
-11799600.450000001,4654404.86,2161.4
-11799601.94,4654404.11,2161.38
-11799605.540000001,4654403.8100000005,2161.4
-11799604.03,4654404.57,2161.4
-11799602.540000001,4654405.3100000005,2161.44
-11799601.11,4654406.03,2161.4
-11799599.620000001,4654406.76,2161.4
-11799598.15,4654407.47,2161.42
-11799596.64,4654408.23,2161.34
-11799595.16,4654408.98,2161.34
-11799593.89,4654409.62,2162.71
-11799593.700000001,4654409.7,2161.36
-11799592.200000001,4654410.45,2161.29
-11799590.72,4654411.18,2161.33
-11799589.24,4654411.89,2161.27
-11799587.77,4654412.64,2161.28
-11799586.3,4654413.37,2161.33
-11799584.8,4654414.12,2161.17
-11799585.22,4654414.58,2161.38
-11799586.69,4654413.84,2161.27
-11799588.13,4654413.13,2161.25
-11799589.620000001,4654412.4,2161.26
-11799591.120000001,4654411.67,2161.27
-11799592.61,4654410.93,2161.31
-11799594.09,4654410.18,2161.35
-11799595.58,4654409.46,2161.34
-11799597.08,4654408.71,2161.32
-11799598.56,4654407.99,2161.42
-11799600.040000001,4654407.2700000005,2161.4
-11799601.52,4654406.5200000005,2161.38
-11799603.01,4654405.8,2161.4
-11799604.5,4654405.0600000005,2161.38
-11799605.98,4654404.33,2161.42
-11799607.44,4654403.61,2161.4
-11799610.0,4654403.92,2161.44
-11799608.55,4654404.65,2161.44
-11799607.08,4654405.39,2161.42
-11799605.58,4654406.13,2161.4
-11799604.08,4654406.87,2161.42
-11799602.59,4654407.600000001,2161.42
-11799601.11,4654408.34,2161.42
-11799599.63,4654409.0600000005,2161.4
-11799598.19,4654409.7700000005,2161.48
-11799596.66,4654410.53,2161.33
-11799595.18,4654411.2700000005,2161.31
-11799593.69,4654412.0,2161.32
-11799592.23,4654412.72,2161.3
-11799590.74,4654413.45,2161.26
-11799589.27,4654414.19,2161.26
-11799587.82,4654414.89,2161.27
-11799586.33,4654415.64,2161.26
-11799584.81,4654416.38,2161.25
-11799585.03,4654416.8,2161.24
-11799586.540000001,4654416.04,2161.26
-11799588.32,4654415.21,2163.11
-11799588.06,4654415.3100000005,2161.28
-11799589.540000001,4654414.57,2161.26
-11799591.02,4654413.86,2161.26
-11799592.48,4654413.13,2161.27
-11799593.98,4654412.4,2161.3
-11799595.44,4654411.67,2161.31
-11799596.92,4654410.95,2161.35
-11799598.43,4654410.19,2161.4
-11799599.92,4654409.47,2161.38
-11799601.41,4654408.72,2161.4
-11799602.88,4654408.01,2161.38
-11799604.38,4654407.28,2161.46
-11799605.85,4654406.55,2161.4
-11799607.33,4654405.82,2161.42
-11799608.8,4654405.100000001,2161.42
-11799610.3,4654404.36,2161.46
-11799611.76,4654403.63,2161.48
-11799614.620000001,4654403.87,2161.65
-11799613.14,4654404.58,2161.53
-11799611.66,4654405.32,2161.53
-11799610.16,4654406.0600000005,2161.47
-11799608.68,4654406.79,2161.42
-11799607.19,4654407.53,2161.44
-11799605.72,4654408.25,2161.5
-11799604.26,4654408.96,2161.42
-11799602.76,4654409.72,2161.4
-11799601.27,4654410.43,2161.4
-11799599.790000001,4654411.17,2161.4
-11799598.3,4654411.91,2161.36
-11799596.84,4654412.62,2161.32
-11799595.34,4654413.36,2161.34
-11799593.85,4654414.08,2161.32
-11799592.370000001,4654414.83,2161.32
-11799590.88,4654415.57,2161.27
-11799589.67,4654416.17,2163.05
-11799589.42,4654416.2700000005,2161.32
-11799588.25,4654416.9,2163.42
-11799587.93,4654417.01,2161.29
-11799586.450000001,4654417.74,2161.28
-11799584.950000001,4654418.49,2161.17
-11799584.75,4654419.25,2161.11
-11799586.24,4654418.53,2161.22
-11799588.09,4654417.66,2163.8
-11799587.71,4654417.79,2161.28
-11799589.44,4654416.97,2162.92
-11799589.200000001,4654417.07,2161.32
-11799590.68,4654416.34,2161.27
-11799592.18,4654415.600000001,2161.29
-11799593.68,4654414.87,2161.32
-11799595.17,4654414.15,2161.34
-11799596.66,4654413.41,2161.35
-11799598.14,4654412.69,2161.4
-11799599.64,4654411.94,2161.4
-11799601.14,4654411.21,2161.4
-11799602.65,4654410.46,2161.42
-11799604.14,4654409.74,2161.47
-11799605.620000001,4654409.0200000005,2161.55
-11799607.1,4654408.29,2161.46
-11799608.57,4654407.58,2161.42
-11799610.08,4654406.83,2161.44
-11799611.57,4654406.09,2161.5
-11799613.03,4654405.39,2161.53
-11799614.5,4654404.67,2161.56
-11799615.99,4654403.93,2161.53
-11799619.55,4654403.64,2164.92
-11799617.92,4654404.41,2163.63
-11799617.66,4654404.5,2161.56
-11799616.17,4654405.22,2161.53
-11799614.700000001,4654405.96,2161.51
-11799613.21,4654406.67,2161.55
-11799611.74,4654407.4,2161.53
-11799610.25,4654408.14,2161.48
-11799608.78,4654408.86,2161.48
-11799607.290000001,4654409.59,2161.44
-11799605.790000001,4654410.33,2161.46
-11799604.34,4654411.03,2161.67
-11799602.86,4654411.7700000005,2161.51
-11799601.36,4654412.5,2161.49
-11799599.85,4654413.22,2161.42
-11799598.36,4654413.97,2161.38
-11799596.9,4654414.69,2161.36
-11799595.450000001,4654415.4,2161.36
-11799593.96,4654416.12,2161.31
-11799592.450000001,4654416.87,2161.29
-11799590.94,4654417.59,2161.27
-11799589.450000001,4654418.34,2161.3
-11799587.98,4654419.07,2161.3
-11799586.49,4654419.78,2161.19
-11799585.02,4654420.5200000005,2161.11
-11799584.46,4654421.46,2161.55
-11799585.89,4654420.75,2161.11
-11799587.4,4654420.03,2161.21
-11799588.88,4654419.3100000005,2161.27
-11799590.38,4654418.5600000005,2161.28
-11799591.88,4654417.84,2161.29
-11799593.36,4654417.12,2161.29
-11799594.86,4654416.38,2161.36
-11799596.35,4654415.66,2161.38
-11799597.86,4654414.93,2161.42
-11799599.32,4654414.19,2161.36
-11799600.790000001,4654413.48,2161.42
-11799602.290000001,4654412.75,2161.46
-11799603.82,4654412.0,2161.47
-11799605.290000001,4654411.29,2161.49
-11799606.78,4654410.5600000005,2161.42
-11799608.28,4654409.84,2161.46
-11799609.74,4654409.100000001,2161.47
-11799611.25,4654408.38,2161.52
-11799612.75,4654407.63,2161.51
-11799614.21,4654406.93,2161.51
-11799615.71,4654406.2,2161.44
-11799617.19,4654405.47,2161.51
-11799619.05,4654404.63,2164.48
-11799620.51,4654403.91,2164.47
-11799622.22,4654404.53,2161.6
-11799621.03,4654405.13,2164.15
-11799620.72,4654405.25,2161.61
-11799619.47,4654405.91,2163.63
-11799617.66,4654406.76,2161.51
-11799616.13,4654407.51,2161.47
-11799614.63,4654408.23,2161.5
-11799613.16,4654408.95,2161.58
-11799611.65,4654409.7,2161.55
-11799610.11,4654410.45,2161.52
-11799608.57,4654411.19,2161.49
-11799607.07,4654411.91,2161.47
-11799605.59,4654412.66,2161.44
-11799604.07,4654413.4,2161.44
-11799602.540000001,4654414.14,2161.38
-11799601.03,4654414.89,2161.35
-11799599.51,4654415.63,2161.35
-11799598.0,4654416.37,2161.38
-11799596.49,4654417.11,2161.49
-11799594.99,4654417.84,2161.48
-11799593.49,4654418.58,2161.53
-11799591.96,4654419.32,2161.3
-11799590.44,4654420.0600000005,2161.28
-11799588.91,4654420.82,2161.26
-11799587.39,4654421.55,2161.13
-11799585.870000001,4654422.3,2161.31
-11799584.290000001,4654423.0600000005,2161.0
-11799584.97,4654423.350000001,2161.03
-11799586.5,4654422.62,2161.42
-11799587.950000001,4654421.91,2161.13
-11799589.47,4654421.16,2161.24
-11799590.97,4654420.43,2161.27
-11799592.46,4654419.7,2161.3
-11799594.01,4654418.96,2161.4
-11799595.52,4654418.22,2161.58
-11799596.99,4654417.5,2161.49
-11799598.47,4654416.79,2161.35
-11799599.93,4654416.0600000005,2161.34
-11799601.41,4654415.350000001,2161.34
-11799602.89,4654414.63,2161.42
-11799604.36,4654413.92,2161.42
-11799605.89,4654413.16,2161.44
-11799607.370000001,4654412.45,2161.51
-11799608.85,4654411.73,2161.48
-11799610.35,4654411.01,2161.53
-11799611.82,4654410.29,2161.51
-11799613.33,4654409.55,2161.58
-11799614.790000001,4654408.83,2161.49
-11799616.27,4654408.12,2161.44
-11799618.01,4654407.3100000005,2163.34
-11799617.76,4654407.39,2161.46
-11799619.43,4654406.600000001,2162.73
-11799621.11,4654405.8100000005,2164.08
-11799620.790000001,4654405.92,2161.61
-11799622.47,4654405.12,2163.35
-11799622.25,4654405.21,2161.67
-11799622.63,4654406.45,2161.61
-11799621.24,4654407.14,2162.11
-11799619.94,4654407.8,2163.42
-11799619.71,4654407.88,2161.65
-11799618.4,4654408.53,2163.08
-11799618.21,4654408.59,2161.61
-11799616.92,4654409.2700000005,2163.23
-11799616.700000001,4654409.33,2161.59
-11799615.200000001,4654410.07,2161.52
-11799614.120000001,4654410.65,2164.42
-11799613.88,4654410.74,2162.63
-11799612.24,4654411.51,2161.5
-11799610.74,4654412.25,2161.46
-11799609.27,4654412.95,2161.48
-11799607.81,4654413.68,2161.51
-11799606.32,4654414.38,2161.47
-11799604.85,4654415.12,2161.4
-11799603.370000001,4654415.83,2161.38
-11799601.9,4654416.55,2161.4
-11799600.4,4654417.28,2161.38
-11799598.9,4654418.0200000005,2161.35
-11799597.43,4654418.74,2161.35
-11799595.950000001,4654419.45,2161.32
-11799594.450000001,4654420.17,2161.32
-11799592.96,4654420.9,2161.33
-11799591.49,4654421.62,2161.28
-11799590.01,4654422.350000001,2161.28
-11799588.48,4654423.09,2161.17
-11799587.06,4654423.78,2161.76
-11799585.46,4654424.55,2161.03
-11799584.17,4654425.850000001,2161.08
-11799585.620000001,4654425.14,2161.04
-11799587.22,4654424.36,2161.78
-11799588.66,4654423.66,2161.15
-11799590.17,4654422.93,2161.19
-11799591.65,4654422.21,2161.28
-11799593.13,4654421.49,2161.32
-11799594.61,4654420.76,2161.31
-11799596.1,4654420.05,2161.32
-11799597.61,4654419.33,2161.34
-11799599.1,4654418.59,2161.35
-11799600.6,4654417.86,2161.38
-11799602.1,4654417.15,2161.4
-11799603.56,4654416.44,2161.4
-11799605.07,4654415.71,2161.42
-11799606.57,4654414.98,2161.48
-11799608.03,4654414.25,2161.49
-11799609.53,4654413.54,2161.48
-11799611.18,4654412.75,2162.61
-11799611.03,4654412.82,2161.47
-11799612.91,4654411.95,2164.42
-11799612.66,4654412.05,2162.57
-11799612.51,4654412.07,2161.55
-11799614.38,4654411.23,2164.42
-11799615.84,4654410.5200000005,2164.35
-11799615.48,4654410.64,2161.54
-11799616.97,4654409.92,2161.56
-11799618.69,4654409.12,2163.29
-11799618.46,4654409.2,2161.57
-11799620.200000001,4654408.4,2163.55
-11799619.950000001,4654408.47,2161.6
-11799621.52,4654407.73,2162.28
-11799622.93,4654407.04,2161.86
-11799621.88,4654409.12,2161.63
-11799620.61,4654409.7700000005,2162.96
-11799620.450000001,4654409.82,2161.65
-11799619.14,4654410.49,2162.92
-11799617.46,4654411.26,2161.59
-11799616.36,4654411.86,2164.47
-11799614.88,4654412.57,2164.44
-11799613.4,4654413.3100000005,2164.44
-11799611.91,4654414.0,2164.42
-11799611.68,4654414.11,2162.67
-11799610.05,4654414.87,2161.52
-11799608.58,4654415.59,2161.51
-11799607.09,4654416.3,2161.49
-11799605.620000001,4654417.01,2161.47
-11799604.120000001,4654417.76,2161.44
-11799602.620000001,4654418.48,2161.44
-11799601.14,4654419.2,2161.4
-11799599.64,4654419.93,2161.4
-11799598.16,4654420.65,2161.35
-11799596.68,4654421.36,2161.34
-11799595.200000001,4654422.08,2161.4
-11799593.700000001,4654422.82,2161.34
-11799592.22,4654423.54,2161.32
-11799590.74,4654424.25,2161.19
-11799589.3,4654424.96,2161.44
-11799587.72,4654425.72,2161.05
-11799586.23,4654426.44,2161.11
-11799584.75,4654427.16,2161.13
-11799584.68,4654427.74,2161.11
-11799586.14,4654427.03,2161.11
-11799587.61,4654426.32,2161.04
-11799589.23,4654425.55,2161.65
-11799590.64,4654424.850000001,2161.19
-11799592.15,4654424.13,2161.3
-11799593.61,4654423.42,2161.35
-11799595.1,4654422.7,2161.35
-11799596.59,4654421.97,2161.32
-11799598.11,4654421.25,2161.34
-11799599.61,4654420.5200000005,2161.38
-11799601.08,4654419.8,2161.44
-11799602.58,4654419.07,2161.44
-11799604.08,4654418.36,2161.44
-11799605.55,4654417.64,2161.44
-11799607.040000001,4654416.92,2161.48
-11799608.540000001,4654416.19,2161.51
-11799610.43,4654415.33,2164.42
-11799610.05,4654415.46,2161.53
-11799611.93,4654414.61,2164.42
-11799613.39,4654413.9,2164.42
-11799614.86,4654413.19,2164.42
-11799616.34,4654412.45,2164.46
-11799617.68,4654411.8,2163.15
-11799619.17,4654411.08,2162.98
-11799618.99,4654411.13,2161.54
-11799620.47,4654410.42,2161.57
-11799621.93,4654409.71,2161.63
-11799622.540000001,4654411.03,2161.61
-11799621.08,4654411.74,2161.65
-11799619.57,4654412.46,2161.61
-11799618.46,4654413.0600000005,2164.47
-11799618.200000001,4654413.13,2162.49
-11799616.99,4654413.7700000005,2164.44
-11799615.52,4654414.48,2164.46
-11799614.040000001,4654415.2,2164.44
-11799612.58,4654415.91,2164.44
-11799611.08,4654416.63,2164.44
-11799609.58,4654417.36,2164.44
-11799608.120000001,4654418.07,2164.49
-11799607.870000001,4654418.15,2162.67
-11799607.700000001,4654418.22,2161.5
-11799606.27,4654418.91,2161.46
-11799604.77,4654419.63,2161.42
-11799603.28,4654420.34,2161.42
-11799601.77,4654421.09,2161.44
-11799600.3,4654421.8100000005,2161.48
-11799598.78,4654422.53,2161.38
-11799597.290000001,4654423.2700000005,2161.34
-11799595.8,4654423.98,2161.35
-11799594.35,4654424.68,2161.36
-11799592.85,4654425.41,2161.22
-11799591.38,4654426.13,2161.28
-11799589.89,4654426.850000001,2161.21
-11799588.370000001,4654427.58,2161.11
-11799586.88,4654428.3100000005,2161.13
-11799585.41,4654429.01,2161.15
-11799584.88,4654429.98,2161.17
-11799586.34,4654429.2700000005,2161.15
-11799587.83,4654428.55,2161.13
-11799589.35,4654427.82,2161.1
-11799590.9,4654427.08,2161.63
-11799592.33,4654426.39,2161.22
-11799593.82,4654425.66,2161.25
-11799595.34,4654424.94,2161.38
-11799596.82,4654424.21,2161.36
-11799598.31,4654423.5,2161.34
-11799599.81,4654422.78,2161.38
-11799601.290000001,4654422.0600000005,2161.42
-11799602.81,4654421.34,2161.44
-11799604.290000001,4654420.600000001,2161.4
-11799605.96,4654419.84,2162.67
-11799605.78,4654419.89,2161.35
-11799607.71,4654419.01,2164.44
-11799607.3,4654419.17,2161.51
-11799609.19,4654418.3,2164.42
-11799610.66,4654417.59,2164.42
-11799612.16,4654416.87,2164.42
-11799613.63,4654416.16,2164.44
-11799615.13,4654415.44,2164.44
-11799616.59,4654414.73,2164.44
-11799618.05,4654414.03,2164.46
-11799619.55,4654413.3,2164.38
-11799619.18,4654413.44,2161.6
-11799620.700000001,4654412.7,2161.61
-11799622.19,4654411.97,2161.63
-11799622.39,4654413.45,2161.61
-11799620.89,4654414.19,2161.78
-11799619.73,4654414.8,2164.48
-11799618.24,4654415.5200000005,2164.47
-11799616.74,4654416.25,2164.47
-11799615.22,4654416.98,2164.47
-11799613.700000001,4654417.72,2164.44
-11799612.18,4654418.45,2164.46
-11799610.68,4654419.17,2164.46
-11799609.18,4654419.91,2164.44
-11799607.67,4654420.64,2164.46
-11799606.14,4654421.38,2164.47
-11799605.72,4654421.5200000005,2161.44
-11799604.200000001,4654422.26,2161.46
-11799602.700000001,4654422.96,2161.46
-11799601.200000001,4654423.71,2161.44
-11799599.65,4654424.45,2161.4
-11799598.120000001,4654425.19,2161.44
-11799596.61,4654425.92,2161.36
-11799595.07,4654426.66,2161.32
-11799593.55,4654427.4,2161.24
-11799592.11,4654428.09,2161.73
-11799590.5,4654428.87,2161.13
-11799588.98,4654429.600000001,2161.15
-11799587.46,4654430.34,2161.19
-11799585.96,4654431.0600000005,2161.21
-11799584.43,4654431.8100000005,2161.22
-11799585.13,4654432.16,2161.21
-11799586.63,4654431.42,2161.19
-11799588.120000001,4654430.72,2161.19
-11799589.59,4654430.01,2161.17
-11799591.08,4654429.3,2161.13
-11799592.69,4654428.5200000005,2161.74
-11799594.120000001,4654427.82,2161.24
-11799595.6,4654427.11,2161.27
-11799597.13,4654426.39,2161.35
-11799598.63,4654425.66,2161.42
-11799600.09,4654424.96,2161.44
-11799601.57,4654424.25,2161.42
-11799603.06,4654423.54,2161.44
-11799604.56,4654422.79,2161.44
-11799606.49,4654421.94,2164.46
-11799607.98,4654421.23,2164.44
-11799609.44,4654420.5200000005,2164.44
-11799610.94,4654419.78,2164.44
-11799612.41,4654419.09,2164.44
-11799613.9,4654418.38,2164.44
-11799615.42,4654417.65,2164.46
-11799616.91,4654416.92,2164.46
-11799618.38,4654416.22,2164.47
-11799619.83,4654415.5200000005,2164.42
-11799621.31,4654414.8,2164.29
-11799620.96,4654414.92,2161.67
-11799622.450000001,4654414.21,2161.67
-11799622.65,4654416.0,2164.32
-11799622.3,4654416.11,2161.71
-11799621.16,4654416.72,2164.42
-11799619.69,4654417.43,2164.48
-11799618.21,4654418.14,2164.48
-11799616.74,4654418.850000001,2164.49
-11799615.25,4654419.57,2164.49
-11799613.77,4654420.28,2164.47
-11799612.290000001,4654421.0,2164.47
-11799610.81,4654421.71,2164.47
-11799609.31,4654422.44,2164.47
-11799607.82,4654423.15,2164.47
-11799607.41,4654423.3,2161.56
-11799605.94,4654424.01,2161.48
-11799604.47,4654424.72,2161.46
-11799602.99,4654425.42,2161.42
-11799601.51,4654426.13,2161.4
-11799600.02,4654426.84,2161.42
-11799598.49,4654427.59,2161.38
-11799596.97,4654428.32,2161.27
-11799595.51,4654429.03,2161.29
-11799594.11,4654429.71,2161.81
-11799592.51,4654430.48,2161.13
-11799591.040000001,4654431.18,2161.21
-11799589.55,4654431.91,2161.22
-11799588.08,4654432.61,2161.26
-11799586.56,4654433.350000001,2161.27
-11799585.09,4654434.0600000005,2161.21
-11799585.53,4654434.54,2161.25
-11799587.040000001,4654433.83,2161.24
-11799588.540000001,4654433.11,2161.25
-11799590.0,4654432.4,2161.19
-11799591.51,4654431.68,2161.19
-11799593.03,4654430.96,2161.15
-11799594.59,4654430.22,2161.76
-11799596.02,4654429.51,2161.27
-11799597.51,4654428.79,2161.25
-11799599.01,4654428.08,2161.36
-11799600.48,4654427.37,2161.44
-11799601.96,4654426.67,2161.44
-11799603.46,4654425.94,2161.44
-11799604.97,4654425.22,2161.44
-11799606.48,4654424.5,2161.49
-11799608.370000001,4654423.65,2164.47
-11799608.11,4654423.74,2162.5
-11799609.85,4654422.94,2164.47
-11799611.33,4654422.23,2164.46
-11799612.83,4654421.51,2164.47
-11799614.35,4654420.76,2164.46
-11799615.83,4654420.05,2164.48
-11799617.290000001,4654419.36,2164.47
-11799618.75,4654418.66,2164.47
-11799620.25,4654417.94,2164.48
-11799621.75,4654417.2,2164.4
-11799623.23,4654416.5,2164.42
-11799622.870000001,4654416.63,2161.61
-11799623.27,4654418.28,2164.49
-11799621.8,4654418.99,2164.54
-11799620.32,4654419.68,2164.51
-11799618.85,4654420.39,2164.48
-11799617.38,4654421.100000001,2164.49
-11799615.88,4654421.83,2164.48
-11799614.39,4654422.5600000005,2164.49
-11799612.92,4654423.26,2164.49
-11799611.46,4654423.97,2164.48
-11799609.97,4654424.68,2164.49
-11799608.08,4654425.54,2161.51
-11799606.58,4654426.24,2161.47
-11799605.09,4654426.98,2161.46
-11799603.620000001,4654427.69,2161.44
-11799602.13,4654428.4,2161.44
-11799600.64,4654429.12,2161.42
-11799599.13,4654429.84,2161.3
-11799597.620000001,4654430.5600000005,2161.31
-11799596.18,4654431.2700000005,2161.72
-11799594.63,4654432.0,2161.17
-11799593.15,4654432.71,2161.24
-11799591.65,4654433.45,2161.26
-11799590.15,4654434.17,2161.29
-11799588.68,4654434.88,2161.3
-11799587.21,4654435.57,2161.27
-11799585.700000001,4654436.29,2161.24
-11799584.200000001,4654437.03,2161.13
-11799584.14,4654437.86,2161.11
-11799585.65,4654437.14,2161.19
-11799587.13,4654436.43,2161.23
-11799588.620000001,4654435.71,2161.28
-11799590.120000001,4654435.0,2161.28
-11799591.620000001,4654434.28,2161.25
-11799593.11,4654433.57,2161.23
-11799594.57,4654432.86,2161.19
-11799596.07,4654432.15,2161.13
-11799597.72,4654431.350000001,2161.98
-11799599.1,4654430.7,2161.27
-11799600.6,4654429.98,2161.38
-11799602.09,4654429.2700000005,2161.42
-11799603.57,4654428.5600000005,2161.42
-11799605.09,4654427.84,2161.44
-11799606.59,4654427.12,2161.46
-11799608.07,4654426.41,2161.49
-11799609.97,4654425.55,2164.53
-11799609.74,4654425.62,2162.82
-11799611.43,4654424.84,2164.48
-11799612.91,4654424.14,2164.48
-11799614.43,4654423.41,2164.49
-11799615.92,4654422.69,2164.48
-11799617.42,4654421.98,2164.48
-11799618.91,4654421.26,2164.49
-11799620.38,4654420.57,2164.57
-11799621.86,4654419.86,2164.54
-11799622.23,4654421.42,2164.57
-11799620.76,4654422.13,2164.61
-11799619.3,4654422.84,2164.65
-11799617.82,4654423.53,2164.67
-11799616.3,4654424.2700000005,2164.51
-11799614.8,4654424.97,2164.5
-11799613.31,4654425.68,2164.52
-11799612.91,4654425.84,2161.52
-11799611.46,4654426.54,2161.53
-11799609.98,4654427.25,2161.53
-11799608.49,4654427.97,2161.5
-11799607.0,4654428.68,2161.5
-11799605.49,4654429.4,2161.47
-11799604.0,4654430.12,2161.46
-11799602.51,4654430.83,2161.44
-11799601.040000001,4654431.54,2161.32
-11799599.53,4654432.25,2161.29
-11799598.02,4654432.98,2161.17
-11799596.55,4654433.69,2161.21
-11799595.07,4654434.38,2161.26
-11799593.59,4654435.12,2161.28
-11799592.1,4654435.83,2161.32
-11799590.63,4654436.54,2161.32
-11799589.15,4654437.24,2161.29
-11799587.64,4654437.97,2161.25
-11799586.16,4654438.67,2161.17
-11799584.64,4654439.41,2161.11
-11799584.3,4654440.3,2161.04
-11799585.8,4654439.59,2161.13
-11799587.33,4654438.84,2161.21
-11799588.84,4654438.13,2161.28
-11799590.31,4654437.42,2161.32
-11799591.82,4654436.71,2161.3
-11799593.32,4654435.99,2161.31
-11799594.82,4654435.2700000005,2161.27
-11799596.33,4654434.55,2161.22
-11799597.8,4654433.850000001,2161.11
-11799599.290000001,4654433.13,2161.19
-11799600.81,4654432.42,2161.28
-11799602.32,4654431.7,2161.38
-11799603.790000001,4654430.99,2161.42
-11799605.290000001,4654430.26,2161.44
-11799606.82,4654429.54,2161.47
-11799608.32,4654428.83,2161.51
-11799609.790000001,4654428.12,2161.52
-11799611.26,4654427.42,2161.53
-11799612.72,4654426.7,2161.52
-11799614.66,4654425.84,2164.5
-11799616.16,4654425.14,2164.54
-11799617.63,4654424.43,2164.69
-11799619.13,4654423.72,2164.67
-11799620.6,4654423.01,2164.63
-11799622.08,4654422.3,2164.59
-11799622.43,4654424.15,2164.63
-11799620.94,4654424.86,2164.67
-11799619.48,4654425.5600000005,2164.71
-11799618.02,4654426.2700000005,2164.75
-11799616.55,4654426.98,2164.79
-11799615.05,4654427.69,2164.83
-11799613.56,4654428.41,2164.86
-11799613.1,4654428.57,2161.55
-11799611.63,4654429.2700000005,2161.54
-11799610.15,4654429.98,2161.54
-11799608.64,4654430.71,2161.52
-11799607.16,4654431.42,2161.49
-11799605.69,4654432.11,2161.46
-11799604.200000001,4654432.84,2161.44
-11799602.700000001,4654433.54,2161.34
-11799601.200000001,4654434.2700000005,2161.26
-11799599.67,4654435.0,2161.15
-11799598.17,4654435.72,2161.25
-11799596.700000001,4654436.43,2161.29
-11799595.24,4654437.13,2161.32
-11799593.76,4654437.84,2161.32
-11799592.28,4654438.54,2161.35
-11799590.790000001,4654439.2700000005,2161.33
-11799589.3,4654439.97,2161.26
-11799587.78,4654440.71,2161.19
-11799586.27,4654441.42,2161.13
-11799584.77,4654442.15,2161.08
-11799584.06,4654443.15,2161.06
-11799585.59,4654442.43,2161.07
-11799587.11,4654441.68,2161.13
-11799588.63,4654440.97,2161.19
-11799590.13,4654440.26,2161.27
-11799591.61,4654439.55,2161.33
-11799593.07,4654438.86,2161.35
-11799594.6,4654438.12,2161.34
-11799596.08,4654437.41,2161.32
-11799597.57,4654436.7,2161.27
-11799599.08,4654435.98,2161.23
-11799600.56,4654435.2700000005,2161.15
-11799602.08,4654434.55,2161.28
-11799603.61,4654433.83,2161.32
-11799605.11,4654433.09,2161.47
-11799606.58,4654432.41,2161.48
-11799608.07,4654431.7,2161.49
-11799609.59,4654430.97,2161.52
-11799611.09,4654430.25,2161.55
-11799612.540000001,4654429.5600000005,2161.54
-11799614.48,4654428.7,2164.85
-11799615.96,4654427.99,2164.81
-11799617.43,4654427.28,2164.78
-11799618.94,4654426.5600000005,2164.73
-11799620.43,4654425.850000001,2164.69
-11799621.88,4654425.17,2164.65
-11799623.38,4654424.45,2164.6
-11799622.71,4654426.62,2164.59
-11799621.24,4654427.33,2164.72
-11799619.76,4654428.0200000005,2164.76
-11799618.3,4654428.73,2164.8
-11799616.790000001,4654429.44,2164.85
-11799615.3,4654430.15,2164.88
-11799614.84,4654430.32,2161.51
-11799613.42,4654431.0,2161.56
-11799611.96,4654431.71,2161.53
-11799610.42,4654432.45,2161.49
-11799608.94,4654433.16,2161.52
-11799607.46,4654433.86,2161.51
-11799605.98,4654434.57,2161.47
-11799604.46,4654435.29,2161.36
-11799602.94,4654436.0,2161.27
-11799601.43,4654436.74,2161.15
-11799599.950000001,4654437.45,2161.28
-11799598.48,4654438.16,2161.33
-11799597.01,4654438.850000001,2161.36
-11799595.53,4654439.5600000005,2161.38
-11799594.03,4654440.2700000005,2161.36
-11799592.52,4654441.0200000005,2161.33
-11799591.02,4654441.72,2161.28
-11799589.55,4654442.43,2161.21
-11799588.05,4654443.15,2161.13
-11799586.540000001,4654443.88,2161.1
-11799585.03,4654444.59,2161.05
-11799584.120000001,4654445.850000001,2161.03
-11799585.63,4654445.12,2161.04
-11799587.14,4654444.41,2161.1
-11799588.64,4654443.7,2161.11
-11799590.15,4654442.98,2161.21
-11799591.67,4654442.26,2161.3
-11799593.17,4654441.55,2161.34
-11799594.68,4654440.83,2161.36
-11799596.18,4654440.100000001,2161.36
-11799597.69,4654439.37,2161.35
-11799599.15,4654438.69,2161.31
-11799600.64,4654437.98,2161.28
-11799602.11,4654437.2700000005,2161.15
-11799603.620000001,4654436.5600000005,2161.26
-11799605.13,4654435.84,2161.38
-11799606.63,4654435.100000001,2161.47
-11799608.13,4654434.4,2161.49
-11799609.620000001,4654433.69,2161.47
-11799611.11,4654432.98,2161.5
-11799612.620000001,4654432.2700000005,2161.54
-11799614.13,4654431.5600000005,2161.59
-11799616.06,4654430.68,2164.88
-11799615.620000001,4654430.84,2161.58
-11799617.55,4654429.97,2164.85
-11799619.05,4654429.26,2164.8
-11799620.51,4654428.57,2164.75
-11799621.98,4654427.86,2164.73
-11799623.01,4654429.13,2164.75
-11799621.53,4654429.84,2164.78
-11799620.07,4654430.53,2164.81
-11799618.6,4654431.24,2164.86
-11799617.11,4654431.95,2164.92
-11799616.65,4654432.11,2161.61
-11799615.18,4654432.82,2161.6
-11799613.69,4654433.53,2161.57
-11799612.19,4654434.25,2161.53
-11799610.71,4654434.94,2161.6
-11799609.19,4654435.67,2161.53
-11799607.69,4654436.38,2161.42
-11799606.22,4654437.100000001,2161.36
-11799604.72,4654437.8100000005,2161.25
-11799603.21,4654438.51,2161.22
-11799601.72,4654439.25,2161.3
-11799600.25,4654439.93,2161.35
-11799598.790000001,4654440.64,2161.38
-11799597.290000001,4654441.36,2161.36
-11799595.76,4654442.100000001,2161.4
-11799594.27,4654442.8100000005,2161.36
-11799592.790000001,4654443.51,2161.3
-11799591.3,4654444.22,2161.23
-11799589.81,4654444.94,2161.11
-11799588.28,4654445.67,2161.11
-11799586.76,4654446.39,2161.06
-11799585.27,4654447.100000001,2161.05
-11799585.51,4654447.76,2161.44
-11799586.96,4654447.07,2161.03
-11799588.450000001,4654446.36,2161.09
-11799589.950000001,4654445.63,2161.11
-11799591.48,4654444.91,2161.17
-11799592.99,4654444.18,2161.25
-11799594.48,4654443.47,2161.32
-11799595.98,4654442.76,2161.36
-11799597.48,4654442.05,2161.4
-11799598.96,4654441.36,2161.36
-11799600.450000001,4654440.65,2161.34
-11799601.950000001,4654439.91,2161.31
-11799603.43,4654439.23,2161.26
-11799604.92,4654438.5200000005,2161.19
-11799606.450000001,4654437.79,2161.35
-11799607.96,4654437.08,2161.38
-11799609.46,4654436.36,2161.6
-11799610.96,4654435.65,2161.59
-11799612.46,4654434.94,2161.53
-11799613.93,4654434.23,2161.56
-11799615.42,4654433.5200000005,2161.59
-11799616.93,4654432.8,2161.6
-11799618.86,4654431.93,2164.86
-11799620.32,4654431.25,2164.81
-11799621.82,4654430.54,2164.77
-11799623.31,4654429.83,2164.73
-11799623.23,4654431.79,2164.8
-11799621.78,4654432.49,2164.82
-11799620.290000001,4654433.2,2164.86
-11799619.14,4654433.8,2167.38
-11799618.36,4654434.07,2161.63
-11799617.72,4654434.48,2168.15
-11799616.85,4654434.79,2161.61
-11799615.36,4654435.48,2161.57
-11799614.69,4654435.93,2167.44
-11799614.450000001,4654436.01,2165.69
-11799613.870000001,4654436.21,2161.56
-11799613.46,4654436.53,2169.19
-11799613.200000001,4654436.64,2167.4
-11799612.39,4654436.91,2161.57
-11799610.9,4654437.62,2161.61
-11799609.39,4654438.33,2161.42
-11799607.88,4654439.05,2161.38
-11799606.34,4654439.79,2161.23
-11799604.88,4654440.5,2161.26
-11799603.42,4654441.18,2161.33
-11799601.96,4654441.89,2161.36
-11799600.48,4654442.600000001,2161.38
-11799598.97,4654443.32,2161.4
-11799597.48,4654444.03,2161.4
-11799595.98,4654444.74,2161.36
-11799594.47,4654445.44,2161.29
-11799593.01,4654446.15,2161.22
-11799591.5,4654446.87,2161.13
-11799589.96,4654447.61,2161.11
-11799588.450000001,4654448.33,2161.08
-11799586.98,4654449.04,2161.01
-11799585.57,4654449.71,2161.44
-11799584.4,4654450.3100000005,2163.61
-11799584.370000001,4654451.0,2163.81
-11799585.46,4654450.44,2161.3
-11799586.92,4654449.75,2161.0
-11799588.42,4654449.0200000005,2161.05
-11799589.92,4654448.32,2161.08
-11799591.43,4654447.61,2161.15
-11799592.9,4654446.9,2161.15
-11799594.43,4654446.18,2161.25
-11799595.950000001,4654445.45,2161.32
-11799597.47,4654444.72,2161.38
-11799598.94,4654444.04,2161.4
-11799600.41,4654443.34,2161.38
-11799601.9,4654442.63,2161.38
-11799603.39,4654441.91,2161.36
-11799604.870000001,4654441.21,2161.3
-11799606.36,4654440.49,2161.19
-11799607.88,4654439.78,2161.3
-11799609.38,4654439.0600000005,2161.4
-11799610.9,4654438.350000001,2161.48
-11799613.43,4654437.2700000005,2168.81
-11799613.16,4654437.37,2166.92
-11799612.41,4654437.63,2161.55
-11799614.94,4654436.57,2168.86
-11799614.700000001,4654436.65,2167.13
-11799613.92,4654436.9,2161.57
-11799616.67,4654435.78,2170.86
-11799616.25,4654435.91,2167.84
-11799615.39,4654436.21,2161.58
-11799618.22,4654435.0600000005,2171.47
-11799617.75,4654435.2,2168.01
-11799617.48,4654435.3100000005,2166.05
-11799616.88,4654435.51,2161.61
-11799619.5,4654434.41,2169.79
-11799619.23,4654434.49,2167.88
-11799618.39,4654434.7700000005,2161.61
-11799621.0,4654433.7,2170.06
-11799620.67,4654433.8100000005,2167.59
-11799620.3,4654433.93,2164.88
-11799619.85,4654434.09,2161.48
-11799621.790000001,4654433.23,2164.85
-11799623.26,4654432.53,2164.78
-11799623.17,4654434.49,2164.86
-11799622.4,4654434.96,2170.42
-11799622.05,4654435.08,2167.79
-11799621.67,4654435.21,2164.9
-11799620.98,4654435.64,2170.9
-11799620.74,4654435.71,2169.06
-11799619.53,4654436.34,2171.29
-11799619.0,4654436.5200000005,2167.28
-11799618.19,4654437.0,2172.25
-11799616.64,4654437.73,2171.4
-11799615.870000001,4654437.99,2165.88
-11799614.82,4654438.54,2168.94
-11799614.51,4654438.66,2166.72
-11799613.32,4654439.26,2168.92
-11799612.290000001,4654439.62,2161.53
-11799610.78,4654440.34,2161.42
-11799609.28,4654441.05,2161.33
-11799607.77,4654441.7700000005,2161.26
-11799606.290000001,4654442.48,2161.34
-11799604.82,4654443.18,2161.36
-11799603.34,4654443.89,2161.42
-11799601.86,4654444.59,2161.44
-11799600.38,4654445.3,2161.44
-11799598.88,4654446.01,2161.4
-11799597.370000001,4654446.73,2161.36
-11799595.85,4654447.47,2161.29
-11799594.36,4654448.16,2161.19
-11799592.870000001,4654448.89,2161.17
-11799591.34,4654449.600000001,2161.11
-11799589.85,4654450.3,2161.09
-11799588.33,4654451.04,2161.01
-11799586.870000001,4654451.75,2161.02
-11799585.81,4654452.3,2163.74
-11799585.39,4654452.44,2161.09
-11799584.32,4654453.01,2163.81
-11799585.34,4654453.37,2163.71
-11799586.82,4654452.66,2163.65
-11799586.42,4654452.8,2161.02
-11799587.92,4654452.09,2161.0
-11799589.42,4654451.39,2161.0
-11799590.93,4654450.66,2161.1
-11799592.44,4654449.96,2161.11
-11799593.96,4654449.23,2161.17
-11799595.48,4654448.51,2161.22
-11799596.96,4654447.8,2161.3
-11799598.44,4654447.11,2161.36
-11799599.92,4654446.4,2161.4
-11799601.44,4654445.69,2161.42
-11799602.950000001,4654444.97,2161.42
-11799604.450000001,4654444.25,2161.4
-11799605.93,4654443.54,2161.34
-11799607.41,4654442.84,2161.31
-11799608.89,4654442.13,2161.25
-11799610.41,4654441.42,2161.36
-11799611.93,4654440.69,2161.42
-11799614.540000001,4654439.600000001,2169.36
-11799613.49,4654439.95,2161.8
-11799616.26,4654438.82,2171.13
-11799615.93,4654438.93,2168.73
-11799614.94,4654439.2700000005,2161.6
-11799617.8,4654438.09,2171.72
-11799619.370000001,4654437.36,2172.36
-11799619.07,4654437.46,2170.24
-11799620.74,4654436.69,2171.44
-11799619.43,4654437.15,2161.65
-11799622.22,4654435.99,2171.46
-11799622.81,4654435.600000001,2164.84
-11799623.33,4654437.12,2171.08
-11799622.07,4654437.54,2161.63
-11799621.8,4654437.82,2171.0
-11799620.39,4654438.5200000005,2171.75
-11799619.67,4654438.76,2166.46
-11799618.91,4654439.23,2171.92
-11799618.75,4654439.29,2170.73
-11799618.0,4654439.55,2165.28
-11799617.5,4654439.72,2161.59
-11799617.22,4654440.0200000005,2170.53
-11799617.01,4654440.07,2168.96
-11799616.870000001,4654440.12,2167.92
-11799616.74,4654440.18,2166.94
-11799615.48,4654440.82,2168.86
-11799615.32,4654440.87,2167.67
-11799614.48,4654441.15,2161.6
-11799613.69,4654441.63,2166.98
-11799612.93,4654441.88,2161.44
-11799611.39,4654442.62,2161.34
-11799609.86,4654443.34,2161.29
-11799608.38,4654444.05,2161.35
-11799606.89,4654444.7700000005,2161.38
-11799605.33,4654445.49,2161.44
-11799603.78,4654446.25,2161.47
-11799602.25,4654446.96,2161.44
-11799600.74,4654447.7,2161.42
-11799599.24,4654448.41,2161.36
-11799597.71,4654449.14,2161.28
-11799596.15,4654449.86,2161.17
-11799594.66,4654450.57,2161.17
-11799593.120000001,4654451.32,2161.13
-11799591.56,4654452.05,2161.13
-11799590.02,4654452.8,2161.02
-11799588.51,4654453.5200000005,2161.01
-11799587.41,4654454.07,2163.54
-11799587.02,4654454.23,2161.06
-11799585.9,4654454.8100000005,2163.61
-11799584.36,4654455.54,2163.67
-11799585.35,4654455.93,2163.58
-11799586.84,4654455.24,2163.5
-11799586.44,4654455.37,2161.0
-11799587.92,4654454.66,2160.99
-11799589.42,4654453.96,2161.05
-11799590.9,4654453.25,2161.03
-11799592.42,4654452.55,2161.11
-11799593.92,4654451.8100000005,2161.13
-11799595.41,4654451.100000001,2161.19
-11799596.91,4654450.39,2161.19
-11799598.43,4654449.7,2161.3
-11799599.93,4654448.96,2161.35
-11799601.450000001,4654448.25,2161.42
-11799602.97,4654447.53,2161.44
-11799604.49,4654446.82,2161.42
-11799605.99,4654446.11,2161.44
-11799607.43,4654445.42,2161.4
-11799608.91,4654444.72,2161.36
-11799610.38,4654444.01,2161.31
-11799611.91,4654443.28,2161.32
-11799613.41,4654442.57,2161.44
-11799616.1,4654441.48,2170.19
-11799615.58,4654441.64,2166.46
-11799614.89,4654441.89,2161.49
-11799617.65,4654440.74,2170.59
-11799617.370000001,4654440.84,2168.61
-11799616.41,4654441.17,2161.53
-11799619.27,4654439.99,2171.52
-11799618.91,4654440.100000001,2168.92
-11799618.76,4654440.17,2167.8
-11799617.92,4654440.43,2161.67
-11799620.74,4654439.29,2171.54
-11799622.14,4654438.62,2170.73
-11799621.36,4654438.88,2165.05
-11799620.92,4654439.01,2161.71
-11799622.41,4654438.3100000005,2161.69
-11799623.48,4654439.850000001,2161.76
-11799623.18,4654440.17,2170.76
-11799621.950000001,4654440.58,2161.69
-11799621.83,4654440.83,2171.72
-11799620.41,4654441.51,2172.05
-11799620.06,4654441.63,2169.51
-11799618.82,4654442.24,2171.21
-11799617.200000001,4654443.0,2170.36
-11799616.950000001,4654443.08,2168.49
-11799616.58,4654443.22,2165.83
-11799615.97,4654443.42,2161.44
-11799614.48,4654444.14,2161.44
-11799613.0,4654444.82,2161.34
-11799611.52,4654445.53,2161.36
-11799610.040000001,4654446.24,2161.42
-11799608.56,4654446.95,2161.44
-11799607.06,4654447.67,2161.47
-11799605.58,4654448.38,2161.47
-11799604.09,4654449.08,2161.47
-11799602.59,4654449.79,2161.44
-11799601.120000001,4654450.5,2161.36
-11799599.620000001,4654451.21,2161.31
-11799598.09,4654451.93,2161.24
-11799596.59,4654452.64,2161.22
-11799595.11,4654453.350000001,2161.17
-11799593.88,4654453.98,2162.67
-11799593.63,4654454.0600000005,2161.11
-11799592.120000001,4654454.7700000005,2161.05
-11799590.63,4654455.48,2161.06
-11799589.15,4654456.2,2161.03
-11799587.65,4654456.91,2161.02
-11799586.15,4654457.62,2161.02
-11799584.65,4654458.32,2161.02
-11799585.26,4654458.78,2161.0
-11799586.75,4654458.07,2161.01
-11799588.28,4654457.350000001,2161.03
-11799589.790000001,4654456.61,2161.03
-11799591.290000001,4654455.9,2161.04
-11799592.78,4654455.22,2161.07
-11799594.52,4654454.42,2162.63
-11799594.28,4654454.51,2161.08
-11799595.78,4654453.8,2161.17
-11799597.28,4654453.08,2161.23
-11799598.77,4654452.37,2161.23
-11799600.26,4654451.68,2161.3
-11799601.790000001,4654450.96,2161.36
-11799603.3,4654450.23,2161.38
-11799604.81,4654449.5,2161.44
-11799606.3,4654448.82,2161.47
-11799607.78,4654448.11,2161.46
-11799609.290000001,4654447.37,2161.42
-11799610.77,4654446.69,2161.38
-11799612.26,4654445.98,2161.35
-11799613.74,4654445.2700000005,2161.31
-11799616.17,4654444.25,2168.15
-11799615.24,4654444.58,2161.46
-11799617.97,4654443.43,2170.42
-11799616.74,4654443.86,2161.44
-11799619.56,4654442.7,2171.04
-11799619.26,4654442.8,2168.77
-11799621.16,4654441.95,2171.9
-11799620.83,4654442.07,2169.42
-11799620.540000001,4654442.16,2167.32
-11799619.78,4654442.42,2161.67
-11799622.65,4654441.24,2172.0
-11799622.620000001,4654443.16,2161.69
-11799622.38,4654443.46,2170.88
-11799621.120000001,4654443.87,2161.6
-11799620.950000001,4654444.14,2171.02
-11799620.64,4654444.25,2168.8
-11799620.44,4654444.32,2167.28
-11799619.67,4654444.58,2161.63
-11799618.870000001,4654445.05,2166.63
-11799618.16,4654445.29,2161.5
-11799616.66,4654446.01,2161.48
-11799615.14,4654446.72,2161.34
-11799613.68,4654447.43,2161.4
-11799612.19,4654448.14,2161.42
-11799610.73,4654448.850000001,2161.49
-11799609.23,4654449.55,2161.49
-11799607.76,4654450.26,2161.51
-11799606.24,4654450.97,2161.48
-11799604.76,4654451.68,2161.44
-11799603.28,4654452.39,2161.36
-11799601.78,4654453.100000001,2161.32
-11799600.27,4654453.82,2161.3
-11799598.790000001,4654454.53,2161.23
-11799597.3,4654455.24,2161.21
-11799596.040000001,4654455.850000001,2162.72
-11799595.8,4654455.95,2161.11
-11799594.3,4654456.65,2161.09
-11799592.790000001,4654457.38,2161.08
-11799591.26,4654458.100000001,2161.05
-11799589.790000001,4654458.8100000005,2161.04
-11799588.290000001,4654459.5200000005,2161.05
-11799586.790000001,4654460.22,2161.03
-11799585.3,4654460.93,2161.05
-11799584.17,4654462.33,2161.03
-11799585.68,4654461.62,2161.02
-11799587.19,4654460.9,2161.03
-11799588.68,4654460.2,2161.04
-11799590.18,4654459.48,2161.03
-11799591.67,4654458.7700000005,2161.03
-11799593.200000001,4654458.05,2161.06
-11799594.73,4654457.33,2161.13
-11799596.24,4654456.62,2161.3
-11799597.71,4654455.91,2161.19
-11799599.21,4654455.2,2161.25
-11799600.71,4654454.49,2161.3
-11799602.25,4654453.7700000005,2161.3
-11799603.74,4654453.0600000005,2161.36
-11799605.24,4654452.350000001,2161.42
-11799606.76,4654451.62,2161.47
-11799608.26,4654450.91,2161.5
-11799609.75,4654450.22,2161.5
-11799611.22,4654449.5200000005,2161.47
-11799612.71,4654448.8100000005,2161.42
-11799614.21,4654448.100000001,2161.42
-11799615.68,4654447.41,2161.31
-11799617.19,4654446.68,2161.42
-11799619.38,4654445.75,2166.58
-11799618.68,4654445.99,2161.48
-11799621.26,4654444.88,2169.38
-11799621.01,4654444.99,2167.46
-11799620.22,4654445.25,2161.63
-11799623.05,4654444.09,2171.5
-11799622.81,4654444.17,2169.69
-11799621.73,4654444.54,2161.63
-11799623.22,4654443.84,2161.63
-11799623.44,4654445.71,2161.61
-11799622.700000001,4654446.15,2167.26
-11799622.44,4654446.24,2165.24
-11799621.94,4654446.41,2161.61
-11799621.18,4654446.87,2166.82
-11799620.47,4654447.11,2161.54
-11799619.63,4654447.61,2166.26
-11799618.97,4654447.83,2161.5
-11799617.48,4654448.53,2161.36
-11799616.01,4654449.22,2161.42
-11799614.51,4654449.93,2161.47
-11799613.02,4654450.67,2161.51
-11799611.55,4654451.350000001,2161.54
-11799610.09,4654452.0600000005,2161.53
-11799608.57,4654452.78,2161.52
-11799607.07,4654453.49,2161.47
-11799605.59,4654454.2,2161.4
-11799604.08,4654454.91,2161.35
-11799602.58,4654455.62,2161.33
-11799601.09,4654456.32,2161.3
-11799599.59,4654457.05,2161.24
-11799598.35,4654457.67,2162.76
-11799598.1,4654457.75,2161.15
-11799596.64,4654458.46,2161.31
-11799595.09,4654459.17,2161.1
-11799593.58,4654459.91,2161.04
-11799592.17,4654460.59,2161.63
-11799590.61,4654461.32,2161.05
-11799589.1,4654462.05,2161.03
-11799587.6,4654462.75,2161.04
-11799586.11,4654463.46,2161.02
-11799584.620000001,4654464.17,2161.01
-11799584.66,4654465.08,2160.99
-11799586.200000001,4654464.350000001,2161.0
-11799587.68,4654463.64,2161.01
-11799589.18,4654462.94,2161.03
-11799590.67,4654462.23,2161.05
-11799592.19,4654461.5200000005,2161.03
-11799593.68,4654460.82,2161.03
-11799595.14,4654460.12,2161.08
-11799596.65,4654459.41,2161.13
-11799598.19,4654458.68,2161.17
-11799599.72,4654457.94,2161.21
-11799601.22,4654457.23,2161.24
-11799602.700000001,4654456.5200000005,2161.32
-11799604.19,4654455.84,2161.3
-11799605.71,4654455.11,2161.38
-11799607.21,4654454.41,2161.44
-11799608.700000001,4654453.7,2161.49
-11799610.200000001,4654452.99,2161.52
-11799611.700000001,4654452.28,2161.54
-11799613.200000001,4654451.58,2161.52
-11799614.700000001,4654450.87,2161.48
-11799616.18,4654450.16,2161.44
-11799617.67,4654449.45,2161.38
-11799619.16,4654448.75,2161.44
-11799620.67,4654448.03,2161.54
-11799622.69,4654447.15,2165.28
-11799622.18,4654447.3100000005,2161.58
-11799623.4,4654449.03,2165.34
-11799622.88,4654449.2,2161.42
-11799621.4,4654449.91,2161.52
-11799619.9,4654450.62,2161.38
-11799618.41,4654451.33,2161.46
-11799616.92,4654452.05,2161.49
-11799615.44,4654452.74,2161.52
-11799613.97,4654453.45,2161.54
-11799612.5,4654454.15,2161.55
-11799611.01,4654454.86,2161.54
-11799609.5,4654455.58,2161.48
-11799608.0,4654456.29,2161.44
-11799606.51,4654457.0,2161.38
-11799605.03,4654457.7,2161.34
-11799603.53,4654458.41,2161.31
-11799602.0,4654459.14,2161.27
-11799600.49,4654459.86,2161.15
-11799599.03,4654460.55,2161.19
-11799597.53,4654461.2700000005,2161.13
-11799596.03,4654461.98,2161.1
-11799594.52,4654462.7,2161.07
-11799593.03,4654463.41,2161.04
-11799591.56,4654464.11,2161.07
-11799590.06,4654464.82,2161.04
-11799588.57,4654465.53,2161.04
-11799587.07,4654466.25,2161.02
-11799585.59,4654466.94,2160.99
-11799584.11,4654467.65,2160.94
-11799584.31,4654468.43,2162.86
-11799585.51,4654467.83,2160.92
-11799587.01,4654467.12,2160.99
-11799588.49,4654466.43,2161.02
-11799590.0,4654465.69,2161.03
-11799591.5,4654464.98,2161.04
-11799592.99,4654464.2700000005,2161.06
-11799594.49,4654463.5600000005,2161.05
-11799596.01,4654462.87,2161.08
-11799597.5,4654462.16,2161.11
-11799599.0,4654461.45,2161.17
-11799600.52,4654460.72,2161.19
-11799602.040000001,4654460.01,2161.25
-11799603.52,4654459.3,2161.27
-11799605.040000001,4654458.59,2161.34
-11799606.53,4654457.87,2161.34
-11799608.03,4654457.16,2161.4
-11799609.53,4654456.45,2161.46
-11799611.03,4654455.74,2161.51
-11799612.53,4654455.03,2161.53
-11799614.03,4654454.34,2161.56
-11799615.52,4654453.63,2161.54
-11799617.03,4654452.89,2161.5
-11799618.52,4654452.21,2161.44
-11799619.99,4654451.5,2161.42
-11799621.49,4654450.79,2161.44
-11799622.99,4654450.08,2161.57
-11799622.8,4654452.5600000005,2161.42
-11799621.31,4654453.2700000005,2161.46
-11799619.84,4654453.97,2161.52
-11799618.33,4654454.69,2161.54
-11799616.85,4654455.4,2161.57
-11799615.38,4654456.09,2161.57
-11799613.89,4654456.8,2161.56
-11799612.39,4654457.51,2161.53
-11799610.870000001,4654458.23,2161.44
-11799609.370000001,4654458.95,2161.38
-11799607.89,4654459.65,2161.36
-11799606.4,4654460.37,2161.36
-11799604.9,4654461.08,2161.3
-11799603.38,4654461.8,2161.22
-11799601.92,4654462.5,2161.33
-11799600.41,4654463.22,2161.15
-11799599.17,4654463.83,2162.69
-11799598.950000001,4654463.91,2161.28
-11799597.41,4654464.64,2161.15
-11799595.9,4654465.36,2161.07
-11799594.43,4654466.07,2161.03
-11799592.94,4654466.76,2161.07
-11799591.42,4654467.5,2161.04
-11799589.92,4654468.2,2161.03
-11799588.42,4654468.91,2160.99
-11799586.94,4654469.62,2160.92
-11799585.86,4654470.17,2163.34
-11799585.47,4654470.33,2160.86
-11799584.450000001,4654470.850000001,2163.92
-11799584.11,4654471.88,2164.04
-11799585.57,4654471.19,2163.65
-11799586.93,4654470.53,2162.83
-11799586.61,4654470.64,2160.9
-11799588.120000001,4654469.93,2160.92
-11799589.620000001,4654469.22,2160.98
-11799591.13,4654468.5,2161.03
-11799592.66,4654467.79,2161.05
-11799594.16,4654467.07,2161.07
-11799595.64,4654466.36,2161.01
-11799597.14,4654465.66,2161.04
-11799598.67,4654464.93,2161.24
-11799600.15,4654464.23,2161.13
-11799601.74,4654463.49,2161.8
-11799603.25,4654462.78,2161.76
-11799604.66,4654462.09,2161.29
-11799606.14,4654461.4,2161.3
-11799607.69,4654460.66,2161.36
-11799609.18,4654459.95,2161.36
-11799610.69,4654459.25,2161.42
-11799612.19,4654458.54,2161.48
-11799613.66,4654457.84,2161.53
-11799615.15,4654457.13,2161.57
-11799616.67,4654456.41,2161.6
-11799618.18,4654455.7,2161.56
-11799619.67,4654454.99,2161.53
-11799621.14,4654454.3,2161.49
-11799622.64,4654453.58,2161.44
-11799622.88,4654455.66,2161.52
-11799621.38,4654456.4,2161.56
-11799619.870000001,4654457.11,2161.59
-11799618.370000001,4654457.83,2161.61
-11799616.9,4654458.51,2161.59
-11799615.44,4654459.22,2161.57
-11799613.99,4654459.92,2161.5
-11799612.49,4654460.62,2161.44
-11799610.98,4654461.350000001,2161.36
-11799609.49,4654462.05,2161.4
-11799607.97,4654462.78,2161.32
-11799606.47,4654463.49,2161.32
-11799604.96,4654464.19,2161.24
-11799603.49,4654464.9,2161.22
-11799602.22,4654465.53,2162.42
-11799602.05,4654465.600000001,2161.17
-11799600.700000001,4654466.25,2162.27
-11799599.18,4654466.99,2162.17
-11799597.88,4654467.62,2163.63
-11799597.5,4654467.75,2161.11
-11799596.44,4654468.3100000005,2164.0
-11799595.05,4654468.98,2164.35
-11799594.58,4654469.15,2161.28
-11799593.05,4654469.88,2161.07
-11799591.55,4654470.600000001,2161.03
-11799590.05,4654471.3100000005,2160.99
-11799588.540000001,4654472.0200000005,2160.92
-11799587.47,4654472.58,2163.59
-11799586.01,4654473.2700000005,2163.86
-11799584.5,4654473.98,2163.78
-11799585.18,4654474.66,2163.56
-11799586.65,4654473.96,2163.61
-11799586.200000001,4654474.12,2160.85
-11799588.13,4654473.25,2163.59
-11799589.21,4654472.7,2160.9
-11799590.700000001,4654471.99,2160.98
-11799592.15,4654471.3100000005,2161.03
-11799594.21,4654470.4,2164.79
-11799595.63,4654469.72,2164.42
-11799597.040000001,4654469.04,2164.06
-11799598.44,4654468.38,2163.69
-11799598.040000001,4654468.51,2161.15
-11799599.52,4654467.82,2161.19
-11799601.16,4654467.0600000005,2162.17
-11799602.5,4654466.4,2161.13
-11799603.99,4654465.7,2161.22
-11799605.44,4654465.0200000005,2161.25
-11799607.14,4654464.25,2162.79
-11799606.92,4654464.3100000005,2161.33
-11799608.38,4654463.62,2161.31
-11799609.9,4654462.91,2161.38
-11799611.38,4654462.2,2161.38
-11799612.82,4654461.53,2161.4
-11799614.27,4654460.84,2161.48
-11799615.73,4654460.15,2161.54
-11799617.200000001,4654459.46,2161.58
-11799618.69,4654458.75,2161.58
-11799620.14,4654458.07,2161.6
-11799621.59,4654457.37,2161.57
-11799623.07,4654456.67,2161.54
-11799623.43,4654458.74,2161.6
-11799621.92,4654459.46,2161.61
-11799620.42,4654460.17,2161.63
-11799618.94,4654460.87,2161.61
-11799617.47,4654461.57,2161.57
-11799615.98,4654462.28,2161.5
-11799614.5,4654462.99,2161.44
-11799612.98,4654463.71,2161.44
-11799611.48,4654464.42,2161.42
-11799609.97,4654465.14,2161.35
-11799608.5,4654465.850000001,2161.32
-11799607.38,4654466.41,2163.85
-11799605.89,4654467.12,2163.86
-11799605.5,4654467.2700000005,2161.19
-11799604.03,4654467.97,2161.21
-11799602.72,4654468.600000001,2162.51
-11799601.01,4654469.4,2161.13
-11799599.91,4654469.97,2163.78
-11799598.46,4654470.68,2164.15
-11799597.08,4654471.33,2164.51
-11799595.65,4654472.03,2164.86
-11799594.1,4654472.75,2164.77
-11799592.540000001,4654473.5,2164.34
-11799590.99,4654474.23,2163.97
-11799590.58,4654474.38,2161.42
-11799589.55,4654474.92,2164.27
-11799588.06,4654475.64,2164.19
-11799586.44,4654476.39,2163.47
-11799586.03,4654476.53,2160.92
-11799584.55,4654477.24,2160.88
-11799585.120000001,4654477.95,2160.88
-11799587.02,4654477.100000001,2163.49
-11799586.620000001,4654477.26,2160.92
-11799588.6,4654476.36,2163.97
-11799590.14,4654475.63,2164.06
-11799591.620000001,4654474.92,2163.86
-11799593.19,4654474.2,2164.28
-11799594.72,4654473.47,2164.67
-11799596.26,4654472.75,2164.94
-11799597.700000001,4654472.0600000005,2164.57
-11799599.11,4654471.39,2164.21
-11799600.56,4654470.69,2163.85
-11799601.64,4654470.13,2161.13
-11799603.35,4654469.34,2162.52
-11799604.66,4654468.69,2161.17
-11799606.57,4654467.84,2163.86
-11799608.08,4654467.14,2163.86
-11799609.23,4654466.53,2161.36
-11799610.71,4654465.84,2161.35
-11799612.21,4654465.13,2161.38
-11799613.69,4654464.42,2161.42
-11799615.15,4654463.71,2161.42
-11799616.67,4654463.0,2161.51
-11799618.18,4654462.3100000005,2161.55
-11799619.68,4654461.57,2161.61
-11799621.16,4654460.89,2161.61
-11799622.68,4654460.18,2161.63
-11799623.55,4654462.17,2161.67
-11799622.07,4654462.89,2161.63
-11799620.59,4654463.600000001,2161.6
-11799619.08,4654464.3100000005,2161.55
-11799617.6,4654465.0200000005,2161.5
-11799616.120000001,4654465.73,2161.44
-11799614.63,4654466.44,2161.42
-11799613.16,4654467.13,2161.38
-11799611.65,4654467.850000001,2161.36
-11799610.52,4654468.43,2163.88
-11799610.16,4654468.5600000005,2161.4
-11799609.03,4654469.14,2163.9
-11799607.53,4654469.86,2163.88
-11799607.14,4654469.99,2161.19
-11799605.77,4654470.67,2161.84
-11799604.33,4654471.36,2162.01
-11799603.05,4654471.99,2163.69
-11799602.67,4654472.13,2161.15
-11799601.59,4654472.69,2164.05
-11799600.16,4654473.38,2164.42
-11799598.75,4654474.0600000005,2164.79
-11799597.24,4654474.78,2164.82
-11799595.69,4654475.5200000005,2164.44
-11799594.15,4654476.22,2164.04
-11799592.67,4654476.93,2163.94
-11799591.19,4654477.65,2164.03
-11799589.64,4654478.39,2163.78
-11799587.700000001,4654479.2700000005,2160.92
-11799586.21,4654479.98,2160.88
-11799584.75,4654480.66,2160.86
-11799585.01,4654481.45,2160.88
-11799586.5,4654480.75,2160.86
-11799588.03,4654480.0200000005,2160.9
-11799589.93,4654479.16,2163.34
-11799589.55,4654479.3100000005,2160.92
-11799591.52,4654478.42,2163.94
-11799593.08,4654477.69,2164.33
-11799594.52,4654477.0,2163.92
-11799596.06,4654476.28,2164.3
-11799597.61,4654475.55,2164.69
-11799599.13,4654474.82,2164.88
-11799600.55,4654474.13,2164.54
-11799602.0,4654473.45,2164.15
-11799603.450000001,4654472.76,2163.8
-11799604.56,4654472.2,2161.15
-11799606.06,4654471.49,2161.17
-11799607.94,4654470.62,2163.94
-11799607.53,4654470.78,2161.19
-11799609.44,4654469.92,2163.92
-11799610.94,4654469.21,2163.92
-11799612.07,4654468.63,2161.34
-11799613.55,4654467.93,2161.38
-11799615.08,4654467.21,2161.42
-11799616.58,4654466.5,2161.44
-11799618.08,4654465.8,2161.49
-11799619.58,4654465.07,2161.55
-11799621.05,4654464.38,2161.6
-11799622.540000001,4654463.67,2161.67
-11799622.64,4654466.01,2161.6
-11799621.13,4654466.74,2161.56
-11799619.63,4654467.45,2161.49
-11799618.11,4654468.17,2161.44
-11799616.59,4654468.9,2161.42
-11799615.08,4654469.62,2161.44
-11799613.58,4654470.33,2161.35
-11799612.46,4654470.9,2163.9
-11799612.1,4654471.04,2161.5
-11799610.97,4654471.600000001,2163.96
-11799609.11,4654472.47,2161.31
-11799607.59,4654473.19,2161.24
-11799606.49,4654473.7700000005,2163.83
-11799604.98,4654474.48,2163.77
-11799603.1,4654475.33,2161.17
-11799602.120000001,4654475.87,2164.63
-11799601.6,4654476.04,2161.19
-11799600.66,4654476.5600000005,2164.94
-11799599.09,4654477.3,2164.63
-11799597.56,4654478.03,2164.23
-11799596.01,4654478.7700000005,2163.82
-11799594.55,4654479.47,2164.19
-11799593.07,4654480.17,2164.4
-11799591.450000001,4654480.94,2163.69
-11799591.01,4654481.11,2160.97
-11799589.51,4654481.82,2160.92
-11799588.02,4654482.54,2160.9
-11799586.52,4654483.25,2160.86
-11799585.0,4654483.97,2160.86
-11799584.66,4654485.24,2160.86
-11799586.18,4654484.5200000005,2160.85
-11799587.68,4654483.8100000005,2160.88
-11799589.18,4654483.100000001,2160.9
-11799590.700000001,4654482.38,2160.9
-11799592.67,4654481.5,2163.96
-11799592.19,4654481.67,2160.96
-11799594.13,4654480.8,2163.65
-11799595.55,4654480.11,2163.23
-11799597.120000001,4654479.37,2163.84
-11799598.68,4654478.64,2164.25
-11799600.25,4654477.9,2164.65
-11799599.72,4654478.09,2161.15
-11799601.22,4654477.38,2161.19
-11799602.700000001,4654476.67,2161.17
-11799604.23,4654475.96,2161.15
-11799606.13,4654475.11,2163.79
-11799607.65,4654474.37,2163.86
-11799608.72,4654473.82,2161.3
-11799610.25,4654473.11,2161.6
-11799611.74,4654472.4,2161.42
-11799613.25,4654471.68,2161.44
-11799614.71,4654470.99,2161.4
-11799616.18,4654470.29,2161.4
-11799618.6,4654469.25,2167.79
-11799617.700000001,4654469.58,2161.4
-11799619.19,4654468.87,2161.42
-11799620.69,4654468.14,2161.48
-11799622.22,4654467.43,2161.57
-11799623.72,4654466.72,2161.63
-11799623.68,4654469.22,2161.58
-11799622.18,4654469.93,2161.48
-11799620.73,4654470.63,2161.47
-11799619.26,4654471.33,2161.44
-11799617.76,4654472.04,2161.4
-11799616.24,4654472.78,2161.38
-11799616.08,4654473.0,2170.65
-11799614.77,4654473.47,2161.54
-11799613.26,4654474.2,2161.42
-11799611.78,4654474.9,2161.51
-11799610.28,4654475.63,2161.42
-11799609.15,4654476.2,2163.92
-11799607.67,4654476.91,2163.92
-11799607.27,4654477.04,2161.19
-11799605.77,4654477.75,2161.21
-11799604.27,4654478.49,2161.17
-11799602.76,4654479.21,2161.13
-11799601.27,4654479.92,2161.15
-11799599.78,4654480.63,2161.17
-11799598.3,4654481.33,2161.15
-11799597.03,4654481.96,2162.58
-11799596.83,4654482.04,2161.35
-11799595.31,4654482.7700000005,2160.98
-11799593.99,4654483.41,2162.17
-11799592.44,4654484.16,2162.03
-11799590.77,4654484.92,2160.92
-11799589.290000001,4654485.63,2160.92
-11799587.76,4654486.36,2160.88
-11799586.51,4654486.99,2162.42
-11799585.03,4654487.7,2162.34
-11799584.83,4654488.86,2162.19
-11799586.35,4654488.12,2162.29
-11799587.71,4654487.46,2161.4
-11799589.13,4654486.8,2160.86
-11799590.620000001,4654486.09,2160.92
-11799592.120000001,4654485.38,2160.92
-11799593.78,4654484.600000001,2161.84
-11799595.13,4654483.95,2160.96
-11799596.620000001,4654483.24,2160.92
-11799598.6,4654482.34,2163.94
-11799598.17,4654482.49,2161.15
-11799599.68,4654481.78,2161.17
-11799601.17,4654481.09,2161.15
-11799602.65,4654480.38,2161.13
-11799604.13,4654479.68,2161.17
-11799605.63,4654478.96,2161.22
-11799607.15,4654478.25,2161.23
-11799609.040000001,4654477.38,2163.83
-11799608.65,4654477.5200000005,2161.15
-11799610.26,4654476.78,2162.05
-11799611.65,4654476.11,2161.31
-11799613.16,4654475.38,2161.31
-11799614.69,4654474.67,2161.48
-11799616.16,4654473.96,2161.36
-11799617.67,4654473.25,2161.42
-11799619.17,4654472.54,2161.44
-11799620.66,4654471.82,2161.46
-11799622.18,4654471.11,2161.49
-11799623.69,4654470.39,2161.54
-11799622.43,4654473.5200000005,2161.49
-11799620.94,4654474.23,2161.49
-11799619.450000001,4654474.94,2161.46
-11799617.94,4654475.67,2161.4
-11799616.47,4654476.38,2161.35
-11799614.99,4654477.08,2161.35
-11799613.49,4654477.78,2161.31
-11799612.02,4654478.49,2161.31
-11799610.51,4654479.23,2161.27
-11799608.98,4654479.95,2161.28
-11799607.5,4654480.66,2161.26
-11799606.02,4654481.37,2161.25
-11799604.540000001,4654482.07,2161.23
-11799603.040000001,4654482.8,2161.21
-11799601.52,4654483.5200000005,2161.17
-11799600.61,4654484.0200000005,2164.94
-11799600.040000001,4654484.23,2161.22
-11799599.120000001,4654484.72,2164.69
-11799597.61,4654485.43,2164.42
-11799596.06,4654486.17,2164.15
-11799594.51,4654486.92,2163.97
-11799594.040000001,4654487.08,2160.96
-11799592.53,4654487.8100000005,2160.92
-11799591.040000001,4654488.5200000005,2160.9
-11799589.72,4654489.17,2161.94
-11799588.31,4654489.86,2162.48
-11799586.76,4654490.58,2162.0
-11799585.16,4654491.34,2161.3
-11799584.5,4654492.73,2161.3
-11799586.0,4654492.0200000005,2161.17
-11799587.64,4654491.26,2162.07
-11799589.19,4654490.53,2162.44
-11799590.65,4654489.83,2162.21
-11799590.47,4654489.9,2161.09
-11799592.33,4654489.0600000005,2163.33
-11799591.93,4654489.2,2160.88
-11799593.950000001,4654488.28,2164.03
-11799593.46,4654488.47,2160.86
-11799595.49,4654487.5600000005,2164.28
-11799597.01,4654486.82,2164.56
-11799598.55,4654486.12,2164.82
-11799600.09,4654485.39,2165.1
-11799601.56,4654484.68,2164.99
-11799600.99,4654484.9,2161.22
-11799602.48,4654484.2,2161.19
-11799603.98,4654483.48,2161.24
-11799605.48,4654482.7700000005,2161.23
-11799606.96,4654482.0600000005,2161.24
-11799608.49,4654481.34,2161.27
-11799609.99,4654480.63,2161.28
-11799611.46,4654479.92,2161.31
-11799612.96,4654479.21,2161.33
-11799614.46,4654478.5,2161.34
-11799615.96,4654477.78,2161.34
-11799617.44,4654477.07,2161.38
-11799618.96,4654476.37,2161.44
-11799620.46,4654475.66,2161.47
-11799621.94,4654474.93,2161.48
-11799623.47,4654474.2,2161.48
-11799622.57,4654477.100000001,2161.94
-11799621.0,4654477.86,2161.47
-11799619.53,4654478.5600000005,2161.42
-11799618.040000001,4654479.2700000005,2161.38
-11799616.540000001,4654479.99,2161.33
-11799615.040000001,4654480.7,2161.35
-11799613.56,4654481.41,2161.36
-11799612.05,4654482.12,2161.32
-11799610.55,4654482.86,2161.32
-11799609.09,4654483.55,2161.28
-11799607.6,4654484.26,2161.26
-11799606.09,4654484.99,2161.23
-11799604.59,4654485.7,2161.26
-11799603.55,4654486.25,2164.02
-11799603.13,4654486.41,2161.25
-11799602.35,4654486.84,2165.78
-11799602.14,4654486.92,2164.4
-11799600.69,4654487.63,2164.59
-11799599.24,4654488.33,2164.85
-11799597.77,4654489.03,2165.11
-11799596.24,4654489.76,2165.0
-11799594.74,4654490.47,2164.69
-11799593.23,4654491.19,2164.44
-11799592.67,4654491.41,2160.92
-11799591.15,4654492.13,2160.97
-11799589.63,4654492.87,2160.96
-11799588.15,4654493.58,2160.94
-11799586.66,4654494.29,2160.94
-11799585.47,4654494.89,2162.69
-11799584.52,4654496.37,2162.55
-11799584.22,4654496.5,2160.72
-11799586.06,4654495.66,2162.75
-11799587.26,4654495.0600000005,2160.92
-11799588.86,4654494.3100000005,2161.53
-11799590.31,4654493.62,2161.19
-11799591.790000001,4654492.91,2160.97
-11799593.9,4654491.96,2164.84
-11799593.290000001,4654492.19,2161.03
-11799595.46,4654491.21,2165.08
-11799596.93,4654490.5200000005,2165.01
-11799598.36,4654489.84,2164.77
-11799599.85,4654489.13,2164.52
-11799601.28,4654488.43,2164.29
-11799602.85,4654487.7,2164.79
-11799604.3,4654487.0,2164.38
-11799603.82,4654487.19,2161.31
-11799605.31,4654486.48,2161.21
-11799606.81,4654485.76,2161.19
-11799608.31,4654485.05,2161.23
-11799609.83,4654484.33,2161.28
-11799611.33,4654483.62,2161.31
-11799612.81,4654482.91,2161.29
-11799614.290000001,4654482.2,2161.32
-11799615.78,4654481.49,2161.36
-11799617.31,4654480.7700000005,2161.35
-11799618.790000001,4654480.0600000005,2161.36
-11799620.290000001,4654479.34,2161.4
-11799621.8,4654478.63,2161.49
-11799623.290000001,4654477.92,2161.52
-11799623.94,4654480.22,2161.65
-11799622.48,4654480.93,2161.67
-11799620.97,4654481.65,2161.57
-11799619.44,4654482.36,2161.42
-11799617.94,4654483.100000001,2161.33
-11799616.46,4654483.8,2161.38
-11799614.97,4654484.53,2161.35
-11799613.47,4654485.25,2161.32
-11799611.98,4654485.96,2161.29
-11799610.47,4654486.68,2161.25
-11799608.99,4654487.39,2161.23
-11799607.51,4654488.100000001,2161.19
-11799606.01,4654488.82,2161.19
-11799604.49,4654489.55,2161.19
-11799603.03,4654490.23,2161.17
-11799602.1,4654490.73,2164.73
-11799601.55,4654490.94,2161.17
-11799600.47,4654491.5200000005,2163.92
-11799600.05,4654491.68,2161.26
-11799599.0,4654492.2,2164.07
-11799597.55,4654492.91,2164.29
-11799596.13,4654493.61,2164.55
-11799595.58,4654493.82,2161.07
-11799594.36,4654494.42,2162.9
-11799592.56,4654495.2700000005,2161.06
-11799591.47,4654495.8100000005,2163.5
-11799589.98,4654496.5200000005,2163.49
-11799588.14,4654497.39,2161.32
-11799586.65,4654498.11,2161.46
-11799585.06,4654498.86,2160.86
-11799585.47,4654499.88,2161.94
-11799586.82,4654499.22,2161.0
-11799588.61,4654498.39,2162.83
-11799590.200000001,4654497.65,2163.46
-11799591.71,4654496.92,2163.52
-11799593.19,4654496.21,2163.52
-11799592.81,4654496.36,2161.06
-11799594.6,4654495.53,2162.94
-11799596.09,4654494.82,2162.85
-11799597.76,4654494.04,2163.98
-11799599.65,4654493.16,2166.61
-11799598.81,4654493.49,2161.23
-11799600.28,4654492.8,2161.13
-11799601.81,4654492.07,2161.17
-11799603.33,4654491.350000001,2161.17
-11799604.83,4654490.64,2161.19
-11799606.31,4654489.93,2161.19
-11799607.81,4654489.21,2161.21
-11799609.3,4654488.5,2161.21
-11799610.83,4654487.78,2161.26
-11799612.33,4654487.0600000005,2161.27
-11799613.790000001,4654486.36,2161.29
-11799615.3,4654485.64,2161.34
-11799616.83,4654484.9,2161.36
-11799618.31,4654484.19,2161.47
-11799619.81,4654483.49,2161.52
-11799621.3,4654482.79,2161.51
-11799622.82,4654482.0600000005,2161.75
-11799623.82,4654484.21,2161.51
-11799622.33,4654484.92,2161.44
-11799620.86,4654485.63,2161.48
-11799619.36,4654486.350000001,2161.42
-11799617.870000001,4654487.0600000005,2161.42
-11799616.370000001,4654487.78,2161.38
-11799614.870000001,4654488.5,2161.33
-11799613.4,4654489.21,2161.23
-11799611.93,4654489.92,2161.25
-11799610.41,4654490.64,2161.22
-11799608.91,4654491.350000001,2161.21
-11799607.43,4654492.08,2161.19
-11799605.94,4654492.79,2161.17
-11799604.47,4654493.5,2161.17
-11799602.98,4654494.21,2161.17
-11799601.48,4654494.93,2161.13
-11799599.97,4654495.67,2161.11
-11799598.47,4654496.38,2161.1
-11799597.0,4654497.08,2161.08
-11799596.57,4654497.38,2167.82
-11799595.5,4654497.8100000005,2161.06
-11799594.42,4654498.34,2163.55
-11799592.92,4654499.08,2163.52
-11799591.32,4654499.83,2162.9
-11799589.81,4654500.5600000005,2162.84
-11799589.53,4654500.68,2161.11
-11799588.26,4654501.3,2162.63
-11799586.76,4654502.03,2162.61
-11799586.450000001,4654502.15,2160.77
-11799584.97,4654502.86,2160.79
-11799584.86,4654504.12,2160.8
-11799586.39,4654503.41,2160.79
-11799588.02,4654502.63,2161.53
-11799589.43,4654501.95,2160.86
-11799591.27,4654501.100000001,2162.84
-11799592.700000001,4654500.41,2162.76
-11799594.98,4654499.39,2167.79
-11799594.290000001,4654499.67,2163.54
-11799593.9,4654499.82,2161.02
-11799595.4,4654499.100000001,2161.02
-11799596.91,4654498.37,2161.05
-11799598.4,4654497.66,2161.08
-11799599.89,4654496.95,2161.09
-11799601.41,4654496.23,2161.11
-11799602.92,4654495.5200000005,2161.15
-11799604.42,4654494.8,2161.17
-11799605.93,4654494.08,2161.17
-11799607.42,4654493.37,2161.19
-11799608.92,4654492.66,2161.19
-11799610.43,4654491.92,2161.19
-11799611.93,4654491.21,2161.23
-11799613.39,4654490.5200000005,2161.24
-11799614.9,4654489.78,2161.31
-11799616.41,4654489.08,2161.35
-11799617.91,4654488.350000001,2161.4
-11799619.41,4654487.65,2161.4
-11799620.92,4654486.92,2161.47
-11799622.4,4654486.21,2161.42
-11799623.88,4654485.51,2161.42
-11799623.450000001,4654488.41,2161.48
-11799621.97,4654489.12,2161.47
-11799620.51,4654489.84,2161.44
-11799619.02,4654490.55,2161.42
-11799617.51,4654491.28,2161.35
-11799616.0,4654492.0,2161.31
-11799614.51,4654492.71,2161.25
-11799613.01,4654493.43,2161.25
-11799611.52,4654494.16,2161.23
-11799610.06,4654494.86,2161.28
-11799608.56,4654495.57,2161.25
-11799607.05,4654496.3100000005,2161.15
-11799605.57,4654497.0200000005,2161.13
-11799604.1,4654497.72,2161.15
-11799602.620000001,4654498.42,2161.13
-11799601.11,4654499.17,2161.11
-11799599.59,4654499.89,2161.07
-11799598.11,4654500.600000001,2161.04
-11799596.6,4654501.33,2161.03
-11799595.1,4654502.05,2161.02
-11799593.61,4654502.78,2161.0
-11799592.09,4654503.5,2160.96
-11799591.5,4654503.850000001,2166.51
-11799590.6,4654504.21,2160.9
-11799589.1,4654504.94,2160.86
-11799587.58,4654505.68,2160.81
-11799586.08,4654506.4,2160.81
-11799584.59,4654507.11,2160.76
-11799584.65,4654508.2700000005,2163.35
-11799584.27,4654508.44,2160.99
-11799585.69,4654507.74,2160.79
-11799587.19,4654507.03,2160.8
-11799588.72,4654506.3,2160.86
-11799590.23,4654505.58,2160.9
-11799591.73,4654504.87,2160.94
-11799593.22,4654504.15,2160.99
-11799594.72,4654503.44,2161.01
-11799596.21,4654502.71,2161.02
-11799597.71,4654502.0,2161.05
-11799599.23,4654501.29,2161.06
-11799600.71,4654500.57,2161.09
-11799602.22,4654499.850000001,2161.1
-11799603.75,4654499.13,2161.11
-11799605.25,4654498.39,2161.13
-11799606.72,4654497.7,2161.15
-11799608.21,4654496.99,2161.19
-11799610.47,4654495.96,2166.26
-11799609.73,4654496.25,2161.29
-11799611.83,4654495.3100000005,2165.38
-11799612.71,4654494.84,2161.24
-11799614.22,4654494.11,2161.27
-11799615.69,4654493.4,2161.24
-11799617.18,4654492.7,2161.32
-11799618.68,4654491.99,2161.36
-11799620.18,4654491.2700000005,2161.4
-11799621.66,4654490.5600000005,2161.44
-11799623.18,4654489.82,2161.44
-11799623.22,4654492.62,2161.44
-11799621.73,4654493.33,2161.42
-11799620.27,4654494.03,2161.4
-11799618.76,4654494.76,2161.29
-11799617.25,4654495.48,2161.22
-11799615.77,4654496.19,2161.26
-11799614.85,4654496.68,2164.98
-11799614.31,4654496.9,2161.32
-11799613.49,4654497.34,2165.77
-11799612.15,4654498.0,2166.63
-11799610.78,4654498.69,2167.44
-11799609.38,4654499.36,2168.3
-11799607.94,4654500.07,2168.44
-11799606.31,4654500.83,2167.54
-11799605.34,4654501.22,2161.17
-11799603.84,4654501.93,2161.17
-11799603.17,4654502.34,2166.44
-11799602.34,4654502.67,2161.13
-11799600.83,4654503.4,2161.11
-11799599.35,4654504.11,2161.07
-11799597.870000001,4654504.83,2161.05
-11799596.370000001,4654505.54,2161.01
-11799594.870000001,4654506.28,2161.0
-11799593.39,4654506.98,2160.97
-11799591.9,4654507.71,2160.94
-11799590.43,4654508.41,2160.92
-11799588.93,4654509.14,2160.88
-11799587.42,4654509.86,2160.85
-11799586.85,4654510.21,2166.54
-11799585.89,4654510.61,2160.79
-11799584.39,4654511.33,2160.81
-11799584.63,4654512.45,2166.61
-11799585.17,4654512.13,2160.78
-11799586.67,4654511.42,2160.79
-11799588.15,4654510.71,2160.85
-11799589.65,4654509.99,2160.88
-11799591.18,4654509.25,2160.92
-11799592.700000001,4654508.5200000005,2160.94
-11799594.19,4654507.8100000005,2160.96
-11799595.66,4654507.100000001,2160.99
-11799597.16,4654506.38,2161.02
-11799598.69,4654505.66,2161.06
-11799600.19,4654504.94,2161.09
-11799601.66,4654504.23,2161.15
-11799603.16,4654503.5200000005,2161.17
-11799605.46,4654502.47,2166.31
-11799604.67,4654502.8,2161.17
-11799607.11,4654501.68,2167.28
-11799608.77,4654500.91,2168.29
-11799610.27,4654500.18,2168.4
-11799611.63,4654499.53,2167.57
-11799613.01,4654498.86,2166.71
-11799614.38,4654498.18,2165.86
-11799615.72,4654497.5200000005,2165.08
-11799615.16,4654497.75,2161.27
-11799616.65,4654497.04,2161.28
-11799618.15,4654496.33,2161.23
-11799619.65,4654495.61,2161.3
-11799621.15,4654494.88,2161.38
-11799622.65,4654494.18,2161.4
-11799624.120000001,4654493.47,2161.4
-11799623.55,4654496.37,2161.38
-11799622.05,4654497.11,2161.34
-11799620.53,4654497.850000001,2161.31
-11799619.0,4654498.5600000005,2161.27
-11799618.040000001,4654499.09,2164.94
-11799617.51,4654499.3100000005,2161.31
-11799616.67,4654499.75,2165.72
-11799615.31,4654500.44,2166.54
-11799613.950000001,4654501.09,2167.4
-11799612.56,4654501.7700000005,2168.25
-11799611.1,4654502.48,2168.5
-11799609.49,4654503.24,2167.49
-11799607.85,4654504.0200000005,2166.48
-11799606.200000001,4654504.82,2165.47
-11799604.06,4654505.8,2161.21
-11799602.53,4654506.54,2161.19
-11799601.03,4654507.2700000005,2161.15
-11799599.5,4654508.01,2161.1
-11799597.99,4654508.73,2161.09
-11799596.48,4654509.46,2161.03
-11799594.97,4654510.19,2160.98
-11799593.46,4654510.91,2160.96
-11799591.97,4654511.64,2160.9
-11799590.47,4654512.36,2160.88
-11799588.98,4654513.09,2160.86
-11799587.46,4654513.8100000005,2160.84
-11799585.97,4654514.54,2160.83
-11799584.51,4654515.25,2160.83
-11799584.64,4654516.350000001,2160.81
-11799586.15,4654515.63,2160.8
-11799587.65,4654514.92,2160.82
-11799589.14,4654514.2,2160.83
-11799590.64,4654513.48,2160.86
-11799592.17,4654512.74,2160.9
-11799593.68,4654512.0200000005,2160.94
-11799595.18,4654511.3,2161.0
-11799596.67,4654510.59,2161.01
-11799598.16,4654509.87,2161.05
-11799599.69,4654509.13,2161.08
-11799601.22,4654508.4,2161.11
-11799602.68,4654507.7,2161.17
-11799604.15,4654507.0,2161.19
-11799606.24,4654506.04,2165.02
-11799605.65,4654506.2700000005,2161.23
-11799607.86,4654505.25,2165.82
-11799609.53,4654504.47,2166.84
-11799611.16,4654503.7,2167.85
-11799612.77,4654502.94,2168.73
-11799614.15,4654502.2700000005,2167.94
-11799615.5,4654501.61,2167.11
-11799616.85,4654500.93,2166.27
-11799618.22,4654500.28,2165.42
-11799619.120000001,4654499.8100000005,2161.27
-11799620.63,4654499.07,2161.28
-11799622.13,4654498.36,2161.36
-11799623.620000001,4654497.64,2161.38
-11799623.42,4654500.37,2161.34
-11799621.91,4654501.100000001,2161.28
-11799620.39,4654501.83,2161.28
-11799619.56,4654502.29,2165.8
-11799618.91,4654502.55,2161.32
-11799618.16,4654502.97,2166.73
-11799616.76,4654503.67,2167.59
-11799615.39,4654504.33,2168.44
-11799613.84,4654505.08,2168.24
-11799612.16,4654505.88,2167.22
-11799610.5,4654506.67,2166.19
-11799608.85,4654507.46,2165.21
-11799606.71,4654508.46,2161.21
-11799605.19,4654509.18,2161.19
-11799603.65,4654509.94,2161.17
-11799602.35,4654510.58,2162.69
-11799602.14,4654510.66,2161.3
-11799600.59,4654511.42,2161.13
-11799599.63,4654511.92,2164.83
-11799598.33,4654512.57,2166.0
-11799597.540000001,4654512.89,2161.11
-11799596.03,4654513.61,2161.06
-11799594.51,4654514.36,2161.03
-11799592.99,4654515.08,2160.96
-11799591.44,4654515.84,2160.92
-11799589.89,4654516.59,2160.86
-11799588.39,4654517.32,2160.85
-11799586.88,4654518.0600000005,2160.83
-11799585.34,4654518.79,2160.8
-11799584.07,4654520.51,2160.79
-11799585.61,4654519.76,2160.81
-11799587.11,4654519.04,2160.83
-11799588.59,4654518.33,2160.84
-11799590.09,4654517.61,2160.85
-11799591.63,4654516.87,2160.88
-11799593.15,4654516.13,2160.94
-11799594.63,4654515.42,2161.03
-11799597.22,4654514.24,2167.84
-11799596.14,4654514.7,2161.09
-11799598.52,4654513.61,2166.69
-11799599.82,4654512.97,2165.56
-11799601.15,4654512.32,2164.4
-11799602.1,4654511.83,2161.11
-11799603.6,4654511.11,2161.17
-11799605.11,4654510.38,2161.19
-11799606.620000001,4654509.65,2161.19
-11799608.13,4654508.93,2161.19
-11799610.24,4654507.96,2165.44
-11799611.86,4654507.18,2166.42
-11799613.52,4654506.39,2167.4
-11799615.200000001,4654505.59,2168.38
-11799616.66,4654504.88,2168.33
-11799617.99,4654504.23,2167.48
-11799617.56,4654504.43,2164.57
-11799618.58,4654503.9,2161.27
-11799620.06,4654503.18,2161.25
-11799621.55,4654502.47,2161.24
-11799623.05,4654501.75,2161.25
-11799624.1,4654504.0,2161.22
-11799622.63,4654504.7,2161.21
-11799621.17,4654505.4,2161.22
-11799619.700000001,4654506.12,2161.19
-11799618.19,4654506.86,2161.23
-11799617.13,4654507.39,2164.13
-11799615.72,4654508.09,2164.59
-11799615.21,4654508.3,2161.19
-11799614.540000001,4654508.68,2166.65
-11799613.73,4654509.0200000005,2161.25
-11799612.9,4654509.47,2165.75
-11799611.3,4654510.24,2165.0
-11799610.74,4654510.46,2161.27
-11799609.27,4654511.17,2161.23
-11799607.78,4654511.91,2161.17
-11799606.3,4654512.63,2161.19
-11799604.8,4654513.350000001,2161.13
-11799603.76,4654513.89,2164.1
-11799603.3,4654514.08,2161.13
-11799602.42,4654514.54,2165.15
-11799601.15,4654515.16,2166.31
-11799599.86,4654515.8100000005,2167.46
-11799598.53,4654516.47,2168.44
-11799596.790000001,4654517.28,2166.92
-11799595.08,4654518.11,2165.44
-11799592.83,4654519.15,2160.92
-11799591.33,4654519.88,2160.9
-11799589.82,4654520.62,2160.88
-11799588.32,4654521.34,2160.86
-11799586.85,4654522.05,2160.83
-11799585.370000001,4654522.78,2160.85
-11799585.38,4654523.91,2160.86
-11799587.11,4654523.100000001,2162.03
-11799586.92,4654523.16,2160.94
-11799588.4,4654522.45,2160.9
-11799589.86,4654521.74,2160.9
-11799591.34,4654521.04,2160.9
-11799593.15,4654520.18,2162.85
-11799592.84,4654520.3100000005,2160.92
-11799594.91,4654519.34,2164.44
-11799596.64,4654518.5200000005,2165.97
-11799598.370000001,4654517.7,2167.44
-11799599.97,4654516.93,2168.23
-11799601.290000001,4654516.3,2167.08
-11799602.61,4654515.66,2165.92
-11799603.92,4654515.01,2164.77
-11799604.84,4654514.53,2161.11
-11799606.6,4654513.7,2162.9
-11799606.33,4654513.8100000005,2161.19
-11799607.83,4654513.09,2161.19
-11799609.32,4654512.36,2161.21
-11799610.82,4654511.63,2161.25
-11799612.85,4654510.7,2165.08
-11799612.28,4654510.92,2161.27
-11799613.75,4654510.21,2161.19
-11799615.25,4654509.5,2161.21
-11799616.93,4654508.7,2162.51
-11799616.74,4654508.78,2161.21
-11799618.24,4654508.0600000005,2161.21
-11799619.73,4654507.350000001,2161.21
-11799621.200000001,4654506.63,2161.21
-11799622.72,4654505.9,2161.22
-11799624.21,4654505.17,2161.19
-11799623.870000001,4654508.26,2161.19
-11799622.4,4654508.98,2161.22
-11799620.91,4654509.7,2161.23
-11799619.41,4654510.42,2161.19
-11799617.91,4654511.15,2161.15
-11799616.450000001,4654511.88,2161.17
-11799615.01,4654512.57,2161.17
-11799613.52,4654513.29,2161.23
-11799612.01,4654514.03,2161.22
-11799610.52,4654514.76,2161.21
-11799609.05,4654515.47,2161.22
-11799607.59,4654516.18,2161.13
-11799606.6,4654516.7,2164.44
-11799605.26,4654517.36,2165.57
-11799603.94,4654518.01,2166.73
-11799602.63,4654518.66,2167.85
-11799601.17,4654519.38,2167.9
-11799599.44,4654520.19,2166.36
-11799597.700000001,4654521.0200000005,2164.9
-11799595.58,4654522.0,2161.02
-11799594.11,4654522.74,2160.97
-11799592.65,4654523.46,2161.0
-11799591.120000001,4654524.19,2160.99
-11799589.9,4654524.8100000005,2162.73
-11799589.620000001,4654524.93,2161.01
-11799588.47,4654525.5,2162.88
-11799588.24,4654525.61,2161.53
-11799586.67,4654526.36,2161.22
-11799585.18,4654527.09,2161.17
-11799584.55,4654528.5600000005,2160.9
-11799586.08,4654527.83,2161.04
-11799587.68,4654527.0600000005,2161.61
-11799589.23,4654526.32,2162.0
-11799590.58,4654525.66,2161.03
-11799592.09,4654524.93,2161.01
-11799593.59,4654524.19,2160.99
-11799595.06,4654523.48,2160.97
-11799596.75,4654522.68,2162.07
-11799596.58,4654522.74,2161.06
-11799598.69,4654521.75,2164.81
-11799600.41,4654520.94,2166.31
-11799602.14,4654520.11,2167.83
-11799603.64,4654519.4,2167.96
-11799604.94,4654518.75,2166.78
-11799606.24,4654518.12,2165.63
-11799607.55,4654517.47,2164.47
-11799608.53,4654516.98,2161.13
-11799610.05,4654516.23,2161.23
-11799611.540000001,4654515.51,2161.19
-11799613.02,4654514.8,2161.19
-11799614.51,4654514.08,2161.17
-11799616.0,4654513.34,2161.13
-11799617.52,4654512.62,2161.17
-11799619.01,4654511.9,2161.15
-11799620.47,4654511.19,2161.21
-11799621.96,4654510.47,2161.21
-11799623.47,4654509.73,2161.21
-11799623.61,4654512.55,2161.25
-11799622.11,4654513.28,2161.23
-11799620.61,4654514.01,2161.21
-11799619.14,4654514.73,2161.17
-11799617.65,4654515.45,2161.15
-11799616.17,4654516.19,2161.15
-11799614.68,4654516.91,2161.17
-11799613.22,4654517.62,2161.21
-11799611.98,4654518.25,2162.79
-11799611.72,4654518.350000001,2161.11
-11799610.22,4654519.09,2161.17
-11799608.74,4654519.8100000005,2161.17
-11799607.25,4654520.54,2161.19
-11799606.700000001,4654520.86,2167.25
-11799605.76,4654521.25,2161.23
-11799605.38,4654521.51,2168.36
-11799603.76,4654522.29,2167.35
-11799602.03,4654523.11,2165.79
-11799600.31,4654523.93,2164.3
-11799599.790000001,4654524.15,2161.04
-11799598.290000001,4654524.9,2161.05
-11799596.790000001,4654525.62,2161.06
-11799595.33,4654526.34,2161.32
-11799593.8,4654527.09,2161.11
-11799592.59,4654527.69,2162.8
-11799592.34,4654527.8100000005,2161.22
-11799590.86,4654528.5200000005,2161.34
-11799589.32,4654529.28,2161.08
-11799587.81,4654530.0,2160.94
-11799586.35,4654530.71,2160.92
-11799584.870000001,4654531.46,2160.92
-11799585.55,4654532.37,2160.94
-11799587.05,4654531.66,2160.94
-11799588.55,4654530.93,2160.94
-11799590.06,4654530.21,2161.06
-11799591.56,4654529.47,2161.17
-11799593.14,4654528.71,2161.71
-11799594.53,4654528.03,2161.04
-11799596.05,4654527.29,2161.09
-11799597.58,4654526.5600000005,2161.19
-11799599.03,4654525.850000001,2161.11
-11799601.0,4654524.92,2164.15
-11799600.53,4654525.13,2161.15
-11799602.72,4654524.11,2165.44
-11799604.46,4654523.2700000005,2166.92
-11799603.55,4654523.66,2161.17
-11799605.040000001,4654522.94,2161.17
-11799606.5,4654522.23,2161.17
-11799607.99,4654521.5,2161.15
-11799609.5,4654520.79,2161.17
-11799611.0,4654520.05,2161.19
-11799612.46,4654519.34,2161.15
-11799613.950000001,4654518.62,2161.21
-11799615.450000001,4654517.89,2161.21
-11799616.950000001,4654517.17,2161.15
-11799618.46,4654516.44,2161.17
-11799619.94,4654515.72,2161.21
-11799621.44,4654514.99,2161.24
-11799622.94,4654514.2700000005,2161.26
-11799623.18,4654517.11,2161.28
-11799621.700000001,4654517.850000001,2161.29
-11799620.24,4654518.55,2161.26
-11799618.74,4654519.29,2161.24
-11799617.27,4654520.01,2161.25
-11799615.78,4654520.72,2161.25
-11799614.27,4654521.48,2161.17
-11799612.76,4654522.21,2161.19
-11799611.3,4654522.93,2161.19
-11799609.83,4654523.66,2161.15
-11799608.31,4654524.38,2161.15
-11799606.83,4654525.11,2161.17
-11799605.33,4654525.850000001,2161.15
-11799603.84,4654526.58,2161.13
-11799602.370000001,4654527.3,2161.17
-11799600.89,4654528.0200000005,2161.15
-11799599.38,4654528.75,2161.19
-11799597.9,4654529.48,2161.22
-11799596.41,4654530.21,2161.22
-11799594.950000001,4654530.92,2161.24
-11799593.56,4654531.59,2161.65
-11799591.96,4654532.39,2161.01
-11799590.46,4654533.11,2160.97
-11799588.950000001,4654533.86,2160.94
-11799587.450000001,4654534.59,2160.92
-11799585.950000001,4654535.33,2160.96
-11799584.47,4654536.05,2161.02
-11799584.86,4654537.12,2160.94
-11799586.36,4654536.39,2160.92
-11799587.82,4654535.68,2160.9
-11799589.32,4654534.95,2160.92
-11799590.83,4654534.22,2161.0
-11799592.33,4654533.48,2161.0
-11799593.950000001,4654532.7,2161.63
-11799595.450000001,4654531.98,2161.61
-11799597.16,4654531.17,2162.88
-11799596.88,4654531.29,2161.13
-11799598.41,4654530.53,2161.24
-11799599.9,4654529.82,2161.19
-11799601.38,4654529.100000001,2161.19
-11799602.84,4654528.39,2161.13
-11799604.34,4654527.67,2161.15
-11799605.85,4654526.92,2161.15
-11799607.34,4654526.21,2161.15
-11799608.85,4654525.47,2161.19
-11799610.32,4654524.75,2161.17
-11799611.81,4654524.0200000005,2161.17
-11799613.31,4654523.3100000005,2161.19
-11799614.790000001,4654522.59,2161.15
-11799616.56,4654521.72,2162.92
-11799616.290000001,4654521.850000001,2161.11
-11799617.78,4654521.12,2161.25
-11799619.25,4654520.41,2161.27
-11799620.78,4654519.68,2161.25
-11799622.26,4654518.96,2161.28
-11799623.73,4654518.25,2161.29
-11799624.370000001,4654520.82,2161.28
-11799622.85,4654521.5600000005,2161.26
-11799621.38,4654522.29,2161.26
-11799619.92,4654523.01,2161.26
-11799618.71,4654523.61,2162.97
-11799618.43,4654523.73,2161.13
-11799616.92,4654524.46,2161.22
-11799615.44,4654525.2,2161.25
-11799613.96,4654525.92,2161.22
-11799612.48,4654526.63,2161.21
-11799611.0,4654527.37,2161.21
-11799609.52,4654528.100000001,2161.19
-11799608.03,4654528.82,2161.19
-11799606.53,4654529.57,2161.17
-11799605.03,4654530.29,2161.17
-11799603.68,4654530.97,2161.97
-11799602.21,4654531.69,2162.01
-11799600.71,4654532.41,2162.03
-11799599.35,4654533.08,2162.8
-11799599.1,4654533.19,2161.19
-11799597.59,4654533.95,2161.13
-11799596.18,4654534.64,2161.55
-11799594.61,4654535.4,2161.08
-11799593.1,4654536.14,2161.01
-11799591.6,4654536.87,2161.0
-11799590.13,4654537.59,2160.92
-11799588.67,4654538.3100000005,2160.9
-11799587.16,4654539.04,2160.9
-11799585.66,4654539.78,2161.0
-11799584.59,4654540.32,2163.44
-11799584.77,4654541.5,2163.85
-11799584.290000001,4654541.71,2161.03
-11799585.790000001,4654540.97,2161.04
-11799587.27,4654540.26,2160.94
-11799588.75,4654539.54,2160.96
-11799590.23,4654538.82,2160.96
-11799591.76,4654538.07,2161.0
-11799593.27,4654537.34,2160.99
-11799595.63,4654536.21,2166.22
-11799594.790000001,4654536.61,2161.05
-11799596.28,4654535.87,2161.09
-11799597.77,4654535.15,2161.07
-11799599.26,4654534.41,2161.11
-11799600.76,4654533.69,2161.25
-11799602.39,4654532.91,2162.01
-11799603.89,4654532.17,2162.01
-11799605.22,4654531.5200000005,2161.17
-11799606.700000001,4654530.8100000005,2161.17
-11799608.49,4654529.93,2163.08
-11799608.18,4654530.09,2161.15
-11799610.01,4654529.21,2163.19
-11799609.71,4654529.33,2161.23
-11799611.18,4654528.62,2161.19
-11799612.67,4654527.9,2161.21
-11799614.19,4654527.15,2161.19
-11799615.74,4654526.4,2161.22
-11799617.200000001,4654525.69,2161.22
-11799618.65,4654524.98,2161.19
-11799620.16,4654524.25,2161.32
-11799621.65,4654523.53,2161.26
-11799623.14,4654522.8100000005,2161.27
-11799623.91,4654525.41,2161.31
-11799622.41,4654526.15,2161.35
-11799620.91,4654526.9,2161.24
-11799619.43,4654527.62,2161.26
-11799617.950000001,4654528.34,2161.23
-11799616.46,4654529.07,2161.19
-11799614.97,4654529.8100000005,2161.19
-11799613.5,4654530.5200000005,2161.24
-11799612.03,4654531.25,2161.17
-11799610.540000001,4654531.97,2161.17
-11799609.07,4654532.71,2161.17
-11799607.56,4654533.44,2161.19
-11799606.06,4654534.17,2161.23
-11799604.61,4654534.9,2161.27
-11799603.120000001,4654535.63,2161.28
-11799601.6,4654536.36,2161.21
-11799600.1,4654537.11,2161.13
-11799598.620000001,4654537.83,2161.11
-11799597.93,4654538.21,2165.9
-11799597.14,4654538.55,2161.08
-11799595.64,4654539.3,2161.05
-11799594.15,4654540.0200000005,2161.04
-11799592.64,4654540.7700000005,2161.07
-11799591.14,4654541.51,2161.01
-11799589.69,4654542.21,2161.05
-11799588.200000001,4654542.95,2161.05
-11799586.66,4654543.71,2161.02
-11799585.16,4654544.44,2160.99
-11799585.01,4654545.78,2161.04
-11799586.52,4654545.03,2161.03
-11799588.02,4654544.3,2161.04
-11799589.52,4654543.57,2161.04
-11799591.040000001,4654542.83,2161.06
-11799592.540000001,4654542.09,2161.02
-11799594.01,4654541.36,2161.06
-11799595.5,4654540.65,2161.05
-11799596.99,4654539.93,2161.08
-11799598.46,4654539.21,2161.08
-11799600.07,4654538.41,2161.69
-11799601.540000001,4654537.7,2161.44
-11799603.0,4654536.99,2161.32
-11799604.48,4654536.2700000005,2161.27
-11799605.96,4654535.55,2161.23
-11799607.47,4654534.8,2161.21
-11799608.97,4654534.08,2161.15
-11799610.44,4654533.36,2161.19
-11799611.9,4654532.65,2161.24
-11799613.4,4654531.91,2161.25
-11799614.93,4654531.17,2161.17
-11799616.42,4654530.43,2161.17
-11799617.89,4654529.72,2161.17
-11799619.69,4654528.84,2163.4
-11799619.36,4654529.0,2161.19
-11799621.14,4654528.14,2163.06
-11799620.870000001,4654528.2700000005,2161.24
-11799622.36,4654527.53,2161.22
-11799623.86,4654526.8100000005,2161.26
-11799623.48,4654529.89,2161.27
-11799621.99,4654530.63,2161.25
-11799620.52,4654531.350000001,2161.23
-11799619.06,4654532.0600000005,2161.25
-11799617.57,4654532.8,2161.17
-11799616.07,4654533.54,2161.22
-11799614.59,4654534.2700000005,2161.21
-11799613.09,4654535.01,2161.19
-11799611.620000001,4654535.72,2161.19
-11799610.16,4654536.45,2161.26
-11799608.68,4654537.18,2161.21
-11799607.21,4654537.91,2161.29
-11799605.71,4654538.64,2161.23
-11799604.21,4654539.39,2161.24
-11799602.75,4654540.100000001,2161.47
-11799601.21,4654540.86,2161.19
-11799599.700000001,4654541.600000001,2161.13
-11799598.23,4654542.33,2161.13
-11799596.75,4654543.05,2161.11
-11799595.27,4654543.78,2161.11
-11799593.75,4654544.5200000005,2161.11
-11799592.27,4654545.26,2161.11
-11799590.790000001,4654545.98,2161.11
-11799589.28,4654546.73,2161.09
-11799587.78,4654547.47,2161.07
-11799586.58,4654548.07,2162.65
-11799586.31,4654548.17,2161.07
-11799584.85,4654548.91,2161.09
-11799584.25,4654550.5200000005,2161.07
-11799585.75,4654549.78,2161.09
-11799587.26,4654549.05,2161.05
-11799588.76,4654548.3100000005,2161.07
-11799590.25,4654547.58,2161.08
-11799592.16,4654546.66,2163.57
-11799591.74,4654546.86,2161.07
-11799593.64,4654545.94,2163.55
-11799593.24,4654546.12,2161.11
-11799594.73,4654545.39,2161.11
-11799596.25,4654544.66,2161.08
-11799597.73,4654543.92,2161.11
-11799599.21,4654543.2,2161.13
-11799600.71,4654542.47,2161.15
-11799602.22,4654541.73,2161.17
-11799603.78,4654540.97,2161.57
-11799605.25,4654540.25,2161.44
-11799606.78,4654539.5,2161.44
-11799608.24,4654538.79,2161.3
-11799609.700000001,4654538.08,2161.28
-11799611.200000001,4654537.350000001,2161.25
-11799612.69,4654536.62,2161.19
-11799614.18,4654535.88,2161.19
-11799615.67,4654535.15,2161.17
-11799617.14,4654534.44,2161.19
-11799618.61,4654533.72,2161.17
-11799620.1,4654532.98,2161.26
-11799621.620000001,4654532.25,2161.22
-11799623.1,4654531.51,2161.29
-11799624.0,4654534.09,2168.48
-11799622.450000001,4654534.850000001,2168.1
-11799620.86,4654535.62,2167.36
-11799619.96,4654536.05,2161.29
-11799618.49,4654536.7700000005,2161.21
-11799617.02,4654537.5,2161.26
-11799616.06,4654537.99,2164.78
-11799615.61,4654538.19,2161.86
-11799614.040000001,4654538.97,2161.29
-11799612.58,4654539.69,2161.27
-11799611.08,4654540.43,2161.31
-11799609.85,4654541.03,2163.03
-11799609.58,4654541.18,2161.33
-11799608.09,4654541.91,2161.27
-11799606.6,4654542.64,2161.23
-11799605.120000001,4654543.38,2161.24
-11799603.63,4654544.09,2161.23
-11799602.14,4654544.850000001,2161.22
-11799600.64,4654545.57,2161.17
-11799599.15,4654546.32,2161.17
-11799597.66,4654547.04,2161.19
-11799596.8,4654547.5,2164.92
-11799596.19,4654547.79,2161.17
-11799595.28,4654548.24,2164.56
-11799594.700000001,4654548.5200000005,2161.13
-11799593.82,4654548.95,2164.65
-11799593.23,4654549.23,2161.13
-11799592.18,4654549.78,2163.86
-11799591.71,4654549.99,2161.03
-11799590.41,4654550.64,2162.4
-11799590.18,4654550.75,2161.08
-11799588.67,4654551.5,2161.08
-11799587.21,4654552.22,2161.11
-11799585.74,4654552.94,2161.13
-11799584.25,4654553.67,2161.13
-11799584.74,4654554.58,2161.11
-11799586.26,4654553.84,2161.13
-11799587.76,4654553.08,2161.11
-11799589.24,4654552.37,2161.11
-11799591.25,4654551.39,2164.17
-11799590.73,4654551.64,2161.02
-11799592.66,4654550.71,2163.67
-11799594.27,4654549.91,2164.48
-11799593.71,4654550.17,2161.13
-11799595.86,4654549.14,2165.08
-11799595.200000001,4654549.45,2161.11
-11799597.0,4654548.57,2162.88
-11799596.71,4654548.7,2161.15
-11799598.22,4654547.97,2161.19
-11799599.72,4654547.23,2161.17
-11799601.21,4654546.5,2161.19
-11799602.68,4654545.78,2161.22
-11799604.18,4654545.04,2161.21
-11799605.67,4654544.3100000005,2161.25
-11799607.15,4654543.57,2161.26
-11799608.67,4654542.84,2161.25
-11799610.200000001,4654542.09,2161.38
-11799611.68,4654541.36,2161.32
-11799613.14,4654540.65,2161.28
-11799615.16,4654539.67,2164.81
-11799614.620000001,4654539.92,2161.29
-11799616.700000001,4654538.92,2164.86
-11799618.21,4654538.16,2164.94
-11799617.65,4654538.43,2161.24
-11799620.040000001,4654537.28,2167.47
-11799619.11,4654537.71,2161.31
-11799621.61,4654536.51,2168.07
-11799623.17,4654535.74,2168.65
-11799623.36,4654538.73,2170.32
-11799621.78,4654539.5,2169.67
-11799620.22,4654540.28,2169.05
-11799618.65,4654541.04,2168.44
-11799617.03,4654541.850000001,2167.53
-11799616.09,4654542.3,2161.31
-11799614.620000001,4654543.01,2161.4
-11799613.39,4654543.65,2162.98
-11799613.15,4654543.75,2161.44
-11799611.66,4654544.49,2161.31
-11799610.63,4654545.01,2164.11
-11799610.200000001,4654545.22,2161.3
-11799608.67,4654545.96,2161.28
-11799607.16,4654546.72,2161.29
-11799605.69,4654547.44,2161.25
-11799604.22,4654548.17,2161.26
-11799602.74,4654548.91,2161.28
-11799601.27,4654549.64,2161.27
-11799599.76,4654550.39,2161.26
-11799598.82,4654550.86,2164.77
-11799598.49,4654551.0200000005,2162.69
-11799598.25,4654551.14,2161.26
-11799597.43,4654551.55,2165.33
-11799596.76,4654551.86,2161.24
-11799596.0,4654552.26,2165.56
-11799595.59,4654552.45,2163.1
-11799594.33,4654553.0600000005,2164.53
-11799593.76,4654553.34,2161.15
-11799592.290000001,4654554.09,2161.22
-11799590.81,4654554.8100000005,2161.21
-11799589.56,4654555.44,2162.44
-11799588.07,4654556.17,2162.4
-11799591.21,4654555.850000001,2162.34
-11799591.040000001,4654555.93,2161.35
-11799592.52,4654555.2,2161.19
-11799594.49,4654554.24,2164.07
-11799594.0,4654554.45,2161.17
-11799596.18,4654553.41,2165.3
-11799597.69,4654552.65,2165.4
-11799599.14,4654551.96,2165.21
-11799598.89,4654552.05,2163.75
-11799598.49,4654552.26,2161.26
-11799600.38,4654551.34,2163.74
-11799599.97,4654551.53,2161.25
-11799601.46,4654550.79,2161.29
-11799602.950000001,4654550.07,2161.29
-11799604.43,4654549.34,2161.27
-11799605.92,4654548.600000001,2161.19
-11799607.43,4654547.87,2161.29
-11799609.36,4654546.91,2164.11
-11799608.93,4654547.12,2161.31
-11799610.86,4654546.18,2164.26
-11799611.91,4654545.65,2161.38
-11799613.4,4654544.93,2161.36
-11799614.91,4654544.18,2161.44
-11799616.4,4654543.45,2161.4
-11799618.89,4654542.24,2168.09
-11799620.55,4654541.43,2169.4
-11799622.18,4654540.63,2170.4
-11799623.67,4654539.89,2170.42
-11799623.47,4654542.8100000005,2170.06
-11799621.790000001,4654543.66,2168.73
-11799620.14,4654544.47,2167.49
-11799619.22,4654544.91,2161.4
-11799617.75,4654545.64,2161.5
-11799616.48,4654546.2700000005,2163.0
-11799616.25,4654546.39,2161.46
-11799614.75,4654547.12,2161.42
-11799613.84,4654547.59,2164.98
-11799613.290000001,4654547.83,2161.48
-11799612.33,4654548.33,2164.77
-11799610.83,4654549.09,2164.59
-11799609.32,4654549.83,2164.44
-11799607.78,4654550.600000001,2164.28
-11799606.290000001,4654551.33,2164.13
-11799605.84,4654551.55,2161.27
-11799604.36,4654552.29,2161.31
-11799602.89,4654553.0200000005,2161.32
-11799601.8,4654553.57,2163.75
-11799601.39,4654553.76,2161.28
-11799600.3,4654554.3100000005,2163.73
-11799599.9,4654554.49,2161.3
-11799598.82,4654555.04,2163.78
-11799598.42,4654555.24,2161.28
-11799597.34,4654555.7700000005,2163.83
-11799596.92,4654555.97,2161.3
-11799600.120000001,4654555.74,2163.74
-11799599.73,4654555.94,2161.3
-11799601.200000001,4654555.21,2161.29
-11799602.69,4654554.47,2161.31
-11799604.200000001,4654553.74,2161.32
-11799606.17,4654552.7700000005,2164.3
-11799605.74,4654552.98,2161.55
-11799607.67,4654552.03,2164.4
-11799609.17,4654551.29,2164.58
-11799610.67,4654550.55,2164.75
-11799612.200000001,4654549.79,2165.0
-11799613.75,4654549.03,2165.29
-11799615.290000001,4654548.2700000005,2165.6
-11799614.65,4654548.57,2161.49
-11799616.13,4654547.850000001,2161.4
-11799617.870000001,4654546.98,2163.06
-11799617.64,4654547.09,2161.51
-11799619.1,4654546.38,2161.5
-11799621.5,4654545.21,2167.53
-11799620.59,4654545.65,2161.42
-11799623.14,4654544.4,2168.81
-11799624.69,4654546.46,2167.96
-11799623.16,4654547.23,2167.38
-11799622.28,4654547.65,2161.53
-11799620.82,4654548.38,2161.57
-11799619.31,4654549.14,2161.47
-11799617.81,4654549.87,2161.52
-11799617.11,4654550.24,2166.65
-11799616.51,4654550.53,2162.77
-11799615.61,4654550.98,2166.32
-11799614.1,4654551.72,2166.02
-11799612.58,4654552.49,2165.72
-11799611.05,4654553.25,2165.42
-11799609.55,4654554.0,2165.13
-11799608.05,4654554.75,2164.8
-11799606.53,4654555.49,2164.63
-11799606.0,4654555.76,2161.26
-11799607.58,4654556.18,2164.98
-11799609.11,4654555.42,2165.28
-11799610.65,4654554.67,2165.61
-11799612.17,4654553.92,2165.9
-11799613.72,4654553.15,2166.19
-11799615.27,4654552.39,2166.5
-11799616.790000001,4654551.63,2166.82
-11799618.27,4654550.9,2166.85
-11799617.66,4654551.19,2162.84
-11799618.94,4654550.55,2161.49
-11799620.71,4654549.67,2163.24
-11799620.44,4654549.82,2161.46
-11799621.93,4654549.07,2161.56
-11799624.25,4654547.93,2167.36
-11799623.39,4654548.36,2161.55
-11799623.48,4654551.3,2161.65
-11799621.98,4654552.0600000005,2161.55
-11799620.540000001,4654552.78,2161.63
-11799619.700000001,4654553.21,2165.88
-11799618.25,4654553.92,2166.11
-11799616.81,4654554.65,2166.38
-11799615.38,4654555.350000001,2166.69
-11799613.96,4654556.08,2166.94
-11799617.31,4654555.83,2165.97
-11799618.76,4654555.09,2165.88
-11799620.17,4654554.41,2165.42
-11799621.61,4654553.68,2165.15
-11799622.56,4654553.23,2161.59
-11799624.040000001,4654552.47,2161.61
-11799624.28,4654555.350000001,2161.61
-11799623.31,4654555.850000001,2164.94
-11799584.8,4654404.33,2160.99
-11799586.46,4654403.53,2160.99
-11799588.27,4654404.100000001,2161.1
-11799586.64,4654404.89,2161.1
-11799584.950000001,4654405.69,2160.97
-11799587.07,4654405.39,2161.07
-11799585.44,4654406.16,2161.01
-11799588.71,4654404.63,2161.09
-11799590.38,4654403.8100000005,2161.19
-11799594.01,4654403.58,2161.25
-11799592.34,4654404.37,2161.17
-11799590.67,4654405.14,2161.13
-11799589.0,4654405.94,2161.11
-11799587.370000001,4654406.7,2161.09
-11799585.76,4654407.48,2161.05
-11799584.1,4654408.25,2161.04
-11799584.23,4654408.96,2161.05
-11799585.91,4654408.18,2161.09
-11799587.56,4654407.41,2161.08
-11799589.21,4654406.63,2161.09
-11799590.86,4654405.850000001,2161.13
-11799592.53,4654405.0600000005,2161.23
-11799594.16,4654404.3,2161.21
-11799597.92,4654403.87,2161.26
-11799596.290000001,4654404.65,2161.28
-11799594.63,4654405.42,2161.23
-11799593.0,4654406.19,2161.22
-11799591.36,4654406.96,2161.25
-11799589.700000001,4654407.76,2161.15
-11799588.07,4654408.5200000005,2161.11
-11799586.42,4654409.3100000005,2161.08
-11799584.790000001,4654410.07,2161.07
-11799584.540000001,4654411.0600000005,2161.07
-11799586.19,4654410.2700000005,2161.09
-11799587.85,4654409.5,2161.09
-11799589.58,4654408.63,2161.92
-11799592.81,4654407.16,2161.25
-11799591.14,4654407.95,2161.17
-11799593.01,4654406.98,2163.1
-11799594.450000001,4654406.38,2161.21
-11799596.120000001,4654405.61,2161.27
-11799597.78,4654404.83,2161.25
-11799599.43,4654404.03,2161.25
-11799601.98,4654404.15,2161.34
-11799600.32,4654404.94,2161.32
-11799598.67,4654405.7,2161.31
-11799596.99,4654406.51,2161.27
-11799595.36,4654407.2700000005,2161.25
-11799593.72,4654408.05,2161.33
-11799593.89,4654407.88,2162.88
-11799592.08,4654408.82,2161.17
-11799592.31,4654408.600000001,2163.19
-11799588.790000001,4654410.37,2161.21
-11799590.51,4654409.53,2161.86
-11799587.17,4654411.14,2161.13
-11799585.52,4654411.92,2161.07
-11799584.98,4654412.9,2161.06
-11799586.65,4654412.12,2161.17
-11799588.31,4654411.350000001,2161.19
-11799589.98,4654410.55,2161.28
-11799591.64,4654409.79,2161.19
-11799593.31,4654409.0,2161.23
-11799593.51,4654408.8,2163.11
-11799596.58,4654407.46,2161.27
-11799594.96,4654408.2,2161.28
-11799599.89,4654405.9,2161.32
-11799598.22,4654406.69,2161.33
-11799603.19,4654404.350000001,2161.34
-11799601.55,4654405.13,2161.34
-11799604.85,4654403.58,2161.33
-11799607.65,4654403.7700000005,2161.36
-11799606.02,4654404.53,2161.35
-11799604.36,4654405.3100000005,2161.35
-11799602.72,4654406.09,2161.36
-11799601.07,4654406.850000001,2161.38
-11799599.43,4654407.64,2161.33
-11799597.790000001,4654408.39,2161.29
-11799596.120000001,4654409.19,2161.26
-11799594.47,4654409.97,2161.25
-11799592.85,4654410.74,2161.23
-11799591.19,4654411.5200000005,2161.22
-11799589.540000001,4654412.3,2161.17
-11799587.93,4654413.0600000005,2161.17
-11799586.26,4654413.83,2161.24
-11799584.59,4654414.62,2161.15
-11799585.290000001,4654415.04,2161.17
-11799586.96,4654414.26,2161.17
-11799588.6,4654413.49,2161.15
-11799590.26,4654412.71,2161.17
-11799593.540000001,4654411.15,2161.22
-11799591.91,4654411.93,2161.24
-11799595.200000001,4654410.39,2161.23
-11799596.86,4654409.61,2161.26
-11799598.51,4654408.83,2161.42
-11799600.16,4654408.04,2161.36
-11799601.84,4654407.2700000005,2161.35
-11799603.49,4654406.49,2161.36
-11799605.13,4654405.73,2161.33
-11799606.78,4654404.95,2161.32
-11799608.42,4654404.18,2161.34
-11799608.290000001,4654405.59,2161.38
-11799611.64,4654404.03,2161.44
-11799605.03,4654407.13,2161.38
-11799609.97,4654404.82,2161.4
-11799603.36,4654407.93,2161.34
-11799606.66,4654406.37,2161.42
-11799601.71,4654408.7,2161.32
-11799600.06,4654409.48,2161.33
-11799598.4,4654410.26,2161.33
-11799596.77,4654411.01,2161.36
-11799595.120000001,4654411.8100000005,2161.25
-11799591.8,4654413.36,2161.19
-11799593.47,4654412.59,2161.26
-11799588.56,4654414.9,2161.23
-11799590.14,4654414.15,2161.22
-11799588.76,4654414.72,2163.05
-11799586.91,4654415.66,2161.19
-11799585.23,4654416.47,2161.17
-11799585.620000001,4654417.0600000005,2161.15
-11799587.290000001,4654416.28,2161.17
-11799587.49,4654416.12,2162.88
-11799589.15,4654415.32,2162.92
-11799588.950000001,4654415.51,2161.17
-11799590.63,4654414.71,2161.19
-11799592.27,4654413.95,2161.21
-11799593.92,4654413.17,2161.25
-11799595.57,4654412.4,2161.26
-11799597.22,4654411.62,2161.27
-11799598.89,4654410.82,2161.33
-11799600.55,4654410.0600000005,2161.34
-11799603.81,4654408.53,2161.38
-11799602.18,4654409.3,2161.35
-11799607.120000001,4654406.98,2161.38
-11799605.46,4654407.75,2161.4
-11799608.76,4654406.2,2161.35
-11799610.44,4654405.41,2161.42
-11799612.1,4654404.64,2161.42
-11799613.77,4654403.850000001,2161.47
-11799617.33,4654403.63,2161.51
-11799615.68,4654404.42,2161.46
-11799614.02,4654405.2,2161.48
-11799612.39,4654405.97,2161.44
-11799610.73,4654406.75,2161.42
-11799609.08,4654407.51,2161.38
-11799607.43,4654408.28,2161.36
-11799605.84,4654409.04,2161.4
-11799604.23,4654409.79,2161.69
-11799602.52,4654410.600000001,2161.4
-11799600.86,4654411.39,2161.4
-11799599.21,4654412.18,2161.35
-11799597.540000001,4654412.95,2161.28
-11799595.93,4654413.72,2161.32
-11799594.28,4654414.49,2161.34
-11799592.6,4654415.28,2161.23
-11799590.96,4654416.07,2161.19
-11799589.32,4654416.8100000005,2161.33
-11799587.65,4654417.61,2161.36
-11799585.97,4654418.42,2161.13
-11799584.32,4654419.2,2161.03
-11799584.41,4654419.83,2161.13
-11799586.08,4654419.0600000005,2161.07
-11799587.78,4654418.24,2161.35
-11799589.41,4654417.49,2161.19
-11799591.05,4654416.72,2161.21
-11799592.67,4654415.96,2161.19
-11799594.31,4654415.18,2161.26
-11799595.99,4654414.38,2161.31
-11799597.68,4654413.61,2161.3
-11799599.32,4654412.83,2161.33
-11799600.96,4654412.0600000005,2161.38
-11799602.61,4654411.2700000005,2161.4
-11799604.27,4654410.5,2161.5
-11799605.93,4654409.73,2161.36
-11799610.83,4654407.42,2161.44
-11799607.55,4654408.97,2161.38
-11799612.51,4654406.62,2161.46
-11799609.17,4654408.21,2161.42
-11799614.17,4654405.850000001,2161.44
-11799615.8,4654405.09,2161.42
-11799617.42,4654404.33,2161.47
-11799621.44,4654403.9,2163.94
-11799619.790000001,4654404.67,2164.09
-11799621.22,4654404.12,2161.53
-11799617.870000001,4654405.71,2161.44
-11799618.0,4654405.58,2162.72
-11799616.22,4654406.47,2161.4
-11799614.620000001,4654407.23,2161.42
-11799612.98,4654408.0,2161.42
-11799611.32,4654408.79,2161.48
-11799609.64,4654409.58,2161.42
-11799608.0,4654410.350000001,2161.42
-11799606.36,4654411.13,2161.36
-11799604.71,4654411.89,2161.36
-11799603.07,4654412.68,2161.32
-11799601.44,4654413.44,2161.31
-11799599.78,4654414.23,2161.26
-11799598.13,4654415.0,2161.3
-11799596.48,4654415.7700000005,2161.33
-11799594.85,4654416.54,2161.36
-11799593.19,4654417.32,2161.38
-11799591.52,4654418.11,2161.24
-11799589.870000001,4654418.89,2161.19
-11799588.27,4654419.65,2161.15
-11799586.6,4654420.42,2161.07
-11799584.99,4654421.18,2161.47
-11799584.82,4654422.04,2161.15
-11799586.46,4654421.28,2161.11
-11799588.120000001,4654420.49,2161.08
-11799589.81,4654419.69,2161.17
-11799591.47,4654418.92,2161.21
-11799593.120000001,4654418.14,2161.33
-11799594.78,4654417.36,2161.44
-11799596.42,4654416.57,2161.44
-11799598.07,4654415.8100000005,2161.33
-11799599.700000001,4654415.0600000005,2161.27
-11799601.36,4654414.2700000005,2161.26
-11799603.03,4654413.5,2161.33
-11799604.69,4654412.71,2161.36
-11799606.34,4654411.92,2161.38
-11799608.01,4654411.16,2161.4
-11799609.65,4654410.39,2161.46
-11799611.28,4654409.62,2161.44
-11799612.89,4654408.86,2161.42
-11799614.540000001,4654408.09,2161.4
-11799616.21,4654407.3100000005,2161.4
-11799617.86,4654406.54,2161.4
-11799618.03,4654406.350000001,2163.28
-11799619.620000001,4654405.64,2162.55
-11799621.17,4654404.98,2161.5
-11799622.83,4654404.2,2161.53
-11799622.99,4654404.03,2163.21
-11799622.09,4654406.01,2161.67
-11799620.49,4654406.73,2162.19
-11799620.63,4654406.61,2163.53
-11799618.85,4654407.5,2162.17
-11799617.17,4654408.33,2161.47
-11799617.35,4654408.16,2163.28
-11799615.540000001,4654409.100000001,2161.42
-11799613.88,4654409.87,2161.55
-11799613.98,4654409.79,2162.53
-11799614.16,4654409.59,2164.36
-11799612.22,4654410.67,2161.42
-11799610.55,4654411.45,2161.38
-11799608.89,4654412.24,2161.42
-11799607.24,4654413.0200000005,2161.42
-11799605.61,4654413.78,2161.4
-11799603.97,4654414.55,2161.35
-11799602.32,4654415.33,2161.35
-11799600.67,4654416.100000001,2161.27
-11799599.0,4654416.9,2161.29
-11799597.38,4654417.66,2161.28
-11799595.74,4654418.44,2161.27
-11799594.1,4654419.2,2161.25
-11799592.450000001,4654419.99,2161.25
-11799590.81,4654420.75,2161.36
-11799589.14,4654421.55,2161.1
-11799587.51,4654422.3100000005,2161.08
-11799585.84,4654423.100000001,2161.0
-11799584.16,4654423.9,2160.98
-11799585.27,4654424.21,2160.98
-11799586.94,4654423.41,2161.11
-11799588.58,4654422.64,2161.1
-11799590.26,4654421.84,2161.15
-11799591.92,4654421.0600000005,2161.21
-11799593.58,4654420.29,2161.25
-11799595.23,4654419.5200000005,2161.26
-11799596.9,4654418.73,2161.28
-11799598.540000001,4654417.96,2161.26
-11799600.16,4654417.2,2161.28
-11799601.81,4654416.43,2161.3
-11799603.49,4654415.65,2161.34
-11799605.14,4654414.86,2161.36
-11799606.78,4654414.100000001,2161.42
-11799608.4,4654413.32,2161.44
-11799610.07,4654412.55,2161.4
-11799611.86,4654411.64,2162.61
-11799613.38,4654410.99,2161.42
-11799613.5,4654410.88,2162.49
-11799615.31,4654409.94,2164.36
-11799613.69,4654410.71,2164.36
-11799616.66,4654409.45,2161.5
-11799618.290000001,4654408.69,2161.52
-11799619.93,4654407.91,2161.54
-11799620.120000001,4654407.73,2163.42
-11799621.71,4654407.0200000005,2162.73
-11799621.21,4654408.68,2161.55
-11799622.85,4654407.9,2161.55
-11799619.56,4654409.43,2161.57
-11799619.68,4654409.34,2162.67
-11799616.55,4654410.73,2164.34
-11799617.9,4654410.23,2161.51
-11799614.94,4654411.5,2164.36
-11799616.28,4654410.99,2161.59
-11799613.3,4654412.2700000005,2164.33
-11799611.450000001,4654413.2,2162.63
-11799611.63,4654413.04,2164.36
-11799609.69,4654414.100000001,2161.44
-11799608.06,4654414.87,2161.42
-11799606.41,4654415.65,2161.4
-11799604.77,4654416.42,2161.4
-11799603.09,4654417.22,2161.34
-11799601.44,4654417.99,2161.33
-11799599.82,4654418.75,2161.34
-11799598.16,4654419.54,2161.27
-11799596.51,4654420.3100000005,2161.26
-11799594.870000001,4654421.08,2161.3
-11799593.22,4654421.86,2161.27
-11799591.6,4654422.64,2161.27
-11799589.93,4654423.42,2161.11
-11799588.3,4654424.16,2161.54
-11799586.59,4654425.0,2160.99
-11799584.950000001,4654425.7700000005,2161.03
-11799585.78,4654426.11,2161.02
-11799584.14,4654426.89,2161.01
-11799587.42,4654425.350000001,2160.98
-11799589.15,4654424.51,2161.55
-11799590.74,4654423.79,2161.11
-11799592.4,4654423.0,2161.25
-11799594.040000001,4654422.21,2161.29
-11799595.72,4654421.44,2161.33
-11799597.370000001,4654420.66,2161.24
-11799599.02,4654419.89,2161.27
-11799600.65,4654419.13,2161.32
-11799602.3,4654418.350000001,2161.33
-11799603.97,4654417.57,2161.36
-11799605.63,4654416.79,2161.36
-11799607.3,4654416.0,2161.38
-11799608.92,4654415.24,2161.38
-11799609.05,4654415.12,2162.61
-11799610.88,4654414.17,2164.36
-11799610.56,4654414.47,2161.4
-11799612.53,4654413.41,2164.35
-11799614.14,4654412.65,2164.36
-11799615.81,4654411.87,2164.36
-11799617.36,4654411.2,2163.19
-11799617.46,4654411.100000001,2164.32
-11799618.81,4654410.59,2161.5
-11799618.96,4654410.45,2163.01
-11799620.42,4654409.83,2161.55
-11799622.09,4654409.0600000005,2161.56
-11799621.94,4654410.69,2161.63
-11799620.290000001,4654411.48,2161.54
-11799618.66,4654412.24,2161.56
-11799618.93,4654411.99,2164.23
-11799617.31,4654412.74,2164.38
-11799615.66,4654413.51,2164.38
-11799614.02,4654414.29,2164.36
-11799612.38,4654415.0600000005,2164.36
-11799610.74,4654415.82,2164.35
-11799608.790000001,4654416.88,2161.54
-11799609.08,4654416.600000001,2164.36
-11799608.89,4654416.79,2162.47
-11799607.15,4654417.67,2161.34
-11799607.27,4654417.55,2162.58
-11799605.51,4654418.45,2161.34
-11799603.88,4654419.21,2161.35
-11799602.24,4654419.98,2161.33
-11799600.6,4654420.74,2161.34
-11799598.93,4654421.54,2161.31
-11799597.26,4654422.33,2161.26
-11799595.64,4654423.09,2161.27
-11799593.97,4654423.87,2161.27
-11799590.71,4654425.42,2161.3
-11799592.32,4654424.67,2161.15
-11799589.02,4654426.22,2160.98
-11799587.38,4654426.98,2161.07
-11799585.75,4654427.75,2161.07
-11799584.09,4654428.54,2161.07
-11799584.55,4654429.04,2161.1
-11799586.19,4654428.2700000005,2161.08
-11799587.84,4654427.49,2161.04
-11799589.47,4654426.73,2161.01
-11799591.18,4654425.9,2161.53
-11799592.81,4654425.16,2161.13
-11799594.46,4654424.38,2161.26
-11799596.1,4654423.600000001,2161.29
-11799597.75,4654422.8100000005,2161.3
-11799599.4,4654422.0600000005,2161.29
-11799601.06,4654421.28,2161.32
-11799602.71,4654420.5,2161.36
-11799604.370000001,4654419.72,2161.32
-11799606.06,4654418.93,2161.4
-11799606.18,4654418.82,2162.44
-11799607.700000001,4654418.15,2161.56
-11799608.01,4654417.87,2164.38
-11799609.64,4654417.11,2164.36
-11799611.28,4654416.33,2164.36
-11799612.91,4654415.57,2164.36
-11799614.57,4654414.8,2164.38
-11799616.21,4654414.01,2164.38
-11799617.85,4654413.25,2164.38
-11799619.21,4654412.74,2161.54
-11799619.49,4654412.47,2164.32
-11799620.85,4654411.98,2161.54
-11799622.52,4654411.19,2161.55
-11799620.96,4654413.29,2161.63
-11799622.58,4654412.53,2161.54
-11799619.58,4654413.8,2164.42
-11799617.96,4654414.57,2164.38
-11799616.32,4654415.34,2164.38
-11799614.68,4654416.100000001,2164.38
-11799613.03,4654416.88,2164.38
-11799611.4,4654417.66,2164.38
-11799609.76,4654418.44,2164.36
-11799608.120000001,4654419.2,2164.38
-11799606.15,4654420.26,2161.32
-11799606.48,4654419.97,2164.36
-11799604.52,4654421.05,2161.38
-11799602.85,4654421.83,2161.36
-11799601.200000001,4654422.61,2161.36
-11799599.57,4654423.38,2161.31
-11799597.93,4654424.15,2161.36
-11799596.26,4654424.95,2161.29
-11799594.6,4654425.73,2161.17
-11799592.950000001,4654426.49,2161.22
-11799591.290000001,4654427.3,2161.09
-11799589.65,4654428.0600000005,2161.06
-11799588.01,4654428.83,2161.09
-11799586.35,4654429.62,2161.11
-11799584.71,4654430.38,2161.11
-11799584.71,4654431.18,2161.15
-11799586.34,4654430.41,2161.11
-11799587.99,4654429.65,2161.11
-11799589.64,4654428.88,2161.06
-11799591.28,4654428.12,2161.02
-11799592.99,4654427.29,2161.54
-11799596.25,4654425.7700000005,2161.27
-11799594.58,4654426.57,2161.17
-11799599.57,4654424.2,2161.34
-11799597.93,4654424.98,2161.36
-11799602.85,4654422.67,2161.36
-11799601.22,4654423.42,2161.35
-11799604.51,4654421.88,2161.38
-11799606.47,4654420.82,2164.36
-11799608.14,4654420.05,2164.36
-11799609.8,4654419.26,2164.36
-11799611.450000001,4654418.48,2164.36
-11799613.09,4654417.72,2164.36
-11799614.73,4654416.95,2164.38
-11799616.38,4654416.17,2164.38
-11799618.02,4654415.4,2164.38
-11799619.64,4654414.64,2164.36
-11799620.99,4654414.14,2161.6
-11799621.26,4654413.89,2164.24
-11799622.63,4654413.37,2161.59
-11799622.85,4654414.68,2161.79
-11799621.46,4654415.23,2164.32
-11799619.85,4654415.99,2164.36
-11799618.200000001,4654416.7700000005,2164.4
-11799616.55,4654417.53,2164.38
-11799614.93,4654418.29,2164.4
-11799613.31,4654419.07,2164.38
-11799611.69,4654419.83,2164.38
-11799610.040000001,4654420.59,2164.38
-11799608.39,4654421.39,2164.38
-11799606.38,4654422.48,2161.4
-11799606.48,4654422.37,2162.38
-11799606.71,4654422.18,2164.49
-11799604.73,4654423.25,2161.38
-11799603.120000001,4654424.01,2161.35
-11799601.48,4654424.79,2161.33
-11799599.83,4654425.5600000005,2161.36
-11799598.17,4654426.34,2161.31
-11799596.5,4654427.14,2161.19
-11799594.85,4654427.92,2161.19
-11799593.26,4654428.63,2161.71
-11799591.55,4654429.47,2161.09
-11799589.92,4654430.25,2161.11
-11799584.97,4654432.57,2161.15
-11799588.26,4654431.0200000005,2161.15
-11799586.64,4654431.78,2161.15
-11799584.64,4654433.5,2161.11
-11799586.28,4654432.71,2161.13
-11799587.93,4654431.95,2161.15
-11799589.57,4654431.17,2161.13
-11799591.22,4654430.4,2161.11
-11799592.85,4654429.64,2161.07
-11799594.56,4654428.8100000005,2161.65
-11799596.17,4654428.0600000005,2161.17
-11799597.85,4654427.29,2161.25
-11799599.48,4654426.51,2161.32
-11799601.16,4654425.71,2161.33
-11799606.09,4654423.42,2161.4
-11799602.82,4654424.95,2161.36
-11799608.040000001,4654422.34,2164.4
-11799604.46,4654424.18,2161.36
-11799611.34,4654420.79,2164.38
-11799609.69,4654421.5600000005,2164.38
-11799614.67,4654419.23,2164.38
-11799613.02,4654420.01,2164.38
-11799616.31,4654418.47,2164.38
-11799617.97,4654417.69,2164.4
-11799619.6,4654416.91,2164.4
-11799621.23,4654416.15,2164.35
-11799622.58,4654415.64,2161.63
-11799622.83,4654415.41,2164.27
-11799621.82,4654417.26,2164.4
-11799620.18,4654418.04,2164.42
-11799618.540000001,4654418.82,2164.4
-11799616.870000001,4654419.59,2164.42
-11799613.61,4654421.14,2164.4
-11799615.22,4654420.38,2164.4
-11799611.96,4654421.9,2164.4
-11799610.34,4654422.68,2164.4
-11799608.39,4654423.74,2161.53
-11799608.5,4654423.63,2162.6
-11799608.700000001,4654423.44,2164.44
-11799606.74,4654424.5200000005,2161.42
-11799605.11,4654425.29,2161.38
-11799603.46,4654426.0600000005,2161.36
-11799601.82,4654426.82,2161.36
-11799600.14,4654427.63,2161.31
-11799598.46,4654428.41,2161.22
-11799596.83,4654429.2,2161.22
-11799595.200000001,4654429.95,2161.47
-11799593.5,4654430.76,2161.11
-11799591.88,4654431.53,2161.13
-11799590.26,4654432.29,2161.17
-11799588.63,4654433.0600000005,2161.17
-11799586.950000001,4654433.86,2161.19
-11799585.3,4654434.63,2161.17
-11799584.46,4654435.87,2161.08
-11799586.14,4654435.08,2161.17
-11799587.77,4654434.3,2161.19
-11799589.41,4654433.54,2161.21
-11799591.09,4654432.75,2161.19
-11799592.73,4654431.99,2161.15
-11799594.36,4654431.22,2161.1
-11799596.07,4654430.38,2161.65
-11799597.66,4654429.65,2161.21
-11799600.99,4654428.100000001,2161.34
-11799599.290000001,4654428.89,2161.24
-11799604.27,4654426.55,2161.36
-11799602.65,4654427.3,2161.36
-11799605.92,4654425.76,2161.4
-11799607.57,4654424.99,2161.4
-11799609.24,4654424.21,2161.33
-11799609.39,4654424.07,2162.74
-11799609.57,4654423.92,2164.44
-11799611.24,4654423.13,2164.4
-11799612.870000001,4654422.37,2164.4
-11799614.51,4654421.59,2164.4
-11799616.15,4654420.82,2164.4
-11799617.790000001,4654420.0600000005,2164.4
-11799619.43,4654419.28,2164.42
-11799621.040000001,4654418.5200000005,2164.46
-11799622.68,4654417.76,2164.42
-11799623.25,4654418.82,2164.44
-11799621.64,4654419.55,2164.47
-11799620.01,4654420.33,2164.52
-11799618.4,4654421.09,2164.42
-11799616.77,4654421.88,2164.4
-11799615.11,4654422.65,2164.42
-11799613.44,4654423.44,2164.42
-11799611.5,4654424.5,2161.4
-11799611.82,4654424.21,2164.42
-11799609.86,4654425.2700000005,2161.42
-11799610.0,4654425.13,2162.78
-11799610.19,4654424.97,2164.5
-11799608.22,4654426.05,2161.44
-11799606.56,4654426.83,2161.4
-11799604.91,4654427.600000001,2161.38
-11799603.27,4654428.38,2161.36
-11799601.63,4654429.16,2161.35
-11799599.98,4654429.94,2161.25
-11799596.75,4654431.43,2162.1
-11799598.35,4654430.69,2161.69
-11799595.01,4654432.29,2161.15
-11799593.370000001,4654433.07,2161.17
-11799590.1,4654434.59,2161.22
-11799591.74,4654433.83,2161.17
-11799588.450000001,4654435.38,2161.21
-11799586.8,4654436.17,2161.17
-11799585.11,4654436.97,2161.09
-11799585.64,4654437.53,2161.07
-11799587.290000001,4654436.74,2161.17
-11799588.94,4654435.96,2161.24
-11799590.61,4654435.18,2161.22
-11799592.26,4654434.4,2161.23
-11799593.9,4654433.64,2161.17
-11799595.52,4654432.87,2161.13
-11799597.290000001,4654431.99,2162.22
-11799598.83,4654431.32,2161.21
-11799600.48,4654430.53,2161.22
-11799602.17,4654429.74,2161.35
-11799603.81,4654428.97,2161.36
-11799605.450000001,4654428.18,2161.36
-11799607.13,4654427.4,2161.4
-11799608.78,4654426.63,2161.42
-11799610.4,4654425.86,2161.44
-11799612.03,4654425.09,2161.44
-11799612.36,4654424.78,2164.5
-11799614.02,4654424.0200000005,2164.4
-11799615.68,4654423.25,2164.4
-11799617.290000001,4654422.49,2164.42
-11799618.97,4654421.67,2164.57
-11799620.59,4654420.92,2164.53
-11799622.23,4654420.16,2164.5
-11799622.98,4654421.09,2164.5
-11799621.36,4654421.88,2164.54
-11799619.73,4654422.63,2164.59
-11799618.09,4654423.41,2164.61
-11799616.450000001,4654424.19,2164.6
-11799614.76,4654424.98,2164.4
-11799612.81,4654426.05,2161.46
-11799611.15,4654426.82,2161.48
-11799609.5,4654427.600000001,2161.47
-11799607.86,4654428.38,2161.42
-11799606.22,4654429.16,2161.4
-11799604.57,4654429.93,2161.38
-11799602.92,4654430.72,2161.36
-11799601.28,4654431.48,2161.25
-11799599.63,4654432.28,2161.17
-11799597.950000001,4654433.07,2161.06
-11799596.31,4654433.83,2161.19
-11799594.66,4654434.62,2161.21
-11799593.05,4654435.37,2161.25
-11799591.370000001,4654436.17,2161.26
-11799589.71,4654436.97,2161.22
-11799588.08,4654437.72,2161.17
-11799586.42,4654438.5200000005,2161.08
-11799584.76,4654439.3100000005,2161.02
-11799584.86,4654440.0,2160.96
-11799586.55,4654439.21,2161.07
-11799588.18,4654438.45,2161.13
-11799589.83,4654437.65,2161.23
-11799591.48,4654436.87,2161.25
-11799593.13,4654436.11,2161.25
-11799594.8,4654435.32,2161.19
-11799596.44,4654434.5600000005,2161.19
-11799598.06,4654433.8,2161.13
-11799599.71,4654433.01,2161.13
-11799601.38,4654432.23,2161.25
-11799603.06,4654431.44,2161.35
-11799604.700000001,4654430.66,2161.36
-11799606.33,4654429.88,2161.4
-11799608.01,4654429.100000001,2161.42
-11799611.3,4654427.55,2161.47
-11799609.66,4654428.33,2161.47
-11799612.94,4654426.78,2161.44
-11799614.88,4654425.72,2164.44
-11799616.57,4654424.9,2164.67
-11799618.200000001,4654424.16,2164.63
-11799621.450000001,4654422.63,2164.57
-11799619.81,4654423.41,2164.61
-11799623.11,4654421.86,2164.52
-11799622.69,4654423.44,2164.56
-11799621.05,4654424.21,2164.6
-11799619.44,4654424.98,2164.65
-11799617.8,4654425.74,2164.69
-11799616.14,4654426.51,2164.73
-11799614.15,4654427.600000001,2161.42
-11799614.51,4654427.3,2164.76
-11799612.51,4654428.38,2161.47
-11799610.870000001,4654429.16,2161.46
-11799609.22,4654429.95,2161.46
-11799607.6,4654430.71,2161.4
-11799605.97,4654431.48,2161.38
-11799604.3,4654432.2700000005,2161.35
-11799602.63,4654433.0600000005,2161.27
-11799600.96,4654433.86,2161.15
-11799599.34,4654434.62,2161.11
-11799597.74,4654435.37,2161.17
-11799596.1,4654436.16,2161.22
-11799594.42,4654436.94,2161.27
-11799592.74,4654437.72,2161.25
-11799591.08,4654438.5200000005,2161.25
-11799589.44,4654439.29,2161.19
-11799587.790000001,4654440.07,2161.11
-11799586.120000001,4654440.87,2161.01
-11799584.47,4654441.66,2161.01
-11799584.3,4654442.48,2160.98
-11799585.950000001,4654441.69,2160.98
-11799587.64,4654440.9,2161.1
-11799590.93,4654439.34,2161.22
-11799589.28,4654440.13,2161.15
-11799594.27,4654437.75,2161.26
-11799592.61,4654438.55,2161.26
-11799597.55,4654436.23,2161.21
-11799595.93,4654436.99,2161.24
-11799599.22,4654435.44,2161.15
-11799600.86,4654434.68,2161.07
-11799602.51,4654433.89,2161.23
-11799604.16,4654433.11,2161.29
-11799605.81,4654432.33,2161.42
-11799607.44,4654431.5600000005,2161.4
-11799609.120000001,4654430.76,2161.42
-11799610.78,4654429.98,2161.46
-11799612.43,4654429.21,2161.46
-11799614.4,4654428.12,2164.79
-11799616.06,4654427.350000001,2164.75
-11799617.72,4654426.57,2164.71
-11799619.370000001,4654425.78,2164.65
-11799620.99,4654425.04,2164.61
-11799622.620000001,4654424.25,2164.57
-11799622.33,4654425.61,2164.55
-11799620.72,4654426.37,2164.63
-11799619.09,4654427.12,2164.69
-11799617.44,4654427.92,2164.74
-11799615.790000001,4654428.7,2164.79
-11799613.790000001,4654429.79,2161.51
-11799612.13,4654430.5600000005,2161.46
-11799610.49,4654431.36,2161.44
-11799608.82,4654432.14,2161.42
-11799607.18,4654432.92,2161.42
-11799605.55,4654433.68,2161.38
-11799603.88,4654434.48,2161.29
-11799602.24,4654435.2700000005,2161.11
-11799600.6,4654436.03,2161.13
-11799598.98,4654436.79,2161.22
-11799597.34,4654437.57,2161.24
-11799595.67,4654438.37,2161.27
-11799594.02,4654439.14,2161.28
-11799592.39,4654439.91,2161.28
-11799590.74,4654440.7,2161.19
-11799589.05,4654441.5,2161.11
-11799587.4,4654442.26,2161.09
-11799585.72,4654443.08,2161.02
-11799584.07,4654443.850000001,2160.97
-11799585.17,4654444.19,2160.94
-11799586.89,4654443.37,2161.13
-11799587.0,4654443.2700000005,2162.1
-11799588.52,4654442.61,2161.06
-11799590.17,4654441.8100000005,2161.11
-11799591.81,4654441.04,2161.19
-11799593.47,4654440.26,2161.26
-11799595.11,4654439.49,2161.28
-11799596.76,4654438.71,2161.3
-11799598.39,4654437.95,2161.23
-11799600.05,4654437.16,2161.21
-11799601.71,4654436.39,2161.11
-11799603.36,4654435.61,2161.17
-11799605.03,4654434.8,2161.29
-11799606.69,4654434.04,2161.4
-11799608.33,4654433.2700000005,2161.4
-11799609.96,4654432.49,2161.38
-11799611.59,4654431.72,2161.44
-11799613.27,4654430.93,2161.49
-11799616.93,4654429.0600000005,2164.77
-11799614.950000001,4654430.14,2161.48
-11799618.540000001,4654428.29,2164.73
-11799615.3,4654429.82,2164.86
-11799620.18,4654427.53,2164.67
-11799621.83,4654426.76,2164.63
-11799621.89,4654427.91,2164.67
-11799618.620000001,4654429.46,2164.77
-11799620.27,4654428.69,2164.71
-11799616.96,4654430.23,2164.81
-11799614.97,4654431.33,2161.54
-11799613.31,4654432.100000001,2161.48
-11799611.68,4654432.88,2161.44
-11799610.040000001,4654433.66,2161.46
-11799608.4,4654434.44,2161.36
-11799606.790000001,4654435.21,2161.34
-11799605.120000001,4654435.98,2161.29
-11799603.42,4654436.8100000005,2161.11
-11799601.790000001,4654437.57,2161.19
-11799600.17,4654438.33,2161.23
-11799598.53,4654439.12,2161.28
-11799596.88,4654439.89,2161.31
-11799595.24,4654440.67,2161.31
-11799593.57,4654441.45,2161.25
-11799591.93,4654442.22,2161.19
-11799590.27,4654443.03,2161.11
-11799588.73,4654443.7,2162.17
-11799587.09,4654444.49,2162.15
-11799585.290000001,4654445.38,2160.98
-11799584.35,4654446.64,2161.32
-11799587.78,4654444.99,2162.17
-11799585.97,4654445.9,2160.96
-11799589.48,4654444.17,2162.69
-11799587.61,4654445.12,2160.9
-11799590.93,4654443.5600000005,2161.11
-11799592.57,4654442.7700000005,2161.19
-11799594.23,4654442.0,2161.26
-11799595.91,4654441.2,2161.33
-11799597.57,4654440.41,2161.32
-11799599.22,4654439.62,2161.29
-11799600.89,4654438.850000001,2161.25
-11799602.540000001,4654438.09,2161.17
-11799604.17,4654437.32,2161.1
-11799605.82,4654436.54,2161.28
-11799607.46,4654435.76,2161.32
-11799609.1,4654434.98,2161.4
-11799610.790000001,4654434.17,2161.53
-11799612.43,4654433.41,2161.46
-11799614.07,4654432.63,2161.47
-11799617.68,4654430.7700000005,2164.81
-11799615.700000001,4654431.86,2161.53
-11799619.35,4654430.0,2164.76
-11799620.99,4654429.23,2164.71
-11799622.620000001,4654428.45,2164.67
-11799622.870000001,4654429.5,2164.69
-11799621.24,4654430.25,2164.73
-11799619.63,4654431.01,2164.79
-11799617.67,4654432.100000001,2161.51
-11799618.02,4654431.7700000005,2164.86
-11799616.03,4654432.87,2161.56
-11799614.4,4654433.63,2161.52
-11799612.73,4654434.44,2161.48
-11799611.05,4654435.22,2161.55
-11799607.74,4654436.8100000005,2161.33
-11799609.39,4654436.0200000005,2161.54
-11799604.46,4654438.37,2161.13
-11799606.120000001,4654437.57,2161.24
-11799602.82,4654439.13,2161.21
-11799601.21,4654439.91,2161.28
-11799599.540000001,4654440.68,2161.32
-11799597.9,4654441.46,2161.33
-11799596.290000001,4654442.22,2161.32
-11799592.99,4654443.79,2161.19
-11799594.63,4654443.0200000005,2161.25
-11799591.31,4654444.59,2161.09
-11799589.72,4654445.32,2161.76
-11799587.97,4654446.18,2160.98
-11799586.32,4654446.96,2160.96
-11799584.75,4654447.68,2161.36
-11799584.09,4654448.75,2161.35
-11799584.33,4654448.5600000005,2163.3
-11799585.76,4654447.95,2161.34
-11799587.370000001,4654447.23,2160.96
-11799588.950000001,4654446.47,2160.92
-11799590.64,4654445.64,2161.69
-11799592.22,4654444.93,2161.11
-11799595.51,4654443.36,2161.28
-11799593.88,4654444.14,2161.17
-11799597.14,4654442.61,2161.29
-11799598.76,4654441.82,2161.33
-11799602.02,4654440.28,2161.28
-11799600.39,4654441.0600000005,2161.31
-11799605.290000001,4654438.76,2161.11
-11799603.65,4654439.5200000005,2161.23
-11799606.96,4654437.97,2161.25
-11799608.6,4654437.2,2161.33
-11799610.24,4654436.41,2161.49
-11799611.86,4654435.64,2161.51
-11799613.46,4654434.88,2161.47
-11799616.78,4654433.33,2161.54
-11799615.120000001,4654434.11,2161.52
-11799618.77,4654432.24,2164.85
-11799618.42,4654432.55,2161.5
-11799620.370000001,4654431.48,2164.77
-11799621.98,4654430.72,2164.74
-11799622.21,4654432.0,2164.75
-11799620.57,4654432.79,2164.79
-11799618.6,4654433.86,2161.56
-11799619.22,4654433.3,2167.55
-11799616.96,4654434.65,2161.55
-11799617.67,4654434.0,2168.42
-11799615.33,4654435.41,2161.52
-11799616.17,4654434.67,2169.4
-11799613.68,4654436.19,2161.5
-11799614.3,4654435.64,2167.27
-11799614.49,4654435.45,2169.11
-11799612.040000001,4654436.97,2161.48
-11799612.78,4654436.32,2168.26
-11799610.370000001,4654437.7700000005,2161.38
-11799608.700000001,4654438.5600000005,2161.33
-11799607.040000001,4654439.36,2161.17
-11799603.77,4654440.89,2161.26
-11799605.39,4654440.13,2161.19
-11799602.15,4654441.67,2161.31
-11799600.51,4654442.44,2161.32
-11799598.85,4654443.2,2161.32
-11799597.200000001,4654444.0,2161.31
-11799595.56,4654444.78,2161.23
-11799593.9,4654445.57,2161.15
-11799592.3,4654446.3,2161.69
-11799590.66,4654447.08,2161.75
-11799588.91,4654447.94,2161.02
-11799587.24,4654448.73,2160.92
-11799585.63,4654449.49,2161.17
-11799584.3,4654449.99,2163.67
-11799584.32,4654450.62,2163.92
-11799585.63,4654450.14,2161.01
-11799587.3,4654449.36,2160.92
-11799588.93,4654448.58,2160.99
-11799590.56,4654447.8100000005,2160.96
-11799592.28,4654446.99,2161.3
-11799593.92,4654446.22,2161.11
-11799595.55,4654445.43,2161.22
-11799597.18,4654444.67,2161.31
-11799598.84,4654443.9,2161.29
-11799600.48,4654443.12,2161.32
-11799602.15,4654442.32,2161.33
-11799603.790000001,4654441.55,2161.27
-11799605.42,4654440.79,2161.23
-11799607.07,4654440.01,2161.11
-11799608.73,4654439.22,2161.28
-11799610.39,4654438.44,2161.36
-11799612.06,4654437.64,2161.46
-11799612.8,4654437.0,2168.25
-11799613.71,4654436.850000001,2161.48
-11799614.540000001,4654436.13,2169.17
-11799615.370000001,4654436.09,2161.5
-11799616.4,4654435.15,2171.35
-11799615.52,4654435.94,2162.88
-11799617.69,4654434.69,2168.15
-11799616.21,4654435.32,2169.56
-11799617.94,4654434.46,2170.63
-11799616.99,4654435.3100000005,2161.56
-11799619.26,4654433.95,2167.58
-11799618.63,4654434.54,2161.54
-11799620.64,4654433.45,2164.82
-11799620.28,4654433.76,2161.4
-11799622.28,4654432.68,2164.77
-11799621.17,4654432.96,2170.1
-11799623.370000001,4654433.32,2164.75
-11799622.02,4654433.8100000005,2167.99
-11799621.71,4654434.09,2164.8
-11799622.22,4654433.63,2169.96
-11799619.74,4654435.18,2161.54
-11799620.65,4654434.36,2170.36
-11799618.88,4654435.24,2169.11
-11799618.1,4654435.94,2161.57
-11799619.11,4654435.05,2171.26
-11799616.450000001,4654436.72,2161.57
-11799617.57,4654435.73,2172.28
-11799617.22,4654436.04,2168.9
-11799615.33,4654437.05,2166.56
-11799614.790000001,4654437.5200000005,2161.57
-11799615.72,4654436.7,2170.34
-11799615.57,4654436.83,2168.81
-11799613.91,4654437.62,2168.77
-11799613.16,4654438.3,2161.61
-11799611.5,4654439.09,2161.38
-11799609.870000001,4654439.87,2161.34
-11799608.21,4654440.65,2161.15
-11799606.59,4654441.41,2161.22
-11799604.92,4654442.2,2161.3
-11799603.28,4654442.99,2161.33
-11799601.66,4654443.75,2161.36
-11799600.03,4654444.5200000005,2161.36
-11799598.35,4654445.33,2161.34
-11799596.68,4654446.11,2161.24
-11799595.06,4654446.89,2161.21
-11799595.23,4654446.74,2162.59
-11799593.4,4654447.67,2161.08
-11799591.75,4654448.46,2161.04
-11799590.07,4654449.24,2161.01
-11799588.4,4654450.05,2160.92
-11799586.74,4654450.82,2160.94
-11799585.08,4654451.63,2161.0
-11799585.4,4654451.34,2163.69
-11799586.49,4654451.73,2160.94
-11799585.16,4654452.23,2163.67
-11799586.81,4654451.47,2163.48
-11799588.16,4654450.94,2160.9
-11799589.790000001,4654450.15,2160.94
-11799594.74,4654447.83,2161.06
-11799591.41,4654449.4,2161.02
-11799596.39,4654447.03,2161.19
-11799593.09,4654448.600000001,2161.08
-11799598.06,4654446.25,2161.27
-11799599.73,4654445.46,2161.3
-11799601.39,4654444.68,2161.35
-11799603.01,4654443.9,2161.33
-11799604.64,4654443.14,2161.31
-11799606.27,4654442.38,2161.27
-11799607.92,4654441.600000001,2161.19
-11799609.58,4654440.82,2161.22
-11799611.25,4654440.0200000005,2161.36
-11799612.9,4654439.23,2161.5
-11799615.31,4654437.78,2168.76
-11799615.56,4654437.55,2171.15
-11799617.24,4654436.73,2171.6
-11799618.94,4654435.92,2172.01
-11799619.51,4654436.12,2161.54
-11799620.49,4654435.22,2171.15
-11799621.120000001,4654435.34,2161.6
-11799621.74,4654434.79,2167.61
-11799622.040000001,4654434.51,2170.58
-11799623.07,4654434.28,2164.78
-11799623.11,4654435.350000001,2164.81
-11799623.33,4654435.14,2166.94
-11799621.71,4654435.89,2167.4
-11799621.120000001,4654436.43,2161.57
-11799618.78,4654437.17,2170.24
-11799622.08,4654435.5600000005,2170.94
-11799619.0,4654436.96,2172.47
-11799620.48,4654436.3,2171.33
-11799616.23,4654438.74,2161.59
-11799617.11,4654437.97,2169.94
-11799617.25,4654437.82,2171.26
-11799614.56,4654439.53,2161.57
-11799615.38,4654438.8,2169.31
-11799612.88,4654440.33,2161.36
-11799613.71,4654439.62,2168.99
-11799611.25,4654441.12,2161.3
-11799609.59,4654441.91,2161.17
-11799607.97,4654442.67,2161.28
-11799606.32,4654443.44,2161.31
-11799603.01,4654445.0200000005,2161.38
-11799604.66,4654444.22,2161.34
-11799601.41,4654445.78,2161.36
-11799599.76,4654446.55,2161.32
-11799598.11,4654447.33,2161.23
-11799596.44,4654448.13,2161.17
-11799593.1,4654449.73,2161.04
-11799591.450000001,4654450.5,2161.03
-11799589.82,4654451.2700000005,2160.92
-11799588.21,4654452.05,2160.92
-11799586.86,4654452.57,2163.55
-11799585.21,4654453.34,2163.61
-11799584.71,4654454.21,2163.58
-11799586.370000001,4654453.45,2163.53
-11799587.71,4654452.92,2160.94
-11799588.01,4654452.67,2163.38
-11799589.36,4654452.13,2160.94
-11799591.01,4654451.36,2160.94
-11799591.200000001,4654451.2,2162.54
-11799592.66,4654450.58,2161.04
-11799595.99,4654448.99,2161.21
-11799597.67,4654448.19,2161.21
-11799599.28,4654447.44,2161.26
-11799600.93,4654446.66,2161.34
-11799602.61,4654445.87,2161.36
-11799604.26,4654445.07,2161.36
-11799605.89,4654444.3100000005,2161.34
-11799607.53,4654443.55,2161.3
-11799609.16,4654442.7700000005,2161.25
-11799610.81,4654442.0,2161.21
-11799612.47,4654441.21,2161.34
-11799615.05,4654439.62,2169.86
-11799614.15,4654440.41,2161.52
-11799615.790000001,4654439.63,2161.56
-11799616.370000001,4654439.11,2166.96
-11799616.57,4654438.95,2168.9
-11799616.74,4654438.79,2170.4
-11799617.43,4654438.86,2161.53
-11799618.55,4654437.86,2172.22
-11799619.1,4654438.0600000005,2161.65
-11799620.19,4654437.100000001,2172.06
-11799621.74,4654436.39,2171.03
-11799623.23,4654435.7700000005,2169.47
-11799623.39,4654435.63,2171.07
-11799623.34,4654436.83,2168.02
-11799622.700000001,4654437.42,2161.67
-11799622.05,4654437.3,2171.25
-11799619.42,4654438.97,2161.63
-11799620.47,4654438.04,2171.67
-11799617.77,4654439.74,2161.61
-11799618.86,4654438.79,2171.97
-11799617.07,4654439.7,2170.55
-11799614.47,4654441.33,2161.38
-11799615.120000001,4654440.76,2167.52
-11799612.83,4654442.09,2161.34
-11799611.16,4654442.9,2161.19
-11799609.52,4654443.68,2161.27
-11799607.88,4654444.45,2161.31
-11799606.23,4654445.24,2161.35
-11799604.57,4654446.01,2161.38
-11799602.93,4654446.79,2161.38
-11799601.3,4654447.5600000005,2161.34
-11799599.65,4654448.350000001,2161.26
-11799597.99,4654449.14,2161.19
-11799594.68,4654450.73,2160.92
-11799596.46,4654449.8100000005,2162.15
-11799593.06,4654451.49,2161.06
-11799591.38,4654452.29,2160.96
-11799589.71,4654453.08,2160.96
-11799588.08,4654453.850000001,2160.9
-11799586.42,4654454.64,2160.92
-11799586.73,4654454.38,2163.42
-11799585.08,4654455.15,2163.51
-11799585.67,4654455.59,2160.92
-11799584.36,4654456.11,2163.53
-11799585.98,4654455.350000001,2163.44
-11799587.33,4654454.8100000005,2160.92
-11799589.01,4654454.01,2160.92
-11799590.66,4654453.23,2160.96
-11799592.290000001,4654452.47,2160.92
-11799593.98,4654451.67,2161.06
-11799598.93,4654449.32,2161.19
-11799600.61,4654448.53,2161.27
-11799602.26,4654447.74,2161.34
-11799603.91,4654446.94,2161.36
-11799605.57,4654446.18,2161.38
-11799607.200000001,4654445.41,2161.36
-11799608.81,4654444.65,2161.31
-11799610.46,4654443.87,2161.28
-11799612.13,4654443.08,2161.19
-11799613.790000001,4654442.3,2161.35
-11799614.370000001,4654441.79,2166.69
-11799615.94,4654441.07,2166.17
-11799615.44,4654441.51,2161.42
-11799616.39,4654440.67,2170.28
-11799617.08,4654440.74,2161.52
-11799617.82,4654440.0600000005,2168.61
-11799618.03,4654439.9,2170.48
-11799618.200000001,4654439.74,2172.17
-11799619.370000001,4654439.39,2167.61
-11799618.74,4654439.95,2161.57
-11799619.790000001,4654439.03,2171.53
-11799619.53,4654439.25,2168.98
-11799621.09,4654438.55,2168.26
-11799621.43,4654438.25,2171.5
-11799622.06,4654438.36,2161.69
-11799622.92,4654437.61,2170.13
-11799623.19,4654438.7700000005,2161.61
-11799622.6,4654438.62,2171.67
-11799622.31,4654438.9,2168.78
-11799620.870000001,4654439.5,2170.67
-11799620.59,4654439.75,2167.99
-11799621.02,4654439.37,2172.05
-11799619.15,4654440.34,2169.97
-11799619.290000001,4654440.21,2171.22
-11799617.5,4654441.13,2169.8
-11799616.63,4654441.89,2161.52
-11799614.950000001,4654442.71,2161.38
-11799617.64,4654441.01,2171.07
-11799615.85,4654441.9,2169.79
-11799615.450000001,4654442.2700000005,2166.02
-11799613.290000001,4654443.48,2161.28
-11799611.65,4654444.2700000005,2161.27
-11799608.370000001,4654445.82,2161.36
-11799610.01,4654445.04,2161.31
-11799606.75,4654446.59,2161.38
-11799605.120000001,4654447.350000001,2161.4
-11799603.47,4654448.13,2161.38
-11799601.83,4654448.93,2161.33
-11799600.15,4654449.72,2161.27
-11799598.49,4654450.5,2161.17
-11799597.09,4654451.08,2162.99
-11799591.88,4654453.65,2160.98
-11799595.23,4654452.05,2161.09
-11799590.23,4654454.42,2160.96
-11799593.56,4654452.83,2161.1
-11799588.61,4654455.2,2160.92
-11799586.96,4654455.98,2160.92
-11799585.3,4654456.7700000005,2160.92
-11799585.6,4654456.53,2163.31
-11799584.26,4654457.88,2160.92
-11799584.58,4654457.62,2163.38
-11799585.9,4654457.100000001,2160.9
-11799587.540000001,4654456.32,2160.92
-11799589.200000001,4654455.54,2160.92
-11799590.84,4654454.7700000005,2160.97
-11799592.5,4654453.97,2160.98
-11799594.17,4654453.18,2161.09
-11799595.85,4654452.38,2161.1
-11799597.700000001,4654451.45,2162.83
-11799599.15,4654450.83,2161.17
-11799600.84,4654450.03,2161.23
-11799602.48,4654449.26,2161.34
-11799604.13,4654448.47,2161.36
-11799605.790000001,4654447.68,2161.4
-11799607.4,4654446.91,2161.4
-11799609.05,4654446.14,2161.34
-11799610.72,4654445.36,2161.3
-11799612.34,4654444.600000001,2161.25
-11799613.99,4654443.8,2161.28
-11799615.65,4654443.0200000005,2161.4
-11799616.540000001,4654442.25,2169.77
-11799617.27,4654442.26,2161.49
-11799618.13,4654441.51,2169.65
-11799618.32,4654441.34,2171.36
-11799619.92,4654440.600000001,2170.94
-11799621.540000001,4654439.87,2170.42
-11799621.68,4654439.74,2171.77
-11799623.32,4654438.96,2171.88
-11799623.1,4654440.08,2171.38
-11799622.1,4654440.96,2161.65
-11799621.52,4654440.82,2171.86
-11799620.450000001,4654441.75,2161.61
-11799619.790000001,4654441.64,2171.06
-11799621.24,4654441.04,2169.24
-11799617.81,4654442.74,2167.72
-11799617.14,4654443.33,2161.4
-11799615.49,4654444.100000001,2161.36
-11799618.09,4654442.51,2170.28
-11799616.200000001,4654443.49,2168.01
-11799616.450000001,4654443.2700000005,2170.31
-11799613.84,4654444.89,2161.24
-11799612.200000001,4654445.66,2161.31
-11799610.57,4654446.44,2161.36
-11799608.950000001,4654447.2,2161.38
-11799607.26,4654448.0,2161.4
-11799605.61,4654448.79,2161.42
-11799603.98,4654449.5600000005,2161.35
-11799602.3,4654450.33,2161.31
-11799600.65,4654451.14,2161.22
-11799599.15,4654451.79,2162.54
-11799597.34,4654452.72,2161.01
-11799595.73,4654453.47,2161.1
-11799594.08,4654454.26,2160.99
-11799592.42,4654455.03,2161.0
-11799590.74,4654455.850000001,2160.98
-11799589.09,4654456.62,2160.94
-11799587.46,4654457.38,2160.94
-11799585.81,4654458.18,2160.92
-11799584.18,4654458.94,2160.92
-11799584.67,4654459.2700000005,2160.92
-11799587.98,4654457.7,2160.92
-11799586.31,4654458.49,2160.92
-11799589.63,4654456.92,2160.94
-11799591.290000001,4654456.14,2160.98
-11799592.94,4654455.350000001,2160.99
-11799594.58,4654454.59,2160.98
-11799596.26,4654453.79,2161.11
-11799597.9,4654453.0,2161.07
-11799599.74,4654452.07,2162.53
-11799601.27,4654451.41,2161.22
-11799602.94,4654450.62,2161.29
-11799607.870000001,4654448.29,2161.42
-11799604.58,4654449.850000001,2161.36
-11799611.14,4654446.75,2161.36
-11799606.22,4654449.0600000005,2161.4
-11799612.75,4654445.99,2161.29
-11799609.49,4654447.53,2161.38
-11799614.39,4654445.21,2161.21
-11799616.07,4654444.41,2161.35
-11799617.73,4654443.63,2161.42
-11799618.66,4654442.82,2170.17
-11799619.39,4654442.83,2161.53
-11799620.4,4654441.96,2171.1
-11799620.11,4654442.22,2168.29
-11799621.870000001,4654441.34,2169.46
-11799621.05,4654442.05,2161.57
-11799622.13,4654441.12,2171.81
-11799622.74,4654441.24,2161.61
-11799623.4,4654441.97,2161.57
-11799622.68,4654441.96,2170.4
-11799621.76,4654442.75,2161.55
-11799620.13,4654443.54,2161.6
-11799620.700000001,4654443.04,2166.99
-11799621.13,4654442.68,2171.0
-11799618.5,4654444.32,2161.44
-11799619.040000001,4654443.84,2166.63
-11799619.44,4654443.49,2170.42
-11799616.84,4654445.100000001,2161.4
-11799615.18,4654445.9,2161.24
-11799613.55,4654446.66,2161.33
-11799611.93,4654447.42,2161.36
-11799610.26,4654448.21,2161.4
-11799608.620000001,4654448.98,2161.4
-11799606.98,4654449.7700000005,2161.42
-11799605.33,4654450.55,2161.38
-11799603.72,4654451.32,2161.32
-11799602.07,4654452.09,2161.24
-11799600.41,4654452.89,2161.19
-11799598.75,4654453.68,2161.1
-11799597.11,4654454.44,2161.11
-11799595.46,4654455.24,2161.04
-11799593.78,4654456.03,2160.99
-11799592.14,4654456.8100000005,2160.96
-11799590.49,4654457.59,2161.01
-11799588.83,4654458.38,2160.94
-11799587.21,4654459.14,2160.94
-11799585.55,4654459.94,2160.94
-11799585.67,4654460.38,2160.92
-11799587.32,4654459.600000001,2160.94
-11799588.97,4654458.82,2160.94
-11799590.61,4654458.04,2160.96
-11799592.25,4654457.2700000005,2160.96
-11799593.9,4654456.49,2160.98
-11799595.59,4654455.68,2161.11
-11799597.27,4654454.88,2161.11
-11799598.91,4654454.100000001,2161.1
-11799600.56,4654453.34,2161.17
-11799602.21,4654452.55,2161.23
-11799603.88,4654451.75,2161.29
-11799605.55,4654450.97,2161.38
-11799607.17,4654450.2,2161.4
-11799608.82,4654449.4,2161.4
-11799610.47,4654448.64,2161.38
-11799612.11,4654447.87,2161.36
-11799613.75,4654447.09,2161.32
-11799617.05,4654445.5200000005,2161.36
-11799615.39,4654446.33,2161.25
-11799618.700000001,4654444.76,2161.4
-11799619.25,4654444.29,2166.53
-11799620.36,4654443.97,2161.51
-11799620.96,4654443.44,2167.31
-11799621.34,4654443.11,2170.88
-11799622.01,4654443.17,2161.59
-11799622.870000001,4654442.42,2169.86
-11799622.93,4654443.72,2161.61
-11799621.32,4654444.49,2161.6
-11799621.88,4654444.0,2166.98
-11799622.14,4654443.78,2169.4
-11799619.64,4654445.3,2161.38
-11799620.16,4654444.84,2166.33
-11799617.99,4654446.07,2161.4
-11799616.31,4654446.86,2161.25
-11799614.69,4654447.64,2161.34
-11799613.06,4654448.4,2161.38
-11799611.41,4654449.18,2161.4
-11799609.77,4654449.96,2161.44
-11799608.13,4654450.75,2161.44
-11799606.5,4654451.51,2161.4
-11799604.84,4654452.3100000005,2161.32
-11799603.18,4654453.100000001,2161.27
-11799601.540000001,4654453.87,2161.21
-11799599.92,4654454.63,2161.19
-11799598.25,4654455.43,2161.13
-11799596.59,4654456.21,2161.29
-11799594.92,4654457.01,2161.09
-11799593.28,4654457.79,2160.96
-11799591.65,4654458.5600000005,2160.94
-11799590.02,4654459.33,2160.96
-11799588.39,4654460.100000001,2160.94
-11799586.75,4654460.87,2160.94
-11799585.07,4654461.68,2160.96
-11799584.73,4654462.41,2160.92
-11799586.35,4654461.65,2160.94
-11799587.99,4654460.88,2160.92
-11799589.65,4654460.09,2160.94
-11799591.290000001,4654459.32,2160.94
-11799592.94,4654458.54,2160.94
-11799594.58,4654457.7700000005,2160.98
-11799596.23,4654456.97,2161.19
-11799597.86,4654456.21,2161.15
-11799599.48,4654455.44,2161.13
-11799601.09,4654454.67,2161.19
-11799602.67,4654453.93,2161.21
-11799604.35,4654453.15,2161.29
-11799605.98,4654452.37,2161.32
-11799607.59,4654451.61,2161.4
-11799609.22,4654450.84,2161.4
-11799610.83,4654450.08,2161.44
-11799612.47,4654449.3,2161.4
-11799614.11,4654448.54,2161.36
-11799615.67,4654447.78,2161.32
-11799617.25,4654447.0600000005,2161.29
-11799618.9,4654446.2700000005,2161.4
-11799621.15,4654444.96,2167.42
-11799619.39,4654445.850000001,2166.04
-11799622.16,4654444.72,2161.61
-11799620.53,4654445.48,2161.48
-11799622.43,4654444.49,2164.21
-11799622.75,4654444.21,2167.17
-11799622.99,4654444.01,2169.55
-11799623.24,4654445.32,2161.56
-11799621.58,4654446.11,2161.54
-11799621.96,4654445.79,2165.15
-11799622.120000001,4654445.66,2166.69
-11799619.93,4654446.9,2161.44
-11799618.290000001,4654447.69,2161.34
-11799616.65,4654448.46,2161.34
-11799615.02,4654449.22,2161.36
-11799613.4,4654450.0,2161.42
-11799611.75,4654450.76,2161.44
-11799608.44,4654452.33,2161.42
-11799610.11,4654451.53,2161.44
-11799606.790000001,4654453.12,2161.36
-11799605.14,4654453.91,2161.32
-11799603.49,4654454.69,2161.23
-11799601.82,4654455.47,2161.24
-11799600.16,4654456.2700000005,2161.15
-11799598.53,4654457.04,2161.1
-11799596.89,4654457.8100000005,2161.19
-11799595.24,4654458.58,2161.02
-11799593.59,4654459.38,2160.96
-11799592.0,4654460.12,2161.53
-11799590.27,4654460.96,2160.97
-11799588.620000001,4654461.73,2160.94
-11799586.97,4654462.5200000005,2160.94
-11799585.290000001,4654463.3100000005,2160.94
-11799584.9,4654463.98,2160.9
-11799586.55,4654463.19,2160.92
-11799588.22,4654462.4,2160.94
-11799589.870000001,4654461.63,2160.94
-11799591.540000001,4654460.84,2160.92
-11799593.19,4654460.05,2160.94
-11799594.83,4654459.28,2160.97
-11799596.5,4654458.49,2161.05
-11799598.17,4654457.7,2161.1
-11799599.81,4654456.93,2161.15
-11799601.450000001,4654456.15,2161.19
-11799603.120000001,4654455.34,2161.25
-11799604.8,4654454.57,2161.27
-11799608.1,4654452.99,2161.4
-11799606.44,4654453.79,2161.32
-11799611.39,4654451.44,2161.44
-11799609.76,4654452.22,2161.42
-11799614.700000001,4654449.88,2161.38
-11799613.03,4654450.67,2161.42
-11799616.34,4654449.100000001,2161.36
-11799617.950000001,4654448.34,2161.27
-11799619.63,4654447.5600000005,2161.4
-11799621.27,4654446.78,2161.46
-11799621.84,4654446.3,2166.78
-11799622.92,4654445.99,2161.52
-11799623.290000001,4654445.69,2164.97
-11799623.450000001,4654447.09,2161.58
-11799621.83,4654447.850000001,2161.48
-11799622.22,4654447.53,2165.24
-11799620.18,4654448.64,2161.36
-11799618.53,4654449.43,2161.33
-11799616.9,4654450.18,2161.38
-11799615.26,4654450.98,2161.42
-11799613.620000001,4654451.74,2161.46
-11799611.97,4654452.53,2161.44
-11799610.3,4654453.3100000005,2161.42
-11799608.64,4654454.100000001,2161.4
-11799607.0,4654454.87,2161.33
-11799605.370000001,4654455.64,2161.25
-11799603.73,4654456.41,2161.26
-11799602.07,4654457.21,2161.19
-11799600.44,4654457.99,2161.15
-11799598.82,4654458.76,2161.11
-11799597.17,4654459.55,2161.04
-11799595.51,4654460.32,2161.01
-11799593.84,4654461.11,2160.96
-11799592.17,4654461.91,2160.94
-11799590.53,4654462.67,2160.94
-11799588.89,4654463.45,2160.94
-11799587.24,4654464.23,2160.92
-11799585.620000001,4654464.99,2160.9
-11799585.21,4654465.64,2160.88
-11799586.88,4654464.850000001,2160.9
-11799588.56,4654464.05,2160.92
-11799590.21,4654463.28,2160.94
-11799591.85,4654462.5,2160.97
-11799593.5,4654461.73,2160.92
-11799595.18,4654460.94,2160.98
-11799596.85,4654460.14,2161.03
-11799600.18,4654458.57,2161.05
-11799598.51,4654459.350000001,2161.08
-11799601.85,4654457.76,2161.15
-11799603.46,4654457.0200000005,2161.21
-11799605.09,4654456.23,2161.24
-11799606.76,4654455.45,2161.32
-11799608.44,4654454.64,2161.35
-11799610.08,4654453.88,2161.4
-11799611.71,4654453.12,2161.47
-11799613.370000001,4654452.33,2161.46
-11799615.040000001,4654451.5600000005,2161.42
-11799616.67,4654450.7700000005,2161.4
-11799619.97,4654449.22,2161.3
-11799618.34,4654449.99,2161.36
-11799621.620000001,4654448.43,2161.47
-11799622.75,4654449.09,2161.49
-11799623.14,4654448.75,2165.31
-11799621.1,4654449.86,2161.36
-11799619.48,4654450.62,2161.36
-11799617.83,4654451.41,2161.4
-11799616.19,4654452.18,2161.4
-11799614.53,4654452.97,2161.44
-11799612.88,4654453.75,2161.48
-11799611.24,4654454.53,2161.44
-11799609.58,4654455.3100000005,2161.4
-11799607.950000001,4654456.08,2161.31
-11799606.290000001,4654456.86,2161.23
-11799604.66,4654457.64,2161.24
-11799601.35,4654459.21,2161.15
-11799603.0,4654458.43,2161.19
-11799598.040000001,4654460.79,2161.07
-11799599.700000001,4654459.98,2161.11
-11799596.370000001,4654461.58,2161.0
-11799594.74,4654462.33,2160.98
-11799593.09,4654463.13,2160.98
-11799591.44,4654463.91,2160.97
-11799589.790000001,4654464.68,2160.94
-11799586.47,4654466.2700000005,2160.9
-11799588.15,4654465.47,2160.94
-11799584.81,4654467.03,2160.86
-11799584.26,4654467.89,2162.96
-11799587.28,4654466.53,2160.9
-11799585.64,4654467.32,2160.84
-11799588.93,4654465.75,2160.94
-11799590.58,4654464.99,2160.94
-11799592.26,4654464.19,2160.96
-11799593.93,4654463.4,2160.92
-11799595.58,4654462.63,2160.98
-11799597.23,4654461.850000001,2161.02
-11799598.91,4654461.05,2161.09
-11799600.57,4654460.28,2161.13
-11799602.22,4654459.49,2161.22
-11799603.85,4654458.7,2161.19
-11799605.49,4654457.94,2161.28
-11799607.13,4654457.17,2161.24
-11799608.82,4654456.36,2161.34
-11799610.48,4654455.58,2161.38
-11799612.1,4654454.82,2161.46
-11799613.75,4654454.04,2161.46
-11799615.4,4654453.2700000005,2161.46
-11799617.05,4654452.5,2161.42
-11799618.68,4654451.72,2161.38
-11799622.040000001,4654450.15,2161.36
-11799620.35,4654450.93,2161.34
-11799623.450000001,4654450.62,2161.44
-11799621.82,4654451.39,2161.31
-11799620.19,4654452.15,2161.4
-11799618.540000001,4654452.93,2161.42
-11799616.91,4654453.7,2161.47
-11799615.27,4654454.46,2161.49
-11799613.620000001,4654455.25,2161.47
-11799611.97,4654456.04,2161.42
-11799610.3,4654456.8100000005,2161.36
-11799608.68,4654457.600000001,2161.31
-11799607.03,4654458.38,2161.28
-11799605.36,4654459.16,2161.24
-11799603.68,4654459.96,2161.19
-11799602.040000001,4654460.72,2161.4
-11799600.57,4654461.36,2162.69
-11799600.39,4654461.51,2161.21
-11799598.75,4654462.29,2161.11
-11799597.13,4654463.05,2161.03
-11799595.48,4654463.850000001,2160.94
-11799593.84,4654464.62,2160.98
-11799592.18,4654465.4,2160.97
-11799590.53,4654466.17,2160.92
-11799588.88,4654466.96,2160.92
-11799585.56,4654468.5200000005,2160.81
-11799587.23,4654467.75,2160.86
-11799585.81,4654468.350000001,2162.69
-11799584.26,4654469.05,2163.56
-11799584.91,4654469.32,2163.56
-11799586.22,4654468.8100000005,2160.8
-11799586.49,4654468.61,2162.84
-11799587.870000001,4654468.03,2160.86
-11799589.52,4654467.25,2160.92
-11799591.19,4654466.47,2160.94
-11799594.52,4654464.9,2160.94
-11799592.84,4654465.69,2160.97
-11799596.16,4654464.12,2160.97
-11799597.790000001,4654463.350000001,2161.04
-11799599.47,4654462.55,2161.34
-11799601.11,4654461.7700000005,2161.07
-11799602.85,4654460.95,2161.73
-11799604.41,4654460.22,2161.19
-11799606.09,4654459.42,2161.24
-11799607.77,4654458.65,2161.26
-11799609.42,4654457.86,2161.32
-11799611.07,4654457.07,2161.38
-11799612.71,4654456.3100000005,2161.42
-11799614.36,4654455.53,2161.46
-11799616.03,4654454.72,2161.47
-11799617.69,4654453.96,2161.47
-11799619.31,4654453.19,2161.44
-11799620.93,4654452.43,2161.38
-11799622.57,4654451.67,2161.32
-11799621.02,4654453.75,2161.42
-11799622.66,4654452.97,2161.36
-11799619.38,4654454.5200000005,2161.46
-11799617.76,4654455.28,2161.51
-11799616.14,4654456.04,2161.51
-11799614.49,4654456.82,2161.48
-11799612.8,4654457.63,2161.4
-11799611.18,4654458.39,2161.35
-11799609.52,4654459.18,2161.27
-11799607.86,4654459.97,2161.29
-11799606.21,4654460.74,2161.23
-11799604.53,4654461.53,2161.19
-11799603.02,4654462.19,2162.38
-11799599.59,4654463.88,2160.99
-11799601.43,4654462.95,2162.5
-11799598.11,4654464.51,2162.59
-11799597.92,4654464.67,2161.02
-11799594.65,4654466.22,2160.98
-11799596.28,4654465.44,2160.96
-11799592.99,4654466.99,2160.98
-11799591.35,4654467.7700000005,2160.94
-11799589.73,4654468.53,2160.9
-11799586.68,4654469.89,2162.94
-11799588.05,4654469.33,2160.84
-11799585.19,4654470.55,2163.9
-11799586.4,4654470.12,2160.79
-11799585.27,4654471.0600000005,2163.78
-11799586.53,4654470.59,2160.72
-11799586.85,4654470.350000001,2163.17
-11799589.81,4654469.04,2160.9
-11799588.16,4654469.8100000005,2160.84
-11799591.5,4654468.24,2160.94
-11799593.15,4654467.46,2160.94
-11799594.8,4654466.69,2160.99
-11799596.44,4654465.92,2160.92
-11799598.07,4654465.15,2160.96
-11799598.26,4654465.0,2162.53
-11799599.72,4654464.350000001,2161.01
-11799599.82,4654464.29,2161.82
-11799601.58,4654463.45,2162.46
-11799603.09,4654462.78,2161.19
-11799603.200000001,4654462.69,2162.21
-11799604.73,4654462.0,2161.24
-11799606.370000001,4654461.23,2161.22
-11799608.07,4654460.42,2161.29
-11799609.75,4654459.64,2161.28
-11799611.370000001,4654458.87,2161.34
-11799613.0,4654458.100000001,2161.4
-11799614.64,4654457.33,2161.46
-11799616.290000001,4654456.5600000005,2161.48
-11799617.94,4654455.7700000005,2161.49
-11799619.61,4654454.99,2161.47
-11799621.23,4654454.22,2161.44
-11799622.870000001,4654453.46,2161.4
-11799623.33,4654454.38,2161.42
-11799620.08,4654455.91,2161.5
-11799621.69,4654455.16,2161.47
-11799618.450000001,4654456.67,2161.5
-11799616.790000001,4654457.47,2161.5
-11799615.120000001,4654458.26,2161.48
-11799613.47,4654459.0200000005,2161.42
-11799611.82,4654459.82,2161.33
-11799608.56,4654461.36,2161.28
-11799610.19,4654460.58,2161.32
-11799605.290000001,4654462.91,2161.21
-11799606.93,4654462.13,2161.21
-11799600.42,4654465.18,2161.84
-11799603.61,4654463.7,2161.11
-11799598.65,4654466.05,2161.01
-11799601.97,4654464.47,2161.11
-11799596.99,4654466.82,2161.11
-11799597.290000001,4654466.57,2163.61
-11799595.34,4654467.61,2161.06
-11799595.69,4654467.32,2164.02
-11799593.71,4654468.37,2161.08
-11799592.03,4654469.17,2160.94
-11799590.39,4654469.94,2160.92
-11799588.77,4654470.71,2160.85
-11799587.47,4654471.22,2163.58
-11799584.13,4654472.8100000005,2163.24
-11799585.84,4654471.98,2163.65
-11799585.6,4654472.66,2163.84
-11799586.870000001,4654472.18,2160.76
-11799587.22,4654471.91,2163.51
-11799588.53,4654471.4,2160.8
-11799588.75,4654471.23,2162.51
-11799590.200000001,4654470.61,2160.88
-11799591.86,4654469.83,2160.94
-11799593.55,4654469.0200000005,2161.03
-11799595.6,4654467.95,2164.19
-11799597.16,4654467.22,2163.77
-11799598.47,4654466.71,2161.01
-11799600.120000001,4654465.94,2161.05
-11799601.77,4654465.16,2161.11
-11799603.41,4654464.39,2161.11
-11799605.08,4654463.600000001,2161.15
-11799606.74,4654462.82,2161.23
-11799608.39,4654462.04,2161.24
-11799610.05,4654461.25,2161.32
-11799611.71,4654460.48,2161.28
-11799613.370000001,4654459.69,2161.38
-11799615.03,4654458.9,2161.44
-11799616.68,4654458.13,2161.48
-11799618.34,4654457.34,2161.52
-11799619.99,4654456.58,2161.5
-11799623.22,4654455.0600000005,2161.44
-11799621.61,4654455.82,2161.47
-11799620.59,4654457.45,2161.52
-11799622.22,4654456.68,2161.51
-11799618.950000001,4654458.22,2161.53
-11799617.31,4654458.98,2161.5
-11799615.64,4654459.78,2161.42
-11799613.97,4654460.57,2161.36
-11799610.69,4654462.11,2161.33
-11799612.32,4654461.36,2161.3
-11799607.59,4654463.5200000005,2162.84
-11799609.040000001,4654462.91,2161.25
-11799605.78,4654464.44,2161.17
-11799607.41,4654463.67,2161.25
-11799602.450000001,4654466.0,2161.09
-11799604.11,4654465.22,2161.13
-11799599.19,4654467.55,2161.05
-11799600.82,4654466.78,2161.04
-11799597.870000001,4654468.07,2163.81
-11799596.24,4654468.82,2164.21
-11799592.55,4654470.68,2160.96
-11799594.67,4654469.54,2164.63
-11799593.03,4654470.3100000005,2164.82
-11799590.88,4654471.45,2160.9
-11799589.540000001,4654472.0,2163.1
-11799589.24,4654472.24,2160.85
-11799586.31,4654473.53,2163.59
-11799587.96,4654472.75,2163.58
-11799584.290000001,4654474.58,2160.76
-11799584.540000001,4654474.39,2162.69
-11799585.46,4654474.59,2160.76
-11799585.77,4654474.37,2163.11
-11799587.5,4654473.53,2163.69
-11799589.1,4654472.78,2163.61
-11799590.41,4654472.26,2160.92
-11799592.120000001,4654471.44,2161.29
-11799592.540000001,4654471.11,2164.54
-11799594.23,4654470.33,2164.85
-11799595.84,4654469.58,2164.48
-11799597.46,4654468.84,2164.04
-11799598.74,4654468.33,2161.06
-11799599.05,4654468.11,2163.65
-11799600.39,4654467.55,2161.07
-11799602.34,4654466.5600000005,2163.69
-11799602.03,4654466.79,2161.09
-11799603.66,4654466.03,2161.1
-11799605.3,4654465.25,2161.15
-11799606.99,4654464.47,2161.23
-11799608.68,4654463.67,2161.23
-11799610.36,4654462.88,2161.28
-11799612.01,4654462.09,2161.33
-11799613.63,4654461.34,2161.34
-11799615.26,4654460.5600000005,2161.4
-11799616.91,4654459.78,2161.47
-11799618.58,4654459.01,2161.5
-11799620.200000001,4654458.24,2161.54
-11799621.83,4654457.48,2161.51
-11799623.48,4654456.7,2161.49
-11799622.81,4654458.100000001,2161.54
-11799621.17,4654458.88,2161.54
-11799619.53,4654459.65,2161.53
-11799617.86,4654460.42,2161.52
-11799616.200000001,4654461.22,2161.44
-11799614.56,4654462.0,2161.36
-11799612.92,4654462.7700000005,2161.34
-11799611.28,4654463.54,2161.31
-11799609.64,4654464.32,2161.25
-11799607.99,4654465.07,2161.29
-11799606.64,4654465.64,2163.77
-11799604.65,4654466.66,2161.13
-11799603.3,4654467.2,2163.71
-11799601.68,4654467.97,2163.69
-11799599.73,4654468.98,2161.09
-11799600.05,4654468.74,2163.61
-11799598.450000001,4654469.48,2164.02
-11799596.83,4654470.23,2164.42
-11799595.25,4654470.97,2164.82
-11799593.58,4654471.74,2164.58
-11799591.85,4654472.57,2164.17
-11799590.18,4654473.38,2163.98
-11799588.55,4654474.14,2164.03
-11799586.51,4654475.23,2160.72
-11799586.870000001,4654474.94,2163.58
-11799584.89,4654475.98,2160.81
-11799585.6,4654476.19,2160.82
-11799587.65,4654475.12,2163.75
-11799589.34,4654474.3,2164.06
-11799592.67,4654472.74,2164.21
-11799591.0,4654473.54,2163.86
-11799596.040000001,4654471.13,2164.73
-11799594.38,4654471.93,2164.67
-11799599.24,4654469.66,2163.94
-11799597.63,4654470.42,2164.34
-11799600.86,4654468.93,2163.58
-11799600.540000001,4654469.15,2161.04
-11799602.51,4654468.14,2163.69
-11799603.84,4654467.600000001,2161.11
-11799604.15,4654467.36,2163.63
-11799605.8,4654466.600000001,2163.75
-11799607.44,4654465.82,2163.76
-11799608.77,4654465.29,2161.25
-11799610.43,4654464.51,2161.27
-11799612.1,4654463.73,2161.33
-11799613.75,4654462.96,2161.33
-11799615.41,4654462.16,2161.38
-11799617.05,4654461.4,2161.44
-11799618.71,4654460.62,2161.5
-11799620.39,4654459.83,2161.54
-11799622.06,4654459.04,2161.56
-11799623.72,4654458.2700000005,2161.52
-11799623.32,4654459.58,2161.56
-11799620.03,4654461.13,2161.56
-11799621.66,4654460.36,2161.57
-11799618.38,4654461.91,2161.48
-11799616.700000001,4654462.68,2161.42
-11799615.05,4654463.48,2161.34
-11799613.41,4654464.26,2161.35
-11799611.75,4654465.03,2161.29
-11799610.11,4654465.79,2161.29
-11799608.75,4654466.350000001,2163.78
-11799607.08,4654467.13,2163.82
-11799605.15,4654468.14,2161.19
-11799605.46,4654467.91,2163.74
-11799603.85,4654468.64,2163.74
-11799602.200000001,4654469.43,2163.79
-11799601.86,4654469.68,2161.03
-11799598.94,4654470.94,2164.23
-11799600.540000001,4654470.22,2163.83
-11799595.76,4654472.41,2164.8
-11799597.36,4654471.68,2164.63
-11799594.03,4654473.24,2164.34
-11799592.33,4654474.05,2163.92
-11799590.67,4654474.87,2163.65
-11799589.05,4654475.61,2163.94
-11799586.99,4654476.7,2160.84
-11799587.26,4654476.49,2162.88
-11799585.35,4654477.45,2160.8
-11799585.65,4654477.8100000005,2160.79
-11799587.3,4654477.03,2160.8
-11799587.57,4654476.84,2162.88
-11799589.35,4654475.96,2163.98
-11799590.98,4654475.2,2163.69
-11799592.69,4654474.39,2163.86
-11799594.38,4654473.58,2164.31
-11799596.07,4654472.78,2164.73
-11799597.71,4654472.01,2164.65
-11799599.32,4654471.26,2164.26
-11799602.23,4654470.0200000005,2161.03
-11799600.92,4654470.53,2163.83
-11799604.200000001,4654469.0,2163.75
-11799605.53,4654468.46,2161.19
-11799605.82,4654468.24,2163.65
-11799607.48,4654467.45,2163.8
-11799609.13,4654466.69,2163.79
-11799610.49,4654466.13,2161.29
-11799612.15,4654465.350000001,2161.29
-11799613.8,4654464.57,2161.35
-11799615.450000001,4654463.8100000005,2161.33
-11799617.11,4654463.0200000005,2161.42
-11799618.790000001,4654462.22,2161.48
-11799620.44,4654461.46,2161.54
-11799622.06,4654460.7,2161.55
-11799623.700000001,4654459.92,2161.56
-11799623.35,4654461.16,2161.58
-11799621.71,4654461.93,2161.55
-11799620.1,4654462.7,2161.51
-11799615.120000001,4654465.05,2161.38
-11799618.41,4654463.5,2161.44
-11799613.48,4654465.8100000005,2161.33
-11799616.74,4654464.2700000005,2161.36
-11799611.83,4654466.58,2161.3
-11799610.18,4654467.37,2161.32
-11799610.450000001,4654467.15,2163.71
-11799606.870000001,4654468.92,2161.11
-11799608.85,4654467.9,2163.85
-11799607.200000001,4654468.66,2163.83
-11799605.540000001,4654469.46,2163.85
-11799603.88,4654470.23,2163.77
-11799603.56,4654470.49,2160.97
-11799600.64,4654471.74,2164.11
-11799602.26,4654470.99,2163.71
-11799599.02,4654472.49,2164.52
-11799597.43,4654473.23,2164.9
-11799594.06,4654474.84,2164.05
-11799595.74,4654474.04,2164.48
-11799592.42,4654475.600000001,2163.94
-11799590.78,4654476.38,2164.0
-11799589.08,4654477.19,2163.49
-11799587.11,4654478.23,2160.81
-11799585.46,4654479.0,2160.81
-11799585.34,4654479.53,2160.78
-11799586.97,4654478.7700000005,2160.8
-11799588.59,4654478.0200000005,2160.79
-11799588.870000001,4654477.78,2162.98
-11799590.65,4654476.93,2164.03
-11799592.34,4654476.14,2164.13
-11799593.98,4654475.38,2163.88
-11799595.68,4654474.55,2164.35
-11799597.36,4654473.75,2164.76
-11799599.01,4654472.99,2164.65
-11799600.61,4654472.26,2164.23
-11799602.21,4654471.5200000005,2163.83
-11799603.53,4654470.99,2161.07
-11799603.86,4654470.75,2163.86
-11799605.52,4654469.96,2163.82
-11799606.88,4654469.43,2161.19
-11799607.18,4654469.2,2163.73
-11799608.82,4654468.42,2163.83
-11799610.450000001,4654467.66,2163.82
-11799611.790000001,4654467.11,2161.28
-11799613.450000001,4654466.350000001,2161.31
-11799615.120000001,4654465.5600000005,2161.36
-11799616.78,4654464.78,2161.34
-11799618.43,4654464.0,2161.42
-11799620.09,4654463.22,2161.48
-11799623.38,4654461.67,2161.59
-11799621.74,4654462.45,2161.56
-11799623.17,4654462.82,2161.6
-11799621.51,4654463.59,2161.54
-11799619.86,4654464.39,2161.48
-11799616.53,4654465.94,2161.36
-11799618.18,4654465.18,2161.4
-11799613.23,4654467.5,2161.31
-11799614.88,4654466.73,2161.35
-11799611.6,4654468.26,2161.31
-11799610.24,4654468.82,2163.85
-11799608.27,4654469.83,2161.07
-11799608.6,4654469.59,2163.85
-11799606.77,4654470.48,2162.36
-11799606.94,4654470.37,2163.67
-11799605.290000001,4654471.14,2163.77
-11799603.34,4654472.15,2161.19
-11799603.65,4654471.93,2163.67
-11799602.07,4654472.65,2164.08
-11799598.870000001,4654474.12,2164.88
-11799600.47,4654473.39,2164.48
-11799597.17,4654474.94,2164.54
-11799595.450000001,4654475.74,2164.1
-11799593.8,4654476.54,2164.03
-11799592.200000001,4654477.26,2164.4
-11799590.48,4654478.09,2163.86
-11799586.8,4654479.93,2160.81
-11799588.44,4654479.16,2160.85
-11799585.15,4654480.71,2160.79
-11799584.53,4654481.55,2160.79
-11799586.200000001,4654480.75,2160.79
-11799587.85,4654479.99,2160.8
-11799589.49,4654479.21,2160.88
-11799589.8,4654478.99,2163.33
-11799591.52,4654478.16,2163.84
-11799593.28,4654477.32,2164.54
-11799594.85,4654476.61,2163.82
-11799596.52,4654475.8100000005,2164.19
-11799598.25,4654474.99,2164.67
-11799599.92,4654474.19,2164.74
-11799601.52,4654473.46,2164.35
-11799603.13,4654472.73,2163.94
-11799604.42,4654472.21,2161.07
-11799604.72,4654471.99,2163.51
-11799606.22,4654471.34,2162.4
-11799606.370000001,4654471.22,2163.65
-11799607.73,4654470.68,2161.15
-11799609.69,4654469.64,2163.84
-11799611.35,4654468.88,2163.85
-11799612.69,4654468.33,2161.26
-11799614.33,4654467.57,2161.32
-11799615.97,4654466.8100000005,2161.36
-11799617.64,4654466.0200000005,2161.36
-11799619.31,4654465.24,2161.42
-11799620.96,4654464.47,2161.48
-11799622.63,4654463.68,2161.57
-11799622.59,4654464.7700000005,2161.55
-11799620.950000001,4654465.55,2161.47
-11799619.290000001,4654466.32,2161.4
-11799617.620000001,4654467.11,2161.35
-11799615.98,4654467.87,2161.35
-11799614.34,4654468.63,2161.33
-11799612.700000001,4654469.42,2161.36
-11799612.98,4654469.18,2163.82
-11799611.35,4654469.95,2163.85
-11799609.36,4654470.98,2161.17
-11799609.68,4654470.75,2163.86
-11799606.08,4654472.5200000005,2161.11
-11799607.69,4654471.76,2161.15
-11799602.8,4654474.05,2161.1
-11799604.450000001,4654473.28,2161.1
-11799603.17,4654473.78,2164.13
-11799601.57,4654474.53,2164.53
-11799599.97,4654475.25,2164.88
-11799598.290000001,4654476.0600000005,2164.44
-11799596.57,4654476.89,2164.02
-11799594.950000001,4654477.64,2164.19
-11799593.31,4654478.4,2164.32
-11799591.59,4654479.23,2163.88
-11799589.56,4654480.28,2160.88
-11799587.91,4654481.05,2160.81
-11799586.23,4654481.84,2160.79
-11799584.58,4654482.63,2160.77
-11799585.16,4654482.79,2160.77
-11799586.8,4654482.01,2160.78
-11799590.1,4654480.46,2160.84
-11799588.44,4654481.25,2160.82
-11799593.85,4654478.600000001,2164.15
-11799592.14,4654479.4,2163.96
-11799595.47,4654477.84,2164.0
-11799597.13,4654477.08,2164.04
-11799598.83,4654476.26,2164.48
-11799600.52,4654475.45,2164.86
-11799602.13,4654474.7,2164.49
-11799603.35,4654474.25,2161.09
-11799605.02,4654473.48,2161.08
-11799606.68,4654472.7,2161.11
-11799608.32,4654471.93,2161.17
-11799609.97,4654471.14,2161.19
-11799611.94,4654470.15,2163.85
-11799610.290000001,4654470.92,2163.86
-11799614.94,4654468.83,2161.32
-11799613.290000001,4654469.600000001,2161.3
-11799616.59,4654468.0600000005,2161.36
-11799618.26,4654467.28,2161.35
-11799619.9,4654466.49,2161.42
-11799621.55,4654465.72,2161.49
-11799623.23,4654464.94,2161.54
-11799623.15,4654466.21,2161.55
-11799621.5,4654466.99,2161.47
-11799619.85,4654467.76,2161.36
-11799618.200000001,4654468.54,2161.36
-11799618.92,4654467.98,2167.74
-11799616.540000001,4654469.3,2161.34
-11799614.88,4654470.07,2161.34
-11799613.23,4654470.86,2161.36
-11799611.59,4654471.64,2161.38
-11799609.99,4654472.37,2161.53
-11799608.3,4654473.19,2161.19
-11799606.64,4654473.96,2161.13
-11799605.03,4654474.72,2161.09
-11799603.38,4654475.48,2161.1
-11799601.71,4654476.2700000005,2161.11
-11799600.51,4654476.72,2164.71
-11799598.83,4654477.51,2164.24
-11799597.14,4654478.32,2163.83
-11799595.42,4654479.15,2163.42
-11799593.81,4654479.88,2163.77
-11799591.790000001,4654480.93,2160.85
-11799590.11,4654481.72,2160.83
-11799588.47,4654482.48,2160.82
-11799586.82,4654483.26,2160.81
-11799585.16,4654484.04,2160.76
-11799585.25,4654484.53,2160.75
-11799588.56,4654482.99,2160.82
-11799586.92,4654483.75,2160.79
-11799590.22,4654482.21,2160.82
-11799591.870000001,4654481.43,2160.85
-11799593.870000001,4654480.42,2163.48
-11799595.46,4654479.69,2163.02
-11799597.18,4654478.86,2163.72
-11799598.89,4654478.05,2164.15
-11799600.16,4654477.5600000005,2161.11
-11799600.58,4654477.25,2164.56
-11799601.81,4654476.78,2161.09
-11799603.46,4654476.0200000005,2161.09
-11799605.11,4654475.23,2161.09
-11799606.78,4654474.46,2161.11
-11799608.39,4654473.7,2161.17
-11799610.08,4654472.9,2161.36
-11799611.8,4654472.11,2161.4
-11799613.44,4654471.350000001,2161.38
-11799615.09,4654470.55,2161.57
-11799618.34,4654469.05,2161.34
-11799616.71,4654469.8100000005,2161.31
-11799619.98,4654468.28,2161.35
-11799621.64,4654467.49,2161.44
-11799623.32,4654466.71,2161.49
-11799623.28,4654467.74,2161.53
-11799621.63,4654468.53,2161.4
-11799619.99,4654469.29,2161.36
-11799618.36,4654470.04,2161.34
-11799616.73,4654470.82,2161.3
-11799615.09,4654471.59,2161.36
-11799616.05,4654470.86,2169.75
-11799613.42,4654472.37,2161.38
-11799610.120000001,4654473.92,2161.21
-11799611.81,4654473.100000001,2161.75
-11799608.47,4654474.68,2161.17
-11799606.83,4654475.45,2161.15
-11799605.18,4654476.23,2161.11
-11799603.51,4654477.0200000005,2161.07
-11799601.83,4654477.8,2161.1
-11799600.18,4654478.57,2161.13
-11799598.55,4654479.33,2161.17
-11799598.91,4654479.08,2163.98
-11799596.89,4654480.12,2161.02
-11799597.23,4654479.87,2163.74
-11799595.25,4654480.89,2161.0
-11799595.42,4654480.78,2162.21
-11799593.6,4654481.67,2161.0
-11799593.85,4654481.49,2162.94
-11799591.91,4654482.46,2160.84
-11799590.27,4654483.22,2160.85
-11799588.63,4654484.0,2160.84
-11799586.97,4654484.78,2160.79
-11799585.33,4654485.54,2160.92
-11799585.49,4654485.42,2162.22
-11799584.67,4654486.48,2162.19
-11799586.27,4654485.74,2162.09
-11799587.74,4654485.100000001,2160.77
-11799589.39,4654484.33,2160.83
-11799591.0,4654483.57,2160.84
-11799592.67,4654482.79,2161.04
-11799594.42,4654481.94,2161.92
-11799595.92,4654481.2700000005,2160.88
-11799597.55,4654480.51,2161.07
-11799599.200000001,4654479.74,2161.09
-11799600.85,4654478.97,2161.07
-11799602.48,4654478.21,2161.06
-11799604.09,4654477.45,2161.09
-11799605.73,4654476.69,2161.13
-11799607.370000001,4654475.93,2161.13
-11799609.01,4654475.15,2161.15
-11799610.620000001,4654474.39,2161.17
-11799613.91,4654472.86,2161.4
-11799612.26,4654473.63,2161.44
-11799615.56,4654472.09,2161.33
-11799616.53,4654471.34,2169.77
-11799617.18,4654471.33,2161.29
-11799618.82,4654470.5600000005,2161.33
-11799620.43,4654469.82,2161.36
-11799622.06,4654469.0600000005,2161.4
-11799623.71,4654468.29,2161.5
-11799623.07,4654469.66,2161.4
-11799621.43,4654470.45,2161.4
-11799619.81,4654471.21,2161.38
-11799618.16,4654471.96,2161.36
-11799616.49,4654472.76,2161.32
-11799614.86,4654473.5200000005,2161.38
-11799613.19,4654474.3100000005,2161.26
-11799611.52,4654475.07,2161.23
-11799609.86,4654475.87,2161.17
-11799606.55,4654477.42,2161.13
-11799608.21,4654476.64,2161.17
-11799604.93,4654478.19,2161.11
-11799603.25,4654478.96,2161.06
-11799601.6,4654479.72,2161.07
-11799599.96,4654480.5,2161.09
-11799598.32,4654481.26,2161.1
-11799596.63,4654482.07,2160.86
-11799595.0,4654482.83,2160.9
-11799593.53,4654483.49,2161.86
-11799591.74,4654484.36,2160.85
-11799590.06,4654485.14,2160.84
-11799588.35,4654485.94,2160.78
-11799586.88,4654486.59,2162.24
-11799585.28,4654487.32,2162.34
-11799584.5,4654488.2700000005,2162.13
-11799586.14,4654487.48,2162.29
-11799587.77,4654486.75,2162.17
-11799589.25,4654486.100000001,2160.78
-11799590.92,4654485.3100000005,2160.85
-11799592.57,4654484.53,2160.85
-11799592.74,4654484.42,2162.15
-11799595.9,4654482.99,2160.85
-11799594.25,4654483.76,2160.88
-11799597.56,4654482.21,2160.85
-11799597.94,4654481.94,2163.86
-11799599.23,4654481.43,2161.08
-11799600.88,4654480.67,2161.09
-11799602.53,4654479.88,2161.06
-11799604.17,4654479.13,2161.11
-11799607.51,4654477.55,2161.15
-11799605.85,4654478.34,2161.13
-11799609.19,4654476.78,2161.17
-11799610.84,4654475.99,2161.17
-11799612.46,4654475.26,2161.19
-11799614.120000001,4654474.48,2161.35
-11799615.76,4654473.69,2161.29
-11799617.41,4654472.93,2161.33
-11799619.09,4654472.16,2161.36
-11799620.73,4654471.4,2161.38
-11799622.370000001,4654470.62,2161.42
-11799622.48,4654471.8,2161.4
-11799620.83,4654472.5600000005,2161.4
-11799619.18,4654473.34,2161.38
-11799617.5,4654474.12,2161.35
-11799614.17,4654475.69,2161.23
-11799615.84,4654474.91,2161.28
-11799612.65,4654476.37,2162.28
-11799612.52,4654476.46,2161.24
-11799610.870000001,4654477.22,2161.21
-11799611.620000001,4654476.68,2167.44
-11799609.200000001,4654478.01,2161.19
-11799607.55,4654478.78,2161.19
-11799605.9,4654479.5600000005,2161.15
-11799604.290000001,4654480.32,2161.13
-11799602.620000001,4654481.100000001,2161.11
-11799600.97,4654481.87,2161.08
-11799599.32,4654482.63,2161.11
-11799596.42,4654483.89,2163.92
-11799598.08,4654483.12,2164.11
-11799594.35,4654484.97,2160.84
-11799596.03,4654484.17,2160.84
-11799592.700000001,4654485.74,2160.82
-11799591.06,4654486.5,2160.83
-11799589.43,4654487.2700000005,2160.88
-11799587.96,4654487.91,2162.35
-11799586.24,4654488.71,2162.05
-11799584.43,4654489.600000001,2160.9
-11799584.6,4654489.47,2162.21
-11799584.84,4654489.96,2160.88
-11799586.64,4654489.08,2161.86
-11799588.35,4654488.28,2162.34
-11799589.82,4654487.63,2161.01
-11799591.43,4654486.89,2160.82
-11799593.07,4654486.12,2160.84
-11799594.74,4654485.34,2160.86
-11799595.13,4654485.0600000005,2163.9
-11799598.5,4654483.47,2164.3
-11799596.81,4654484.26,2164.04
-11799599.76,4654483.0,2161.11
-11799600.17,4654482.69,2164.44
-11799603.06,4654481.45,2161.11
-11799601.4,4654482.22,2161.07
-11799604.69,4654480.69,2161.13
-11799606.36,4654479.91,2161.13
-11799608.03,4654479.13,2161.19
-11799609.68,4654478.350000001,2161.17
-11799611.33,4654477.59,2161.19
-11799612.97,4654476.83,2161.22
-11799614.64,4654476.05,2161.24
-11799616.290000001,4654475.28,2161.28
-11799617.950000001,4654474.5,2161.34
-11799619.59,4654473.73,2161.38
-11799621.23,4654472.97,2161.4
-11799622.9,4654472.19,2161.4
-11799623.23,4654473.29,2161.42
-11799621.59,4654474.05,2161.42
-11799619.91,4654474.850000001,2161.4
-11799618.26,4654475.63,2161.34
-11799616.65,4654476.39,2161.32
-11799614.98,4654477.17,2161.28
-11799613.32,4654477.94,2161.28
-11799611.65,4654478.71,2161.24
-11799610.02,4654479.48,2161.22
-11799608.370000001,4654480.26,2161.19
-11799606.72,4654481.03,2161.19
-11799605.09,4654481.7700000005,2161.15
-11799603.43,4654482.57,2161.13
-11799601.77,4654483.350000001,2161.11
-11799600.620000001,4654483.75,2165.0
-11799598.94,4654484.55,2164.71
-11799597.23,4654485.36,2164.42
-11799593.47,4654487.24,2160.84
-11799595.55,4654486.15,2164.13
-11799593.86,4654486.95,2163.9
-11799591.83,4654488.0,2160.84
-11799590.27,4654488.71,2161.36
-11799588.73,4654489.38,2162.38
-11799587.03,4654490.2,2161.99
-11799585.25,4654491.0600000005,2161.23
-11799585.13,4654491.8100000005,2161.21
-11799586.73,4654491.08,2160.85
-11799590.21,4654489.41,2162.28
-11799588.540000001,4654490.19,2162.21
-11799591.66,4654488.78,2160.81
-11799590.040000001,4654489.53,2161.04
-11799591.99,4654488.55,2163.35
-11799593.32,4654487.99,2160.8
-11799593.73,4654487.72,2163.97
-11799595.41,4654486.92,2164.25
-11799597.1,4654486.13,2164.53
-11799598.8,4654485.32,2164.81
-11799600.49,4654484.53,2165.08
-11799601.65,4654484.11,2161.11
-11799603.31,4654483.34,2161.11
-11799606.58,4654481.8100000005,2161.15
-11799604.950000001,4654482.57,2161.13
-11799608.24,4654481.05,2161.19
-11799609.93,4654480.26,2161.22
-11799611.56,4654479.5,2161.25
-11799613.200000001,4654478.74,2161.3
-11799614.86,4654477.96,2161.26
-11799616.540000001,4654477.16,2161.29
-11799618.19,4654476.4,2161.33
-11799619.83,4654475.62,2161.36
-11799621.44,4654474.89,2161.4
-11799623.06,4654474.13,2161.42
-11799621.76,4654476.05,2161.4
-11799623.41,4654475.2700000005,2161.44
-11799620.11,4654476.83,2161.38
-11799618.46,4654477.600000001,2161.34
-11799616.790000001,4654478.38,2161.29
-11799615.17,4654479.14,2161.29
-11799613.5,4654479.91,2161.29
-11799611.84,4654480.69,2161.28
-11799610.19,4654481.45,2161.24
-11799608.53,4654482.24,2161.21
-11799606.9,4654482.99,2161.15
-11799605.23,4654483.79,2161.17
-11799603.58,4654484.55,2161.17
-11799602.35,4654485.01,2164.42
-11799601.950000001,4654485.3100000005,2161.24
-11799600.74,4654485.76,2164.71
-11799599.13,4654486.51,2165.02
-11799597.47,4654487.28,2164.92
-11799595.78,4654488.07,2164.61
-11799594.07,4654488.9,2164.34
-11799591.950000001,4654489.98,2160.77
-11799592.370000001,4654489.7,2164.02
-11799590.47,4654490.64,2161.8
-11799588.69,4654491.51,2160.86
-11799587.03,4654492.28,2160.88
-11799585.38,4654493.04,2160.98
-11799585.08,4654493.75,2162.54
-11799586.51,4654493.13,2160.88
-11799588.15,4654492.37,2160.86
-11799589.8,4654491.61,2160.86
-11799591.46,4654490.82,2160.96
-11799593.56,4654489.75,2164.32
-11799595.25,4654488.93,2164.63
-11799596.93,4654488.16,2164.92
-11799598.59,4654487.38,2164.98
-11799600.23,4654486.64,2164.69
-11799601.86,4654485.89,2164.4
-11799603.09,4654485.41,2161.17
-11799606.370000001,4654483.89,2161.13
-11799604.73,4654484.65,2161.17
-11799608.02,4654483.11,2161.17
-11799609.66,4654482.350000001,2161.23
-11799611.31,4654481.58,2161.26
-11799612.950000001,4654480.82,2161.26
-11799614.59,4654480.05,2161.28
-11799616.27,4654479.28,2161.28
-11799617.94,4654478.48,2161.32
-11799619.61,4654477.72,2161.36
-11799621.27,4654476.94,2161.4
-11799622.98,4654476.13,2161.76
-11799623.26,4654477.29,2161.44
-11799621.59,4654478.07,2161.46
-11799619.92,4654478.86,2161.36
-11799618.25,4654479.64,2161.3
-11799616.61,4654480.4,2161.29
-11799614.97,4654481.17,2161.27
-11799613.32,4654481.94,2161.26
-11799611.67,4654482.7,2161.26
-11799610.02,4654483.48,2161.22
-11799608.370000001,4654484.25,2161.17
-11799606.73,4654485.01,2161.13
-11799605.06,4654485.8,2161.13
-11799603.43,4654486.55,2161.44
-11799603.78,4654486.3,2164.15
-11799602.13,4654487.08,2164.11
-11799600.49,4654487.83,2164.3
-11799598.9,4654488.5600000005,2164.61
-11799597.28,4654489.3100000005,2164.9
-11799595.66,4654490.05,2165.02
-11799591.83,4654491.96,2161.26
-11799593.94,4654490.87,2164.74
-11799590.17,4654492.75,2161.09
-11799588.5,4654493.5200000005,2161.0
-11799586.84,4654494.3100000005,2160.86
-11799585.42,4654494.9,2162.67
-11799584.09,4654496.15,2160.63
-11799584.32,4654495.99,2162.32
-11799587.42,4654494.600000001,2160.86
-11799586.02,4654495.18,2162.67
-11799589.16,4654493.76,2161.42
-11799589.4,4654493.59,2163.19
-11799590.75,4654493.04,2160.96
-11799592.540000001,4654492.17,2162.11
-11799594.6,4654491.12,2164.94
-11799596.25,4654490.36,2164.98
-11799597.85,4654489.62,2164.71
-11799599.46,4654488.88,2164.4
-11799601.05,4654488.14,2164.11
-11799602.700000001,4654487.38,2164.27
-11799603.97,4654486.86,2161.21
-11799604.34,4654486.62,2164.17
-11799608.96,4654484.57,2161.17
-11799605.65,4654486.09,2161.13
-11799610.63,4654483.78,2161.22
-11799607.3,4654485.33,2161.13
-11799612.27,4654483.0200000005,2161.25
-11799613.9,4654482.26,2161.25
-11799615.55,4654481.49,2161.28
-11799617.22,4654480.72,2161.27
-11799618.870000001,4654479.94,2161.3
-11799620.49,4654479.2,2161.35
-11799622.16,4654478.41,2161.5
-11799623.82,4654477.63,2161.44
-11799622.9,4654479.54,2161.6
-11799621.23,4654480.32,2161.51
-11799619.58,4654481.08,2161.42
-11799617.96,4654481.850000001,2161.29
-11799616.32,4654482.61,2161.31
-11799614.61,4654483.4,2161.27
-11799612.94,4654484.19,2161.27
-11799611.28,4654484.96,2161.23
-11799609.63,4654485.73,2161.17
-11799607.98,4654486.5,2161.13
-11799606.33,4654487.26,2161.13
-11799604.68,4654488.05,2161.11
-11799603.0,4654488.82,2161.11
-11799603.49,4654488.47,2165.07
-11799601.36,4654489.59,2161.17
-11799601.8,4654489.2700000005,2164.61
-11799599.72,4654490.350000001,2161.09
-11799600.09,4654490.100000001,2163.94
-11799598.47,4654490.82,2164.21
-11799596.85,4654491.58,2164.48
-11799595.25,4654492.32,2164.79
-11799594.77,4654492.67,2161.02
-11799593.27,4654493.33,2162.15
-11799591.46,4654494.21,2160.99
-11799591.78,4654493.99,2163.36
-11799590.11,4654494.76,2163.38
-11799588.14,4654495.74,2160.97
-11799586.540000001,4654496.49,2161.21
-11799584.83,4654497.3100000005,2160.76
-11799584.94,4654497.7,2160.76
-11799586.66,4654496.88,2161.27
-11799588.290000001,4654496.11,2161.11
-11799590.26,4654495.13,2163.4
-11799591.91,4654494.37,2163.4
-11799593.450000001,4654493.67,2162.61
-11799594.94,4654493.03,2161.13
-11799595.4,4654492.7,2164.74
-11799597.02,4654491.95,2164.38
-11799598.63,4654491.23,2164.11
-11799599.870000001,4654490.74,2161.08
-11799600.22,4654490.48,2163.88
-11799601.52,4654489.97,2161.11
-11799601.96,4654489.66,2164.65
-11799603.18,4654489.21,2161.09
-11799604.85,4654488.43,2161.11
-11799606.51,4654487.63,2161.13
-11799609.83,4654486.11,2161.17
-11799608.15,4654486.87,2161.11
-11799611.49,4654485.33,2161.19
-11799613.120000001,4654484.57,2161.24
-11799614.73,4654483.82,2161.27
-11799616.370000001,4654483.0600000005,2161.29
-11799618.040000001,4654482.2700000005,2161.27
-11799619.71,4654481.5,2161.34
-11799621.4,4654480.71,2161.55
-11799623.040000001,4654479.92,2161.63
-11799623.94,4654481.11,2161.54
-11799622.31,4654481.86,2161.48
-11799620.65,4654482.66,2161.35
-11799618.99,4654483.42,2161.44
-11799617.32,4654484.21,2161.33
-11799615.65,4654484.97,2161.29
-11799613.99,4654485.75,2161.24
-11799612.35,4654486.5,2161.23
-11799610.71,4654487.29,2161.19
-11799609.040000001,4654488.07,2161.15
-11799607.38,4654488.84,2161.13
-11799605.72,4654489.62,2161.13
-11799604.08,4654490.38,2161.11
-11799602.42,4654491.15,2161.11
-11799600.790000001,4654491.91,2161.07
-11799599.84,4654492.18,2166.57
-11799599.15,4654492.69,2161.07
-11799596.05,4654494.08,2162.74
-11799597.84,4654493.2,2163.88
-11799594.18,4654495.01,2160.84
-11799595.84,4654494.21,2161.17
-11799594.43,4654494.82,2162.85
-11799592.86,4654495.53,2163.42
-11799591.18,4654496.33,2163.42
-11799589.44,4654497.15,2162.78
-11799587.67,4654497.99,2162.0
-11799585.83,4654498.9,2160.75
-11799584.18,4654499.66,2160.75
-11799587.27,4654498.79,2160.99
-11799585.58,4654499.59,2160.74
-11799590.84,4654497.07,2163.42
-11799589.13,4654497.89,2162.79
-11799592.52,4654496.29,2163.46
-11799593.89,4654495.72,2161.02
-11799595.81,4654494.78,2162.88
-11799594.200000001,4654495.51,2163.32
-11799597.200000001,4654494.2,2161.04
-11799597.56,4654493.94,2163.86
-11799598.8,4654493.44,2161.08
-11799600.46,4654492.67,2161.07
-11799602.14,4654491.89,2161.1
-11799603.790000001,4654491.12,2161.11
-11799605.44,4654490.350000001,2161.11
-11799607.09,4654489.59,2161.11
-11799608.75,4654488.83,2161.13
-11799610.41,4654488.04,2161.17
-11799612.05,4654487.29,2161.19
-11799613.68,4654486.53,2161.21
-11799615.370000001,4654485.74,2161.24
-11799617.07,4654484.95,2161.33
-11799618.700000001,4654484.19,2161.38
-11799620.34,4654483.43,2161.33
-11799622.01,4654482.64,2161.5
-11799623.68,4654481.87,2161.69
-11799622.97,4654483.59,2161.4
-11799621.33,4654484.37,2161.35
-11799619.69,4654485.13,2161.4
-11799616.370000001,4654486.68,2161.33
-11799618.03,4654485.9,2161.38
-11799614.71,4654487.44,2161.25
-11799613.02,4654488.24,2161.17
-11799611.38,4654489.0,2161.17
-11799609.71,4654489.78,2161.15
-11799608.05,4654490.55,2161.13
-11799606.42,4654491.3100000005,2161.13
-11799604.77,4654492.09,2161.13
-11799603.08,4654492.88,2161.11
-11799601.43,4654493.65,2161.07
-11799599.790000001,4654494.41,2161.06
-11799596.47,4654495.95,2161.04
-11799598.13,4654495.19,2161.04
-11799594.8,4654496.74,2161.03
-11799595.1,4654496.53,2163.32
-11799593.47,4654497.28,2163.5
-11799591.84,4654498.05,2163.44
-11799590.09,4654498.88,2162.84
-11799588.23,4654499.8,2161.19
-11799586.51,4654500.61,2160.79
-11799584.870000001,4654501.37,2160.73
-11799584.22,4654502.24,2160.74
-11799587.53,4654500.69,2160.78
-11799585.870000001,4654501.48,2160.71
-11799589.450000001,4654499.73,2162.8
-11799589.22,4654499.9,2161.07
-11799591.1,4654498.97,2162.84
-11799592.82,4654498.16,2163.44
-11799594.51,4654497.37,2163.49
-11799595.86,4654496.8100000005,2161.11
-11799597.48,4654496.07,2160.99
-11799596.72,4654496.21,2167.75
-11799600.83,4654494.5200000005,2161.04
-11799599.16,4654495.29,2161.04
-11799604.14,4654492.95,2161.09
-11799602.49,4654493.74,2161.07
-11799605.790000001,4654492.18,2161.11
-11799607.41,4654491.44,2161.13
-11799609.05,4654490.68,2161.11
-11799610.73,4654489.91,2161.13
-11799614.02,4654488.36,2161.17
-11799612.38,4654489.12,2161.17
-11799615.68,4654487.61,2161.29
-11799617.33,4654486.82,2161.34
-11799619.01,4654486.05,2161.32
-11799620.66,4654485.28,2161.34
-11799622.31,4654484.51,2161.34
-11799623.93,4654483.76,2161.4
-11799623.14,4654485.53,2161.36
-11799621.52,4654486.3,2161.36
-11799619.88,4654487.0600000005,2161.32
-11799618.24,4654487.82,2161.36
-11799616.56,4654488.61,2161.33
-11799613.26,4654490.15,2161.21
-11799614.92,4654489.36,2161.27
-11799611.6,4654490.92,2161.17
-11799609.98,4654491.66,2161.15
-11799608.34,4654492.45,2161.13
-11799606.66,4654493.22,2161.11
-11799604.98,4654494.01,2161.09
-11799603.31,4654494.7700000005,2161.11
-11799600.03,4654496.3100000005,2161.03
-11799601.65,4654495.55,2161.07
-11799598.36,4654497.09,2161.02
-11799596.700000001,4654497.87,2160.97
-11799593.4,4654499.41,2160.92
-11799595.05,4654498.63,2160.96
-11799593.72,4654499.18,2163.44
-11799592.0,4654500.0,2162.79
-11799590.13,4654500.93,2160.96
-11799590.38,4654500.76,2162.83
-11799588.43,4654501.73,2160.81
-11799586.75,4654502.49,2160.74
-11799585.08,4654503.28,2160.77
-11799584.19,4654504.28,2162.53
-11799585.61,4654503.68,2160.82
-11799587.28,4654502.91,2160.74
-11799588.94,4654502.13,2160.8
-11799590.61,4654501.36,2160.86
-11799595.56,4654499.0600000005,2160.97
-11799592.26,4654500.600000001,2160.98
-11799598.870000001,4654497.53,2161.01
-11799593.91,4654499.82,2160.94
-11799600.53,4654496.75,2161.02
-11799597.200000001,4654498.3,2161.0
-11799603.86,4654495.2,2161.09
-11799602.200000001,4654495.96,2161.07
-11799605.51,4654494.43,2161.1
-11799607.14,4654493.66,2161.11
-11799608.790000001,4654492.9,2161.15
-11799610.48,4654492.13,2161.13
-11799612.16,4654491.34,2161.17
-11799613.78,4654490.59,2161.23
-11799615.42,4654489.82,2161.27
-11799617.08,4654489.0600000005,2161.32
-11799618.73,4654488.28,2161.35
-11799620.38,4654487.5200000005,2161.36
-11799621.99,4654486.7700000005,2161.36
-11799623.65,4654486.0,2161.36
-11799623.22,4654487.54,2161.42
-11799621.56,4654488.3,2161.38
-11799619.92,4654489.0600000005,2161.38
-11799618.28,4654489.84,2161.34
-11799616.61,4654490.63,2161.26
-11799614.94,4654491.39,2161.23
-11799613.290000001,4654492.16,2161.19
-11799611.63,4654492.92,2161.17
-11799609.97,4654493.71,2161.22
-11799606.63,4654495.2700000005,2161.1
-11799608.32,4654494.49,2161.17
-11799603.370000001,4654496.8,2161.06
-11799604.98,4654496.04,2161.1
-11799600.08,4654498.33,2161.01
-11799601.73,4654497.5600000005,2161.07
-11799596.76,4654499.87,2160.96
-11799598.41,4654499.11,2161.0
-11799595.09,4654500.63,2160.97
-11799593.42,4654501.43,2160.92
-11799591.74,4654502.22,2160.88
-11799590.08,4654502.99,2160.82
-11799588.41,4654503.76,2160.77
-11799586.77,4654504.54,2160.73
-11799585.11,4654505.3100000005,2160.74
-11799586.870000001,4654505.16,2160.69
-11799585.22,4654505.93,2160.73
-11799590.17,4654503.62,2160.81
-11799588.52,4654504.38,2160.76
-11799593.49,4654502.07,2160.92
-11799591.82,4654502.850000001,2160.88
-11799596.84,4654500.51,2160.96
-11799595.17,4654501.3,2160.94
-11799600.15,4654498.97,2161.01
-11799598.48,4654499.75,2161.0
-11799603.5,4654497.42,2161.05
-11799601.82,4654498.2,2161.05
-11799605.14,4654496.66,2161.08
-11799606.75,4654495.91,2161.09
-11799608.41,4654495.14,2161.19
-11799610.08,4654494.36,2161.21
-11799611.75,4654493.59,2161.15
-11799613.4,4654492.8100000005,2161.15
-11799615.01,4654492.07,2161.19
-11799616.69,4654491.29,2161.27
-11799618.370000001,4654490.5,2161.29
-11799620.02,4654489.73,2161.34
-11799621.67,4654488.97,2161.38
-11799623.3,4654488.22,2161.38
-11799622.8,4654489.75,2161.38
-11799621.13,4654490.5200000005,2161.36
-11799619.46,4654491.3100000005,2161.32
-11799617.84,4654492.07,2161.29
-11799616.200000001,4654492.82,2161.15
-11799612.870000001,4654494.4,2161.17
-11799614.53,4654493.61,2161.19
-11799610.08,4654495.58,2165.03
-11799611.76,4654494.78,2165.42
-11799610.25,4654495.45,2166.38
-11799609.61,4654495.91,2161.23
-11799607.94,4654496.7,2161.11
-11799606.290000001,4654497.46,2161.11
-11799604.620000001,4654498.23,2161.09
-11799602.97,4654499.01,2161.07
-11799601.32,4654499.7700000005,2161.03
-11799599.68,4654500.53,2161.0
-11799597.99,4654501.33,2160.98
-11799596.31,4654502.11,2160.97
-11799594.63,4654502.88,2160.96
-11799592.98,4654503.65,2160.94
-11799591.34,4654504.42,2160.88
-11799589.68,4654505.2,2160.84
-11799586.35,4654506.7700000005,2160.72
-11799588.0,4654505.99,2160.78
-11799584.68,4654507.54,2160.73
-11799584.41,4654508.24,2160.79
-11799584.78,4654508.0,2163.42
-11799587.73,4654506.7,2160.75
-11799586.05,4654507.49,2160.72
-11799591.03,4654505.16,2160.86
-11799589.38,4654505.94,2160.82
-11799594.32,4654503.64,2160.94
-11799592.67,4654504.4,2160.9
-11799596.02,4654502.850000001,2160.92
-11799597.69,4654502.08,2160.99
-11799600.99,4654500.54,2161.03
-11799599.32,4654501.32,2161.0
-11799602.63,4654499.78,2161.04
-11799604.3,4654499.0,2161.06
-11799605.94,4654498.22,2161.11
-11799609.790000001,4654496.3,2165.53
-11799607.59,4654497.46,2161.11
-11799609.950000001,4654496.2,2166.83
-11799611.48,4654495.53,2165.92
-11799612.56,4654495.16,2161.22
-11799613.01,4654494.83,2165.02
-11799614.200000001,4654494.4,2161.17
-11799615.82,4654493.62,2161.13
-11799617.49,4654492.86,2161.23
-11799619.16,4654492.08,2161.29
-11799622.44,4654490.5600000005,2161.35
-11799620.82,4654491.32,2161.36
-11799623.74,4654491.37,2161.38
-11799622.05,4654492.16,2161.35
-11799620.36,4654492.93,2161.32
-11799618.72,4654493.72,2161.25
-11799617.06,4654494.49,2161.19
-11799615.41,4654495.25,2161.17
-11799613.77,4654496.03,2161.26
-11799614.21,4654495.72,2164.96
-11799612.700000001,4654496.39,2165.85
-11799611.19,4654497.07,2166.76
-11799609.65,4654497.75,2167.67
-11799607.18,4654499.100000001,2161.03
-11799607.96,4654498.55,2167.25
-11799608.120000001,4654498.44,2168.59
-11799605.52,4654499.88,2161.13
-11799603.84,4654500.65,2161.11
-11799602.19,4654501.41,2161.05
-11799600.55,4654502.17,2161.05
-11799598.89,4654502.98,2161.01
-11799597.22,4654503.75,2160.98
-11799595.56,4654504.5200000005,2160.94
-11799593.92,4654505.29,2160.92
-11799592.24,4654506.0600000005,2160.88
-11799590.56,4654506.850000001,2160.88
-11799588.89,4654507.64,2160.82
-11799587.23,4654508.4,2160.8
-11799585.57,4654509.17,2160.74
-11799584.94,4654510.03,2160.72
-11799588.31,4654508.45,2160.81
-11799586.63,4654509.23,2160.75
-11799590.0,4654507.66,2160.84
-11799591.69,4654506.87,2160.86
-11799593.39,4654506.09,2160.9
-11799595.07,4654505.3100000005,2160.9
-11799596.75,4654504.5200000005,2160.94
-11799598.44,4654503.74,2160.98
-11799600.11,4654502.96,2161.03
-11799601.8,4654502.16,2161.05
-11799603.51,4654501.39,2161.11
-11799605.17,4654500.600000001,2161.11
-11799607.76,4654499.2,2168.32
-11799609.42,4654498.42,2168.15
-11799610.98,4654497.74,2167.19
-11799612.55,4654497.03,2166.28
-11799615.22,4654495.92,2161.19
-11799614.1,4654496.33,2165.33
-11799616.89,4654495.16,2161.15
-11799618.59,4654494.36,2161.22
-11799620.290000001,4654493.5600000005,2161.36
-11799621.96,4654492.8,2161.35
-11799623.61,4654492.0200000005,2161.36
-11799622.63,4654493.84,2161.32
-11799620.97,4654494.62,2161.33
-11799619.290000001,4654495.4,2161.24
-11799617.63,4654496.19,2161.19
-11799616.0,4654496.94,2161.22
-11799614.83,4654497.36,2165.5
-11799613.290000001,4654498.0600000005,2166.4
-11799611.790000001,4654498.74,2167.31
-11799610.27,4654499.43,2168.23
-11799608.61,4654500.19,2168.3
-11799606.84,4654501.04,2167.23
-11799604.38,4654502.350000001,2161.07
-11799602.73,4654503.14,2161.11
-11799605.03,4654501.92,2166.1
-11799601.07,4654503.91,2161.09
-11799599.4,4654504.69,2161.03
-11799597.76,4654505.46,2161.01
-11799596.11,4654506.22,2160.94
-11799594.47,4654506.99,2160.9
-11799592.870000001,4654507.75,2160.88
-11799591.19,4654508.5200000005,2160.85
-11799589.48,4654509.32,2160.84
-11799587.790000001,4654510.11,2160.79
-11799586.14,4654510.89,2160.75
-11799584.49,4654511.65,2160.73
-11799584.67,4654512.21,2160.72
-11799586.33,4654511.42,2160.76
-11799588.01,4654510.65,2160.81
-11799589.72,4654509.86,2160.84
-11799591.39,4654509.08,2160.86
-11799593.06,4654508.3,2160.88
-11799594.700000001,4654507.53,2160.92
-11799596.39,4654506.76,2160.94
-11799598.05,4654505.97,2161.0
-11799599.72,4654505.18,2161.04
-11799601.38,4654504.44,2161.06
-11799605.290000001,4654502.48,2165.83
-11799603.03,4654503.65,2161.11
-11799607.07,4654501.62,2166.96
-11799608.86,4654500.75,2168.05
-11799610.58,4654499.94,2168.44
-11799612.1,4654499.25,2167.49
-11799613.64,4654498.57,2166.61
-11799615.200000001,4654497.87,2165.71
-11799616.290000001,4654497.49,2161.24
-11799616.73,4654497.19,2164.86
-11799617.9,4654496.74,2161.22
-11799619.53,4654495.98,2161.23
-11799621.23,4654495.19,2161.3
-11799622.89,4654494.4,2161.33
-11799622.870000001,4654495.79,2161.3
-11799619.55,4654497.33,2161.19
-11799621.22,4654496.55,2161.29
-11799615.21,4654499.22,2166.27
-11799617.91,4654498.09,2161.22
-11799613.64,4654499.9,2167.17
-11799616.76,4654498.5200000005,2165.34
-11799612.13,4654500.600000001,2168.09
-11799610.55,4654501.32,2168.48
-11799608.78,4654502.19,2167.38
-11799606.98,4654503.05,2166.3
-11799605.19,4654503.92,2165.13
-11799603.03,4654505.03,2161.13
-11799601.38,4654505.8100000005,2161.09
-11799599.69,4654506.600000001,2161.06
-11799598.03,4654507.38,2161.03
-11799596.36,4654508.16,2160.96
-11799594.71,4654508.92,2160.9
-11799591.42,4654510.46,2160.86
-11799593.08,4654509.69,2160.9
-11799589.73,4654511.26,2160.84
-11799588.05,4654512.04,2160.79
-11799584.77,4654513.57,2160.77
-11799586.44,4654512.79,2160.76
-11799584.77,4654514.13,2160.75
-11799588.08,4654512.57,2160.76
-11799586.42,4654513.34,2160.76
-11799589.74,4654511.8100000005,2160.82
-11799591.4,4654511.03,2160.84
-11799593.08,4654510.26,2160.88
-11799594.73,4654509.48,2160.92
-11799596.39,4654508.71,2160.96
-11799598.06,4654507.92,2161.01
-11799599.71,4654507.16,2161.04
-11799601.36,4654506.38,2161.08
-11799603.03,4654505.62,2161.11
-11799604.65,4654504.86,2161.13
-11799605.15,4654504.5200000005,2164.99
-11799606.91,4654503.66,2165.88
-11799612.17,4654501.15,2168.38
-11799608.72,4654502.8,2167.04
-11799613.69,4654500.47,2167.51
-11799610.48,4654501.95,2168.05
-11799615.22,4654499.7700000005,2166.58
-11799616.78,4654499.09,2165.63
-11799617.86,4654498.7,2161.25
-11799618.3,4654498.4,2164.88
-11799619.5,4654497.94,2161.22
-11799621.16,4654497.17,2161.28
-11799622.83,4654496.38,2161.33
-11799622.89,4654497.75,2161.32
-11799621.24,4654498.53,2161.25
-11799619.6,4654499.29,2161.23
-11799618.46,4654499.71,2165.27
-11799615.370000001,4654501.100000001,2167.11
-11799616.93,4654500.39,2166.19
-11799613.83,4654501.8,2168.01
-11799612.290000001,4654502.48,2168.63
-11799610.51,4654503.350000001,2167.48
-11799608.700000001,4654504.23,2166.33
-11799606.88,4654505.11,2165.27
-11799604.72,4654506.25,2161.15
-11799603.11,4654506.99,2161.11
-11799601.44,4654507.7700000005,2161.1
-11799599.78,4654508.54,2161.06
-11799598.09,4654509.34,2160.99
-11799596.42,4654510.12,2161.0
-11799594.77,4654510.89,2160.97
-11799593.120000001,4654511.67,2160.9
-11799591.43,4654512.46,2160.86
-11799589.76,4654513.23,2160.82
-11799588.13,4654514.01,2160.78
-11799584.77,4654515.57,2160.76
-11799586.47,4654514.78,2160.75
-11799584.49,4654516.39,2160.73
-11799586.14,4654515.63,2160.73
-11799587.8,4654514.86,2160.75
-11799589.450000001,4654514.08,2160.8
-11799591.09,4654513.32,2160.82
-11799592.77,4654512.5200000005,2160.9
-11799594.46,4654511.74,2160.92
-11799596.13,4654510.97,2160.97
-11799597.790000001,4654510.19,2161.0
-11799599.43,4654509.43,2161.02
-11799601.040000001,4654508.67,2161.07
-11799602.72,4654507.9,2161.11
-11799604.38,4654507.11,2161.13
-11799606.02,4654506.36,2161.15
-11799608.23,4654505.19,2165.65
-11799610.01,4654504.34,2166.77
-11799611.82,4654503.48,2167.86
-11799615.1,4654501.95,2167.72
-11799613.57,4654502.62,2168.61
-11799618.16,4654500.57,2165.85
-11799616.61,4654501.26,2166.77
-11799619.27,4654500.19,2161.31
-11799619.700000001,4654499.88,2164.94
-11799620.89,4654499.43,2161.24
-11799622.56,4654498.65,2161.29
-11799624.16,4654499.0600000005,2161.32
-11799620.870000001,4654500.59,2161.24
-11799622.52,4654499.8100000005,2161.23
-11799619.21,4654501.37,2161.24
-11799619.72,4654501.0,2165.4
-11799618.18,4654501.71,2166.36
-11799616.67,4654502.4,2167.27
-11799615.17,4654503.08,2168.17
-11799613.53,4654503.83,2168.36
-11799611.73,4654504.71,2167.28
-11799609.94,4654505.57,2166.19
-11799608.13,4654506.43,2165.11
-11799607.63,4654506.79,2161.1
-11799605.97,4654507.57,2161.15
-11799604.32,4654508.34,2161.15
-11799602.68,4654509.100000001,2161.13
-11799601.03,4654509.86,2161.11
-11799599.370000001,4654510.64,2161.06
-11799597.75,4654511.4,2161.06
-11799599.77,4654510.36,2164.11
-11799594.41,4654512.98,2160.94
-11799596.1,4654512.19,2161.01
-11799591.06,4654514.54,2160.82
-11799592.72,4654513.75,2160.9
-11799587.75,4654516.09,2160.79
-11799589.42,4654515.3100000005,2160.81
-11799586.1,4654516.86,2160.75
-11799584.44,4654517.64,2160.75
-11799586.92,4654517.24,2160.77
-11799585.26,4654518.0200000005,2160.74
-11799588.56,4654516.48,2160.78
-11799590.23,4654515.7,2160.8
-11799591.88,4654514.93,2160.86
-11799593.540000001,4654514.15,2160.92
-11799595.21,4654513.38,2161.01
-11799596.86,4654512.59,2161.04
-11799598.5,4654511.84,2161.04
-11799599.06,4654511.46,2165.27
-11799600.16,4654511.05,2161.11
-11799600.540000001,4654510.8100000005,2164.04
-11799601.83,4654510.29,2161.03
-11799602.07,4654510.12,2162.8
-11799603.49,4654509.5200000005,2161.13
-11799605.14,4654508.74,2161.15
-11799606.77,4654507.98,2161.15
-11799608.93,4654506.87,2165.19
-11799610.71,4654506.01,2166.23
-11799612.51,4654505.15,2167.32
-11799614.290000001,4654504.2700000005,2168.4
-11799615.88,4654503.55,2168.15
-11799617.4,4654502.850000001,2167.24
-11799618.32,4654502.600000001,2161.4
-11799618.92,4654502.18,2166.31
-11799619.93,4654501.850000001,2161.19
-11799621.59,4654501.07,2161.21
-11799623.26,4654500.2700000005,2161.25
-11799623.39,4654501.48,2161.19
-11799621.78,4654502.21,2161.21
-11799620.14,4654503.0,2161.19
-11799618.46,4654503.7700000005,2161.23
-11799617.21,4654504.28,2164.53
-11799616.07,4654504.71,2168.61
-11799614.34,4654505.54,2167.83
-11799612.59,4654506.38,2166.78
-11799610.81,4654507.24,2165.69
-11799608.55,4654508.42,2161.17
-11799606.88,4654509.2,2161.15
-11799605.23,4654509.97,2161.13
-11799603.59,4654510.73,2161.21
-11799601.92,4654511.5200000005,2161.06
-11799600.73,4654511.98,2164.65
-11799599.25,4654512.64,2165.9
-11799596.96,4654513.84,2161.0
-11799597.790000001,4654513.3,2167.17
-11799595.31,4654514.62,2161.04
-11799593.64,4654515.39,2160.94
-11799591.950000001,4654516.19,2160.86
-11799590.290000001,4654516.97,2160.79
-11799588.65,4654517.73,2160.81
-11799586.99,4654518.5200000005,2160.79
-11799585.35,4654519.28,2160.77
-11799585.33,4654519.91,2160.76
-11799586.98,4654519.15,2160.77
-11799590.36,4654517.57,2160.77
-11799588.68,4654518.36,2160.78
-11799593.66,4654516.0200000005,2160.97
-11799591.99,4654516.8100000005,2160.85
-11799595.33,4654515.25,2161.02
-11799596.3,4654514.600000001,2168.26
-11799597.91,4654513.86,2167.56
-11799599.38,4654513.2,2166.3
-11799600.83,4654512.57,2165.03
-11799601.96,4654512.15,2161.05
-11799602.33,4654511.89,2163.92
-11799603.6,4654511.39,2160.99
-11799603.84,4654511.23,2162.86
-11799605.290000001,4654510.600000001,2161.13
-11799606.94,4654509.82,2161.13
-11799608.59,4654509.04,2161.17
-11799610.82,4654507.91,2165.35
-11799612.61,4654507.04,2166.46
-11799614.36,4654506.19,2167.54
-11799615.57,4654505.7,2164.13
-11799616.11,4654505.33,2168.63
-11799617.200000001,4654504.96,2164.08
-11799618.68,4654504.3100000005,2162.44
-11799620.18,4654503.64,2161.17
-11799618.9,4654504.17,2164.15
-11799621.82,4654502.88,2161.17
-11799623.49,4654502.09,2161.17
-11799623.65,4654503.42,2161.15
-11799622.02,4654504.18,2161.17
-11799620.34,4654504.99,2161.17
-11799618.69,4654505.76,2161.19
-11799617.39,4654506.2700000005,2164.07
-11799615.78,4654507.04,2164.3
-11799613.77,4654508.0600000005,2161.22
-11799614.48,4654507.58,2166.94
-11799612.700000001,4654508.44,2165.85
-11799610.450000001,4654509.61,2161.21
-11799610.93,4654509.28,2165.01
-11799608.790000001,4654510.39,2161.17
-11799607.16,4654511.16,2161.13
-11799605.52,4654511.93,2161.15
-11799603.83,4654512.72,2161.07
-11799602.6,4654513.21,2164.44
-11799601.11,4654513.88,2165.74
-11799599.66,4654514.5200000005,2166.98
-11799598.200000001,4654515.17,2168.23
-11799596.41,4654516.03,2167.17
-11799593.9,4654517.38,2160.92
-11799594.53,4654516.96,2165.63
-11799592.21,4654518.17,2160.86
-11799590.55,4654518.94,2160.82
-11799588.9,4654519.72,2160.82
-11799587.24,4654520.49,2160.79
-11799585.6,4654521.25,2160.8
-11799585.43,4654522.0,2160.8
-11799587.09,4654521.22,2160.8
-11799588.73,4654520.46,2160.8
-11799590.38,4654519.69,2160.82
-11799592.040000001,4654518.93,2160.86
-11799593.71,4654518.12,2160.88
-11799594.22,4654517.8,2164.65
-11799597.98,4654515.94,2168.02
-11799596.13,4654516.87,2166.34
-11799599.53,4654515.23,2167.61
-11799601.040000001,4654514.57,2166.34
-11799602.56,4654513.9,2165.09
-11799603.67,4654513.48,2161.09
-11799604.040000001,4654513.23,2163.97
-11799605.31,4654512.7,2161.04
-11799606.94,4654511.94,2161.15
-11799605.540000001,4654512.55,2162.8
-11799610.24,4654510.4,2161.19
-11799608.57,4654511.18,2161.15
-11799613.56,4654508.86,2161.17
-11799612.43,4654509.2700000005,2165.25
-11799615.16,4654508.11,2161.13
-11799615.66,4654507.7700000005,2165.13
-11799616.81,4654507.33,2161.22
-11799617.17,4654507.100000001,2164.06
-11799618.48,4654506.5600000005,2161.13
-11799620.13,4654505.78,2161.15
-11799621.77,4654505.0200000005,2161.15
-11799623.42,4654504.25,2161.15
-11799623.64,4654505.350000001,2161.17
-11799622.01,4654506.11,2161.17
-11799620.35,4654506.88,2161.17
-11799618.69,4654507.65,2161.26
-11799617.06,4654508.43,2161.17
-11799615.43,4654509.18,2161.15
-11799613.790000001,4654509.94,2161.13
-11799612.14,4654510.73,2161.22
-11799610.47,4654511.5200000005,2161.19
-11799608.8,4654512.29,2161.17
-11799607.120000001,4654513.09,2161.15
-11799605.49,4654513.850000001,2161.09
-11799604.28,4654514.32,2164.36
-11799602.78,4654515.0,2165.63
-11799601.26,4654515.7,2166.88
-11799599.77,4654516.350000001,2168.15
-11799598.02,4654517.19,2167.27
-11799596.15,4654518.100000001,2165.63
-11799593.88,4654519.3,2160.86
-11799594.09,4654519.16,2162.54
-11799592.21,4654520.0600000005,2160.88
-11799594.32,4654519.0200000005,2164.13
-11799590.540000001,4654520.87,2160.88
-11799588.870000001,4654521.65,2160.86
-11799585.58,4654523.18,2160.86
-11799587.22,4654522.41,2160.86
-11799585.03,4654524.08,2160.84
-11799586.72,4654523.28,2161.08
-11799588.57,4654522.39,2162.51
-11799588.34,4654522.53,2160.88
-11799590.0,4654521.74,2160.88
-11799591.65,4654520.98,2160.86
-11799593.3,4654520.21,2160.88
-11799595.42,4654519.12,2164.42
-11799597.31,4654518.19,2166.1
-11799599.18,4654517.3,2167.71
-11799600.81,4654516.5200000005,2167.8
-11799603.76,4654515.21,2165.3
-11799602.28,4654515.86,2166.55
-11799604.89,4654514.8,2161.11
-11799605.27,4654514.5200000005,2164.1
-11799606.77,4654513.87,2162.9
-11799606.53,4654514.0200000005,2161.06
-11799608.17,4654513.26,2161.15
-11799609.83,4654512.47,2161.15
-11799613.14,4654510.91,2161.21
-11799611.48,4654511.7,2161.21
-11799614.78,4654510.15,2161.11
-11799616.4,4654509.4,2161.13
-11799619.81,4654507.8,2161.73
-11799618.07,4654508.61,2161.17
-11799621.41,4654507.0600000005,2161.22
-11799623.03,4654506.3,2161.15
-11799623.370000001,4654507.32,2161.17
-11799621.71,4654508.11,2161.17
-11799620.09,4654508.89,2161.22
-11799618.42,4654509.66,2161.15
-11799616.75,4654510.45,2161.11
-11799613.47,4654511.97,2161.17
-11799615.11,4654511.21,2161.11
-11799610.15,4654513.55,2161.15
-11799611.81,4654512.7700000005,2161.19
-11799608.49,4654514.33,2161.17
-11799606.83,4654515.100000001,2161.1
-11799605.63,4654515.58,2164.47
-11799604.11,4654516.2700000005,2165.73
-11799601.200000001,4654517.5600000005,2168.26
-11799602.64,4654516.92,2166.97
-11799599.41,4654518.43,2167.15
-11799597.56,4654519.350000001,2165.53
-11799595.26,4654520.54,2160.92
-11799593.59,4654521.33,2160.92
-11799595.69,4654520.26,2164.15
-11799591.93,4654522.09,2160.9
-11799590.26,4654522.89,2160.92
-11799587.01,4654524.39,2161.13
-11799590.53,4654522.7,2162.84
-11799585.36,4654525.19,2161.01
-11799588.63,4654523.66,2160.96
-11799584.25,4654526.29,2160.83
-11799587.73,4654524.64,2161.28
-11799585.99,4654525.47,2160.99
-11799589.36,4654523.89,2160.92
-11799587.92,4654524.5200000005,2162.57
-11799589.61,4654523.72,2162.74
-11799591.01,4654523.12,2160.94
-11799592.700000001,4654522.33,2160.92
-11799594.41,4654521.53,2160.92
-11799596.1,4654520.71,2160.9
-11799596.55,4654520.44,2164.15
-11799598.43,4654519.51,2165.77
-11799600.290000001,4654518.600000001,2167.46
-11799602.040000001,4654517.7700000005,2167.99
-11799603.55,4654517.11,2166.71
-11799605.09,4654516.4,2165.42
-11799606.200000001,4654516.0,2161.11
-11799606.6,4654515.74,2164.15
-11799607.86,4654515.23,2161.09
-11799609.55,4654514.43,2161.15
-11799611.24,4654513.64,2161.15
-11799612.91,4654512.84,2161.19
-11799614.59,4654512.08,2161.13
-11799617.9,4654510.53,2161.1
-11799616.24,4654511.3,2161.09
-11799619.6,4654509.73,2161.15
-11799621.26,4654508.94,2161.15
-11799622.93,4654508.16,2161.15
-11799623.03,4654509.24,2161.17
-11799621.38,4654510.03,2161.15
-11799619.72,4654510.79,2161.15
-11799618.07,4654511.58,2161.11
-11799616.43,4654512.350000001,2161.11
-11799614.81,4654513.11,2161.11
-11799613.17,4654513.89,2161.15
-11799611.49,4654514.67,2161.15
-11799608.200000001,4654516.22,2161.1
-11799609.84,4654515.44,2161.17
-11799605.48,4654517.38,2165.79
-11799606.97,4654516.7,2164.53
-11799604.0,4654518.05,2167.03
-11799602.540000001,4654518.71,2168.33
-11799600.74,4654519.59,2167.08
-11799598.88,4654520.49,2165.44
-11799597.040000001,4654521.38,2164.11
-11799596.620000001,4654521.67,2160.99
-11799594.92,4654522.46,2160.92
-11799593.28,4654523.23,2160.94
-11799591.620000001,4654524.0200000005,2160.94
-11799589.97,4654524.8,2161.01
-11799588.450000001,4654525.48,2161.9
-11799588.66,4654525.34,2163.32
-11799586.71,4654526.32,2161.25
-11799584.98,4654527.13,2160.92
-11799585.27,4654527.62,2160.86
-11799586.96,4654526.8,2161.17
-11799588.700000001,4654525.98,2161.83
-11799590.34,4654525.21,2161.77
-11799593.53,4654523.73,2160.96
-11799591.88,4654524.51,2160.94
-11799595.18,4654522.97,2160.92
-11799596.82,4654522.19,2160.98
-11799599.03,4654521.05,2165.05
-11799600.91,4654520.12,2166.69
-11799602.78,4654519.22,2168.34
-11799604.28,4654518.54,2167.36
-11799605.75,4654517.88,2166.08
-11799607.23,4654517.22,2164.84
-11799608.38,4654516.7700000005,2161.08
-11799610.07,4654515.97,2161.32
-11799610.25,4654515.850000001,2162.65
-11799611.74,4654515.2,2161.13
-11799613.35,4654514.44,2161.11
-11799614.950000001,4654513.67,2161.08
-11799616.620000001,4654512.9,2161.08
-11799618.31,4654512.11,2161.1
-11799619.96,4654511.34,2161.13
-11799623.200000001,4654509.8100000005,2161.15
-11799621.57,4654510.58,2161.13
-11799624.21,4654510.62,2161.21
-11799622.55,4654511.4,2161.19
-11799620.9,4654512.19,2161.17
-11799619.25,4654512.96,2161.11
-11799617.61,4654513.74,2161.11
-11799615.98,4654514.5,2161.09
-11799614.33,4654515.2700000005,2161.1
-11799612.65,4654516.05,2161.13
-11799611.02,4654516.83,2161.23
-11799611.21,4654516.7,2162.65
-11799607.76,4654518.37,2161.13
-11799609.39,4654517.61,2161.09
-11799608.25,4654518.0600000005,2164.82
-11799606.1,4654519.14,2161.15
-11799606.75,4654518.73,2166.08
-11799605.23,4654519.41,2167.35
-11799603.73,4654520.09,2168.38
-11799601.870000001,4654521.01,2166.69
-11799599.99,4654521.93,2165.03
-11799597.78,4654523.07,2161.0
-11799596.14,4654523.84,2160.92
-11799594.47,4654524.63,2160.98
-11799592.82,4654525.41,2160.99
-11799591.19,4654526.17,2161.02
-11799589.57,4654526.93,2161.17
-11799587.86,4654527.74,2161.06
-11799586.17,4654528.5200000005,2160.88
-11799584.55,4654529.3,2160.83
-11799584.53,4654529.98,2160.84
-11799586.17,4654529.21,2160.88
-11799587.82,4654528.45,2160.92
-11799589.5,4654527.65,2161.19
-11799591.14,4654526.86,2161.27
-11799592.75,4654526.12,2160.97
-11799594.4,4654525.350000001,2161.0
-11799596.07,4654524.5600000005,2160.94
-11799597.72,4654523.79,2160.96
-11799599.83,4654522.73,2164.35
-11799603.56,4654520.89,2167.67
-11799601.71,4654521.8,2165.98
-11799606.75,4654519.42,2166.63
-11799605.25,4654520.08,2167.88
-11799607.64,4654519.13,2161.13
-11799606.03,4654519.89,2161.15
-11799609.26,4654518.37,2161.1
-11799610.9,4654517.600000001,2161.07
-11799612.57,4654516.82,2161.13
-11799614.21,4654516.03,2161.11
-11799615.83,4654515.2700000005,2161.09
-11799617.5,4654514.49,2161.11
-11799619.17,4654513.72,2161.13
-11799620.82,4654512.94,2161.15
-11799622.450000001,4654512.17,2161.17
-11799624.07,4654511.41,2161.19
-11799623.83,4654512.7700000005,2161.23
-11799622.19,4654513.54,2161.17
-11799618.84,4654515.12,2161.13
-11799620.52,4654514.33,2161.15
-11799617.19,4654515.89,2161.11
-11799615.57,4654516.66,2161.13
-11799613.92,4654517.44,2161.13
-11799612.26,4654518.23,2161.05
-11799610.620000001,4654519.01,2161.15
-11799612.49,4654518.07,2162.79
-11799607.33,4654520.54,2161.11
-11799608.97,4654519.78,2161.13
-11799604.92,4654521.53,2168.04
-11799605.68,4654521.33,2161.15
-11799603.08,4654522.43,2166.38
-11799604.01,4654522.12,2161.15
-11799599.08,4654524.45,2161.03
-11799601.23,4654523.350000001,2164.77
-11799597.42,4654525.23,2161.08
-11799595.700000001,4654526.04,2160.98
-11799594.040000001,4654526.82,2161.0
-11799592.41,4654527.59,2161.15
-11799592.64,4654527.43,2162.76
-11799590.76,4654528.36,2161.13
-11799589.08,4654529.17,2160.96
-11799587.4,4654529.95,2160.88
-11799585.75,4654530.71,2160.88
-11799584.1,4654531.5200000005,2160.88
-11799585.450000001,4654531.55,2160.86
-11799587.120000001,4654530.78,2160.9
-11799588.77,4654529.99,2160.9
-11799590.46,4654529.19,2161.07
-11799592.120000001,4654528.4,2161.08
-11799593.74,4654527.65,2161.02
-11799595.4,4654526.87,2161.01
-11799597.120000001,4654526.05,2161.13
-11799598.76,4654525.28,2161.1
-11799600.370000001,4654524.54,2161.1
-11799600.78,4654524.28,2164.1
-11799604.41,4654522.5,2166.96
-11799602.57,4654523.4,2165.42
-11799605.3,4654522.22,2161.13
-11799603.64,4654522.98,2161.15
-11799608.61,4654520.67,2161.11
-11799606.97,4654521.43,2161.1
-11799611.91,4654519.11,2161.11
-11799610.24,4654519.89,2161.13
-11799613.57,4654518.32,2161.17
-11799615.200000001,4654517.5600000005,2161.17
-11799616.83,4654516.8,2161.11
-11799618.5,4654516.01,2161.13
-11799620.14,4654515.22,2161.13
-11799621.790000001,4654514.45,2161.19
-11799623.43,4654513.68,2161.22
-11799623.61,4654515.05,2161.23
-11799621.94,4654515.84,2161.23
-11799620.26,4654516.64,2161.19
-11799618.61,4654517.42,2161.17
-11799616.99,4654518.18,2161.17
-11799615.36,4654518.95,2161.19
-11799613.67,4654519.75,2161.09
-11799612.01,4654520.54,2161.11
-11799610.370000001,4654521.3,2161.13
-11799608.72,4654522.08,2161.06
-11799608.99,4654521.91,2163.07
-11799607.08,4654522.87,2161.13
-11799605.39,4654523.67,2161.11
-11799603.77,4654524.43,2161.11
-11799602.13,4654525.21,2161.15
-11799602.55,4654524.94,2164.34
-11799600.450000001,4654526.0,2161.11
-11799598.8,4654526.78,2161.13
-11799597.15,4654527.54,2161.17
-11799595.47,4654528.350000001,2161.17
-11799592.19,4654529.9,2161.09
-11799593.81,4654529.13,2161.1
-11799590.53,4654530.69,2160.97
-11799588.85,4654531.48,2160.92
-11799587.200000001,4654532.25,2160.9
-11799585.52,4654533.05,2160.92
-11799584.82,4654534.07,2160.9
-11799586.52,4654533.2700000005,2160.88
-11799588.18,4654532.48,2160.9
-11799589.870000001,4654531.68,2160.92
-11799591.56,4654530.9,2160.98
-11799593.25,4654530.09,2161.03
-11799594.96,4654529.28,2161.03
-11799595.19,4654529.15,2162.69
-11799596.66,4654528.48,2161.17
-11799598.36,4654527.69,2161.11
-11799600.040000001,4654526.89,2161.1
-11799601.73,4654526.100000001,2161.13
-11799603.39,4654525.32,2161.08
-11799605.06,4654524.5200000005,2161.09
-11799606.790000001,4654523.7,2161.1
-11799608.46,4654522.93,2161.09
-11799608.81,4654522.71,2163.72
-11799610.1,4654522.15,2161.13
-11799611.790000001,4654521.350000001,2161.13
-11799613.48,4654520.5600000005,2161.11
-11799615.19,4654519.76,2161.25
-11799616.85,4654518.98,2161.17
-11799618.49,4654518.2,2161.17
-11799620.15,4654517.41,2161.19
-11799621.86,4654516.61,2161.24
-11799623.51,4654515.83,2161.23
-11799623.55,4654517.3,2161.26
-11799621.870000001,4654518.09,2161.24
-11799620.22,4654518.87,2161.23
-11799618.61,4654519.64,2161.22
-11799616.950000001,4654520.41,2161.19
-11799615.26,4654521.2,2161.09
-11799613.61,4654522.0,2161.11
-11799611.96,4654522.7700000005,2161.15
-11799610.31,4654523.55,2161.13
-11799608.66,4654524.350000001,2161.13
-11799607.01,4654525.12,2161.11
-11799605.34,4654525.91,2161.11
-11799603.700000001,4654526.67,2161.11
-11799602.05,4654527.47,2161.11
-11799600.39,4654528.26,2161.11
-11799598.73,4654529.0200000005,2161.15
-11799597.120000001,4654529.78,2161.19
-11799595.49,4654530.5600000005,2161.13
-11799593.88,4654531.32,2161.57
-11799592.11,4654532.17,2160.94
-11799590.46,4654532.96,2160.94
-11799588.82,4654533.72,2160.86
-11799585.51,4654535.3,2160.9
-11799587.17,4654534.5200000005,2160.86
-11799584.31,4654536.66,2160.9
-11799585.950000001,4654535.88,2160.86
-11799589.3,4654534.29,2160.86
-11799587.6,4654535.09,2160.86
-11799590.99,4654533.49,2160.92
-11799592.66,4654532.72,2160.94
-11799594.370000001,4654531.89,2161.55
-11799596.0,4654531.12,2161.6
-11799597.6,4654530.37,2161.15
-11799599.3,4654529.55,2161.17
-11799600.94,4654528.8100000005,2161.11
-11799602.55,4654528.0200000005,2161.1
-11799604.22,4654527.26,2161.08
-11799605.9,4654526.46,2161.11
-11799607.56,4654525.67,2161.11
-11799609.23,4654524.88,2161.13
-11799610.88,4654524.11,2161.11
-11799612.53,4654523.32,2161.11
-11799614.16,4654522.54,2161.15
-11799615.790000001,4654521.78,2161.11
-11799617.46,4654521.0,2161.17
-11799619.1,4654520.22,2161.23
-11799620.75,4654519.43,2161.22
-11799622.44,4654518.65,2161.21
-11799624.09,4654517.87,2161.23
-11799623.540000001,4654519.62,2161.23
-11799621.86,4654520.41,2161.23
-11799620.21,4654521.2,2161.22
-11799618.56,4654521.97,2161.19
-11799613.63,4654524.3100000005,2161.15
-11799616.9,4654522.76,2161.13
-11799612.01,4654525.08,2161.15
-11799615.25,4654523.55,2161.17
-11799608.75,4654526.62,2161.13
-11799610.39,4654525.86,2161.15
-11799605.370000001,4654528.23,2161.11
-11799607.040000001,4654527.43,2161.13
-11799603.75,4654528.99,2161.11
-11799602.1,4654529.78,2161.13
-11799600.450000001,4654530.55,2161.15
-11799598.82,4654531.32,2161.17
-11799597.21,4654532.09,2161.44
-11799595.58,4654532.850000001,2161.54
-11799592.19,4654534.48,2160.94
-11799593.870000001,4654533.67,2161.1
-11799590.53,4654535.25,2160.88
-11799588.85,4654536.07,2160.86
-11799587.21,4654536.84,2160.86
-11799585.56,4654537.63,2160.86
-11799584.36,4654539.01,2161.05
-11799584.66,4654538.83,2163.15
-11799585.99,4654538.24,2160.85
-11799587.66,4654537.46,2160.83
-11799589.32,4654536.68,2160.86
-11799590.98,4654535.89,2160.9
-11799592.59,4654535.13,2160.94
-11799594.25,4654534.350000001,2160.99
-11799595.99,4654533.53,2161.5
-11799597.61,4654532.75,2161.17
-11799599.25,4654531.98,2161.19
-11799600.85,4654531.23,2161.19
-11799602.52,4654530.44,2161.15
-11799604.17,4654529.66,2161.08
-11799605.85,4654528.87,2161.11
-11799607.49,4654528.09,2161.11
-11799609.1,4654527.33,2161.13
-11799610.74,4654526.54,2161.13
-11799612.4,4654525.7700000005,2161.15
-11799614.05,4654524.99,2161.15
-11799615.69,4654524.22,2161.15
-11799617.32,4654523.45,2161.13
-11799618.96,4654522.66,2161.22
-11799620.620000001,4654521.88,2161.23
-11799622.290000001,4654521.100000001,2161.19
-11799623.950000001,4654520.3100000005,2161.21
-11799623.66,4654521.94,2161.21
-11799622.040000001,4654522.72,2161.19
-11799618.73,4654524.26,2161.15
-11799620.4,4654523.49,2161.19
-11799617.07,4654525.0600000005,2161.17
-11799615.39,4654525.850000001,2161.15
-11799613.74,4654526.65,2161.15
-11799612.09,4654527.44,2161.15
-11799610.450000001,4654528.2,2161.13
-11799610.68,4654528.07,2162.9
-11799608.81,4654529.0,2161.02
-11799609.08,4654528.8100000005,2163.06
-11799607.17,4654529.78,2161.11
-11799605.52,4654530.55,2161.11
-11799603.88,4654531.34,2161.17
-11799602.24,4654532.11,2161.17
-11799600.59,4654532.9,2161.19
-11799598.86,4654533.71,2161.07
-11799597.22,4654534.49,2161.03
-11799595.61,4654535.28,2161.04
-11799593.96,4654536.05,2160.98
-11799596.14,4654534.92,2164.96
-11799590.64,4654537.62,2160.92
-11799592.31,4654536.84,2160.96
-11799588.96,4654538.43,2160.88
-11799587.27,4654539.23,2160.88
-11799585.620000001,4654540.01,2160.96
-11799584.35,4654540.55,2163.69
-11799584.27,4654541.46,2160.96
-11799585.88,4654540.7,2160.88
-11799587.56,4654539.92,2160.9
-11799589.21,4654539.12,2160.92
-11799590.870000001,4654538.350000001,2160.9
-11799592.53,4654537.57,2160.96
-11799594.16,4654536.79,2160.97
-11799594.85,4654536.34,2165.94
-11799595.82,4654536.0,2161.02
-11799596.4,4654535.63,2165.31
-11799597.46,4654535.23,2161.04
-11799599.14,4654534.42,2161.05
-11799600.790000001,4654533.64,2161.11
-11799601.02,4654533.49,2162.78
-11799602.42,4654532.88,2161.19
-11799604.040000001,4654532.11,2161.15
-11799605.71,4654531.32,2161.13
-11799607.36,4654530.53,2161.11
-11799609.0,4654529.76,2161.05
-11799609.25,4654529.600000001,2163.0
-11799610.64,4654528.98,2161.15
-11799610.83,4654528.86,2162.65
-11799612.290000001,4654528.18,2161.13
-11799615.57,4654526.65,2161.15
-11799613.94,4654527.42,2161.13
-11799617.21,4654525.87,2161.15
-11799618.86,4654525.08,2161.17
-11799620.53,4654524.3,2161.29
-11799620.71,4654524.18,2162.73
-11799622.17,4654523.5200000005,2161.21
-11799623.8,4654522.75,2161.22
-11799623.91,4654524.36,2161.26
-11799622.24,4654525.16,2161.21
-11799620.6,4654525.95,2161.17
-11799618.98,4654526.72,2161.17
-11799617.34,4654527.49,2161.19
-11799615.66,4654528.3,2161.17
-11799614.01,4654529.07,2161.15
-11799612.4,4654529.83,2161.13
-11799610.77,4654530.62,2161.13
-11799609.13,4654531.41,2161.13
-11799607.43,4654532.21,2161.11
-11799605.76,4654533.01,2161.17
-11799604.15,4654533.7700000005,2161.17
-11799602.51,4654534.5600000005,2161.22
-11799600.82,4654535.36,2161.07
-11799597.49,4654536.95,2161.07
-11799599.14,4654536.16,2161.06
-11799597.88,4654536.7,2163.88
-11799598.16,4654536.5,2165.92
-11799595.870000001,4654537.73,2160.83
-11799596.4,4654537.38,2164.71
-11799596.58,4654537.28,2165.94
-11799594.25,4654538.5,2160.99
-11799592.56,4654539.3,2160.99
-11799590.91,4654540.08,2160.94
-11799589.26,4654540.87,2160.97
-11799587.620000001,4654541.65,2160.98
-11799585.950000001,4654542.43,2160.92
-11799584.3,4654543.23,2160.86
-11799585.61,4654543.49,2160.94
-11799587.3,4654542.69,2160.98
-11799588.99,4654541.89,2160.98
-11799590.69,4654541.07,2160.98
-11799592.38,4654540.29,2160.99
-11799594.06,4654539.5,2160.98
-11799595.72,4654538.7,2160.98
-11799598.07,4654537.47,2165.82
-11799597.41,4654537.9,2161.04
-11799599.15,4654537.07,2161.23
-11799600.83,4654536.2700000005,2161.11
-11799604.15,4654534.68,2161.21
-11799602.48,4654535.5,2161.13
-11799607.51,4654533.09,2161.13
-11799605.84,4654533.91,2161.19
-11799609.19,4654532.3100000005,2161.11
-11799610.870000001,4654531.51,2161.13
-11799612.55,4654530.72,2161.19
-11799614.200000001,4654529.92,2161.15
-11799615.89,4654529.14,2161.13
-11799617.59,4654528.33,2161.13
-11799619.25,4654527.5200000005,2161.15
-11799620.92,4654526.74,2161.19
-11799622.58,4654525.95,2161.19
-11799622.790000001,4654525.82,2162.77
-11799624.27,4654525.15,2161.26
-11799621.27,4654528.28,2161.23
-11799622.89,4654527.5,2161.17
-11799621.52,4654528.12,2163.28
-11799619.6,4654529.0600000005,2161.15
-11799617.950000001,4654529.86,2161.15
-11799616.27,4654530.65,2161.15
-11799614.66,4654531.41,2161.17
-11799613.02,4654532.21,2161.15
-11799611.36,4654533.0,2161.17
-11799609.72,4654533.79,2161.13
-11799608.1,4654534.5600000005,2161.15
-11799606.450000001,4654535.350000001,2161.17
-11799604.790000001,4654536.14,2161.24
-11799603.120000001,4654536.94,2161.31
-11799601.47,4654537.7,2161.42
-11799599.81,4654538.51,2161.32
-11799598.13,4654539.3100000005,2161.04
-11799596.48,4654540.100000001,2161.02
-11799594.83,4654540.88,2161.02
-11799593.17,4654541.68,2161.0
-11799591.52,4654542.46,2161.05
-11799589.9,4654543.25,2161.04
-11799588.23,4654544.04,2161.0
-11799586.59,4654544.8100000005,2161.0
-11799584.92,4654545.63,2161.0
-11799584.55,4654546.74,2161.03
-11799586.17,4654545.97,2160.98
-11799587.82,4654545.17,2160.98
-11799589.46,4654544.4,2161.02
-11799591.13,4654543.61,2161.03
-11799592.77,4654542.82,2161.04
-11799594.42,4654542.05,2161.02
-11799596.07,4654541.26,2161.02
-11799597.700000001,4654540.47,2161.02
-11799599.35,4654539.7,2161.06
-11799601.06,4654538.88,2161.42
-11799602.69,4654538.11,2161.34
-11799604.32,4654537.350000001,2161.15
-11799607.63,4654535.76,2161.15
-11799606.01,4654536.53,2161.24
-11799609.3,4654534.97,2161.15
-11799610.92,4654534.21,2161.11
-11799612.540000001,4654533.44,2161.15
-11799614.16,4654532.65,2161.13
-11799615.8,4654531.89,2161.13
-11799619.11,4654530.3,2161.13
-11799617.47,4654531.100000001,2161.17
-11799620.77,4654529.53,2161.17
-11799621.02,4654529.36,2163.17
-11799621.14,4654529.28,2164.11
-11799622.42,4654528.74,2161.21
-11799624.06,4654527.96,2161.17
-11799623.38,4654530.11,2161.22
-11799621.73,4654530.9,2161.17
-11799620.08,4654531.67,2161.19
-11799618.44,4654532.47,2161.15
-11799616.77,4654533.26,2161.11
-11799615.14,4654534.05,2161.13
-11799613.48,4654534.84,2161.15
-11799611.83,4654535.64,2161.13
-11799610.19,4654536.41,2161.19
-11799608.53,4654537.2,2161.22
-11799606.89,4654538.0,2161.27
-11799605.26,4654538.7700000005,2161.17
-11799603.66,4654539.53,2161.49
-11799601.96,4654540.350000001,2161.15
-11799600.3,4654541.14,2161.08
-11799598.620000001,4654541.95,2161.06
-11799596.97,4654542.72,2161.05
-11799595.31,4654543.5200000005,2161.05
-11799593.68,4654544.3100000005,2161.04
-11799592.02,4654545.100000001,2161.05
-11799590.35,4654545.89,2161.03
-11799588.700000001,4654546.69,2161.04
-11799587.040000001,4654547.47,2161.01
-11799585.42,4654548.26,2161.05
-11799586.02,4654548.93,2161.02
-11799584.35,4654549.74,2160.99
-11799589.4,4654547.32,2161.03
-11799587.700000001,4654548.13,2161.0
-11799591.08,4654546.5200000005,2161.01
-11799591.540000001,4654546.23,2164.11
-11799592.78,4654545.71,2161.05
-11799593.14,4654545.48,2163.53
-11799594.450000001,4654544.92,2161.04
-11799596.14,4654544.12,2161.03
-11799597.83,4654543.3,2161.04
-11799599.53,4654542.5,2161.07
-11799601.22,4654541.69,2161.11
-11799602.9,4654540.89,2161.17
-11799604.57,4654540.08,2161.33
-11799606.33,4654539.24,2161.98
-11799607.9,4654538.51,2161.27
-11799609.57,4654537.71,2161.22
-11799611.26,4654536.9,2161.19
-11799612.94,4654536.11,2161.15
-11799614.61,4654535.3100000005,2161.13
-11799616.3,4654534.5,2161.15
-11799617.97,4654533.72,2161.15
-11799619.63,4654532.91,2161.15
-11799621.31,4654532.12,2161.13
-11799623.0,4654531.32,2161.35
-11799624.120000001,4654532.48,2162.92
-11799623.08,4654532.87,2167.67
-11799620.63,4654534.18,2161.25
-11799618.950000001,4654535.0,2161.15
-11799621.48,4654533.63,2167.94
-11799617.3,4654535.7700000005,2161.15
-11799615.69,4654536.57,2161.17
-11799614.03,4654537.34,2161.21
-11799610.77,4654538.92,2161.26
-11799612.41,4654538.12,2161.17
-11799607.5,4654540.47,2161.61
-11799609.120000001,4654539.71,2161.31
-11799604.16,4654542.08,2161.17
-11799605.790000001,4654541.3100000005,2161.13
-11799602.49,4654542.87,2161.15
-11799600.81,4654543.68,2161.13
-11799599.17,4654544.46,2161.08
-11799597.53,4654545.26,2161.1
-11799595.89,4654546.04,2161.08
-11799594.23,4654546.84,2161.04
-11799594.620000001,4654546.58,2163.85
-11799592.55,4654547.63,2161.04
-11799592.93,4654547.4,2163.74
-11799590.92,4654548.42,2161.01
-11799591.19,4654548.26,2162.8
-11799591.35,4654548.15,2164.0
-11799589.3,4654549.19,2161.02
-11799587.65,4654549.98,2161.0
-11799585.97,4654550.79,2161.03
-11799584.3,4654551.59,2161.05
-11799584.9,4654552.26,2161.04
-11799586.52,4654551.49,2161.03
-11799588.18,4654550.71,2161.0
-11799589.83,4654549.91,2160.97
-11799590.07,4654549.78,2162.6
-11799591.47,4654549.14,2160.9
-11799591.91,4654548.87,2163.97
-11799593.16,4654548.32,2161.03
-11799593.700000001,4654547.99,2164.88
-11799594.78,4654547.5600000005,2161.03
-11799595.28,4654547.23,2164.47
-11799596.44,4654546.7700000005,2161.11
-11799598.1,4654545.97,2161.13
-11799599.75,4654545.18,2161.11
-11799601.39,4654544.41,2161.11
-11799603.03,4654543.62,2161.15
-11799604.67,4654542.850000001,2161.17
-11799607.98,4654541.26,2161.19
-11799606.32,4654542.03,2161.15
-11799609.620000001,4654540.47,2161.24
-11799609.84,4654540.34,2162.88
-11799611.26,4654539.68,2161.25
-11799612.89,4654538.91,2161.17
-11799616.23,4654537.32,2161.36
-11799614.620000001,4654538.08,2161.67
-11799616.66,4654537.05,2164.73
-11799617.82,4654536.5600000005,2161.15
-11799619.47,4654535.7700000005,2161.23
-11799620.23,4654535.28,2167.28
-11799623.67,4654533.61,2168.33
-11799622.0,4654534.42,2167.99
-11799623.870000001,4654535.48,2169.4
-11799622.18,4654536.3100000005,2168.69
-11799620.44,4654537.16,2168.04
-11799618.39,4654538.21,2164.85
-11799618.72,4654538.0,2167.4
-11799616.77,4654538.98,2164.86
-11799614.65,4654540.07,2161.28
-11799615.120000001,4654539.78,2164.88
-11799613.0,4654540.88,2161.29
-11799611.35,4654541.66,2161.34
-11799611.53,4654541.55,2162.73
-11799609.700000001,4654542.46,2161.21
-11799608.06,4654543.24,2161.17
-11799606.41,4654544.04,2161.21
-11799604.74,4654544.850000001,2161.17
-11799603.09,4654545.63,2161.15
-11799601.450000001,4654546.41,2161.13
-11799599.8,4654547.22,2161.15
-11799598.13,4654548.0200000005,2161.15
-11799598.4,4654547.84,2163.05
-11799598.65,4654547.67,2164.88
-11799596.48,4654548.8100000005,2161.08
-11799596.76,4654548.64,2163.04
-11799597.0,4654548.48,2164.75
-11799595.38,4654549.26,2164.96
-11799593.18,4654550.4,2160.99
-11799593.47,4654550.21,2163.02
-11799593.64,4654550.11,2164.24
-11799591.55,4654551.17,2160.98
-11799592.05,4654550.84,2164.46
-11799589.93,4654551.96,2161.06
-11799588.26,4654552.76,2161.06
-11799586.61,4654553.54,2161.08
-11799584.950000001,4654554.350000001,2161.07
-11799585.4,4654555.08,2161.09
-11799587.07,4654554.3100000005,2161.09
-11799588.71,4654553.5200000005,2161.11
-11799588.86,4654553.42,2162.17
-11799590.34,4654552.73,2161.09
-11799592.0,4654551.95,2160.99
-11799592.290000001,4654551.75,2162.97
-11799592.53,4654551.61,2164.69
-11799593.65,4654551.15,2161.01
-11799593.91,4654550.98,2162.88
-11799594.13,4654550.86,2164.31
-11799595.290000001,4654550.37,2161.09
-11799595.81,4654550.05,2164.74
-11799596.07,4654549.88,2166.67
-11799597.450000001,4654549.26,2164.84
-11799596.91,4654549.600000001,2161.06
-11799598.58,4654548.8,2161.19
-11799598.83,4654548.63,2162.97
-11799600.22,4654548.01,2161.17
-11799601.89,4654547.21,2161.17
-11799603.57,4654546.41,2161.17
-11799605.22,4654545.62,2161.17
-11799606.85,4654544.83,2161.24
-11799608.48,4654544.07,2161.21
-11799610.11,4654543.2700000005,2161.21
-11799611.78,4654542.49,2161.27
-11799612.02,4654542.33,2163.08
-11799613.43,4654541.69,2161.32
-11799615.07,4654540.91,2161.28
-11799617.16,4654539.82,2164.83
-11799617.49,4654539.62,2167.4
-11799620.9,4654537.96,2168.67
-11799622.6,4654537.14,2169.34
-11799624.34,4654536.28,2170.05
-11799623.22,4654538.64,2170.36
-11799621.52,4654539.48,2169.84
-11799619.790000001,4654540.33,2169.13
-11799618.040000001,4654541.2,2168.01
-11799615.5,4654542.5600000005,2161.33
-11799613.83,4654543.36,2161.42
-11799612.18,4654544.16,2161.28
-11799610.57,4654544.92,2161.31
-11799610.92,4654544.7,2163.98
-11799608.93,4654545.72,2161.26
-11799607.25,4654546.54,2161.22
-11799609.31,4654545.47,2164.03
-11799605.59,4654547.32,2161.17
-11799603.97,4654548.100000001,2161.17
-11799602.35,4654548.9,2161.26
-11799600.69,4654549.69,2161.19
-11799599.03,4654550.49,2161.19
-11799599.42,4654550.22,2164.02
-11799599.6,4654550.12,2165.23
-11799597.35,4654551.3,2161.19
-11799597.700000001,4654551.08,2163.63
-11799596.26,4654551.73,2165.09
-11799597.92,4654550.93,2165.24
-11799594.38,4654552.68,2163.48
-11799594.53,4654552.57,2164.58
-11799590.77,4654554.46,2161.15
-11799592.42,4654553.67,2161.15
-11799589.34,4654555.13,2162.47
-11799587.47,4654556.05,2161.11
-11799587.65,4654555.94,2162.32
-11799589.02,4654556.4,2162.31
-11799590.64,4654555.62,2162.29
-11799592.13,4654554.93,2161.13
-11799593.81,4654554.13,2161.13
-11799594.290000001,4654553.83,2164.48
-11799595.8,4654553.12,2163.59
-11799596.09,4654552.94,2165.65
-11799597.76,4654552.14,2165.67
-11799598.75,4654551.76,2161.17
-11799600.38,4654550.98,2161.21
-11799599.13,4654551.51,2163.83
-11799600.73,4654550.75,2163.71
-11799602.03,4654550.2,2161.24
-11799603.69,4654549.38,2161.21
-11799605.33,4654548.61,2161.13
-11799607.0,4654547.8,2161.25
-11799608.65,4654547.0200000005,2161.17
-11799609.040000001,4654546.76,2164.09
-11799610.73,4654545.96,2164.23
-11799612.03,4654545.41,2161.36
-11799613.65,4654544.62,2161.3
-11799615.290000001,4654543.83,2161.4
-11799616.92,4654543.0600000005,2161.34
-11799619.47,4654541.67,2168.27
-11799621.3,4654540.78,2169.69
-11799623.040000001,4654539.93,2170.36
-11799624.19,4654541.32,2170.27
-11799622.43,4654542.2,2169.42
-11799620.620000001,4654543.11,2167.97
-11799618.16,4654544.42,2161.38
-11799614.83,4654546.04,2161.35
-11799616.53,4654545.22,2161.46
-11799613.18,4654546.82,2161.38
-11799613.64,4654546.54,2164.84
-11799611.97,4654547.34,2164.63
-11799610.33,4654548.13,2164.42
-11799607.03,4654549.74,2164.09
-11799608.69,4654548.93,2164.24
-11799604.97,4654550.78,2161.35
-11799603.32,4654551.59,2161.25
-11799601.67,4654552.38,2161.26
-11799602.02,4654552.16,2163.78
-11799600.08,4654553.15,2161.33
-11799598.42,4654553.95,2161.17
-11799600.41,4654552.93,2163.69
-11799596.76,4654554.74,2161.17
-11799598.77,4654553.71,2163.72
-11799597.120000001,4654554.5200000005,2163.75
-11799595.1,4654555.54,2161.19
-11799593.41,4654556.37,2161.19
-11799596.69,4654555.850000001,2161.22
-11799598.31,4654555.05,2161.23
-11799598.66,4654554.84,2163.67
-11799600.31,4654554.05,2163.65
-11799599.98,4654554.26,2161.23
-11799601.620000001,4654553.46,2161.21
-11799601.96,4654553.25,2163.63
-11799603.27,4654552.68,2161.24
-11799604.92,4654551.88,2161.31
-11799606.93,4654550.86,2164.17
-11799608.620000001,4654550.05,2164.35
-11799610.31,4654549.23,2164.55
-11799611.97,4654548.42,2164.75
-11799613.65,4654547.62,2165.08
-11799614.790000001,4654547.15,2161.38
-11799616.41,4654546.36,2161.32
-11799618.08,4654545.5600000005,2161.44
-11799619.72,4654544.7700000005,2161.4
-11799620.48,4654544.28,2167.31
-11799622.25,4654543.41,2168.5
-11799624.01,4654542.53,2169.77
-11799623.59,4654544.73,2168.46
-11799621.040000001,4654546.13,2161.46
-11799621.790000001,4654545.63,2167.33
-11799619.42,4654546.9,2161.5
-11799617.8,4654547.68,2161.36
-11799616.13,4654548.49,2161.42
-11799615.040000001,4654548.93,2165.81
-11799613.35,4654549.75,2165.47
-11799611.69,4654550.57,2165.13
-11799610.0,4654551.38,2164.79
-11799606.21,4654553.29,2161.3
-11799608.33,4654552.19,2164.6
-11799602.91,4654554.88,2161.26
-11799604.55,4654554.09,2161.25
-11799601.28,4654555.68,2161.27
-11799602.06,4654556.34,2161.26
-11799603.69,4654555.55,2161.23
-11799605.33,4654554.76,2161.19
-11799607.450000001,4654553.66,2164.58
-11799607.0,4654553.96,2161.22
-11799609.120000001,4654552.850000001,2164.85
-11799610.8,4654552.05,2165.17
-11799612.47,4654551.24,2165.49
-11799615.9,4654549.57,2166.19
-11799614.18,4654550.41,2165.83
-11799618.53,4654548.41,2161.36
-11799616.91,4654549.19,2161.44
-11799620.21,4654547.600000001,2161.51
-11799621.86,4654546.8,2161.46
-11799624.36,4654545.45,2168.13
-11799623.78,4654547.69,2161.48
-11799624.22,4654547.39,2165.01
-11799624.5,4654547.21,2167.29
-11799622.11,4654548.5,2161.51
-11799620.69,4654549.15,2163.25
-11799620.450000001,4654549.3,2161.38
-11799618.85,4654550.0600000005,2161.44
-11799617.9,4654550.4,2166.81
-11799616.24,4654551.22,2166.69
-11799614.55,4654552.03,2166.36
-11799612.870000001,4654552.86,2166.04
-11799611.18,4654553.7,2165.69
-11799609.49,4654554.5,2165.34
-11799607.83,4654555.3100000005,2165.02
-11799606.13,4654556.17,2164.69
-11799608.5,4654556.09,2165.34
-11799611.89,4654554.42,2166.04
-11799613.620000001,4654553.600000001,2166.46
-11799610.18,4654555.28,2165.69
-11799616.91,4654552.01,2166.76
-11799615.290000001,4654552.78,2166.69
-11799619.51,4654550.87,2161.46
-11799618.5,4654551.25,2166.44
-11799622.76,4654549.3,2161.52
-11799621.13,4654550.09,2161.42
-11799624.370000001,4654548.5200000005,2161.49
-11799622.74,4654551.0200000005,2161.5
-11799622.97,4654550.88,2163.25
-11799624.39,4654550.22,2161.53
-11799621.07,4654551.8100000005,2161.54
-11799619.98,4654552.2700000005,2165.76
-11799618.39,4654553.03,2166.01
-11799616.790000001,4654553.8100000005,2166.32
-11799615.200000001,4654554.57,2166.65
-11799613.58,4654555.350000001,2166.8
-11799611.9,4654556.17,2166.48
-11799613.59,4654556.37,2166.79
-11799615.19,4654555.61,2166.44
-11799616.790000001,4654554.84,2166.11
-11799618.39,4654554.07,2165.84
-11799619.99,4654553.3100000005,2165.47
-11799621.620000001,4654552.53,2165.17
-11799621.16,4654552.82,2161.63
-11799622.93,4654551.94,2162.78
-11799622.75,4654552.0600000005,2161.47
-11799624.43,4654551.23,2161.61
-11799623.49,4654553.58,2161.55
-11799622.27,4654554.09,2164.78
-11799619.1,4654555.63,2165.83
-11799620.69,4654554.850000001,2165.38
-11799620.72,4654555.850000001,2165.74
-11799622.27,4654555.11,2165.13
-11799623.48,4654554.61,2161.63
-11799623.85,4654554.34,2164.49
-11799624.35,4654555.88,2161.55
-11799623.19,4654556.36,2165.32
