-11799887.040000001,4655626.36,2170.24
-11799889.05,4655625.91,2169.63
-11799887.88,4655625.46,2171.06
-11799888.02,4655625.42,2170.01
-11799886.01,4655625.86,2170.52
-11799884.1,4655626.2700000005,2170.01
-11799879.24,4655626.24,2169.97
-11799881.26,4655625.79,2169.67
-11799883.27,4655625.350000001,2169.67
-11799885.17,4655624.95,2170.24
-11799886.98,4655624.5600000005,2171.15
-11799889.63,4655623.93,2166.55
-11799888.92,4655623.350000001,2166.55
-11799886.28,4655623.98,2171.11
-11799886.950000001,4655623.76,2166.42
-11799884.47,4655624.36,2170.02
-11799884.97,4655624.2,2166.44
-11799882.56,4655624.7700000005,2169.46
-11799880.57,4655625.2,2169.55
-11799878.540000001,4655625.64,2169.8
-11799875.39,4655626.43,2178.48
-11799876.52,4655626.09,2170.11
-11799870.06,4655626.45,2182.36
-11799870.43,4655626.350000001,2179.63
-11799872.24,4655625.96,2180.79
-11799872.56,4655625.86,2178.5
-11799873.67,4655625.5,2170.19
-11799874.59,4655625.42,2177.9
-11799875.67,4655625.0600000005,2169.86
-11799877.68,4655624.61,2169.61
-11799878.6,4655624.54,2177.38
-11799879.71,4655624.19,2169.32
-11799880.1,4655624.05,2166.4
-11799881.71,4655623.75,2169.17
-11799884.040000001,4655623.21,2166.47
-11799886.0,4655622.78,2166.51
-11799888.0,4655622.350000001,2166.56
-11799889.77,4655621.2700000005,2166.57
-11799887.8,4655621.71,2166.54
-11799885.83,4655622.14,2166.53
-11799883.82,4655622.57,2166.46
-11799881.450000001,4655623.12,2169.11
-11799881.82,4655623.0,2166.4
-11799878.35,4655623.9,2177.44
-11799879.76,4655623.46,2167.17
-11799877.44,4655623.97,2169.4
-11799873.96,4655624.88,2180.36
-11799875.39,4655624.45,2169.69
-11799871.89,4655625.34,2180.9
-11799873.35,4655624.87,2170.0
-11799869.76,4655625.82,2182.1
-11799870.08,4655625.71,2179.72
-11799867.74,4655626.26,2182.67
-11799868.02,4655626.18,2180.57
-11799860.93,4655626.32,2166.19
-11799862.73,4655626.14,2182.67
-11799863.15,4655626.0200000005,2179.48
-11799864.6,4655625.74,2183.56
-11799866.56,4655625.32,2183.48
-11799868.56,4655624.87,2182.94
-11799870.72,4655624.39,2181.72
-11799872.92,4655623.9,2179.96
-11799873.64,4655623.67,2174.72
-11799874.35,4655623.44,2169.42
-11799876.35,4655623.01,2169.33
-11799876.71,4655622.91,2166.63
-11799877.290000001,4655622.9,2176.82
-11799878.59,4655622.5,2167.33
-11799879.11,4655622.51,2178.13
-11799879.26,4655622.48,2177.13
-11799880.73,4655622.01,2166.47
-11799881.52,4655621.95,2175.01
-11799882.71,4655621.600000001,2166.52
-11799884.67,4655621.16,2166.55
-11799886.66,4655620.72,2166.54
-11799888.63,4655620.3,2166.56
-11799888.76,4655619.5200000005,2166.56
-11799886.8,4655619.95,2166.54
-11799884.81,4655620.37,2166.52
-11799881.59,4655621.18,2175.36
-11799882.81,4655620.8100000005,2166.53
-11799879.34,4655621.7,2177.28
-11799879.74,4655621.58,2174.36
-11799880.83,4655621.23,2166.5
-11799877.27,4655622.16,2177.94
-11799877.46,4655622.09,2176.57
-11799878.85,4655621.66,2166.49
-11799876.85,4655622.100000001,2166.42
-11799874.47,4655622.65,2169.32
-11799874.81,4655622.54,2166.78
-11799870.82,4655623.59,2181.63
-11799871.0,4655623.53,2180.35
-11799868.76,4655624.04,2182.5
-11799869.01,4655623.95,2180.54
-11799866.620000001,4655624.5200000005,2183.46
-11799864.66,4655624.95,2183.4
-11799862.78,4655625.34,2182.69
-11799861.18,4655625.64,2179.83
-11799860.91,4655625.54,2166.25
-11799861.43,4655624.5600000005,2182.03
-11799861.75,4655624.47,2179.63
-11799863.21,4655624.18,2183.29
-11799865.24,4655623.75,2182.88
-11799865.42,4655623.7,2181.5
-11799865.77,4655623.59,2178.9
-11799867.41,4655623.26,2181.83
-11799867.92,4655623.100000001,2177.97
-11799869.63,4655622.75,2179.79
-11799871.450000001,4655622.37,2180.46
-11799871.64,4655622.3100000005,2179.07
-11799872.14,4655622.16,2175.4
-11799875.35,4655621.36,2166.44
-11799876.09,4655621.3100000005,2175.69
-11799877.35,4655620.91,2166.48
-11799877.72,4655620.97,2178.33
-11799879.35,4655620.48,2166.48
-11799879.63,4655620.5600000005,2178.52
-11799881.97,4655620.03,2175.72
-11799883.26,4655619.63,2166.51
-11799885.25,4655619.21,2166.54
-11799887.25,4655618.78,2166.54
-11799889.27,4655618.33,2166.53
-11799887.89,4655617.7,2166.53
-11799885.950000001,4655618.11,2166.51
-11799882.64,4655618.94,2176.25
-11799884.0,4655618.54,2166.51
-11799880.82,4655619.33,2175.33
-11799882.040000001,4655618.95,2166.52
-11799878.28,4655619.94,2179.48
-11799880.06,4655619.38,2166.57
-11799876.56,4655620.28,2177.73
-11799878.11,4655619.8,2166.44
-11799874.88,4655620.62,2175.74
-11799876.15,4655620.23,2166.44
-11799872.97,4655621.0200000005,2175.71
-11799874.23,4655620.64,2166.42
-11799870.56,4655621.59,2179.21
-11799870.870000001,4655621.48,2176.97
-11799872.28,4655621.0600000005,2166.36
-11799868.71,4655621.98,2178.36
-11799869.0,4655621.87,2176.19
-11799870.06,4655621.54,2168.24
-11799870.32,4655621.47,2166.29
-11799866.3,4655622.54,2181.99
-11799866.74,4655622.41,2178.69
-11799864.290000001,4655622.98,2182.51
-11799864.44,4655622.94,2181.34
-11799862.35,4655623.38,2182.58
-11799862.56,4655623.33,2181.02
-11799860.72,4655623.72,2180.23
-11799860.99,4655623.62,2178.1
-11799862.52,4655623.15,2166.23
-11799860.56,4655623.57,2166.23
-11799860.53,4655622.53,2176.79
-11799861.88,4655622.11,2166.26
-11799862.06,4655622.24,2180.13
-11799863.9,4655621.87,2181.29
-11799866.18,4655621.34,2179.26
-11799867.88,4655620.82,2166.33
-11799868.05,4655620.95,2179.69
-11799868.370000001,4655620.84,2177.32
-11799869.84,4655620.39,2166.26
-11799871.77,4655619.97,2166.34
-11799872.46,4655619.94,2175.81
-11799873.73,4655619.55,2166.42
-11799875.76,4655619.12,2166.44
-11799877.78,4655618.67,2166.46
-11799877.82,4655618.84,2180.34
-11799879.73,4655618.26,2166.53
-11799879.77,4655618.42,2180.28
-11799879.99,4655618.350000001,2178.71
-11799880.49,4655618.2,2175.19
-11799882.02,4655617.91,2178.36
-11799882.63,4655617.71,2174.07
-11799883.68,4655617.4,2166.5
-11799885.67,4655616.97,2166.51
-11799887.66,4655616.54,2166.52
-11799889.65,4655616.11,2166.55
-11799888.66,4655615.84,2166.52
-11799886.65,4655616.2700000005,2166.49
-11799884.67,4655616.7,2166.47
-11799881.05,4655617.63,2178.26
-11799878.8,4655618.12,2180.23
-11799876.89,4655618.53,2179.69
-11799877.13,4655618.46,2178.0
-11799878.73,4655617.97,2166.36
-11799875.07,4655618.91,2178.61
-11799875.22,4655618.87,2177.55
-11799876.73,4655618.4,2166.46
-11799873.22,4655619.3,2177.67
-11799873.38,4655619.25,2176.38
-11799874.75,4655618.84,2166.4
-11799871.28,4655619.71,2177.17
-11799871.41,4655619.65,2176.22
-11799872.74,4655619.2700000005,2166.36
-11799869.53,4655620.05,2175.38
-11799869.71,4655619.99,2174.1
-11799870.74,4655619.69,2166.34
-11799867.040000001,4655620.65,2179.4
-11799867.22,4655620.600000001,2178.11
-11799865.0,4655621.100000001,2180.03
-11799866.82,4655620.54,2166.23
-11799862.99,4655621.53,2180.29
-11799861.1,4655621.91,2179.38
-11799861.43,4655621.83,2176.9
-11799862.81,4655621.4,2166.25
-11799860.82,4655621.82,2166.25
-11799860.42,4655620.63,2166.3
-11799860.93,4655620.65,2177.63
-11799862.41,4655620.2,2166.3
-11799862.59,4655620.33,2179.9
-11799862.81,4655620.26,2178.19
-11799864.370000001,4655619.78,2166.26
-11799864.790000001,4655619.83,2178.07
-11799866.35,4655619.34,2166.27
-11799867.34,4655619.22,2173.78
-11799868.32,4655618.92,2166.33
-11799869.200000001,4655618.82,2174.56
-11799870.31,4655618.49,2166.32
-11799870.74,4655618.55,2178.0
-11799870.91,4655618.48,2176.82
-11799872.31,4655618.07,2166.4
-11799872.57,4655618.14,2178.76
-11799872.77,4655618.09,2177.32
-11799874.26,4655617.65,2166.36
-11799874.43,4655617.75,2179.35
-11799874.64,4655617.7,2177.84
-11799876.21,4655617.23,2166.4
-11799876.3,4655617.36,2180.27
-11799876.47,4655617.3,2179.08
-11799878.21,4655616.8,2166.46
-11799878.290000001,4655616.94,2180.22
-11799878.67,4655616.83,2177.44
-11799878.91,4655616.74,2175.74
-11799880.370000001,4655616.49,2179.6
-11799882.98,4655615.87,2175.13
-11799883.49,4655615.71,2171.49
-11799883.72,4655615.65,2169.94
-11799884.200000001,4655615.5,2166.44
-11799886.19,4655615.0600000005,2166.47
-11799888.16,4655614.65,2166.52
-11799889.71,4655613.55,2166.52
-11799887.68,4655613.97,2166.5
-11799884.57,4655614.74,2174.38
-11799885.040000001,4655614.59,2171.02
-11799885.71,4655614.41,2166.44
-11799882.36,4655615.24,2176.34
-11799882.52,4655615.2,2175.15
-11799879.83,4655615.82,2180.25
-11799877.99,4655616.21,2179.15
-11799878.83,4655615.94,2173.11
-11799875.78,4655616.71,2180.57
-11799876.5,4655616.48,2175.4
-11799877.73,4655616.11,2166.42
-11799873.86,4655617.11,2180.04
-11799875.72,4655616.54,2166.52
-11799872.1,4655617.45,2178.58
-11799872.33,4655617.4,2176.82
-11799873.75,4655616.96,2166.36
-11799870.21,4655617.850000001,2177.9
-11799871.78,4655617.39,2166.32
-11799868.59,4655618.17,2175.19
-11799869.78,4655617.8,2166.31
-11799866.67,4655618.59,2174.9
-11799866.82,4655618.5200000005,2173.79
-11799867.82,4655618.23,2166.29
-11799864.33,4655619.12,2177.71
-11799865.84,4655618.65,2166.26
-11799862.33,4655619.54,2177.9
-11799863.84,4655619.08,2166.25
-11799860.38,4655619.97,2177.48
-11799861.83,4655619.5200000005,2166.28
-11799861.01,4655618.79,2166.31
-11799863.03,4655618.36,2166.24
-11799865.040000001,4655617.93,2166.24
-11799865.84,4655617.84,2175.13
-11799866.07,4655617.79,2173.4
-11799867.02,4655617.51,2166.31
-11799867.78,4655617.45,2175.15
-11799868.950000001,4655617.09,2166.35
-11799869.31,4655617.15,2178.23
-11799871.3,4655616.72,2178.02
-11799872.89,4655616.24,2166.36
-11799873.06,4655616.37,2179.86
-11799873.3,4655616.29,2178.08
-11799874.89,4655615.82,2166.44
-11799874.98,4655615.96,2180.32
-11799877.15,4655615.47,2178.99
-11799877.59,4655615.34,2175.75
-11799878.01,4655615.22,2172.77
-11799879.0,4655615.08,2179.99
-11799879.200000001,4655615.03,2178.57
-11799879.51,4655614.94,2176.36
-11799881.23,4655614.58,2178.11
-11799881.58,4655614.46,2175.57
-11799883.75,4655614.0,2174.04
-11799884.05,4655613.91,2171.9
-11799884.84,4655613.67,2166.36
-11799886.81,4655613.25,2166.47
-11799888.77,4655612.83,2166.49
-11799888.77,4655612.22,2166.51
-11799886.77,4655612.64,2166.47
-11799883.59,4655613.42,2174.78
-11799883.790000001,4655613.36,2173.33
-11799883.97,4655613.3,2172.02
-11799884.77,4655613.07,2166.44
-11799881.07,4655614.0,2178.28
-11799881.450000001,4655613.88,2175.61
-11799878.86,4655614.49,2179.99
-11799879.370000001,4655614.33,2176.4
-11799876.86,4655614.93,2180.42
-11799877.46,4655614.73,2176.13
-11799874.85,4655615.350000001,2180.44
-11799875.34,4655615.2,2176.84
-11799876.8,4655614.7700000005,2166.4
-11799872.96,4655615.74,2179.69
-11799873.42,4655615.61,2176.36
-11799874.77,4655615.21,2166.46
-11799871.19,4655616.100000001,2178.1
-11799871.39,4655616.05,2176.61
-11799871.52,4655616.01,2175.69
-11799872.78,4655615.62,2166.38
-11799869.16,4655616.5200000005,2178.44
-11799869.3,4655616.5,2177.42
-11799867.6,4655616.84,2175.53
-11799867.98,4655616.73,2172.69
-11799868.83,4655616.48,2166.31
-11799865.790000001,4655617.2,2174.47
-11799866.870000001,4655616.9,2166.31
-11799864.89,4655617.3100000005,2166.21
-11799862.89,4655617.72,2166.26
-11799860.88,4655618.17,2166.31
-11799861.39,4655616.97,2166.3
-11799863.38,4655616.54,2166.25
-11799865.39,4655616.12,2166.24
-11799866.46,4655615.96,2173.23
-11799867.39,4655615.68,2166.31
-11799868.21,4655615.600000001,2174.79
-11799868.58,4655615.49,2172.04
-11799869.34,4655615.26,2166.36
-11799869.73,4655615.3100000005,2177.82
-11799869.85,4655615.2700000005,2176.86
-11799870.16,4655615.18,2174.61
-11799871.28,4655614.850000001,2166.34
-11799871.85,4655614.84,2176.96
-11799872.31,4655614.71,2173.65
-11799873.290000001,4655614.4,2166.4
-11799873.5,4655614.53,2179.47
-11799873.98,4655614.38,2176.02
-11799875.290000001,4655613.99,2166.44
-11799875.33,4655614.14,2180.27
-11799877.370000001,4655613.7,2179.96
-11799879.73,4655613.15,2177.24
-11799882.28,4655612.57,2173.4
-11799883.27,4655612.28,2166.38
-11799884.23,4655612.17,2173.63
-11799885.26,4655611.86,2166.44
-11799887.23,4655611.44,2166.5
-11799889.22,4655611.01,2166.52
-11799889.38,4655610.42,2166.51
-11799887.35,4655610.82,2166.48
-11799884.32,4655611.57,2173.59
-11799885.34,4655611.2700000005,2166.44
-11799882.18,4655612.03,2174.65
-11799882.44,4655611.97,2172.85
-11799883.35,4655611.69,2166.42
-11799879.85,4655612.5600000005,2177.27
-11799880.450000001,4655612.39,2172.99
-11799881.39,4655612.11,2166.38
-11799877.44,4655613.11,2180.15
-11799875.56,4655613.5,2179.42
-11799876.07,4655613.36,2175.84
-11799873.57,4655613.91,2179.4
-11799871.870000001,4655614.25,2177.1
-11799872.38,4655614.09,2173.35
-11799873.32,4655613.8100000005,2166.46
-11799870.0,4655614.64,2176.67
-11799868.23,4655615.01,2175.21
-11799869.41,4655614.65,2166.38
-11799866.55,4655615.350000001,2172.77
-11799867.4,4655615.08,2166.31
-11799865.39,4655615.5,2166.25
-11799863.42,4655615.93,2166.25
-11799861.47,4655616.34,2166.3
-11799861.63,4655615.2700000005,2166.32
-11799863.620000001,4655614.850000001,2166.28
-11799865.6,4655614.42,2166.27
-11799867.58,4655614.0,2166.32
-11799868.15,4655614.0,2176.77
-11799869.57,4655613.58,2166.36
-11799869.96,4655613.63,2178.06
-11799870.23,4655613.55,2176.07
-11799871.540000001,4655613.16,2166.42
-11799871.8,4655613.24,2178.85
-11799873.48,4655612.74,2166.59
-11799873.66,4655612.850000001,2179.65
-11799875.6,4655612.44,2179.94
-11799877.91,4655611.91,2177.27
-11799878.05,4655611.87,2176.28
-11799878.18,4655611.83,2175.4
-11799879.43,4655611.47,2166.51
-11799879.75,4655611.53,2178.42
-11799879.950000001,4655611.48,2177.01
-11799881.46,4655611.04,2166.36
-11799882.3,4655610.96,2174.61
-11799883.47,4655610.600000001,2166.4
-11799885.46,4655610.19,2166.46
-11799887.43,4655609.76,2166.49
-11799889.39,4655609.350000001,2166.52
-11799887.92,4655609.0200000005,2166.48
-11799885.91,4655609.44,2166.47
-11799882.69,4655610.22,2174.85
-11799883.9,4655609.87,2166.36
-11799880.3,4655610.76,2177.59
-11799880.620000001,4655610.67,2175.42
-11799880.790000001,4655610.61,2174.17
-11799878.25,4655611.19,2178.27
-11799878.68,4655611.07,2175.22
-11799879.93,4655610.71,2166.35
-11799876.11,4655611.66,2179.44
-11799877.93,4655611.13,2166.35
-11799874.17,4655612.07,2179.17
-11799875.93,4655611.5600000005,2166.5
-11799872.26,4655612.48,2178.69
-11799872.57,4655612.37,2176.54
-11799870.34,4655612.88,2178.5
-11799870.61,4655612.8,2176.54
-11799871.97,4655612.4,2166.5
-11799868.34,4655613.3,2178.38
-11799868.6,4655613.22,2176.36
-11799869.950000001,4655612.82,2166.36
-11799867.98,4655613.23,2166.31
-11799865.99,4655613.66,2166.27
-11799863.98,4655614.09,2166.26
-11799861.98,4655614.51,2166.29
-11799861.67,4655613.67,2166.33
-11799863.66,4655613.25,2166.29
-11799865.68,4655612.83,2166.28
-11799866.33,4655612.78,2176.17
-11799867.19,4655612.54,2169.78
-11799867.65,4655612.4,2166.34
-11799868.09,4655612.42,2177.82
-11799869.64,4655611.98,2166.36
-11799870.0,4655612.03,2178.38
-11799870.23,4655611.97,2176.69
-11799871.63,4655611.5600000005,2166.44
-11799871.950000001,4655611.62,2178.85
-11799873.65,4655611.13,2166.44
-11799874.11,4655611.15,2177.17
-11799875.71,4655610.83,2179.63
-11799875.99,4655610.75,2177.65
-11799876.19,4655610.7,2176.22
-11799877.950000001,4655610.34,2177.65
-11799879.96,4655609.89,2177.6
-11799881.55,4655609.45,2166.38
-11799882.68,4655609.2700000005,2172.67
-11799883.57,4655609.0200000005,2166.42
-11799884.46,4655608.92,2174.08
-11799885.55,4655608.600000001,2166.44
-11799887.52,4655608.19,2166.48
-11799889.52,4655607.76,2166.42
-11799888.51,4655607.41,2166.38
-11799886.53,4655607.83,2166.46
-11799883.5,4655608.54,2173.69
-11799884.55,4655608.24,2166.38
-11799880.94,4655609.14,2177.4
-11799881.13,4655609.07,2176.1
-11799878.89,4655609.57,2177.69
-11799880.48,4655609.12,2166.42
-11799876.97,4655609.97,2177.52
-11799877.290000001,4655609.87,2175.17
-11799877.57,4655609.8,2173.25
-11799878.53,4655609.5200000005,2166.42
-11799874.96,4655610.39,2177.74
-11799872.92,4655610.83,2177.99
-11799873.56,4655610.64,2173.42
-11799874.51,4655610.37,2166.47
-11799870.82,4655611.2700000005,2178.78
-11799869.0,4655611.65,2177.76
-11799870.540000001,4655611.21,2166.38
-11799866.97,4655612.08,2178.05
-11799865.200000001,4655612.44,2176.33
-11799866.18,4655612.16,2169.03
-11799866.540000001,4655612.05,2166.31
-11799864.55,4655612.46,2166.24
-11799862.55,4655612.89,2166.32
-11799860.56,4655613.3100000005,2166.34
-11799861.98,4655612.04,2166.34
-11799863.96,4655611.62,2166.29
-11799864.58,4655611.600000001,2176.38
-11799865.93,4655611.2,2166.32
-11799866.34,4655611.23,2178.1
-11799868.540000001,4655610.75,2176.44
-11799870.16,4655610.42,2178.88
-11799872.1,4655610.03,2179.23
-11799872.26,4655609.97,2178.03
-11799872.92,4655609.8,2173.32
-11799873.88,4655609.5200000005,2166.38
-11799874.81,4655609.41,2174.07
-11799875.870000001,4655609.100000001,2166.44
-11799876.43,4655609.07,2176.4
-11799876.870000001,4655608.96,2173.27
-11799877.84,4655608.68,2166.38
-11799878.26,4655608.7,2177.28
-11799879.8,4655608.26,2166.36
-11799880.17,4655608.3100000005,2177.76
-11799881.8,4655607.84,2166.3
-11799882.25,4655607.86,2177.17
-11799882.71,4655607.72,2173.97
-11799883.81,4655607.42,2166.38
-11799885.78,4655606.99,2166.36
-11799887.78,4655606.59,2166.27
-11799889.790000001,4655606.15,2166.31
-11799889.31,4655605.8,2166.27
-11799887.290000001,4655606.22,2166.26
-11799884.14,4655606.96,2174.02
-11799884.35,4655606.91,2172.61
-11799885.27,4655606.65,2166.3
-11799881.67,4655607.51,2177.4
-11799883.26,4655607.07,2166.26
-11799879.63,4655607.94,2178.04
-11799877.77,4655608.34,2177.32
-11799879.31,4655607.9,2166.38
-11799875.85,4655608.73,2176.84
-11799876.35,4655608.600000001,2173.23
-11799877.3,4655608.32,2166.44
-11799873.63,4655609.22,2178.54
-11799873.85,4655609.15,2176.92
-11799874.24,4655609.04,2174.08
-11799875.33,4655608.74,2166.38
-11799871.55,4655609.66,2179.02
-11799869.68,4655610.04,2178.32
-11799869.950000001,4655609.97,2176.36
-11799871.31,4655609.59,2166.42
-11799867.69,4655610.45,2178.47
-11799867.85,4655610.42,2177.38
-11799868.18,4655610.33,2174.88
-11799868.64,4655610.19,2171.6
-11799865.88,4655610.84,2177.19
-11799866.09,4655610.7700000005,2175.65
-11799865.36,4655610.83,2166.26
-11799863.35,4655611.25,2166.29
-11799861.35,4655611.68,2166.34
-11799862.14,4655610.5600000005,2166.32
-11799864.14,4655610.14,2166.3
-11799864.870000001,4655610.08,2175.54
-11799866.11,4655609.72,2166.31
-11799866.5,4655609.7700000005,2178.21
-11799868.46,4655609.350000001,2178.07
-11799868.8,4655609.26,2175.6
-11799870.39,4655608.96,2178.58
-11799870.75,4655608.850000001,2175.86
-11799870.950000001,4655608.8,2174.47
-11799872.3,4655608.55,2178.98
-11799874.86,4655607.97,2174.61
-11799876.0,4655607.64,2166.42
-11799876.49,4655607.66,2177.38
-11799877.07,4655607.49,2173.17
-11799878.36,4655607.2700000005,2177.88
-11799880.32,4655606.83,2177.96
-11799882.950000001,4655606.25,2173.56
-11799883.99,4655605.95,2166.25
-11799886.01,4655605.54,2166.24
-11799888.01,4655605.12,2166.23
-11799889.620000001,4655604.12,2166.3
-11799887.64,4655604.51,2166.23
-11799885.620000001,4655604.96,2166.21
-11799882.55,4655605.67,2173.35
-11799883.11,4655605.51,2169.47
-11799883.58,4655605.36,2166.19
-11799879.88,4655606.26,2177.8
-11799878.0,4655606.65,2177.32
-11799878.21,4655606.59,2175.76
-11799878.66,4655606.47,2172.67
-11799876.0,4655607.07,2177.4
-11799874.450000001,4655607.36,2174.38
-11799874.790000001,4655607.28,2172.08
-11799875.58,4655607.05,2166.42
-11799871.84,4655607.95,2178.78
-11799870.03,4655608.32,2177.3
-11799871.540000001,4655607.89,2166.36
-11799867.91,4655608.78,2178.69
-11799868.71,4655608.55,2172.78
-11799866.01,4655609.17,2178.27
-11799866.53,4655609.0200000005,2174.49
-11799864.32,4655609.5,2176.15
-11799865.65,4655609.12,2166.26
-11799863.620000001,4655609.5600000005,2166.3
-11799861.61,4655609.98,2166.31
-11799861.8,4655609.0,2166.33
-11799863.76,4655608.59,2166.31
-11799865.75,4655608.17,2166.26
-11799866.26,4655608.17,2177.36
-11799866.620000001,4655608.0600000005,2174.67
-11799867.78,4655607.75,2166.19
-11799868.09,4655607.8,2178.34
-11799870.1,4655607.37,2178.01
-11799872.01,4655606.98,2178.59
-11799872.290000001,4655606.9,2176.65
-11799872.57,4655606.82,2174.63
-11799874.47,4655606.42,2175.28
-11799874.950000001,4655606.3,2171.82
-11799875.71,4655606.09,2166.42
-11799876.24,4655606.07,2176.9
-11799876.450000001,4655606.0200000005,2175.46
-11799878.290000001,4655605.64,2176.42
-11799878.57,4655605.5600000005,2174.38
-11799878.84,4655605.49,2172.52
-11799879.72,4655605.24,2166.38
-11799880.13,4655605.26,2177.21
-11799880.68,4655605.11,2173.38
-11799883.24,4655604.53,2169.36
-11799883.700000001,4655604.4,2166.17
-11799885.67,4655603.99,2166.23
-11799887.63,4655603.59,2166.29
-11799889.620000001,4655603.15,2166.34
-11799889.5,4655602.49,2166.35
-11799887.52,4655602.9,2166.32
-11799885.540000001,4655603.3100000005,2166.24
-11799882.99,4655603.87,2170.17
-11799883.57,4655603.71,2166.13
-11799880.53,4655604.42,2173.48
-11799878.03,4655604.97,2176.74
-11799878.51,4655604.83,2173.29
-11799876.21,4655605.34,2175.29
-11799876.57,4655605.25,2172.8
-11799877.47,4655604.99,2166.36
-11799874.26,4655605.73,2175.06
-11799874.69,4655605.61,2171.97
-11799872.05,4655606.22,2176.77
-11799872.41,4655606.13,2174.25
-11799873.51,4655605.82,2166.34
-11799870.05,4655606.63,2176.97
-11799870.49,4655606.5200000005,2173.8
-11799868.1,4655607.04,2176.71
-11799869.01,4655606.79,2170.05
-11799869.53,4655606.63,2166.23
-11799866.05,4655607.48,2177.33
-11799867.55,4655607.05,2166.32
-11799865.540000001,4655607.47,2166.28
-11799863.51,4655607.88,2166.29
-11799861.51,4655608.3100000005,2166.31
-11799861.01,4655607.47,2166.34
-11799863.01,4655607.0600000005,2166.31
-11799865.0,4655606.63,2166.29
-11799866.98,4655606.22,2166.3
-11799867.58,4655606.18,2176.48
-11799867.93,4655606.100000001,2173.98
-11799868.97,4655605.82,2166.35
-11799869.64,4655605.76,2175.67
-11799870.93,4655605.4,2166.31
-11799871.41,4655605.41,2176.88
-11799871.99,4655605.25,2172.65
-11799872.88,4655604.99,2166.24
-11799873.64,4655604.92,2174.96
-11799874.85,4655604.59,2166.35
-11799875.6,4655604.51,2175.33
-11799876.870000001,4655604.15,2166.32
-11799877.59,4655604.09,2175.28
-11799879.790000001,4655603.62,2173.67
-11799880.33,4655603.47,2169.9
-11799880.870000001,4655603.33,2166.13
-11799882.28,4655603.07,2170.1
-11799882.85,4655602.91,2166.17
-11799884.81,4655602.51,2166.26
-11799886.8,4655602.100000001,2166.33
-11799888.790000001,4655601.69,2166.38
-11799889.01,4655601.03,2166.4
-11799887.05,4655601.43,2166.35
-11799885.09,4655601.84,2166.31
-11799882.49,4655602.42,2170.4
-11799883.1,4655602.25,2166.22
-11799880.41,4655602.86,2170.73
-11799881.06,4655602.66,2166.17
-11799877.81,4655603.42,2174.81
-11799875.81,4655603.84,2175.15
-11799873.8,4655604.26,2175.34
-11799872.14,4655604.58,2172.92
-11799872.36,4655604.5200000005,2171.42
-11799873.06,4655604.34,2166.32
-11799869.84,4655605.08,2175.23
-11799870.44,4655604.92,2170.83
-11799871.07,4655604.74,2166.33
-11799867.76,4655605.5200000005,2175.92
-11799868.61,4655605.28,2169.71
-11799869.07,4655605.15,2166.36
-11799867.08,4655605.57,2166.28
-11799865.09,4655605.99,2166.27
-11799863.05,4655606.41,2166.27
-11799861.01,4655606.83,2166.3
-11799860.16,4655605.96,2166.31
-11799862.15,4655605.55,2166.3
-11799864.11,4655605.15,2166.28
-11799866.1,4655604.73,2166.27
-11799868.09,4655604.33,2166.31
-11799868.790000001,4655604.2700000005,2175.81
-11799870.09,4655603.91,2166.36
-11799871.31,4655603.71,2172.06
-11799872.11,4655603.49,2166.27
-11799873.49,4655603.23,2170.55
-11799874.1,4655603.08,2166.22
-11799874.92,4655602.98,2174.4
-11799876.98,4655602.55,2174.09
-11799878.13,4655602.24,2166.02
-11799878.93,4655602.14,2174.38
-11799880.120000001,4655601.82,2166.11
-11799881.44,4655601.59,2170.65
-11799882.08,4655601.43,2166.26
-11799884.040000001,4655601.0200000005,2166.34
-11799886.02,4655600.600000001,2166.38
-11799888.01,4655600.18,2166.4
-11799888.69,4655599.5200000005,2166.46
-11799886.74,4655599.93,2166.38
-11799884.75,4655600.32,2166.36
-11799882.74,4655600.75,2166.31
-11799880.74,4655601.16,2166.25
-11799877.73,4655601.850000001,2173.4
-11799878.77,4655601.57,2166.07
-11799875.63,4655602.29,2174.13
-11799873.77,4655602.66,2173.17
-11799873.97,4655602.61,2171.76
-11799874.11,4655602.57,2170.76
-11799874.76,4655602.39,2166.13
-11799872.07,4655602.97,2171.07
-11799872.76,4655602.8100000005,2166.21
-11799869.99,4655603.42,2171.5
-11799870.71,4655603.23,2166.33
-11799868.72,4655603.64,2166.31
-11799866.77,4655604.05,2166.26
-11799864.790000001,4655604.44,2166.25
-11799862.77,4655604.87,2166.26
-11799860.74,4655605.29,2166.29
-11799861.61,4655603.92,2166.25
-11799863.58,4655603.5200000005,2166.24
-11799865.57,4655603.100000001,2166.24
-11799867.53,4655602.7,2166.26
-11799869.51,4655602.3,2166.29
-11799870.77,4655602.08,2171.57
-11799871.52,4655601.88,2166.15
-11799872.81,4655601.66,2171.29
-11799873.55,4655601.46,2166.05
-11799874.700000001,4655601.28,2172.06
-11799875.540000001,4655601.05,2166.15
-11799876.43,4655600.93,2173.72
-11799879.46,4655600.23,2166.29
-11799881.46,4655599.83,2166.32
-11799883.44,4655599.43,2166.38
-11799885.43,4655599.01,2166.4
-11799887.43,4655598.59,2166.42
-11799889.4,4655598.19,2166.46
-11799887.96,4655597.99,2166.42
-11799886.06,4655598.37,2166.4
-11799884.13,4655598.78,2166.38
-11799882.16,4655599.18,2166.36
-11799880.19,4655599.58,2166.31
-11799877.290000001,4655600.24,2172.86
-11799878.23,4655599.97,2166.26
-11799875.28,4655600.64,2173.29
-11799875.44,4655600.59,2172.1
-11799876.28,4655600.36,2166.19
-11799873.73,4655600.93,2170.38
-11799874.31,4655600.78,2166.23
-11799871.59,4655601.38,2171.72
-11799869.71,4655601.7700000005,2171.31
-11799870.42,4655601.58,2166.13
-11799868.44,4655601.99,2166.23
-11799866.49,4655602.39,2166.23
-11799864.52,4655602.79,2166.22
-11799862.57,4655603.18,2166.24
-11799860.620000001,4655603.600000001,2166.24
-11799860.59,4655602.32,2166.22
-11799862.56,4655601.9,2166.19
-11799864.540000001,4655601.5,2166.17
-11799866.53,4655601.100000001,2166.17
-11799868.52,4655600.69,2166.08
-11799870.52,4655600.2700000005,2166.1
-11799871.82,4655600.04,2171.05
-11799872.51,4655599.87,2166.15
-11799873.91,4655599.62,2170.32
-11799874.5,4655599.46,2166.22
-11799876.49,4655599.05,2166.24
-11799878.43,4655598.63,2166.31
-11799880.450000001,4655598.24,2166.36
-11799882.44,4655597.83,2166.38
-11799884.42,4655597.41,2166.4
-11799886.41,4655597.0,2166.44
-11799888.36,4655596.600000001,2166.46
-11799887.85,4655596.16,2166.46
-11799885.85,4655596.57,2166.44
-11799883.83,4655596.97,2166.4
-11799881.83,4655597.39,2166.36
-11799879.83,4655597.8,2166.35
-11799877.84,4655598.2,2166.29
-11799875.870000001,4655598.61,2166.25
-11799873.28,4655599.16,2170.35
-11799873.85,4655599.0,2166.23
-11799871.22,4655599.600000001,2170.8
-11799871.870000001,4655599.42,2166.15
-11799869.88,4655599.83,2166.11
-11799867.88,4655600.24,2166.08
-11799865.9,4655600.64,2166.13
-11799863.870000001,4655601.04,2166.15
-11799861.85,4655601.47,2166.17
-11799861.21,4655600.3100000005,2166.15
-11799863.200000001,4655599.9,2166.1
-11799865.21,4655599.5,2166.06
-11799867.200000001,4655599.08,2166.1
-11799869.200000001,4655598.68,2166.17
-11799871.15,4655598.28,2166.21
-11799873.11,4655597.88,2166.25
-11799875.11,4655597.48,2166.29
-11799877.14,4655597.05,2166.31
-11799879.1,4655596.65,2166.35
-11799881.08,4655596.25,2166.38
-11799883.05,4655595.850000001,2166.4
-11799885.040000001,4655595.45,2166.42
-11799887.040000001,4655595.04,2166.46
-11799889.03,4655594.63,2166.48
-11799887.94,4655594.350000001,2166.44
-11799886.03,4655594.73,2166.44
-11799884.08,4655595.12,2166.4
-11799882.09,4655595.53,2166.4
-11799880.09,4655595.94,2166.38
-11799878.120000001,4655596.34,2166.32
-11799876.17,4655596.74,2166.29
-11799874.27,4655597.13,2166.27
-11799872.33,4655597.5200000005,2166.24
-11799870.370000001,4655597.91,2166.19
-11799868.39,4655598.3100000005,2166.17
-11799866.43,4655598.71,2166.11
-11799864.49,4655599.11,2166.02
-11799862.540000001,4655599.5,2166.01
-11799860.58,4655599.89,2166.13
-11799861.21,4655598.66,2165.98
-11799863.18,4655598.25,2166.07
-11799865.19,4655597.84,2166.11
-11799867.17,4655597.44,2166.19
-11799869.13,4655597.04,2166.21
-11799871.13,4655596.62,2166.25
-11799873.13,4655596.23,2166.29
-11799875.1,4655595.82,2166.31
-11799877.08,4655595.42,2166.34
-11799879.1,4655595.01,2166.38
-11799881.07,4655594.62,2166.38
-11799883.06,4655594.2,2166.44
-11799885.06,4655593.8,2166.44
-11799887.05,4655593.4,2166.46
-11799889.03,4655592.99,2166.44
-11799888.94,4655592.41,2166.4
-11799886.93,4655592.82,2166.42
-11799884.93,4655593.22,2166.42
-11799882.950000001,4655593.61,2166.42
-11799880.94,4655594.03,2166.4
-11799878.91,4655594.43,2166.38
-11799876.89,4655594.84,2166.33
-11799874.9,4655595.25,2166.3
-11799872.92,4655595.64,2166.27
-11799870.93,4655596.04,2166.25
-11799868.93,4655596.45,2166.25
-11799866.93,4655596.86,2166.17
-11799864.96,4655597.26,2166.11
-11799862.97,4655597.66,2166.07
-11799861.01,4655598.05,2166.03
-11799861.18,4655596.78,2166.1
-11799863.17,4655596.39,2166.13
-11799865.11,4655596.0,2166.17
-11799867.09,4655595.59,2166.23
-11799869.1,4655595.18,2166.28
-11799871.09,4655594.78,2166.28
-11799873.09,4655594.38,2166.33
-11799875.09,4655593.96,2166.35
-11799877.05,4655593.57,2166.36
-11799879.01,4655593.18,2166.38
-11799881.0,4655592.7700000005,2166.4
-11799883.02,4655592.36,2166.42
-11799884.99,4655591.96,2166.4
-11799886.98,4655591.5600000005,2166.38
-11799888.98,4655591.14,2166.38
-11799889.17,4655590.600000001,2166.36
-11799887.15,4655591.0200000005,2166.38
-11799885.18,4655591.42,2166.38
-11799883.18,4655591.82,2166.4
-11799881.15,4655592.23,2166.38
-11799879.15,4655592.64,2166.38
-11799877.120000001,4655593.03,2166.38
-11799875.120000001,4655593.42,2166.32
-11799873.17,4655593.83,2166.32
-11799871.18,4655594.22,2166.25
-11799869.16,4655594.64,2166.26
-11799867.16,4655595.05,2166.24
-11799865.17,4655595.44,2166.19
-11799863.17,4655595.850000001,2166.15
-11799861.15,4655596.26,2166.11
-11799860.66,4655595.08,2166.13
-11799862.67,4655594.69,2166.17
-11799864.64,4655594.28,2166.24
-11799866.66,4655593.88,2166.26
-11799868.63,4655593.48,2166.27
-11799870.58,4655593.08,2166.31
-11799872.6,4655592.68,2166.32
-11799874.57,4655592.26,2166.33
-11799876.55,4655591.88,2166.36
-11799878.57,4655591.46,2166.38
-11799880.58,4655591.07,2166.4
-11799882.56,4655590.66,2166.36
-11799884.540000001,4655590.2700000005,2166.36
-11799886.53,4655589.86,2166.34
-11799888.55,4655589.46,2166.31
-11799889.290000001,4655588.78,2166.29
-11799887.27,4655589.2,2166.28
-11799885.3,4655589.58,2166.31
-11799883.28,4655590.0,2166.35
-11799881.26,4655590.41,2166.32
-11799879.3,4655590.8,2166.36
-11799877.32,4655591.19,2166.36
-11799875.290000001,4655591.600000001,2166.38
-11799873.28,4655592.01,2166.33
-11799871.25,4655592.4,2166.27
-11799869.25,4655592.82,2166.29
-11799867.25,4655593.22,2166.26
-11799865.28,4655593.62,2166.23
-11799863.27,4655594.0200000005,2166.19
-11799861.27,4655594.42,2166.17
-11799860.290000001,4655593.38,2166.17
-11799862.27,4655592.98,2166.23
-11799864.27,4655592.58,2166.24
-11799866.26,4655592.17,2166.26
-11799868.22,4655591.78,2166.3
-11799870.21,4655591.38,2166.29
-11799872.200000001,4655590.98,2166.34
-11799874.16,4655590.59,2166.35
-11799876.17,4655590.18,2166.38
-11799878.200000001,4655589.76,2166.35
-11799880.17,4655589.37,2166.32
-11799882.14,4655588.97,2166.31
-11799884.14,4655588.57,2166.26
-11799886.16,4655588.16,2166.26
-11799888.16,4655587.75,2166.24
-11799888.58,4655587.19,2166.19
-11799886.59,4655587.59,2166.24
-11799884.59,4655587.99,2166.26
-11799882.63,4655588.38,2166.27
-11799880.63,4655588.8,2166.32
-11799878.63,4655589.19,2166.34
-11799876.64,4655589.600000001,2166.35
-11799874.65,4655589.99,2166.35
-11799872.66,4655590.4,2166.36
-11799870.67,4655590.79,2166.31
-11799868.66,4655591.2,2166.31
-11799866.67,4655591.59,2166.28
-11799864.67,4655592.0,2166.24
-11799862.72,4655592.38,2166.23
-11799860.76,4655592.7700000005,2166.19
-11799861.53,4655591.26,2166.22
-11799863.52,4655590.87,2166.28
-11799865.51,4655590.46,2166.32
-11799867.49,4655590.07,2166.3
-11799869.47,4655589.68,2166.33
-11799871.47,4655589.2700000005,2166.35
-11799873.46,4655588.850000001,2166.33
-11799875.44,4655588.46,2166.34
-11799877.450000001,4655588.0600000005,2166.32
-11799879.44,4655587.67,2166.28
-11799881.44,4655587.26,2166.21
-11799883.42,4655586.87,2166.21
-11799885.43,4655586.46,2166.19
-11799887.43,4655586.0600000005,2166.19
-11799889.38,4655585.68,2166.33
-11799888.61,4655585.2,2166.35
-11799886.620000001,4655585.59,2166.22
-11799884.63,4655585.98,2166.19
-11799882.620000001,4655586.39,2166.19
-11799880.61,4655586.79,2166.19
-11799878.6,4655587.19,2166.24
-11799876.57,4655587.59,2166.29
-11799874.58,4655587.98,2166.3
-11799872.63,4655588.39,2166.32
-11799870.63,4655588.78,2166.32
-11799868.6,4655589.17,2166.33
-11799866.57,4655589.59,2166.3
-11799864.59,4655589.99,2166.24
-11799862.58,4655590.39,2166.24
-11799860.58,4655590.79,2166.24
-11799860.65,4655589.63,2166.24
-11799862.6,4655589.24,2166.27
-11799864.55,4655588.850000001,2166.29
-11799866.59,4655588.45,2166.3
-11799868.61,4655588.05,2166.34
-11799870.59,4655587.65,2166.3
-11799872.55,4655587.26,2166.31
-11799874.56,4655586.850000001,2166.29
-11799876.58,4655586.44,2166.25
-11799878.55,4655586.05,2166.24
-11799880.52,4655585.66,2166.17
-11799882.49,4655585.26,2166.17
-11799884.49,4655584.86,2166.24
-11799886.51,4655584.46,2166.33
-11799888.51,4655584.0600000005,2166.44
-11799889.43,4655583.25,2166.44
-11799887.43,4655583.65,2166.42
-11799885.43,4655584.05,2166.32
-11799883.450000001,4655584.45,2166.22
-11799881.47,4655584.84,2166.15
-11799879.49,4655585.23,2166.15
-11799877.51,4655585.63,2166.17
-11799875.5,4655586.03,2166.22
-11799873.49,4655586.43,2166.25
-11799871.52,4655586.82,2166.27
-11799869.540000001,4655587.21,2166.29
-11799867.55,4655587.61,2166.29
-11799865.57,4655588.0,2166.31
-11799863.56,4655588.41,2166.27
-11799861.58,4655588.8,2166.24
-11799861.36,4655587.42,2166.27
-11799863.34,4655587.03,2166.28
-11799865.35,4655586.62,2166.33
-11799867.35,4655586.22,2166.28
-11799869.370000001,4655585.82,2166.25
-11799871.370000001,4655585.4,2166.24
-11799873.32,4655585.03,2166.19
-11799875.28,4655584.64,2166.15
-11799877.32,4655584.22,2166.11
-11799879.31,4655583.82,2166.19
-11799881.26,4655583.44,2166.28
-11799883.26,4655583.0200000005,2166.36
-11799885.27,4655582.63,2166.42
-11799887.27,4655582.24,2166.44
-11799889.24,4655581.84,2166.46
-11799889.38,4655581.3,2166.47
-11799887.4,4655581.7,2166.44
-11799885.4,4655582.09,2166.42
-11799883.38,4655582.51,2166.36
-11799881.39,4655582.89,2166.33
-11799879.43,4655583.28,2166.24
-11799877.46,4655583.68,2166.11
-11799875.42,4655584.100000001,2166.15
-11799873.4,4655584.49,2166.19
-11799871.43,4655584.89,2166.22
-11799869.39,4655585.29,2166.25
-11799867.39,4655585.69,2166.27
-11799865.39,4655586.09,2166.28
-11799863.36,4655586.49,2166.29
-11799861.36,4655586.89,2166.26
-11799860.34,4655585.61,2166.25
-11799862.32,4655585.22,2166.27
-11799864.34,4655584.8100000005,2166.26
-11799866.3,4655584.42,2166.25
-11799868.33,4655584.0,2166.17
-11799870.3,4655583.61,2166.19
-11799872.32,4655583.2,2166.11
-11799874.34,4655582.8,2166.11
-11799876.290000001,4655582.41,2166.25
-11799878.25,4655582.01,2166.4
-11799880.24,4655581.62,2166.42
-11799882.23,4655581.24,2166.4
-11799884.23,4655580.82,2166.4
-11799886.21,4655580.43,2166.46
-11799888.22,4655580.03,2166.46
-11799887.86,4655579.61,2166.47
-11799885.870000001,4655580.01,2166.44
-11799883.92,4655580.4,2166.4
-11799881.93,4655580.79,2166.4
-11799879.93,4655581.19,2166.42
-11799877.96,4655581.59,2166.42
-11799875.99,4655581.98,2166.29
-11799874.02,4655582.37,2166.17
-11799871.99,4655582.78,2166.11
-11799870.0,4655583.17,2166.13
-11799868.03,4655583.5600000005,2166.17
-11799866.03,4655583.96,2166.19
-11799864.01,4655584.36,2166.22
-11799862.040000001,4655584.76,2166.23
-11799860.06,4655585.15,2166.24
-11799861.040000001,4655583.5200000005,2166.19
-11799863.03,4655583.13,2166.17
-11799865.06,4655582.72,2166.15
-11799867.07,4655582.32,2166.13
-11799869.040000001,4655581.92,2166.1
-11799871.02,4655581.53,2166.17
-11799873.02,4655581.14,2166.29
-11799875.01,4655580.74,2166.38
-11799876.99,4655580.350000001,2166.44
-11799878.950000001,4655579.96,2166.44
-11799880.92,4655579.5600000005,2166.44
-11799882.96,4655579.15,2166.42
-11799884.950000001,4655578.74,2166.44
-11799886.94,4655578.34,2166.48
-11799888.91,4655577.96,2166.5
-11799889.63,4655577.29,2166.53
-11799887.63,4655577.68,2166.5
-11799885.61,4655578.07,2166.48
-11799883.61,4655578.48,2166.42
-11799881.61,4655578.87,2166.47
-11799879.6,4655579.2700000005,2166.46
-11799877.620000001,4655579.66,2166.47
-11799875.59,4655580.07,2166.44
-11799873.59,4655580.46,2166.35
-11799871.64,4655580.86,2166.24
-11799869.68,4655581.24,2166.09
-11799867.65,4655581.64,2166.08
-11799865.64,4655582.04,2166.13
-11799863.64,4655582.44,2166.13
-11799861.620000001,4655582.84,2166.17
-11799861.64,4655581.32,2166.11
-11799863.63,4655580.92,2166.08
-11799865.63,4655580.5200000005,2166.07
-11799867.57,4655580.13,2166.09
-11799869.540000001,4655579.74,2166.15
-11799871.52,4655579.34,2166.42
-11799873.53,4655578.95,2166.46
-11799875.540000001,4655578.5600000005,2166.47
-11799877.49,4655578.16,2166.46
-11799879.46,4655577.7700000005,2166.46
-11799881.49,4655577.36,2166.49
-11799883.49,4655576.97,2166.47
-11799885.48,4655576.5600000005,2166.5
-11799887.46,4655576.17,2166.56
-11799889.47,4655575.7700000005,2166.56
-11799889.71,4655575.21,2167.71
-11799887.89,4655575.57,2166.59
-11799885.9,4655575.97,2166.52
-11799883.9,4655576.37,2166.49
-11799881.91,4655576.7700000005,2166.49
-11799879.94,4655577.16,2166.49
-11799877.96,4655577.55,2166.47
-11799875.950000001,4655577.95,2166.46
-11799873.97,4655578.34,2166.48
-11799871.97,4655578.74,2166.49
-11799870.0,4655579.13,2166.24
-11799868.040000001,4655579.51,2166.15
-11799866.03,4655579.9,2166.08
-11799864.05,4655580.3,2166.05
-11799862.03,4655580.69,2166.05
-11799860.040000001,4655581.11,2166.07
-11799859.93,4655579.57,2166.05
-11799861.89,4655579.18,2166.09
-11799863.89,4655578.7700000005,2166.1
-11799865.89,4655578.38,2166.19
-11799867.870000001,4655577.99,2166.27
-11799869.85,4655577.59,2166.34
-11799871.83,4655577.2,2166.49
-11799873.84,4655576.79,2166.47
-11799875.82,4655576.4,2166.5
-11799877.78,4655576.0,2166.51
-11799879.77,4655575.61,2166.51
-11799881.77,4655575.22,2166.52
-11799883.75,4655574.82,2166.55
-11799885.63,4655574.44,2167.28
-11799887.57,4655574.05,2167.81
-11799889.38,4655573.71,2169.1
-11799889.56,4655573.66,2167.9
-11799888.67,4655573.23,2169.31
-11799888.88,4655573.18,2168.01
-11799886.99,4655573.53,2167.47
-11799885.0,4655573.93,2167.4
-11799883.13,4655574.3,2166.55
-11799881.11,4655574.71,2166.54
-11799879.09,4655575.11,2166.55
-11799877.1,4655575.5,2166.52
-11799875.11,4655575.91,2166.49
-11799873.07,4655576.3,2166.51
-11799871.06,4655576.69,2166.42
-11799869.06,4655577.09,2166.34
-11799867.09,4655577.48,2166.27
-11799865.09,4655577.89,2166.19
-11799863.1,4655578.28,2166.17
-11799861.1,4655578.68,2166.11
-11799859.98,4655577.67,2166.19
-11799861.98,4655577.28,2166.29
-11799863.96,4655576.87,2166.33
-11799865.93,4655576.48,2166.35
-11799867.92,4655576.09,2166.47
-11799869.92,4655575.69,2166.42
-11799871.9,4655575.3,2166.49
-11799873.86,4655574.91,2166.53
-11799875.870000001,4655574.5,2166.52
-11799877.9,4655574.11,2166.54
-11799879.88,4655573.71,2166.56
-11799881.83,4655573.32,2166.58
-11799883.71,4655572.95,2167.34
-11799885.41,4655572.63,2169.33
-11799885.66,4655572.5600000005,2167.71
-11799887.370000001,4655572.23,2169.52
-11799889.35,4655571.84,2169.74
-11799889.25,4655571.26,2169.79
-11799887.26,4655571.66,2169.69
-11799885.31,4655572.05,2169.4
-11799885.57,4655572.0,2167.78
-11799883.66,4655572.36,2167.19
-11799881.72,4655572.73,2166.57
-11799879.68,4655573.15,2166.55
-11799877.68,4655573.54,2166.54
-11799875.700000001,4655573.94,2166.51
-11799873.66,4655574.34,2166.52
-11799871.69,4655574.74,2166.47
-11799869.72,4655575.11,2166.38
-11799867.55,4655575.55,2167.48
-11799865.700000001,4655575.92,2166.36
-11799863.700000001,4655576.33,2166.36
-11799861.71,4655576.72,2166.3
-11799860.19,4655575.5,2166.36
-11799862.15,4655575.11,2166.4
-11799864.14,4655574.72,2166.42
-11799866.14,4655574.3100000005,2166.44
-11799867.96,4655573.94,2167.78
-11799868.14,4655573.92,2166.51
-11799870.120000001,4655573.5200000005,2166.38
-11799872.09,4655573.13,2166.51
-11799874.11,4655572.71,2166.54
-11799876.08,4655572.33,2166.51
-11799878.040000001,4655571.94,2166.56
-11799879.83,4655571.600000001,2167.9
-11799880.03,4655571.54,2166.57
-11799881.59,4655571.23,2169.35
-11799881.96,4655571.16,2166.88
-11799883.55,4655570.86,2169.65
-11799885.52,4655570.47,2169.94
-11799887.5,4655570.08,2170.19
-11799889.53,4655569.66,2169.96
-11799889.620000001,4655569.17,2170.0
-11799887.53,4655569.600000001,2170.32
-11799885.58,4655569.98,2170.04
-11799883.63,4655570.36,2169.79
-11799881.68,4655570.76,2169.5
-11799879.76,4655571.14,2168.65
-11799880.05,4655571.07,2166.69
-11799877.78,4655571.53,2168.22
-11799878.03,4655571.46,2166.56
-11799876.06,4655571.86,2166.48
-11799874.1,4655572.25,2166.55
-11799872.11,4655572.64,2166.5
-11799870.1,4655573.04,2166.36
-11799867.89,4655573.47,2167.73
-11799868.06,4655573.44,2166.55
-11799866.08,4655573.84,2166.42
-11799864.07,4655574.23,2166.4
-11799862.07,4655574.64,2166.36
-11799860.08,4655575.03,2166.36
-11799860.22,4655573.64,2166.36
-11799862.21,4655573.24,2166.38
-11799864.21,4655572.84,2166.42
-11799866.21,4655572.44,2166.44
-11799868.17,4655572.0600000005,2166.49
-11799872.120000001,4655571.26,2166.51
-11799874.11,4655570.86,2166.55
-11799875.73,4655570.55,2169.23
-11799876.120000001,4655570.47,2166.6
-11799877.72,4655570.16,2169.38
-11799878.11,4655570.0600000005,2166.79
-11799879.68,4655569.76,2169.63
-11799881.620000001,4655569.38,2169.92
-11799883.55,4655569.0,2170.17
-11799885.540000001,4655568.600000001,2170.44
-11799887.48,4655568.22,2170.61
-11799889.540000001,4655567.78,2170.04
-11799888.39,4655567.46,2170.36
-11799886.3,4655567.87,2170.75
-11799884.34,4655568.26,2170.48
-11799882.38,4655568.66,2170.22
-11799880.4,4655569.05,2169.92
-11799878.43,4655569.43,2169.65
-11799876.48,4655569.82,2169.36
-11799876.870000001,4655569.73,2166.69
-11799874.6,4655570.19,2168.52
-11799872.870000001,4655570.53,2166.53
-11799870.84,4655570.92,2166.47
-11799868.84,4655571.32,2166.56
-11799866.89,4655571.71,2166.47
-11799864.89,4655572.11,2166.44
-11799862.89,4655572.51,2166.36
-11799860.9,4655572.91,2166.32
-11799861.23,4655571.350000001,2166.35
-11799863.22,4655570.96,2166.38
-11799865.22,4655570.5600000005,2166.48
-11799867.21,4655570.17,2166.49
-11799869.19,4655569.76,2166.49
-11799871.22,4655569.37,2166.53
-11799872.89,4655569.03,2168.57
-11799873.17,4655568.98,2166.65
-11799874.73,4655568.68,2169.56
-11799876.68,4655568.28,2169.84
-11799878.61,4655567.9,2170.09
-11799880.58,4655567.51,2170.38
-11799882.56,4655567.12,2170.67
-11799884.53,4655566.71,2170.94
-11799886.5,4655566.32,2170.97
-11799888.55,4655565.92,2170.46
-11799889.3,4655565.17,2173.83
-11799887.81,4655565.47,2170.56
-11799885.76,4655565.88,2170.84
-11799883.73,4655566.28,2171.01
-11799881.75,4655566.66,2170.75
-11799879.790000001,4655567.0600000005,2170.44
-11799877.82,4655567.45,2170.17
-11799875.89,4655567.83,2169.9
-11799873.93,4655568.22,2169.63
-11799871.950000001,4655568.600000001,2169.24
-11799872.36,4655568.5200000005,2166.53
-11799870.36,4655568.9,2166.51
-11799868.4,4655569.3,2166.5
-11799866.41,4655569.69,2166.49
-11799864.38,4655570.08,2166.42
-11799862.38,4655570.5,2166.36
-11799860.39,4655570.9,2166.35
-11799860.26,4655569.62,2169.31
-11799860.700000001,4655569.5200000005,2166.33
-11799862.71,4655569.12,2166.38
-11799864.67,4655568.72,2166.49
-11799866.66,4655568.33,2166.51
-11799868.64,4655567.92,2166.52
-11799870.63,4655567.53,2166.54
-11799872.63,4655567.13,2166.54
-11799874.14,4655566.82,2169.69
-11799876.06,4655566.46,2170.22
-11799877.97,4655566.08,2170.58
-11799879.92,4655565.68,2170.88
-11799881.88,4655565.3,2171.04
-11799883.94,4655564.88,2170.75
-11799885.98,4655564.48,2170.42
-11799887.51,4655564.18,2173.24
-11799888.0,4655564.0600000005,2170.19
-11799889.48,4655563.7700000005,2173.57
-11799889.71,4655563.74,2172.11
-11799889.38,4655563.13,2173.34
-11799889.63,4655563.08,2171.73
-11799887.4,4655563.54,2173.27
-11799887.93,4655563.42,2169.98
-11799885.89,4655563.8100000005,2170.22
-11799883.84,4655564.24,2170.48
-11799881.78,4655564.65,2170.79
-11799879.73,4655565.0600000005,2171.02
-11799877.78,4655565.44,2170.67
-11799875.86,4655565.82,2170.15
-11799873.93,4655566.18,2169.63
-11799872.39,4655566.5,2166.54
-11799870.39,4655566.89,2166.53
-11799868.4,4655567.3,2166.52
-11799866.41,4655567.69,2166.49
-11799864.41,4655568.08,2166.48
-11799862.42,4655568.48,2166.38
-11799859.99,4655568.98,2169.28
-11799860.41,4655568.88,2166.3
-11799861.42,4655567.350000001,2166.38
-11799863.47,4655566.93,2166.48
-11799865.49,4655566.5200000005,2166.53
-11799867.56,4655566.100000001,2166.53
-11799869.58,4655565.71,2166.56
-11799871.17,4655565.41,2169.31
-11799871.57,4655565.3100000005,2166.57
-11799873.17,4655565.0,2169.59
-11799875.14,4655564.61,2169.86
-11799877.120000001,4655564.21,2170.33
-11799879.09,4655563.82,2170.79
-11799881.18,4655563.39,2170.52
-11799883.23,4655562.99,2170.25
-11799885.27,4655562.58,2169.94
-11799886.870000001,4655562.2700000005,2172.72
-11799887.35,4655562.16,2169.67
-11799888.75,4655561.89,2173.88
-11799887.89,4655561.66,2173.94
-11799888.34,4655561.5600000005,2171.13
-11799889.08,4655561.4,2166.46
-11799886.56,4655561.92,2169.63
-11799884.48,4655562.34,2169.92
-11799882.4,4655562.73,2170.19
-11799880.35,4655563.16,2170.46
-11799878.32,4655563.5600000005,2170.67
-11799876.42,4655563.94,2170.22
-11799874.450000001,4655564.33,2169.86
-11799872.450000001,4655564.71,2169.6
-11799870.52,4655565.11,2169.34
-11799870.93,4655565.0200000005,2166.57
-11799868.96,4655565.42,2166.52
-11799866.950000001,4655565.8100000005,2166.5
-11799864.97,4655566.22,2166.55
-11799862.97,4655566.61,2166.44
-11799860.94,4655567.0200000005,2166.36
-11799860.1,4655566.01,2175.1
-11799861.35,4655565.74,2166.4
-11799863.32,4655565.34,2166.47
-11799864.700000001,4655565.09,2170.61
-11799865.3,4655564.94,2166.51
-11799867.31,4655564.55,2166.53
-11799868.89,4655564.24,2169.36
-11799869.27,4655564.16,2166.76
-11799870.83,4655563.86,2169.73
-11799872.78,4655563.47,2169.98
-11799874.700000001,4655563.09,2170.26
-11799876.65,4655562.69,2170.53
-11799878.67,4655562.29,2170.38
-11799880.73,4655561.88,2170.11
-11799882.77,4655561.45,2169.82
-11799884.78,4655561.05,2169.55
-11799886.61,4655560.7,2170.67
-11799886.8,4655560.66,2169.44
-11799887.23,4655560.54,2166.67
-11799888.19,4655560.37,2173.11
-11799888.52,4655560.32,2171.0
-11799888.02,4655560.0,2173.3
-11799886.46,4655560.3,2170.71
-11799887.07,4655560.17,2166.82
-11799884.72,4655560.64,2169.38
-11799885.15,4655560.55,2166.59
-11799882.73,4655561.05,2169.67
-11799880.68,4655561.46,2169.97
-11799878.65,4655561.86,2170.23
-11799876.69,4655562.26,2170.47
-11799874.75,4655562.64,2170.4
-11799872.83,4655563.03,2170.11
-11799870.85,4655563.42,2169.86
-11799868.98,4655563.79,2169.38
-11799869.38,4655563.69,2166.59
-11799866.96,4655564.18,2169.99
-11799867.47,4655564.09,2166.55
-11799865.51,4655564.47,2166.52
-11799862.73,4655565.05,2172.02
-11799863.53,4655564.86,2166.51
-11799860.620000001,4655565.47,2173.05
-11799861.56,4655565.26,2166.42
-11799859.94,4655564.36,2172.17
-11799860.77,4655564.19,2166.4
-11799862.17,4655563.91,2170.38
-11799862.74,4655563.79,2166.48
-11799863.99,4655563.5600000005,2171.53
-11799864.72,4655563.4,2166.52
-11799866.08,4655563.14,2170.84
-11799866.72,4655562.99,2166.51
-11799868.71,4655562.600000001,2166.55
-11799870.24,4655562.3,2169.65
-11799872.14,4655561.92,2170.13
-11799874.1,4655561.53,2170.46
-11799876.14,4655561.11,2170.22
-11799878.16,4655560.69,2169.94
-11799880.23,4655560.29,2169.67
-11799882.24,4655559.89,2169.42
-11799882.66,4655559.79,2166.69
-11799884.66,4655559.39,2166.65
-11799886.59,4655558.99,2167.34
-11799887.77,4655558.7700000005,2172.46
-11799888.69,4655558.57,2166.67
-11799889.75,4655558.0200000005,2171.48
-11799887.64,4655558.46,2172.4
-11799888.56,4655558.25,2166.61
-11799886.52,4655558.66,2166.76
-11799884.49,4655559.07,2166.61
-11799882.06,4655559.57,2169.36
-11799882.48,4655559.47,2166.63
-11799880.03,4655559.97,2169.57
-11799878.01,4655560.37,2169.83
-11799875.97,4655560.79,2170.09
-11799873.92,4655561.2,2170.38
-11799871.92,4655561.600000001,2170.07
-11799870.0,4655561.98,2169.59
-11799868.47,4655562.28,2166.53
-11799865.790000001,4655562.84,2171.42
-11799866.51,4655562.67,2166.49
-11799863.77,4655563.23,2171.53
-11799864.51,4655563.07,2166.49
-11799861.1,4655563.79,2176.06
-11799861.58,4655563.68,2172.75
-11799861.9,4655563.600000001,2170.49
-11799862.48,4655563.48,2166.44
-11799859.69,4655564.04,2172.0
-11799860.48,4655563.88,2166.42
-11799860.370000001,4655562.83,2169.92
-11799862.14,4655562.47,2171.23
-11799862.57,4655562.38,2168.23
-11799862.83,4655562.33,2166.49
-11799864.36,4655562.0200000005,2169.28
-11799864.77,4655561.94,2166.54
-11799865.81,4655561.73,2173.29
-11799865.99,4655561.71,2172.05
-11799866.14,4655561.67,2170.99
-11799866.81,4655561.53,2166.51
-11799868.16,4655561.26,2171.11
-11799868.83,4655561.11,2166.54
-11799870.36,4655560.8100000005,2169.55
-11799872.27,4655560.43,2170.04
-11799874.24,4655560.04,2170.15
-11799876.28,4655559.62,2169.78
-11799878.31,4655559.2,2169.52
-11799880.71,4655558.72,2166.98
-11799882.76,4655558.29,2166.63
-11799884.74,4655557.9,2166.61
-11799886.75,4655557.5,2166.63
-11799887.870000001,4655557.2700000005,2172.36
-11799888.1,4655557.24,2170.88
-11799888.78,4655557.100000001,2166.63
-11799889.17,4655556.600000001,2166.6
-11799886.44,4655557.16,2171.27
-11799887.18,4655557.0,2166.57
-11799885.15,4655557.4,2166.61
-11799883.11,4655557.8100000005,2166.61
-11799881.13,4655558.21,2166.63
-11799878.700000001,4655558.71,2169.42
-11799879.09,4655558.63,2166.88
-11799876.67,4655559.100000001,2169.65
-11799874.58,4655559.53,2170.05
-11799872.55,4655559.95,2170.13
-11799870.61,4655560.33,2169.61
-11799868.1,4655560.850000001,2173.32
-11799868.39,4655560.78,2171.28
-11799869.11,4655560.63,2166.52
-11799866.48,4655561.17,2170.88
-11799867.120000001,4655561.03,2166.54
-11799864.16,4655561.64,2172.94
-11799864.38,4655561.59,2171.42
-11799865.11,4655561.42,2166.53
-11799862.32,4655562.01,2171.86
-11799863.09,4655561.84,2166.51
-11799859.86,4655562.5200000005,2175.15
-11799860.93,4655561.25,2174.19
-11799861.27,4655561.18,2171.81
-11799862.05,4655561.0200000005,2166.48
-11799862.97,4655560.84,2173.72
-11799863.23,4655560.79,2171.92
-11799863.5,4655560.72,2170.05
-11799863.69,4655560.68,2168.8
-11799865.11,4655560.41,2172.61
-11799865.27,4655560.350000001,2171.5
-11799866.01,4655560.2,2166.49
-11799867.05,4655560.01,2173.02
-11799868.0,4655559.8100000005,2166.59
-11799869.99,4655559.39,2166.58
-11799871.53,4655559.09,2169.74
-11799873.44,4655558.71,2170.24
-11799875.47,4655558.3100000005,2169.92
-11799877.53,4655557.89,2169.48
-11799877.98,4655557.79,2166.59
-11799879.97,4655557.38,2166.61
-11799881.98,4655556.97,2166.63
-11799883.96,4655556.57,2166.61
-11799885.24,4655556.33,2170.97
-11799885.49,4655556.2700000005,2169.48
-11799885.93,4655556.18,2166.61
-11799886.89,4655556.0,2173.46
-11799887.26,4655555.92,2171.07
-11799887.97,4655555.76,2166.59
-11799888.98,4655555.55,2172.86
-11799889.13,4655555.54,2171.86
-11799888.08,4655555.37,2172.53
-11799888.450000001,4655555.29,2170.19
-11799885.94,4655555.79,2173.38
-11799886.22,4655555.74,2171.55
-11799885.01,4655555.97,2166.58
-11799883.02,4655556.39,2166.6
-11799881.02,4655556.8,2166.61
-11799879.0,4655557.2,2166.59
-11799876.52,4655557.7,2169.61
-11799874.450000001,4655558.11,2170.05
-11799872.44,4655558.53,2169.98
-11799870.53,4655558.91,2169.47
-11799870.950000001,4655558.83,2166.67
-11799867.93,4655559.45,2173.34
-11799868.26,4655559.36,2171.1
-11799868.950000001,4655559.24,2166.53
-11799866.0,4655559.83,2173.04
-11799866.96,4655559.63,2166.54
-11799864.15,4655560.2,2172.15
-11799864.98,4655560.04,2166.5
-11799861.93,4655560.66,2173.67
-11799862.120000001,4655560.62,2172.31
-11799862.58,4655560.5200000005,2169.24
-11799862.96,4655560.43,2166.54
-11799859.8,4655561.09,2174.59
-11799860.27,4655561.0,2171.38
-11799861.49,4655559.91,2172.15
-11799862.05,4655559.79,2168.25
-11799862.3,4655559.73,2166.52
-11799863.31,4655559.54,2173.26
-11799863.49,4655559.5,2172.06
-11799863.67,4655559.46,2170.83
-11799863.9,4655559.41,2169.23
-11799865.13,4655559.16,2174.11
-11799865.290000001,4655559.12,2173.06
-11799865.59,4655559.07,2170.98
-11799866.25,4655558.93,2166.53
-11799867.31,4655558.72,2173.02
-11799867.49,4655558.68,2171.78
-11799868.27,4655558.53,2166.57
-11799870.27,4655558.11,2166.58
-11799871.790000001,4655557.8100000005,2169.71
-11799873.72,4655557.41,2169.94
-11799875.74,4655557.01,2169.69
-11799877.76,4655556.59,2169.46
-11799878.21,4655556.49,2166.57
-11799880.21,4655556.07,2166.61
-11799882.200000001,4655555.68,2166.61
-11799884.21,4655555.2700000005,2166.59
-11799885.75,4655554.95,2169.6
-11799886.22,4655554.87,2166.61
-11799887.09,4655554.7,2173.78
-11799889.35,4655554.24,2172.13
-11799889.3,4655553.68,2171.94
-11799887.07,4655554.13,2173.61
-11799885.21,4655554.5200000005,2172.72
-11799885.66,4655554.41,2169.9
-11799886.18,4655554.3,2166.6
-11799884.18,4655554.72,2166.6
-11799882.18,4655555.13,2166.6
-11799880.15,4655555.54,2166.61
-11799878.14,4655555.94,2166.59
-11799875.700000001,4655556.44,2169.5
-11799873.65,4655556.86,2169.79
-11799871.65,4655557.26,2169.65
-11799870.1,4655557.57,2166.56
-11799867.17,4655558.18,2173.13
-11799867.36,4655558.14,2171.77
-11799868.15,4655557.98,2166.51
-11799865.09,4655558.59,2173.74
-11799865.22,4655558.57,2172.82
-11799865.5,4655558.5200000005,2170.97
-11799866.16,4655558.37,2166.46
-11799863.15,4655558.99,2173.34
-11799863.32,4655558.95,2172.19
-11799861.33,4655559.36,2172.09
-11799861.61,4655559.3,2170.23
-11799861.89,4655559.25,2168.31
-11799862.14,4655559.18,2166.49
-11799859.78,4655558.75,2172.15
-11799860.61,4655558.58,2166.42
-11799861.6,4655558.38,2173.21
-11799862.17,4655558.25,2169.34
-11799862.57,4655558.18,2166.58
-11799863.540000001,4655557.99,2173.65
-11799863.870000001,4655557.91,2171.38
-11799864.16,4655557.850000001,2169.38
-11799864.56,4655557.7700000005,2166.67
-11799865.73,4655557.51,2172.24
-11799866.11,4655557.46,2169.72
-11799866.57,4655557.36,2166.57
-11799867.64,4655557.15,2172.88
-11799868.6,4655556.94,2166.54
-11799870.57,4655556.54,2166.57
-11799872.09,4655556.21,2169.65
-11799874.11,4655555.82,2169.4
-11799876.52,4655555.32,2166.6
-11799878.51,4655554.91,2166.6
-11799880.51,4655554.51,2166.61
-11799882.51,4655554.100000001,2166.6
-11799884.46,4655553.71,2166.86
-11799885.72,4655553.45,2171.59
-11799886.51,4655553.29,2166.61
-11799887.66,4655553.0600000005,2171.92
-11799887.93,4655552.99,2170.23
-11799888.18,4655552.95,2168.65
-11799889.59,4655552.66,2172.4
-11799889.71,4655552.2,2172.65
-11799888.09,4655552.51,2170.31
-11799885.92,4655552.97,2171.28
-11799886.67,4655552.8,2166.59
-11799884.620000001,4655553.23,2167.04
-11799882.69,4655553.62,2166.6
-11799880.67,4655554.04,2166.56
-11799878.67,4655554.44,2166.59
-11799876.68,4655554.86,2166.59
-11799874.25,4655555.34,2169.4
-11799874.67,4655555.26,2166.63
-11799872.22,4655555.76,2169.59
-11799870.68,4655556.08,2166.58
-11799867.72,4655556.68,2173.15
-11799868.71,4655556.47,2166.56
-11799865.6,4655557.12,2173.98
-11799865.89,4655557.05,2172.07
-11799866.72,4655556.89,2166.47
-11799863.68,4655557.51,2173.51
-11799863.98,4655557.43,2171.5
-11799864.14,4655557.4,2170.35
-11799864.33,4655557.38,2169.07
-11799861.56,4655557.93,2174.34
-11799861.8,4655557.88,2172.67
-11799862.370000001,4655557.7700000005,2168.76
-11799862.700000001,4655557.7,2166.56
-11799859.870000001,4655558.2700000005,2172.4
-11799860.42,4655558.16,2168.63
-11799860.74,4655558.11,2166.47
-11799859.75,4655557.07,2166.46
-11799860.92,4655556.82,2171.79
-11799861.11,4655556.78,2170.49
-11799861.290000001,4655556.74,2169.26
-11799861.71,4655556.65,2166.42
-11799862.57,4655556.47,2173.97
-11799864.66,4655556.05,2173.65
-11799866.64,4655555.63,2174.0
-11799866.96,4655555.58,2171.88
-11799867.75,4655555.41,2166.59
-11799868.98,4655555.16,2171.44
-11799869.71,4655555.01,2166.56
-11799871.28,4655554.67,2169.3
-11799871.69,4655554.600000001,2166.58
-11799873.69,4655554.2,2166.61
-11799875.69,4655553.78,2166.58
-11799877.66,4655553.37,2166.83
-11799879.69,4655552.96,2166.6
-11799881.64,4655552.5600000005,2166.94
-11799883.68,4655552.14,2166.67
-11799885.23,4655551.8,2169.42
-11799885.68,4655551.73,2166.65
-11799886.93,4655551.46,2171.36
-11799888.700000001,4655551.11,2172.57
-11799888.89,4655551.07,2171.38
-11799889.71,4655550.4,2171.55
-11799887.5,4655550.86,2172.8
-11799887.74,4655550.8100000005,2171.27
-11799885.700000001,4655551.23,2171.6
-11799885.92,4655551.18,2170.24
-11799886.49,4655551.07,2166.65
-11799884.49,4655551.47,2166.65
-11799882.46,4655551.88,2166.69
-11799880.41,4655552.3100000005,2166.81
-11799878.38,4655552.73,2166.96
-11799876.46,4655553.13,2166.58
-11799874.43,4655553.5200000005,2166.58
-11799872.43,4655553.95,2166.55
-11799870.43,4655554.36,2166.53
-11799867.65,4655554.93,2171.57
-11799868.41,4655554.78,2166.55
-11799865.370000001,4655555.4,2173.61
-11799865.56,4655555.36,2172.36
-11799863.64,4655555.75,2172.03
-11799863.790000001,4655555.71,2171.01
-11799861.450000001,4655556.2,2173.49
-11799861.63,4655556.16,2172.26
-11799862.47,4655556.0,2166.5
-11799859.82,4655556.54,2170.97
-11799860.48,4655556.39,2166.42
-11799859.78,4655555.48,2172.05
-11799860.6,4655555.3100000005,2166.47
-11799861.540000001,4655555.100000001,2173.69
-11799862.58,4655554.88,2166.53
-11799863.72,4655554.65,2172.33
-11799864.0,4655554.600000001,2170.48
-11799864.58,4655554.49,2166.49
-11799865.42,4655554.3,2174.27
-11799866.58,4655554.07,2166.46
-11799867.85,4655553.8100000005,2171.19
-11799868.55,4655553.66,2166.51
-11799870.56,4655553.24,2166.55
-11799872.57,4655552.82,2166.57
-11799874.58,4655552.42,2166.59
-11799876.55,4655552.0,2166.56
-11799878.5,4655551.600000001,2166.61
-11799880.51,4655551.18,2166.63
-11799882.540000001,4655550.76,2166.65
-11799884.53,4655550.36,2166.63
-11799886.5,4655549.94,2166.67
-11799888.08,4655549.61,2169.38
-11799888.52,4655549.5200000005,2166.71
-11799889.69,4655549.28,2171.82
-11799888.98,4655548.78,2173.4
-11799889.25,4655548.73,2171.72
-11799887.67,4655549.04,2169.36
-11799888.1,4655548.97,2166.65
-11799886.14,4655549.38,2166.63
-11799884.11,4655549.8,2166.61
-11799882.06,4655550.22,2166.61
-11799880.07,4655550.62,2166.55
-11799878.11,4655551.0200000005,2166.57
-11799876.1,4655551.45,2166.58
-11799874.07,4655551.87,2166.58
-11799872.08,4655552.26,2166.54
-11799870.08,4655552.68,2166.54
-11799867.43,4655553.23,2171.06
-11799868.11,4655553.100000001,2166.52
-11799864.98,4655553.73,2174.06
-11799865.200000001,4655553.67,2172.57
-11799866.11,4655553.51,2166.54
-11799863.34,4655554.0600000005,2171.72
-11799863.53,4655554.04,2170.42
-11799863.71,4655554.0,2169.27
-11799864.120000001,4655553.9,2166.52
-11799861.1,4655554.54,2173.26
-11799861.38,4655554.48,2171.35
-11799862.09,4655554.34,2166.52
-11799860.09,4655554.74,2166.46
-11799859.61,4655553.55,2175.1
-11799859.96,4655553.49,2172.6
-11799860.370000001,4655553.4,2169.88
-11799860.870000001,4655553.3,2166.47
-11799861.950000001,4655553.07,2172.59
-11799862.84,4655552.89,2166.5
-11799864.040000001,4655552.62,2172.07
-11799864.870000001,4655552.47,2166.5
-11799865.93,4655552.24,2172.98
-11799866.89,4655552.05,2166.51
-11799868.23,4655551.7700000005,2170.83
-11799868.88,4655551.63,2166.52
-11799870.86,4655551.23,2166.55
-11799872.86,4655550.8100000005,2166.53
-11799874.85,4655550.39,2166.57
-11799876.85,4655549.97,2166.6
-11799878.84,4655549.5600000005,2166.61
-11799880.85,4655549.14,2166.59
-11799882.84,4655548.72,2166.65
-11799884.81,4655548.32,2166.63
-11799886.81,4655547.88,2166.63
-11799888.84,4655547.48,2166.67
-11799887.85,4655547.0600000005,2172.0
-11799888.71,4655546.9,2166.67
-11799886.72,4655547.32,2166.65
-11799884.67,4655547.74,2166.61
-11799882.67,4655548.17,2166.61
-11799880.69,4655548.58,2166.59
-11799878.68,4655548.99,2166.61
-11799876.66,4655549.42,2166.58
-11799874.67,4655549.82,2166.57
-11799872.65,4655550.24,2166.53
-11799870.65,4655550.66,2166.53
-11799868.69,4655551.07,2166.5
-11799865.72,4655551.68,2173.06
-11799866.71,4655551.49,2166.49
-11799863.870000001,4655552.0600000005,2172.02
-11799864.700000001,4655551.9,2166.47
-11799861.8,4655552.48,2172.48
-11799862.07,4655552.42,2170.65
-11799862.68,4655552.32,2166.52
-11799860.22,4655552.82,2169.83
-11799860.71,4655552.73,2166.5
-11799859.790000001,4655551.47,2174.63
-11799860.99,4655551.24,2166.51
-11799861.97,4655551.03,2173.57
-11799863.01,4655550.8100000005,2166.44
-11799864.71,4655550.46,2168.52
-11799865.0,4655550.39,2166.55
-11799866.61,4655550.05,2169.01
-11799868.49,4655549.66,2169.54
-11799868.950000001,4655549.57,2166.49
-11799870.94,4655549.15,2166.52
-11799872.950000001,4655548.73,2166.55
-11799874.98,4655548.3100000005,2166.58
-11799876.94,4655547.88,2166.61
-11799878.13,4655547.63,2171.63
-11799878.92,4655547.47,2166.58
-11799880.93,4655547.04,2166.61
-11799882.94,4655546.63,2166.63
-11799884.92,4655546.21,2166.65
-11799886.28,4655545.93,2170.65
-11799886.92,4655545.79,2166.65
-11799888.4,4655545.48,2169.86
-11799888.92,4655545.37,2166.65
-11799888.43,4655544.76,2173.04
-11799888.67,4655544.71,2171.61
-11799888.97,4655544.65,2169.69
-11799886.88,4655545.09,2170.47
-11799887.5,4655544.96,2166.67
-11799884.83,4655545.5200000005,2170.96
-11799885.52,4655545.38,2166.65
-11799883.51,4655545.8,2166.61
-11799881.51,4655546.22,2166.59
-11799878.53,4655546.83,2172.82
-11799878.77,4655546.78,2171.27
-11799879.51,4655546.64,2166.57
-11799876.49,4655547.2700000005,2173.15
-11799877.52,4655547.0600000005,2166.56
-11799875.540000001,4655547.47,2166.57
-11799873.53,4655547.89,2166.53
-11799871.5,4655548.32,2166.5
-11799869.49,4655548.74,2166.5
-11799867.08,4655549.21,2169.42
-11799865.17,4655549.63,2169.07
-11799862.51,4655550.18,2173.58
-11799863.09,4655550.07,2169.59
-11799863.26,4655550.04,2168.55
-11799863.55,4655549.97,2166.5
-11799859.82,4655550.74,2178.38
-11799860.3,4655550.62,2175.04
-11799860.57,4655550.59,2173.27
-11799861.58,4655550.39,2166.38
-11799860.78,4655549.09,2174.69
-11799861.69,4655548.9,2168.59
-11799861.99,4655548.850000001,2166.49
-11799863.17,4655548.600000001,2172.05
-11799863.47,4655548.54,2169.94
-11799863.99,4655548.44,2166.49
-11799865.63,4655548.09,2169.06
-11799867.68,4655547.66,2168.54
-11799868.0,4655547.59,2166.42
-11799869.98,4655547.16,2166.48
-11799871.98,4655546.75,2166.49
-11799873.97,4655546.33,2166.52
-11799875.25,4655546.05,2171.17
-11799875.96,4655545.91,2166.55
-11799876.93,4655545.68,2172.98
-11799877.17,4655545.63,2171.42
-11799877.92,4655545.49,2166.58
-11799878.9,4655545.28,2173.19
-11799879.040000001,4655545.24,2172.33
-11799879.950000001,4655545.0600000005,2166.55
-11799881.950000001,4655544.64,2166.61
-11799883.93,4655544.22,2166.61
-11799885.11,4655543.96,2171.67
-11799885.33,4655543.92,2170.33
-11799885.91,4655543.8,2166.65
-11799887.120000001,4655543.53,2171.55
-11799887.35,4655543.49,2170.19
-11799887.93,4655543.38,2166.65
-11799888.84,4655543.15,2173.24
-11799889.07,4655543.13,2171.86
-11799888.24,4655542.65,2170.56
-11799888.86,4655542.51,2166.69
-11799886.31,4655543.05,2170.15
-11799886.870000001,4655542.95,2166.67
-11799884.92,4655543.36,2166.63
-11799882.91,4655543.78,2166.61
-11799879.870000001,4655544.41,2173.01
-11799880.89,4655544.2,2166.6
-11799877.81,4655544.83,2173.5
-11799878.22,4655544.76,2170.94
-11799878.92,4655544.62,2166.5
-11799875.950000001,4655545.22,2172.71
-11799876.28,4655545.16,2170.59
-11799876.92,4655545.04,2166.53
-11799874.91,4655545.45,2166.54
-11799872.92,4655545.88,2166.5
-11799870.950000001,4655546.29,2166.47
-11799868.93,4655546.73,2166.47
-11799866.6,4655547.22,2168.52
-11799866.92,4655547.14,2166.42
-11799864.15,4655547.72,2171.72
-11799864.57,4655547.64,2168.88
-11799861.73,4655548.21,2174.44
-11799862.0,4655548.15,2172.67
-11799862.290000001,4655548.11,2170.67
-11799862.92,4655547.98,2166.44
-11799859.73,4655548.64,2174.48
-11799861.49,4655546.98,2176.44
-11799861.790000001,4655546.93,2174.36
-11799864.97,4655546.28,2166.44
-11799866.96,4655545.86,2166.44
-11799868.93,4655545.44,2166.46
-11799870.94,4655545.0,2166.46
-11799872.93,4655544.59,2166.51
-11799873.91,4655544.36,2172.99
-11799874.92,4655544.17,2166.53
-11799875.9,4655543.94,2172.83
-11799876.5,4655543.82,2169.04
-11799876.88,4655543.75,2166.63
-11799877.72,4655543.55,2174.01
-11799877.94,4655543.49,2172.72
-11799879.790000001,4655543.100000001,2173.74
-11799880.370000001,4655542.98,2170.09
-11799880.93,4655542.87,2166.56
-11799882.3,4655542.58,2170.54
-11799882.92,4655542.46,2166.63
-11799884.9,4655542.04,2166.63
-11799886.4,4655541.71,2169.38
-11799886.83,4655541.62,2166.69
-11799887.9,4655541.38,2172.26
-11799888.21,4655541.33,2170.36
-11799888.81,4655541.21,2166.69
-11799887.82,4655540.68,2170.44
-11799888.43,4655540.54,2166.69
-11799886.43,4655540.99,2166.65
-11799884.39,4655541.41,2166.63
-11799881.790000001,4655541.95,2170.38
-11799882.4,4655541.84,2166.57
-11799879.35,4655542.46,2173.3
-11799879.92,4655542.34,2169.63
-11799880.4,4655542.26,2166.59
-11799877.4,4655542.88,2173.0
-11799877.74,4655542.8100000005,2170.78
-11799878.15,4655542.73,2168.19
-11799878.4,4655542.68,2166.55
-11799875.92,4655543.19,2169.92
-11799876.43,4655543.100000001,2166.59
-11799873.540000001,4655543.69,2172.44
-11799874.450000001,4655543.5200000005,2166.51
-11799872.43,4655543.95,2166.48
-11799870.44,4655544.37,2166.46
-11799868.44,4655544.79,2166.44
-11799866.450000001,4655545.22,2166.42
-11799862.6,4655545.99,2178.9
-11799864.48,4655545.64,2166.36
-11799861.02,4655546.34,2176.22
-11799861.290000001,4655546.29,2174.36
-11799859.76,4655545.100000001,2181.31
-11799860.13,4655545.0200000005,2178.82
-11799860.75,4655544.91,2174.65
-11799861.94,4655544.63,2180.05
-11799862.15,4655544.59,2178.57
-11799862.96,4655544.44,2173.25
-11799864.200000001,4655544.15,2177.98
-11799865.950000001,4655543.8100000005,2166.4
-11799867.96,4655543.38,2166.44
-11799869.99,4655542.94,2166.42
-11799871.99,4655542.53,2166.46
-11799873.950000001,4655542.09,2166.46
-11799875.02,4655541.86,2172.13
-11799875.9,4655541.69,2166.51
-11799877.25,4655541.38,2170.59
-11799877.44,4655541.34,2169.35
-11799877.89,4655541.25,2166.55
-11799879.24,4655540.96,2170.73
-11799879.52,4655540.91,2169.0
-11799879.9,4655540.83,2166.54
-11799880.78,4655540.63,2173.67
-11799881.92,4655540.4,2166.53
-11799883.89,4655539.98,2166.6
-11799885.89,4655539.54,2166.63
-11799887.88,4655539.13,2166.67
-11799889.42,4655538.79,2169.3
-11799889.15,4655538.28,2169.24
-11799889.57,4655538.2,2166.65
-11799887.61,4655538.62,2166.65
-11799885.58,4655539.05,2166.63
-11799883.58,4655539.47,2166.59
-11799880.69,4655540.08,2172.32
-11799881.620000001,4655539.9,2166.51
-11799879.26,4655540.4,2168.94
-11799879.66,4655540.32,2166.5
-11799877.0,4655540.87,2170.46
-11799877.22,4655540.82,2169.06
-11799877.63,4655540.75,2166.48
-11799874.74,4655541.33,2172.13
-11799875.63,4655541.16,2166.46
-11799873.67,4655541.600000001,2166.44
-11799871.65,4655542.01,2166.42
-11799869.65,4655542.45,2166.38
-11799867.65,4655542.87,2166.4
-11799863.93,4655543.63,2177.82
-11799864.92,4655543.44,2171.3
-11799865.66,4655543.3100000005,2166.36
-11799861.6,4655544.13,2180.46
-11799859.51,4655544.58,2181.1
-11799859.72,4655544.5200000005,2179.65
-11799860.47,4655542.82,2184.4
-11799860.82,4655542.76,2182.07
-11799862.83,4655542.32,2181.6
-11799863.120000001,4655542.26,2179.61
-11799863.44,4655542.2,2177.54
-11799867.13,4655541.46,2166.42
-11799869.16,4655541.0200000005,2166.38
-11799871.14,4655540.59,2166.44
-11799872.370000001,4655540.3100000005,2171.38
-11799873.14,4655540.16,2166.49
-11799874.290000001,4655539.89,2171.73
-11799875.11,4655539.73,2166.47
-11799876.35,4655539.44,2171.33
-11799877.120000001,4655539.29,2166.48
-11799879.1,4655538.87,2166.51
-11799881.09,4655538.43,2166.57
-11799882.0,4655538.2,2173.29
-11799882.35,4655538.15,2171.11
-11799883.89,4655537.8100000005,2173.96
-11799884.33,4655537.73,2171.29
-11799886.0,4655537.36,2173.31
-11799886.26,4655537.3100000005,2171.69
-11799887.08,4655537.13,2166.67
-11799889.09,4655536.71,2166.67
-11799889.44,4655535.8100000005,2166.65
-11799886.38,4655536.45,2173.22
-11799884.040000001,4655536.94,2175.61
-11799884.41,4655536.87,2173.3
-11799882.05,4655537.350000001,2175.55
-11799882.27,4655537.33,2174.24
-11799880.36,4655537.73,2173.71
-11799880.85,4655537.64,2170.6
-11799881.11,4655537.600000001,2169.01
-11799881.49,4655537.51,2166.61
-11799879.49,4655537.95,2166.51
-11799876.91,4655538.48,2170.02
-11799877.48,4655538.37,2166.46
-11799874.76,4655538.95,2171.33
-11799875.53,4655538.8,2166.4
-11799872.71,4655539.38,2171.77
-11799873.540000001,4655539.23,2166.46
-11799871.55,4655539.65,2166.42
-11799869.540000001,4655540.08,2166.38
-11799867.51,4655540.5,2166.38
-11799863.5,4655541.34,2179.79
-11799864.13,4655541.22,2175.56
-11799864.47,4655541.15,2173.4
-11799861.08,4655541.84,2182.86
-11799861.38,4655541.79,2180.85
-11799861.53,4655541.75,2179.83
-11799860.6,4655540.53,2182.8
-11799860.91,4655540.47,2180.83
-11799863.21,4655539.98,2178.22
-11799865.24,4655539.54,2177.69
-11799865.52,4655539.48,2175.85
-11799866.97,4655539.21,2166.32
-11799868.99,4655538.7700000005,2166.38
-11799870.13,4655538.5,2171.94
-11799870.99,4655538.32,2166.4
-11799872.040000001,4655538.08,2172.4
-11799872.96,4655537.9,2166.49
-11799874.4,4655537.58,2170.11
-11799874.98,4655537.47,2166.42
-11799876.36,4655537.15,2170.26
-11799876.98,4655537.04,2166.44
-11799878.72,4655536.63,2167.83
-11799878.93,4655536.61,2166.53
-11799879.91,4655536.38,2172.9
-11799880.370000001,4655536.28,2169.99
-11799881.58,4655536.0,2175.04
-11799883.370000001,4655535.61,2176.29
-11799885.42,4655535.16,2175.88
-11799885.68,4655535.12,2174.33
-11799887.97,4655534.61,2172.44
-11799888.93,4655534.45,2166.67
-11799886.71,4655534.100000001,2174.07
-11799887.01,4655534.04,2172.29
-11799887.19,4655534.0,2171.19
-11799884.05,4655534.65,2178.08
-11799882.15,4655535.07,2177.44
-11799882.540000001,4655534.99,2175.09
-11799880.64,4655535.41,2174.36
-11799880.84,4655535.37,2173.09
-11799879.01,4655535.76,2172.1
-11799879.22,4655535.72,2170.75
-11799879.48,4655535.66,2169.15
-11799877.22,4655536.15,2170.79
-11799877.91,4655536.03,2166.49
-11799874.84,4655536.66,2173.33
-11799875.31,4655536.57,2170.27
-11799875.92,4655536.45,2166.4
-11799873.05,4655537.0600000005,2172.09
-11799873.96,4655536.88,2166.36
-11799870.950000001,4655537.5,2172.84
-11799871.3,4655537.43,2170.63
-11799869.33,4655537.87,2170.44
-11799869.97,4655537.74,2166.36
-11799867.97,4655538.18,2166.36
-11799864.26,4655538.93,2177.69
-11799864.540000001,4655538.88,2175.83
-11799864.73,4655538.83,2174.58
-11799866.0,4655538.59,2166.3
-11799861.69,4655539.48,2181.51
-11799862.27,4655539.37,2177.67
-11799859.71,4655539.89,2181.52
-11799859.93,4655539.84,2180.02
-11799860.450000001,4655538.19,2183.63
-11799861.06,4655538.0600000005,2179.57
-11799862.91,4655537.67,2180.19
-11799863.49,4655537.5600000005,2176.4
-11799863.72,4655537.5200000005,2174.84
-11799863.98,4655537.46,2173.13
-11799866.97,4655536.84,2166.32
-11799868.43,4655536.5,2170.03
-11799868.99,4655536.39,2166.36
-11799870.22,4655536.11,2171.38
-11799870.99,4655535.96,2166.44
-11799871.85,4655535.75,2173.63
-11799872.02,4655535.69,2172.56
-11799872.290000001,4655535.67,2170.83
-11799872.97,4655535.53,2166.4
-11799873.78,4655535.3,2174.05
-11799874.03,4655535.2700000005,2172.46
-11799874.18,4655535.25,2171.47
-11799874.99,4655535.07,2166.35
-11799876.02,4655534.83,2172.58
-11799876.24,4655534.8,2171.27
-11799876.99,4655534.65,2166.49
-11799878.27,4655534.34,2171.11
-11799878.48,4655534.32,2169.8
-11799878.99,4655534.21,2166.61
-11799879.84,4655533.99,2173.81
-11799881.35,4655533.66,2176.69
-11799882.86,4655533.32,2179.38
-11799884.98,4655532.86,2178.63
-11799885.88,4655532.68,2173.11
-11799886.200000001,4655532.600000001,2171.13
-11799887.96,4655532.21,2172.54
-11799888.28,4655532.16,2170.65
-11799888.93,4655532.03,2166.63
-11799888.19,4655531.38,2166.55
-11799885.15,4655532.01,2173.11
-11799885.450000001,4655531.96,2171.3
-11799882.32,4655532.59,2178.26
-11799883.06,4655532.46,2173.67
-11799880.92,4655532.93,2174.52
-11799881.21,4655532.88,2172.73
-11799879.0,4655533.350000001,2173.99
-11799879.21,4655533.3100000005,2172.75
-11799877.31,4655533.71,2172.28
-11799878.23,4655533.55,2166.51
-11799875.27,4655534.16,2172.51
-11799875.48,4655534.100000001,2171.25
-11799875.73,4655534.08,2169.59
-11799876.23,4655533.98,2166.44
-11799873.08,4655534.62,2173.67
-11799871.27,4655535.04,2172.71
-11799871.53,4655534.98,2171.09
-11799872.26,4655534.850000001,2166.38
-11799870.28,4655535.28,2166.36
-11799868.24,4655535.71,2166.32
-11799864.58,4655536.47,2176.97
-11799866.21,4655536.16,2166.28
-11799861.73,4655537.0600000005,2182.9
-11799861.870000001,4655537.04,2181.94
-11799862.24,4655536.97,2179.57
-11799862.43,4655536.93,2178.24
-11799860.26,4655535.8100000005,2186.11
-11799863.05,4655535.2,2180.86
-11799863.19,4655535.19,2179.9
-11799863.620000001,4655535.09,2177.11
-11799865.28,4655534.79,2166.22
-11799867.27,4655534.36,2166.29
-11799869.25,4655533.92,2166.32
-11799870.620000001,4655533.61,2170.22
-11799871.23,4655533.48,2166.3
-11799872.15,4655533.26,2173.22
-11799872.46,4655533.18,2171.13
-11799873.23,4655533.04,2166.27
-11799874.290000001,4655532.78,2172.15
-11799875.19,4655532.61,2166.5
-11799877.14,4655532.16,2166.78
-11799878.5,4655531.87,2170.54
-11799879.14,4655531.74,2166.54
-11799880.120000001,4655531.49,2172.85
-11799880.34,4655531.46,2171.54
-11799881.15,4655531.3,2166.48
-11799882.1,4655531.07,2173.28
-11799884.120000001,4655530.62,2173.25
-11799886.120000001,4655530.18,2173.23
-11799887.21,4655529.98,2166.61
-11799889.19,4655529.53,2166.6
-11799888.94,4655528.8,2166.57
-11799886.94,4655529.25,2166.48
-11799883.78,4655529.91,2173.35
-11799884.09,4655529.84,2171.5
-11799881.99,4655530.3,2172.36
-11799880.1,4655530.72,2171.86
-11799880.290000001,4655530.68,2170.65
-11799880.97,4655530.5600000005,2166.49
-11799878.950000001,4655530.98,2166.46
-11799876.93,4655531.42,2166.49
-11799873.96,4655532.04,2172.59
-11799874.91,4655531.87,2166.58
-11799871.89,4655532.49,2173.29
-11799872.17,4655532.44,2171.44
-11799872.950000001,4655532.3,2166.53
-11799870.42,4655532.83,2170.17
-11799871.02,4655532.72,2166.33
-11799869.03,4655533.16,2166.28
-11799867.03,4655533.59,2166.27
-11799863.1,4655534.41,2178.72
-11799863.48,4655534.34,2176.28
-11799860.040000001,4655535.03,2185.75
-11799860.55,4655533.58,2184.42
-11799860.78,4655533.5200000005,2182.88
-11799864.3,4655532.79,2172.8
-11799865.290000001,4655532.61,2166.27
-11799867.290000001,4655532.17,2166.31
-11799869.24,4655531.72,2166.56
-11799871.26,4655531.29,2166.34
-11799873.23,4655530.86,2166.36
-11799875.19,4655530.41,2166.46
-11799877.15,4655529.98,2166.48
-11799879.17,4655529.5200000005,2166.57
-11799881.19,4655529.08,2166.44
-11799882.57,4655528.7700000005,2170.36
-11799883.19,4655528.65,2166.52
-11799885.22,4655528.2,2166.56
-11799887.21,4655527.76,2166.67
-11799889.18,4655527.32,2166.65
-11799889.42,4655526.350000001,2166.67
-11799887.4,4655526.79,2166.58
-11799884.93,4655527.32,2169.51
-11799885.41,4655527.21,2166.59
-11799883.07,4655527.72,2169.06
-11799883.46,4655527.66,2166.63
-11799881.48,4655528.09,2166.61
-11799879.48,4655528.53,2166.44
-11799877.46,4655528.98,2166.44
-11799875.44,4655529.41,2166.44
-11799873.47,4655529.86,2166.42
-11799871.51,4655530.29,2166.33
-11799869.5,4655530.72,2166.32
-11799867.49,4655531.15,2166.31
-11799865.47,4655531.600000001,2166.35
-11799861.38,4655532.45,2180.25
-11799861.56,4655532.41,2179.09
-11799862.81,4655532.17,2170.94
-11799863.540000001,4655532.04,2166.17
-11799859.56,4655531.24,2168.9
-11799860.14,4655531.07,2178.09
-11799861.94,4655530.73,2166.25
-11799863.89,4655530.28,2166.26
-11799865.89,4655529.84,2166.26
-11799867.88,4655529.4,2166.31
-11799869.89,4655528.96,2166.34
-11799871.86,4655528.53,2166.36
-11799873.81,4655528.08,2166.48
-11799875.81,4655527.64,2166.57
-11799877.06,4655527.34,2171.52
-11799877.84,4655527.19,2166.65
-11799879.14,4655526.88,2170.77
-11799881.23,4655526.42,2169.9
-11799883.14,4655525.99,2170.33
-11799885.1,4655525.5600000005,2170.83
-11799885.8,4655525.43,2166.54
-11799887.84,4655524.97,2166.63
-11799888.290000001,4655524.12,2166.57
-11799886.32,4655524.53,2166.57
-11799883.58,4655525.14,2171.09
-11799881.64,4655525.55,2170.61
-11799879.51,4655526.03,2171.54
-11799879.74,4655525.99,2170.11
-11799877.59,4655526.46,2171.19
-11799875.35,4655526.95,2172.84
-11799873.49,4655527.37,2171.76
-11799874.3,4655527.21,2166.57
-11799872.34,4655527.65,2166.47
-11799870.39,4655528.07,2166.38
-11799868.42,4655528.51,2166.32
-11799866.41,4655528.96,2166.28
-11799864.39,4655529.4,2166.4
-11799862.4,4655529.84,2166.23
-11799859.66,4655530.43,2171.36
-11799860.44,4655530.2700000005,2166.23
-11799859.81,4655528.71,2166.24
-11799861.81,4655528.26,2166.26
-11799863.8,4655527.82,2166.3
-11799865.75,4655527.38,2166.36
-11799867.72,4655526.93,2166.4
-11799869.43,4655526.54,2168.11
-11799869.68,4655526.5,2166.48
-11799871.0,4655526.18,2170.9
-11799871.66,4655526.05,2166.65
-11799872.92,4655525.75,2171.38
-11799874.75,4655525.33,2172.5
-11799876.78,4655524.88,2172.19
-11799878.72,4655524.45,2172.61
-11799880.86,4655523.95,2171.51
-11799882.93,4655523.51,2171.02
-11799885.0,4655523.05,2170.6
-11799885.67,4655522.91,2166.44
-11799887.67,4655522.47,2166.59
-11799889.67,4655522.0200000005,2166.73
-11799888.44,4655521.3100000005,2166.65
-11799886.48,4655521.75,2166.54
-11799883.89,4655522.32,2170.04
-11799881.83,4655522.76,2170.48
-11799879.75,4655523.23,2170.88
-11799877.48,4655523.72,2172.71
-11799875.48,4655524.17,2172.81
-11799873.55,4655524.61,2172.29
-11799871.620000001,4655525.04,2171.88
-11799870.51,4655525.3,2166.4
-11799868.540000001,4655525.74,2166.48
-11799866.28,4655526.24,2168.03
-11799866.53,4655526.19,2166.44
-11799864.540000001,4655526.63,2166.38
-11799862.540000001,4655527.08,2166.4
-11799860.58,4655527.5200000005,2166.22
-11799859.47,4655525.89,2166.42
-11799861.26,4655525.49,2167.98
-11799861.5,4655525.45,2166.38
-11799863.51,4655524.99,2166.46
-11799865.49,4655524.54,2166.56
-11799867.49,4655524.100000001,2166.38
-11799869.47,4655523.64,2166.44
-11799871.24,4655523.24,2167.65
-11799871.42,4655523.2,2166.56
-11799872.49,4655522.94,2172.47
-11799874.540000001,4655522.47,2172.29
-11799876.51,4655522.03,2172.19
-11799878.67,4655521.55,2171.02
-11799880.99,4655521.04,2169.23
-11799883.02,4655520.58,2169.05
-11799883.41,4655520.5,2166.61
-11799885.370000001,4655520.0600000005,2166.67
-11799887.21,4655519.65,2167.49
-11799889.200000001,4655519.21,2167.56
-11799888.65,4655518.4,2166.76
-11799886.69,4655518.850000001,2166.69
-11799884.73,4655519.28,2166.69
-11799882.75,4655519.71,2166.54
-11799880.73,4655520.16,2166.61
-11799878.74,4655520.600000001,2166.57
-11799875.77,4655521.25,2172.65
-11799873.9,4655521.68,2171.85
-11799871.88,4655522.13,2171.74
-11799870.61,4655522.44,2167.19
-11799868.76,4655522.850000001,2166.4
-11799866.78,4655523.3,2166.38
-11799864.790000001,4655523.74,2166.38
-11799862.81,4655524.18,2166.46
-11799860.85,4655524.62,2166.3
-11799859.28,4655522.74,2166.67
-11799861.34,4655522.28,2166.4
-11799863.32,4655521.84,2166.47
-11799865.290000001,4655521.39,2166.54
-11799866.84,4655521.03,2169.15
-11799867.25,4655520.95,2166.55
-11799869.26,4655520.5,2166.42
-11799871.22,4655520.04,2166.6
-11799873.26,4655519.600000001,2166.48
-11799875.26,4655519.14,2166.52
-11799877.22,4655518.7,2166.57
-11799879.200000001,4655518.25,2166.69
-11799881.07,4655517.8100000005,2167.49
-11799883.200000001,4655517.350000001,2166.69
-11799885.19,4655516.9,2166.73
-11799887.19,4655516.45,2166.69
-11799888.14,4655516.2,2172.92
-11799889.18,4655516.0,2166.76
-11799889.66,4655515.84,2175.72
-11799889.19,4655515.04,2175.79
-11799887.69,4655515.4,2172.94
-11799888.72,4655515.2,2166.79
-11799886.76,4655515.64,2166.71
-11799884.78,4655516.09,2166.65
-11799882.77,4655516.53,2166.67
-11799880.81,4655516.98,2166.56
-11799878.790000001,4655517.43,2166.57
-11799876.790000001,4655517.88,2166.57
-11799874.790000001,4655518.32,2166.52
-11799872.74,4655518.78,2166.46
-11799870.75,4655519.23,2166.4
-11799868.36,4655519.75,2169.28
-11799868.82,4655519.67,2166.36
-11799866.38,4655520.2,2169.42
-11799864.450000001,4655520.63,2169.08
-11799864.82,4655520.55,2166.71
-11799862.82,4655521.0200000005,2166.59
-11799860.84,4655521.44,2166.35
-11799860.96,4655519.23,2166.32
-11799862.950000001,4655518.7700000005,2166.51
-11799864.49,4655518.41,2169.36
-11799866.31,4655517.99,2170.19
-11799868.39,4655517.54,2169.42
-11799870.84,4655516.98,2166.58
-11799872.9,4655516.5200000005,2166.48
-11799874.870000001,4655516.05,2166.55
-11799876.86,4655515.61,2166.56
-11799878.83,4655515.15,2166.6
-11799880.86,4655514.71,2166.61
-11799881.81,4655514.46,2172.96
-11799882.86,4655514.26,2166.63
-11799883.76,4655514.0200000005,2173.15
-11799884.83,4655513.8,2166.69
-11799885.450000001,4655513.63,2174.94
-11799886.82,4655513.36,2166.65
-11799887.31,4655513.21,2175.61
-11799887.64,4655513.13,2173.61
-11799889.08,4655512.8,2176.94
-11799889.31,4655512.74,2175.55
-11799889.57,4655512.69,2173.92
-11799889.21,4655511.78,2176.55
-11799887.31,4655512.2,2176.15
-11799887.6,4655512.14,2174.47
-11799887.790000001,4655512.100000001,2173.33
-11799888.88,4655511.89,2166.85
-11799885.52,4655512.62,2174.92
-11799886.89,4655512.33,2166.77
-11799883.77,4655513.0200000005,2173.49
-11799884.89,4655512.79,2166.69
-11799881.73,4655513.47,2173.36
-11799882.86,4655513.25,2166.53
-11799880.870000001,4655513.69,2166.59
-11799878.94,4655514.14,2166.57
-11799876.94,4655514.58,2166.53
-11799874.96,4655515.03,2166.49
-11799872.94,4655515.49,2166.44
-11799870.91,4655515.94,2166.56
-11799868.51,4655516.47,2169.19
-11799868.92,4655516.39,2166.55
-11799866.46,4655516.93,2169.61
-11799864.49,4655517.37,2169.35
-11799862.870000001,4655517.74,2166.78
-11799860.950000001,4655518.18,2166.29
-11799860.32,4655516.19,2166.38
-11799862.35,4655515.73,2166.38
-11799864.35,4655515.26,2166.33
-11799866.290000001,4655514.8100000005,2166.32
-11799868.26,4655514.38,2166.36
-11799870.25,4655513.91,2166.44
-11799872.24,4655513.47,2166.46
-11799874.23,4655513.0200000005,2166.48
-11799876.19,4655512.5600000005,2166.53
-11799878.200000001,4655512.12,2166.57
-11799880.21,4655511.65,2166.61
-11799880.790000001,4655511.49,2175.32
-11799882.21,4655511.2,2166.69
-11799882.91,4655511.0,2174.38
-11799884.42,4655510.65,2177.26
-11799886.67,4655510.14,2175.47
-11799888.44,4655509.74,2176.69
-11799888.81,4655509.66,2174.53
-11799888.81,4655508.57,2176.17
-11799887.09,4655508.96,2174.65
-11799888.43,4655508.69,2166.72
-11799884.71,4655509.48,2177.21
-11799882.77,4655509.93,2176.96
-11799883.18,4655509.850000001,2174.52
-11799884.48,4655509.59,2166.69
-11799880.98,4655510.34,2175.59
-11799882.46,4655510.03,2166.63
-11799880.47,4655510.49,2166.59
-11799878.49,4655510.94,2166.59
-11799876.49,4655511.39,2166.53
-11799874.49,4655511.84,2166.5
-11799872.52,4655512.28,2166.5
-11799870.52,4655512.74,2166.44
-11799868.5,4655513.19,2166.38
-11799866.52,4655513.63,2166.32
-11799864.56,4655514.09,2166.3
-11799862.57,4655514.53,2166.29
-11799860.58,4655514.98,2166.31
-11799859.75,4655512.91,2166.32
-11799861.73,4655512.45,2166.29
-11799863.72,4655512.01,2166.3
-11799865.69,4655511.5600000005,2166.31
-11799867.66,4655511.11,2166.34
-11799869.65,4655510.65,2166.42
-11799871.63,4655510.19,2166.5
-11799873.64,4655509.73,2166.54
-11799875.620000001,4655509.29,2166.54
-11799877.58,4655508.83,2166.63
-11799879.59,4655508.36,2166.65
-11799880.35,4655508.17,2174.31
-11799881.6,4655507.91,2166.72
-11799882.35,4655507.71,2174.38
-11799883.73,4655507.38,2177.86
-11799885.91,4655506.89,2176.59
-11799887.57,4655506.5,2178.49
-11799887.85,4655506.43,2176.85
-11799889.36,4655506.08,2179.72
-11799888.040000001,4655505.36,2179.42
-11799888.31,4655505.28,2177.81
-11799886.01,4655505.8100000005,2179.78
-11799884.450000001,4655506.18,2177.36
-11799885.200000001,4655506.0,2172.86
-11799882.52,4655506.61,2176.94
-11799880.94,4655506.96,2174.42
-11799882.22,4655506.71,2166.72
-11799880.24,4655507.16,2166.72
-11799878.27,4655507.62,2166.67
-11799876.27,4655508.07,2166.61
-11799874.28,4655508.5200000005,2166.56
-11799872.28,4655508.98,2166.53
-11799870.3,4655509.42,2166.46
-11799868.32,4655509.88,2166.36
-11799866.370000001,4655510.32,2166.3
-11799864.39,4655510.7700000005,2166.28
-11799862.370000001,4655511.23,2166.27
-11799860.33,4655511.67,2166.29
-11799860.75,4655509.53,2166.28
-11799862.74,4655509.08,2166.27
-11799864.73,4655508.62,2166.32
-11799866.69,4655508.18,2166.38
-11799868.65,4655507.72,2166.46
-11799870.06,4655507.39,2170.17
-11799872.05,4655506.93,2170.21
-11799874.03,4655506.47,2170.22
-11799876.05,4655506.0,2170.22
-11799877.49,4655505.66,2173.53
-11799878.03,4655505.54,2170.28
-11799879.39,4655505.23,2173.85
-11799881.17,4655504.8100000005,2175.07
-11799881.47,4655504.76,2173.35
-11799882.08,4655504.63,2169.6
-11799883.02,4655504.37,2176.29
-11799878.63,4655504.37,2174.38
-11799876.92,4655504.78,2172.65
-11799877.3,4655504.7,2170.28
-11799875.33,4655505.15,2170.23
-11799873.38,4655505.59,2170.25
-11799871.42,4655506.04,2170.22
-11799869.42,4655506.49,2170.19
-11799870.0,4655506.37,2166.53
-11799867.96,4655506.83,2166.42
-11799865.99,4655507.28,2166.36
-11799864.03,4655507.73,2166.32
-11799862.03,4655508.18,2166.25
-11799860.03,4655508.65,2166.27
-11799860.14,4655506.42,2169.03
-11799860.56,4655506.32,2166.33
-11799862.23,4655505.93,2168.23
-11799862.540000001,4655505.88,2166.25
-11799864.24,4655505.47,2168.0
-11799864.51,4655505.42,2166.31
-11799866.25,4655505.0200000005,2168.15
-11799866.53,4655504.96,2166.42
-11799868.49,4655504.5,2166.55
-11799863.89,4655504.62,2168.11
-11799864.18,4655504.5600000005,2166.28
-11799861.53,4655505.16,2170.35
-11799861.83,4655505.08,2168.44
-11799862.16,4655505.0200000005,2166.32
-11799859.48,4655505.62,2170.56
-11799859.69,4655505.57,2169.23
-11799860.14,4655505.48,2166.32
-11799862.68,4655504.7,2170.69
-11799861.26,4655505.39,2171.04
-11799860.94,4655505.73,2169.11
-11799860.5,4655506.22,2166.36
-11799859.71,4655506.22,2170.69
-11799859.49,4655506.45,2169.38
-11799860.27,4655506.63,2169.19
-11799859.81,4655507.14,2166.35
-11799861.950000001,4655505.67,2170.48
-11799861.75,4655505.87,2169.28
-11799861.25,4655506.43,2166.26
-11799863.31,4655505.05,2169.69
-11799862.75,4655505.66,2166.24
-11799864.790000001,4655504.3,2169.63
-11799868.96,4655504.36,2170.46
-11799868.34,4655505.07,2166.57
-11799866.82,4655505.83,2166.53
-11799865.65,4655506.24,2168.55
-11799865.3,4655506.62,2166.46
-11799864.120000001,4655507.05,2168.11
-11799863.83,4655507.36,2166.36
-11799862.65,4655507.8,2168.15
-11799862.34,4655508.12,2166.32
-11799861.27,4655508.4,2169.05
-11799860.83,4655508.88,2166.36
-11799859.32,4655509.66,2166.36
-11799859.86,4655510.07,2166.35
-11799861.35,4655509.33,2166.32
-11799862.84,4655508.58,2166.33
-11799864.32,4655507.82,2166.38
-11799865.82,4655507.07,2166.44
-11799867.31,4655506.3,2166.51
-11799869.44,4655504.84,2170.4
-11799868.82,4655505.54,2166.5
-11799874.03,4655504.79,2170.38
-11799872.53,4655505.55,2170.36
-11799871.02,4655506.32,2170.35
-11799869.56,4655507.07,2170.33
-11799868.94,4655507.76,2166.48
-11799867.48,4655508.49,2166.5
-11799865.98,4655509.26,2166.42
-11799864.46,4655510.0200000005,2166.36
-11799862.96,4655510.78,2166.36
-11799861.46,4655511.54,2166.36
-11799859.96,4655512.3100000005,2166.38
-11799860.290000001,4655512.84,2166.36
-11799861.76,4655512.11,2166.35
-11799863.25,4655511.36,2166.35
-11799864.76,4655510.600000001,2166.35
-11799866.26,4655509.84,2166.4
-11799867.73,4655509.08,2166.47
-11799869.82,4655507.66,2170.28
-11799869.22,4655508.32,2166.47
-11799871.34,4655506.9,2170.29
-11799872.83,4655506.14,2170.3
-11799874.3,4655505.38,2170.33
-11799875.76,4655504.66,2170.34
-11799879.870000001,4655504.38,2174.88
-11799878.47,4655505.04,2175.4
-11799878.19,4655505.33,2173.63
-11799877.67,4655505.94,2170.27
-11799876.19,4655506.69,2170.3
-11799874.71,4655507.45,2170.26
-11799873.23,4655508.21,2170.13
-11799872.71,4655508.79,2166.88
-11799871.16,4655509.600000001,2166.55
-11799869.66,4655510.38,2166.52
-11799868.15,4655511.14,2166.42
-11799866.64,4655511.91,2166.38
-11799865.15,4655512.66,2166.38
-11799863.68,4655513.39,2166.36
-11799862.17,4655514.17,2166.36
-11799860.64,4655514.93,2166.36
-11799859.17,4655515.69,2166.42
-11799859.33,4655516.36,2166.42
-11799860.83,4655515.62,2166.36
-11799862.290000001,4655514.88,2166.36
-11799863.75,4655514.14,2166.36
-11799865.26,4655513.38,2166.36
-11799866.790000001,4655512.62,2166.38
-11799868.26,4655511.86,2166.4
-11799869.72,4655511.12,2166.48
-11799871.23,4655510.36,2166.54
-11799872.76,4655509.59,2166.59
-11799874.81,4655508.19,2170.19
-11799874.26,4655508.83,2166.63
-11799876.28,4655507.43,2170.22
-11799875.73,4655508.08,2166.65
-11799878.3,4655506.08,2173.78
-11799877.75,4655506.72,2170.15
-11799879.93,4655505.17,2174.6
-11799881.63,4655504.17,2176.0
-11799881.44,4655504.39,2174.75
-11799888.540000001,4655504.09,2166.84
-11799886.81,4655504.15,2175.15
-11799885.93,4655504.21,2179.1
-11799884.44,4655505.93,2169.24
-11799884.07,4655505.4,2176.61
-11799883.94,4655505.54,2175.73
-11799883.700000001,4655505.8,2174.21
-11799882.59,4655507.09,2166.82
-11799882.540000001,4655506.2,2176.29
-11799882.3,4655506.46,2174.72
-11799881.16,4655506.84,2176.9
-11799880.83,4655507.22,2174.76
-11799879.59,4655508.63,2166.71
-11799879.38,4655507.92,2175.03
-11799878.09,4655509.39,2166.69
-11799876.61,4655510.16,2166.63
-11799875.11,4655510.92,2166.61
-11799873.61,4655511.68,2166.58
-11799872.120000001,4655512.43,2166.58
-11799870.61,4655513.2,2166.5
-11799869.14,4655513.95,2166.46
-11799867.64,4655514.71,2166.42
-11799866.14,4655515.48,2166.38
-11799864.67,4655516.22,2166.4
-11799863.16,4655516.98,2166.42
-11799861.77,4655517.61,2167.13
-11799860.17,4655518.48,2166.51
-11799859.92,4655519.24,2166.46
-11799861.4,4655518.5,2166.36
-11799862.88,4655517.74,2166.46
-11799864.81,4655516.51,2169.15
-11799864.39,4655516.96,2166.63
-11799866.27,4655515.78,2168.94
-11799865.86,4655516.25,2166.4
-11799867.34,4655515.49,2166.36
-11799868.83,4655514.73,2166.44
-11799870.33,4655514.0,2166.48
-11799871.84,4655513.23,2166.54
-11799873.34,4655512.47,2166.57
-11799874.82,4655511.72,2166.58
-11799876.31,4655510.96,2166.61
-11799877.81,4655510.2,2166.67
-11799880.540000001,4655508.01,2174.82
-11799879.3,4655509.46,2166.63
-11799882.51,4655506.71,2177.99
-11799882.31,4655506.94,2176.69
-11799880.78,4655508.7,2166.65
-11799883.67,4655506.34,2175.81
-11799883.23,4655506.86,2172.92
-11799885.57,4655505.11,2178.6
-11799884.93,4655505.86,2174.26
-11799887.11,4655504.3,2178.96
-11799889.370000001,4655505.99,2175.38
-11799888.49,4655506.04,2179.46
-11799888.040000001,4655506.5600000005,2176.44
-11799887.01,4655506.79,2179.4
-11799886.64,4655507.22,2176.94
-11799885.22,4655507.93,2177.15
-11799883.64,4655509.75,2166.75
-11799883.85,4655508.5600000005,2177.8
-11799883.290000001,4655509.18,2174.21
-11799882.15,4655510.51,2166.67
-11799882.43,4655509.21,2178.34
-11799881.92,4655509.8100000005,2174.96
-11799880.66,4655511.2700000005,2166.65
-11799879.17,4655512.0200000005,2166.67
-11799877.67,4655512.7700000005,2166.65
-11799876.16,4655513.55,2166.59
-11799874.66,4655514.32,2166.54
-11799873.17,4655515.0600000005,2166.52
-11799871.68,4655515.82,2166.52
-11799870.200000001,4655516.58,2166.53
-11799868.74,4655517.29,2166.75
-11799867.71,4655517.54,2169.5
-11799866.27,4655518.21,2170.03
-11799864.700000001,4655519.05,2169.52
-11799862.75,4655520.350000001,2166.56
-11799861.23,4655521.11,2166.46
-11799859.74,4655521.89,2166.4
-11799859.32,4655522.8,2166.6
-11799860.77,4655522.08,2166.4
-11799862.27,4655521.32,2166.49
-11799864.24,4655520.0600000005,2169.26
-11799863.78,4655520.55,2166.55
-11799865.82,4655519.19,2169.9
-11799867.32,4655518.43,2170.0
-11799868.68,4655517.8,2169.36
-11799869.73,4655517.57,2166.5
-11799871.25,4655516.79,2166.6
-11799872.71,4655516.0600000005,2166.5
-11799874.21,4655515.3,2166.52
-11799875.71,4655514.54,2166.55
-11799877.22,4655513.78,2166.6
-11799878.71,4655513.0200000005,2166.63
-11799881.52,4655510.75,2175.35
-11799880.18,4655512.29,2166.67
-11799882.85,4655510.14,2174.58
-11799881.66,4655511.54,2166.65
-11799884.84,4655508.83,2177.78
-11799884.55,4655509.15,2175.92
-11799884.23,4655509.54,2173.76
-11799883.17,4655510.7700000005,2166.72
-11799886.040000001,4655508.43,2175.79
-11799885.88,4655508.61,2174.69
-11799884.67,4655510.0200000005,2166.67
-11799887.92,4655507.19,2178.61
-11799887.63,4655507.53,2176.71
-11799889.56,4655506.2700000005,2179.61
-11799889.0,4655506.92,2175.85
-11799889.78,4655508.350000001,2179.42
-11799889.58,4655508.600000001,2178.03
-11799889.32,4655508.92,2176.22
-11799888.040000001,4655509.42,2177.61
-11799887.620000001,4655509.93,2174.75
-11799886.39,4655510.37,2176.24
-11799886.0,4655510.84,2173.69
-11799884.96,4655512.04,2166.76
-11799885.02,4655511.0200000005,2176.9
-11799883.66,4655511.62,2177.73
-11799883.17,4655512.19,2174.5
-11799882.93,4655512.46,2172.94
-11799881.91,4655512.67,2175.98
-11799881.41,4655513.26,2172.65
-11799880.48,4655514.33,2166.69
-11799878.97,4655515.100000001,2166.65
-11799877.49,4655515.86,2166.61
-11799875.99,4655516.61,2166.63
-11799874.49,4655517.37,2166.61
-11799873.02,4655518.100000001,2166.57
-11799871.52,4655518.86,2166.65
-11799870.03,4655519.62,2166.59
-11799868.99,4655519.86,2169.34
-11799867.51,4655520.61,2169.5
-11799866.01,4655521.38,2169.31
-11799865.55,4655521.9,2166.46
-11799864.05,4655522.66,2166.51
-11799862.52,4655523.43,2166.4
-11799861.05,4655524.19,2166.38
-11799859.6,4655524.88,2166.63
-11799860.26,4655525.23,2166.46
-11799861.74,4655524.48,2166.4
-11799863.24,4655523.73,2166.36
-11799864.75,4655522.95,2166.57
-11799866.68,4655521.7,2169.26
-11799866.21,4655522.24,2166.4
-11799868.18,4655520.94,2169.3
-11799867.74,4655521.45,2166.54
-11799869.64,4655520.23,2169.24
-11799869.22,4655520.69,2166.65
-11799870.69,4655519.97,2166.48
-11799872.21,4655519.19,2166.53
-11799873.71,4655518.45,2166.58
-11799875.21,4655517.68,2166.61
-11799876.69,4655516.93,2166.63
-11799878.18,4655516.18,2166.63
-11799880.65,4655514.29,2173.17
-11799879.65,4655515.44,2166.67
-11799882.11,4655513.5600000005,2173.04
-11799881.13,4655514.7,2166.61
-11799884.08,4655512.26,2176.15
-11799883.69,4655512.7,2173.61
-11799882.63,4655513.94,2166.65
-11799885.540000001,4655511.54,2176.1
-11799885.24,4655511.88,2174.07
-11799886.92,4655510.89,2175.48
-11799885.61,4655512.44,2166.72
-11799888.65,4655509.86,2177.13
-11799888.27,4655510.3,2174.61
-11799889.11,4655512.03,2176.27
-11799887.65,4655512.75,2176.52
-11799887.36,4655513.08,2174.6
-11799887.05,4655513.43,2172.57
-11799886.17,4655514.46,2166.75
-11799886.0,4655513.71,2175.07
-11799884.72,4655515.19,2166.69
-11799884.4,4655514.62,2174.07
-11799883.26,4655515.94,2166.65
-11799881.75,4655516.7,2166.69
-11799880.25,4655517.47,2166.63
-11799878.76,4655518.2,2166.63
-11799877.27,4655518.96,2166.63
-11799875.77,4655519.72,2166.61
-11799874.27,4655520.5,2166.54
-11799872.93,4655521.0600000005,2167.57
-11799872.78,4655521.25,2166.57
-11799871.950000001,4655521.2700000005,2170.63
-11799869.78,4655522.78,2166.48
-11799868.32,4655523.5,2166.65
-11799866.81,4655524.26,2166.44
-11799865.34,4655525.01,2166.56
-11799863.84,4655525.78,2166.48
-11799862.370000001,4655526.53,2166.5
-11799861.13,4655526.98,2168.13
-11799860.9,4655527.24,2166.75
-11799859.33,4655528.07,2166.35
-11799860.540000001,4655528.12,2166.25
-11799862.08,4655527.34,2166.49
-11799863.71,4655526.46,2167.03
-11799865.15,4655525.78,2166.53
-11799866.65,4655525.0200000005,2166.47
-11799868.19,4655524.2700000005,2166.46
-11799869.700000001,4655523.51,2166.44
-11799871.950000001,4655521.91,2171.15
-11799873.51,4655521.100000001,2171.4
-11799874.25,4655521.19,2166.57
-11799875.8,4655520.42,2166.61
-11799877.35,4655519.64,2166.6
-11799878.85,4655518.88,2166.63
-11799880.49,4655517.97,2167.52
-11799881.88,4655517.350000001,2166.69
-11799884.73,4655515.0600000005,2175.21
-11799883.43,4655516.55,2166.73
-11799886.22,4655514.33,2175.06
-11799886.01,4655514.57,2173.63
-11799884.96,4655515.79,2166.72
-11799887.98,4655513.24,2176.86
-11799887.77,4655513.5,2175.49
-11799887.49,4655513.83,2173.65
-11799886.44,4655515.04,2166.69
-11799889.43,4655512.57,2176.47
-11799889.53,4655513.48,2166.88
-11799888.83,4655515.21,2176.03
-11799888.46,4655515.66,2173.54
-11799888.22,4655515.95,2171.92
-11799886.69,4655516.75,2171.69
-11799885.950000001,4655517.61,2166.76
-11799884.49,4655518.350000001,2166.76
-11799882.98,4655519.12,2166.65
-11799881.63,4655519.71,2167.55
-11799880.0,4655520.63,2166.67
-11799878.63,4655521.23,2167.55
-11799878.5,4655521.36,2166.71
-11799877.73,4655521.32,2171.28
-11799877.01,4655522.12,2166.71
-11799876.4,4655521.89,2172.32
-11799874.97,4655522.57,2172.65
-11799873.43,4655523.39,2172.17
-11799872.05,4655524.05,2172.73
-11799869.52,4655525.94,2166.54
-11799868.040000001,4655526.68,2166.55
-11799866.8,4655527.15,2168.13
-11799866.55,4655527.42,2166.58
-11799865.040000001,4655528.22,2166.38
-11799863.540000001,4655528.98,2166.36
-11799862.03,4655529.75,2166.28
-11799860.53,4655530.51,2166.27
-11799859.97,4655530.91,2171.32
-11799859.38,4655531.5600000005,2167.82
-11799860.61,4655531.11,2166.29
-11799862.11,4655530.350000001,2166.27
-11799863.61,4655529.59,2166.36
-11799865.06,4655528.86,2166.36
-11799866.61,4655528.0600000005,2166.59
-11799868.36,4655527.03,2168.07
-11799868.1,4655527.32,2166.42
-11799869.61,4655526.58,2166.46
-11799872.09,4655524.69,2172.65
-11799873.56,4655523.96,2172.65
-11799875.040000001,4655523.21,2172.65
-11799876.49,4655522.53,2172.25
-11799877.81,4655521.96,2171.25
-11799879.16,4655521.36,2170.48
-11799878.71,4655521.86,2167.65
-11799880.040000001,4655521.29,2166.69
-11799881.69,4655520.37,2167.56
-11799881.55,4655520.5200000005,2166.73
-11799883.05,4655519.79,2166.61
-11799884.57,4655519.0,2166.8
-11799886.05,4655518.2700000005,2166.77
-11799888.86,4655515.95,2175.6
-11799888.46,4655516.43,2172.96
-11799887.53,4655517.5200000005,2166.75
-11799889.74,4655517.75,2173.51
-11799888.72,4655518.94,2166.74
-11799888.19,4655518.5600000005,2173.13
-11799887.39,4655519.5,2167.76
-11799887.26,4655519.66,2166.9
-11799885.82,4655520.32,2167.38
-11799884.25,4655521.18,2166.9
-11799883.07,4655521.5600000005,2169.06
-11799882.71,4655521.98,2166.72
-11799881.66,4655522.23,2169.52
-11799880.3,4655522.86,2170.11
-11799879.09,4655523.3100000005,2171.83
-11799877.700000001,4655523.94,2172.4
-11799876.32,4655524.59,2172.9
-11799874.76,4655525.4,2172.57
-11799873.09,4655526.36,2171.53
-11799871.49,4655527.24,2170.82
-11799869.34,4655528.72,2166.69
-11799867.78,4655529.55,2166.36
-11799866.290000001,4655530.3100000005,2166.33
-11799864.8,4655531.07,2166.32
-11799863.32,4655531.8100000005,2166.33
-11799862.540000001,4655531.7700000005,2170.69
-11799861.8,4655532.57,2166.36
-11799862.09,4655531.39,2176.83
-11799861.370000001,4655532.18,2172.56
-11799861.15,4655532.4,2171.32
-11799860.76,4655531.97,2177.71
-11799859.97,4655532.84,2173.04
-11799859.63,4655532.3,2179.96
-11799859.700000001,4655532.93,2180.27
-11799860.88,4655532.51,2178.55
-11799860.700000001,4655532.71,2177.4
-11799860.27,4655533.19,2174.86
-11799860.05,4655533.43,2173.57
-11799861.75,4655532.45,2174.88
-11799861.51,4655532.71,2173.46
-11799861.120000001,4655533.13,2171.15
-11799863.58,4655531.34,2176.77
-11799862.540000001,4655532.46,2170.63
-11799862.07,4655533.01,2167.75
-11799861.82,4655533.24,2166.36
-11799863.34,4655532.51,2166.31
-11799864.82,4655531.76,2166.34
-11799866.31,4655531.0,2166.31
-11799867.81,4655530.24,2166.34
-11799869.290000001,4655529.5,2166.36
-11799871.450000001,4655528.01,2170.47
-11799870.790000001,4655528.74,2166.4
-11799873.05,4655527.13,2171.25
-11799874.72,4655526.16,2172.49
-11799876.22,4655525.39,2172.52
-11799877.76,4655524.600000001,2172.84
-11799879.200000001,4655523.92,2172.38
-11799880.39,4655523.5,2170.63
-11799881.78,4655522.850000001,2170.05
-11799883.19,4655522.2,2169.51
-11799884.6,4655521.54,2169.02
-11799884.25,4655521.94,2166.65
-11799885.73,4655521.21,2166.65
-11799887.33,4655520.3,2167.54
-11799888.84,4655519.53,2167.65
-11799888.950000001,4655521.4,2166.78
-11799887.47,4655522.17,2166.69
-11799885.97,4655522.94,2166.61
-11799885.01,4655523.05,2170.1
-11799884.51,4655523.64,2166.75
-11799883.58,4655523.74,2170.63
-11799882.15,4655524.4,2171.19
-11799880.74,4655525.07,2171.57
-11799879.38,4655525.67,2172.36
-11799877.790000001,4655526.55,2171.59
-11799876.41,4655527.21,2172.13
-11799875.040000001,4655527.8100000005,2172.86
-11799874.0,4655528.99,2166.38
-11799872.52,4655529.74,2166.44
-11799871.0,4655530.51,2166.4
-11799869.52,4655531.26,2166.38
-11799867.99,4655532.03,2166.36
-11799866.49,4655532.7700000005,2166.36
-11799865.01,4655533.53,2166.34
-11799863.93,4655533.83,2168.8
-11799863.52,4655534.29,2166.38
-11799863.18,4655533.76,2173.24
-11799862.97,4655534.0,2171.97
-11799862.65,4655534.350000001,2170.1
-11799862.77,4655533.33,2179.65
-11799862.35,4655533.8,2177.15
-11799861.74,4655534.47,2173.48
-11799861.65,4655533.7,2181.71
-11799861.47,4655533.89,2180.67
-11799861.15,4655534.25,2178.75
-11799860.25,4655534.36,2182.13
-11799859.88,4655534.87,2185.2
-11799859.48,4655535.3100000005,2182.92
-11799860.97,4655534.53,2182.97
-11799862.07,4655534.23,2180.77
-11799861.71,4655534.600000001,2178.71
-11799861.38,4655534.98,2176.73
-11799862.92,4655534.18,2176.92
-11799863.84,4655534.07,2173.47
-11799864.56,4655534.17,2168.82
-11799864.15,4655534.63,2166.36
-11799865.65,4655533.87,2166.34
-11799867.16,4655533.11,2166.36
-11799868.67,4655532.350000001,2166.42
-11799870.200000001,4655531.58,2166.4
-11799871.74,4655530.8100000005,2166.38
-11799873.22,4655530.05,2166.44
-11799875.69,4655528.18,2172.75
-11799874.68,4655529.3,2166.46
-11799877.03,4655527.61,2171.67
-11799878.49,4655526.92,2171.31
-11799879.85,4655526.3100000005,2170.57
-11799881.450000001,4655525.43,2171.26
-11799882.950000001,4655524.66,2171.4
-11799884.38,4655524.0,2170.86
-11799885.25,4655523.98,2166.67
-11799886.74,4655523.25,2166.6
-11799888.24,4655522.49,2166.67
-11799889.74,4655521.7,2166.88
-11799889.1,4655523.97,2166.65
-11799887.6,4655524.74,2166.65
-11799886.09,4655525.5,2166.63
-11799885.370000001,4655525.37,2171.55
-11799884.76,4655526.08,2167.55
-11799883.81,4655526.22,2170.81
-11799882.16,4655527.13,2170.05
-11799880.540000001,4655528.0200000005,2169.31
-11799880.11,4655528.5,2166.57
-11799878.63,4655529.26,2166.52
-11799877.16,4655530.01,2166.56
-11799875.63,4655530.78,2166.57
-11799874.11,4655531.55,2166.47
-11799873.3,4655531.51,2170.79
-11799872.66,4655532.25,2166.78
-11799872.09,4655531.97,2172.44
-11799871.82,4655532.29,2170.72
-11799871.120000001,4655533.0600000005,2166.47
-11799869.64,4655533.82,2166.36
-11799868.15,4655534.57,2166.36
-11799866.66,4655535.32,2166.36
-11799865.16,4655536.08,2166.35
-11799864.46,4655535.94,2171.19
-11799864.14,4655536.29,2169.3
-11799863.65,4655536.84,2166.36
-11799863.71,4655535.9,2175.52
-11799863.42,4655536.21,2173.85
-11799862.950000001,4655535.84,2179.8
-11799862.620000001,4655536.21,2177.84
-11799862.35,4655536.49,2176.22
-11799862.06,4655536.82,2174.46
-11799862.06,4655535.96,2183.21
-11799861.88,4655536.13,2182.22
-11799861.6,4655536.45,2180.6
-11799860.91,4655536.34,2185.13
-11799859.6,4655536.88,2186.31
-11799860.22,4655537.350000001,2184.42
-11799859.870000001,4655537.75,2182.31
-11799861.63,4655536.69,2183.94
-11799861.200000001,4655537.15,2181.46
-11799862.55,4655536.54,2180.84
-11799862.25,4655536.87,2179.09
-11799861.93,4655537.22,2177.25
-11799863.3,4655536.600000001,2176.57
-11799862.96,4655536.96,2174.56
-11799864.36,4655536.32,2173.92
-11799863.97,4655536.74,2171.59
-11799865.48,4655536.01,2171.53
-11799864.61,4655536.96,2166.36
-11799866.11,4655536.21,2166.36
-11799867.57,4655535.47,2166.35
-11799869.06,4655534.71,2166.35
-11799870.57,4655533.95,2166.35
-11799873.040000001,4655532.13,2172.29
-11799872.790000001,4655532.43,2170.67
-11799872.09,4655533.18,2166.42
-11799874.24,4655531.72,2170.42
-11799873.64,4655532.37,2166.78
-11799875.07,4655531.7,2166.47
-11799876.58,4655530.94,2166.55
-11799878.08,4655530.18,2166.56
-11799879.58,4655529.42,2166.5
-11799881.49,4655528.2,2169.15
-11799881.09,4655528.67,2166.59
-11799883.07,4655527.34,2169.88
-11799884.68,4655526.45,2170.65
-11799885.56,4655526.39,2166.85
-11799886.99,4655525.69,2166.65
-11799888.51,4655524.93,2166.65
-11799889.65,4655526.37,2166.8
-11799888.13,4655527.13,2166.69
-11799886.66,4655527.88,2166.77
-11799885.14,4655528.65,2166.65
-11799883.65,4655529.41,2166.59
-11799882.77,4655529.49,2170.32
-11799882.18,4655530.16,2166.52
-11799881.48,4655529.99,2171.63
-11799880.69,4655530.89,2166.61
-11799880.11,4655530.600000001,2172.44
-11799879.83,4655530.93,2170.69
-11799879.18,4655531.67,2166.55
-11799877.700000001,4655532.41,2166.59
-11799876.24,4655533.12,2166.81
-11799875.49,4655533.04,2171.42
-11799874.69,4655533.93,2166.5
-11799874.07,4655533.72,2171.82
-11799873.51,4655534.34,2168.35
-11799873.200000001,4655534.69,2166.44
-11799872.81,4655534.2,2173.29
-11799872.59,4655534.46,2171.9
-11799871.27,4655535.01,2172.92
-11799871.07,4655535.23,2171.71
-11799870.21,4655536.2,2166.44
-11799869.41,4655536.18,2170.65
-11799868.71,4655536.96,2166.42
-11799867.21,4655537.71,2166.4
-11799865.74,4655538.46,2166.4
-11799865.16,4655538.21,2171.82
-11799864.76,4655538.65,2169.44
-11799864.25,4655539.2,2166.4
-11799864.55,4655537.99,2177.08
-11799864.18,4655538.4,2174.88
-11799863.89,4655538.71,2173.21
-11799862.96,4655538.850000001,2176.61
-11799862.25,4655538.73,2181.26
-11799862.07,4655538.93,2180.15
-11799861.8,4655539.22,2178.61
-11799861.16,4655539.07,2183.42
-11799860.6,4655539.67,2180.17
-11799860.47,4655539.82,2179.36
-11799859.77,4655539.7,2184.0
-11799859.53,4655539.97,2182.58
-11799859.92,4655540.5200000005,2181.69
-11799859.620000001,4655540.83,2179.97
-11799861.17,4655540.0200000005,2180.35
-11799862.63,4655539.3,2180.28
-11799862.21,4655539.75,2177.84
-11799863.540000001,4655539.19,2176.86
-11799863.21,4655539.54,2174.94
-11799864.3,4655539.23,2172.61
-11799864.78,4655539.61,2166.4
-11799866.28,4655538.86,2166.4
-11799868.66,4655537.12,2171.9
-11799868.35,4655537.45,2170.08
-11799867.74,4655538.13,2166.4
-11799869.93,4655536.600000001,2170.72
-11799869.23,4655537.38,2166.42
-11799871.75,4655535.48,2172.78
-11799871.52,4655535.74,2171.36
-11799870.71,4655536.62,2166.42
-11799873.44,4655534.51,2173.97
-11799873.23,4655534.75,2172.65
-11799874.64,4655534.09,2172.15
-11799874.1,4655534.68,2168.83
-11799873.72,4655535.12,2166.42
-11799876.03,4655533.46,2171.38
-11799875.69,4655533.850000001,2169.27
-11799875.25,4655534.350000001,2166.48
-11799876.72,4655533.600000001,2166.5
-11799879.07,4655531.89,2172.0
-11799878.86,4655532.12,2170.74
-11799878.26,4655532.79,2166.9
-11799880.65,4655531.05,2172.49
-11799880.34,4655531.38,2170.55
-11799879.71,4655532.11,2166.54
-11799881.98,4655530.46,2171.5
-11799881.21,4655531.36,2166.53
-11799883.63,4655529.53,2172.61
-11799883.35,4655529.850000001,2170.85
-11799882.68,4655530.61,2166.55
-11799884.17,4655529.88,2166.5
-11799885.66,4655529.11,2166.61
-11799887.19,4655528.32,2166.79
-11799888.65,4655527.61,2166.63
-11799888.94,4655529.58,2166.63
-11799887.44,4655530.34,2166.59
-11799885.98,4655531.09,2166.65
-11799885.53,4655530.66,2173.21
-11799885.19,4655531.05,2171.04
-11799884.51,4655531.84,2166.61
-11799884.040000001,4655531.4,2173.27
-11799882.66,4655532.05,2173.81
-11799881.03,4655532.93,2173.09
-11799879.73,4655533.47,2174.3
-11799879.53,4655533.69,2173.01
-11799879.23,4655534.05,2171.08
-11799878.51,4655534.87,2166.54
-11799877.040000001,4655535.59,2166.54
-11799876.64,4655535.13,2173.28
-11799875.55,4655536.350000001,2166.5
-11799875.02,4655536.03,2172.38
-11799874.05,4655537.11,2166.42
-11799873.55,4655536.74,2172.75
-11799873.28,4655537.01,2171.15
-11799872.370000001,4655537.14,2174.65
-11799872.06,4655537.49,2172.75
-11799871.02,4655538.64,2166.35
-11799870.6,4655538.21,2172.85
-11799869.540000001,4655539.39,2166.4
-11799868.06,4655540.12,2166.42
-11799866.56,4655540.88,2166.44
-11799865.06,4655541.64,2166.44
-11799865.46,4655540.3100000005,2177.67
-11799865.15,4655540.66,2175.84
-11799864.76,4655541.07,2173.55
-11799864.02,4655541.03,2177.86
-11799863.64,4655541.44,2175.63
-11799862.78,4655541.5,2179.3
-11799862.450000001,4655541.84,2177.42
-11799861.51,4655542.0,2180.71
-11799861.4,4655542.12,2180.0
-11799860.55,4655542.17,2183.9
-11799860.34,4655542.4,2182.61
-11799859.93,4655543.05,2185.26
-11799859.71,4655543.28,2184.06
-11799860.98,4655542.7700000005,2182.76
-11799862.17,4655542.36,2181.03
-11799861.94,4655542.59,2179.74
-11799863.41,4655541.87,2179.61
-11799862.74,4655542.58,2175.73
-11799864.71,4655541.34,2178.49
-11799864.200000001,4655541.87,2175.54
-11799863.76,4655542.36,2172.9
-11799865.31,4655541.54,2173.35
-11799864.790000001,4655542.12,2170.24
-11799864.15,4655542.82,2166.44
-11799865.66,4655542.07,2166.42
-11799867.16,4655541.3100000005,2166.42
-11799869.58,4655539.5200000005,2172.32
-11799868.61,4655540.59,2166.4
-11799871.11,4655538.73,2172.51
-11799870.1,4655539.83,2166.42
-11799872.69,4655537.88,2173.06
-11799872.44,4655538.15,2171.47
-11799871.61,4655539.07,2166.44
-11799874.15,4655537.17,2172.82
-11799873.88,4655537.48,2171.11
-11799873.120000001,4655538.32,2166.48
-11799875.290000001,4655536.8100000005,2170.69
-11799874.61,4655537.59,2166.44
-11799876.8,4655536.04,2170.9
-11799876.09,4655536.83,2166.5
-11799878.34,4655535.23,2171.26
-11799878.13,4655535.46,2169.97
-11799877.59,4655536.08,2166.54
-11799880.4,4655533.850000001,2174.72
-11799881.790000001,4655533.22,2174.09
-11799883.22,4655532.53,2173.85
-11799884.63,4655531.86,2173.47
-11799886.02,4655531.22,2172.76
-11799885.07,4655532.33,2166.6
-11799886.57,4655531.57,2166.61
-11799888.06,4655530.83,2166.69
-11799889.53,4655530.09,2166.61
-11799888.97,4655532.600000001,2166.65
-11799888.13,4655532.62,2170.69
-11799887.52,4655533.32,2166.74
-11799887.08,4655532.86,2173.46
-11799886.76,4655533.24,2171.3
-11799885.5,4655533.71,2172.98
-11799884.83,4655533.53,2178.27
-11799883.52,4655534.07,2179.32
-11799881.74,4655535.14,2177.58
-11799881.49,4655535.44,2175.97
-11799879.58,4655536.68,2173.13
-11799879.41,4655536.84,2172.13
-11799879.24,4655537.0600000005,2170.99
-11799878.5,4655537.89,2166.44
-11799877.02,4655538.63,2166.51
-11799876.21,4655538.61,2170.71
-11799875.53,4655539.38,2166.52
-11799874.82,4655539.24,2171.33
-11799874.03,4655540.11,2166.54
-11799873.52,4655539.79,2172.36
-11799872.56,4655540.87,2166.51
-11799871.07,4655541.62,2166.5
-11799869.57,4655542.38,2166.46
-11799868.08,4655543.11,2166.46
-11799866.58,4655543.89,2166.47
-11799865.120000001,4655544.62,2166.48
-11799865.03,4655543.82,2174.79
-11799864.55,4655544.36,2171.94
-11799864.34,4655544.59,2170.65
-11799863.63,4655545.350000001,2166.5
-11799864.05,4655544.0200000005,2177.76
-11799863.57,4655544.55,2174.92
-11799862.98,4655544.3,2180.26
-11799862.44,4655544.9,2177.1
-11799862.200000001,4655545.15,2175.67
-11799861.91,4655545.48,2173.99
-11799861.92,4655544.58,2182.88
-11799861.540000001,4655544.99,2180.69
-11799861.35,4655545.19,2179.65
-11799860.52,4655545.23,2183.4
-11799860.17,4655545.61,2181.36
-11799859.55,4655546.3,2177.74
-11799860.8,4655545.76,2183.76
-11799860.44,4655546.13,2181.71
-11799859.91,4655546.72,2178.69
-11799861.620000001,4655545.75,2179.86
-11799860.96,4655546.45,2176.09
-11799860.790000001,4655546.62,2175.11
-11799863.14,4655544.94,2180.15
-11799862.75,4655545.36,2177.86
-11799862.14,4655546.04,2174.31
-11799864.23,4655544.63,2177.88
-11799864.03,4655544.850000001,2176.72
-11799863.68,4655545.24,2174.65
-11799864.98,4655544.7,2173.46
-11799864.74,4655544.97,2172.08
-11799863.8,4655545.99,2166.54
-11799865.3,4655545.23,2166.47
-11799866.81,4655544.49,2166.49
-11799868.290000001,4655543.75,2166.46
-11799869.75,4655543.03,2166.44
-11799871.26,4655542.2700000005,2166.46
-11799873.63,4655540.5600000005,2171.67
-11799872.78,4655541.51,2166.49
-11799875.05,4655539.88,2171.32
-11799874.27,4655540.75,2166.54
-11799876.46,4655539.21,2170.94
-11799875.76,4655540.01,2166.5
-11799877.89,4655538.5200000005,2170.58
-11799877.24,4655539.2700000005,2166.51
-11799880.08,4655536.98,2175.11
-11799879.73,4655537.38,2172.88
-11799878.72,4655538.53,2166.52
-11799881.96,4655535.8,2177.57
-11799881.53,4655536.28,2174.88
-11799883.75,4655534.71,2179.53
-11799884.99,4655534.22,2178.04
-11799885.75,4655534.3100000005,2173.35
-11799887.27,4655533.54,2173.51
-11799887.11,4655533.73,2172.44
-11799888.35,4655533.2700000005,2170.75
-11799887.75,4655533.97,2166.84
-11799889.23,4655533.25,2166.75
-11799889.26,4655535.4,2166.72
-11799888.14,4655535.74,2169.02
-11799887.78,4655536.15,2166.73
-11799887.23,4655535.84,2172.65
-11799887.05,4655536.0200000005,2171.51
-11799886.28,4655535.97,2176.03
-11799886.06,4655536.22,2174.61
-11799885.870000001,4655536.44,2173.42
-11799885.66,4655536.67,2172.06
-11799884.78,4655536.72,2176.07
-11799884.32,4655537.24,2173.19
-11799882.97,4655537.82,2174.07
-11799882.55,4655538.3100000005,2171.29
-11799881.51,4655538.57,2174.06
-11799881.08,4655539.0600000005,2171.35
-11799880.31,4655539.91,2166.56
-11799878.82,4655540.67,2166.57
-11799878.5,4655540.09,2173.94
-11799878.15,4655540.48,2171.78
-11799877.32,4655541.41,2166.57
-11799876.8,4655541.07,2172.67
-11799876.49,4655541.42,2170.73
-11799875.82,4655542.18,2166.56
-11799874.32,4655542.94,2166.52
-11799873.89,4655542.51,2172.88
-11799872.86,4655543.65,2166.52
-11799871.36,4655544.41,2166.49
-11799869.870000001,4655545.17,2166.52
-11799868.36,4655545.93,2166.51
-11799866.84,4655546.69,2166.49
-11799865.38,4655547.43,2166.53
-11799864.24,4655547.7700000005,2168.73
-11799863.88,4655548.17,2166.53
-11799864.09,4655547.03,2176.86
-11799863.24,4655547.97,2171.82
-11799862.34,4655548.95,2166.55
-11799862.200000001,4655548.2,2174.55
-11799861.06,4655548.59,2176.53
-11799860.72,4655548.95,2174.56
-11799860.35,4655549.37,2172.4
-11799859.91,4655549.83,2169.9
-11799859.85,4655549.0200000005,2178.06
-11799859.6,4655549.3,2176.63
-11799860.0,4655549.65,2177.86
-11799859.59,4655550.09,2175.54
-11799861.17,4655549.25,2175.98
-11799860.950000001,4655549.5,2174.69
-11799860.73,4655549.75,2173.36
-11799860.47,4655550.0200000005,2171.92
-11799862.43,4655548.7700000005,2174.61
-11799862.09,4655549.14,2172.63
-11799861.38,4655549.91,2168.51
-11799863.5,4655548.48,2172.11
-11799862.540000001,4655549.53,2166.47
-11799864.450000001,4655548.32,2169.06
-11799864.02,4655548.7700000005,2166.51
-11799865.86,4655547.66,2168.47
-11799865.57,4655548.0,2166.67
-11799867.03,4655547.28,2166.48
-11799868.56,4655546.51,2166.65
-11799870.03,4655545.78,2166.5
-11799871.51,4655545.05,2166.48
-11799874.02,4655543.18,2172.69
-11799873.01,4655544.29,2166.53
-11799875.43,4655542.5200000005,2172.11
-11799874.52,4655543.53,2166.52
-11799876.870000001,4655541.84,2171.76
-11799876.040000001,4655542.78,2166.55
-11799878.68,4655540.74,2173.65
-11799878.22,4655541.24,2170.8
-11799877.96,4655541.55,2169.15
-11799877.540000001,4655542.0200000005,2166.57
-11799879.950000001,4655540.22,2172.42
-11799879.01,4655541.29,2166.57
-11799881.620000001,4655539.2700000005,2173.59
-11799880.9,4655540.09,2169.02
-11799880.51,4655540.54,2166.57
-11799883.16,4655538.46,2174.07
-11799882.69,4655538.99,2171.13
-11799881.97,4655539.8100000005,2166.57
-11799884.89,4655537.43,2175.69
-11799884.52,4655537.84,2173.42
-11799884.200000001,4655538.22,2171.35
-11799886.25,4655536.86,2174.69
-11799886.03,4655537.09,2173.38
-11799885.84,4655537.3100000005,2172.11
-11799885.65,4655537.5200000005,2170.88
-11799887.4,4655536.49,2172.53
-11799887.17,4655536.76,2171.01
-11799886.76,4655537.24,2168.38
-11799886.5,4655537.55,2166.63
-11799888.36,4655536.350000001,2169.17
-11799887.98,4655536.79,2166.69
-11799889.48,4655536.04,2166.72
-11799888.41,4655538.84,2166.75
-11799886.93,4655539.58,2166.73
-11799885.450000001,4655540.33,2166.69
-11799883.950000001,4655541.07,2166.65
-11799882.44,4655541.84,2166.63
-11799880.94,4655542.600000001,2166.61
-11799880.47,4655542.22,2172.82
-11799879.9,4655542.850000001,2169.32
-11799879.47,4655543.33,2166.61
-11799878.93,4655542.99,2172.6
-11799878.69,4655543.2700000005,2171.11
-11799878.21,4655543.8100000005,2168.17
-11799877.97,4655544.08,2166.71
-11799877.49,4655543.69,2172.99
-11799877.23,4655543.97,2171.36
-11799876.47,4655544.84,2166.67
-11799875.97,4655544.47,2172.65
-11799874.99,4655545.600000001,2166.58
-11799874.52,4655545.18,2172.8
-11799873.5,4655546.34,2166.58
-11799872.040000001,4655547.07,2166.55
-11799870.53,4655547.83,2166.53
-11799869.0,4655548.59,2166.57
-11799867.88,4655548.94,2168.78
-11799866.5,4655549.57,2169.42
-11799864.96,4655550.37,2169.09
-11799863.55,4655551.0200000005,2169.55
-11799863.03,4655551.59,2166.56
-11799862.76,4655551.0200000005,2173.65
-11799862.200000001,4655551.63,2170.38
-11799861.55,4655552.33,2166.57
-11799861.200000001,4655551.83,2173.42
-11799860.89,4655552.16,2171.67
-11799860.01,4655553.11,2166.56
-11799859.89,4655552.350000001,2174.67
-11799859.68,4655553.22,2174.73
-11799861.14,4655552.5200000005,2174.36
-11799860.93,4655552.76,2173.13
-11799860.700000001,4655553.0,2171.83
-11799860.32,4655553.41,2169.65
-11799862.44,4655552.0,2173.11
-11799861.870000001,4655552.62,2169.88
-11799861.3,4655553.24,2166.52
-11799862.790000001,4655552.49,2166.53
-11799864.61,4655551.38,2168.58
-11799864.26,4655551.76,2166.52
-11799866.19,4655550.55,2169.07
-11799867.75,4655549.73,2169.38
-11799869.120000001,4655549.12,2168.72
-11799868.77,4655549.5,2166.57
-11799870.26,4655548.76,2166.55
-11799871.77,4655548.0200000005,2166.54
-11799873.28,4655547.26,2166.53
-11799876.03,4655545.12,2174.19
-11799875.89,4655545.2700000005,2173.3
-11799874.790000001,4655546.5,2166.56
-11799877.31,4655544.600000001,2172.88
-11799876.75,4655545.24,2169.42
-11799876.290000001,4655545.75,2166.57
-11799878.950000001,4655543.67,2173.98
-11799878.57,4655544.100000001,2171.67
-11799877.76,4655545.01,2166.65
-11799880.32,4655543.07,2173.3
-11799879.86,4655543.57,2170.42
-11799879.25,4655544.2700000005,2166.6
-11799881.42,4655542.76,2170.77
-11799881.27,4655542.96,2169.75
-11799880.76,4655543.51,2166.6
-11799882.26,4655542.76,2166.61
-11799883.75,4655542.0200000005,2166.63
-11799885.25,4655541.2700000005,2166.65
-11799886.73,4655540.54,2166.67
-11799888.620000001,4655539.3100000005,2169.25
-11799888.23,4655539.78,2166.72
-11799889.73,4655539.03,2166.72
-11799889.620000001,4655540.71,2169.61
-11799889.18,4655541.23,2166.75
-11799888.26,4655541.3100000005,2170.42
-11799887.69,4655541.97,2166.73
-11799886.65,4655542.22,2169.47
-11799886.22,4655542.71,2166.71
-11799885.25,4655542.86,2170.01
-11799884.73,4655543.46,2166.69
-11799883.25,4655544.2,2166.67
-11799882.44,4655544.17,2170.98
-11799881.75,4655544.94,2166.67
-11799880.25,4655545.71,2166.63
-11799879.74,4655545.36,2172.76
-11799878.75,4655546.46,2166.65
-11799878.21,4655546.100000001,2172.74
-11799878.01,4655546.34,2171.49
-11799877.86,4655546.51,2170.56
-11799877.21,4655547.23,2166.57
-11799876.8,4655546.79,2173.07
-11799876.59,4655547.03,2171.75
-11799875.75,4655547.97,2166.63
-11799875.21,4655547.66,2172.27
-11799874.28,4655548.7,2166.6
-11799872.81,4655549.45,2166.59
-11799871.31,4655550.18,2166.57
-11799869.78,4655550.96,2166.57
-11799868.27,4655551.72,2166.58
-11799867.11,4655552.100000001,2168.56
-11799866.77,4655552.48,2166.55
-11799865.27,4655553.22,2166.58
-11799864.620000001,4655553.0600000005,2171.4
-11799863.8,4655553.96,2166.59
-11799863.22,4655553.69,2171.97
-11799862.84,4655554.12,2169.76
-11799862.3,4655554.72,2166.57
-11799861.85,4655554.32,2172.63
-11799861.27,4655554.95,2169.28
-11799860.790000001,4655555.47,2166.54
-11799860.19,4655555.2700000005,2171.58
-11799859.96,4655555.51,2170.29
-11799859.85,4655556.100000001,2172.13
-11799861.58,4655555.100000001,2173.44
-11799861.32,4655555.4,2171.96
-11799860.38,4655556.39,2166.54
-11799862.99,4655554.47,2172.9
-11799861.89,4655555.66,2166.55
-11799864.370000001,4655553.82,2172.34
-11799863.39,4655554.9,2166.58
-11799865.96,4655552.97,2172.98
-11799865.81,4655553.13,2172.08
-11799865.450000001,4655553.53,2169.99
-11799864.86,4655554.16,2166.56
-11799867.05,4655552.64,2170.8
-11799866.34,4655553.44,2166.56
-11799868.200000001,4655552.3100000005,2168.6
-11799867.86,4655552.67,2166.59
-11799869.38,4655551.92,2166.57
-11799870.9,4655551.15,2166.58
-11799872.39,4655550.41,2166.6
-11799873.870000001,4655549.68,2166.6
-11799876.24,4655547.95,2171.98
-11799875.370000001,4655548.92,2166.65
-11799877.88,4655547.0600000005,2172.79
-11799877.65,4655547.32,2171.38
-11799876.870000001,4655548.17,2166.63
-11799879.32,4655546.350000001,2172.61
-11799878.370000001,4655547.44,2166.61
-11799880.77,4655545.65,2172.4
-11799879.85,4655546.68,2166.61
-11799881.36,4655545.94,2166.65
-11799882.86,4655545.18,2166.65
-11799885.07,4655543.62,2171.26
-11799884.34,4655544.43,2166.65
-11799886.3,4655543.18,2169.54
-11799885.86,4655543.69,2166.69
-11799888.200000001,4655541.96,2172.3
-11799887.950000001,4655542.25,2170.63
-11799887.35,4655542.95,2166.73
-11799889.33,4655541.62,2170.04
-11799888.82,4655542.22,2166.72
-11799889.34,4655543.83,2172.07
-11799889.17,4655544.01,2171.05
-11799888.96,4655544.26,2169.69
-11799888.52,4655544.76,2166.79
-11799887.84,4655544.59,2171.98
-11799887.61,4655544.850000001,2170.55
-11799887.0,4655545.5200000005,2166.69
-11799886.14,4655545.57,2170.65
-11799885.52,4655546.28,2166.71
-11799884.01,4655547.04,2166.67
-11799882.52,4655547.76,2166.67
-11799881.06,4655548.51,2166.63
-11799879.55,4655549.2700000005,2166.63
-11799878.76,4655549.22,2171.11
-11799878.040000001,4655550.03,2166.67
-11799876.540000001,4655550.7700000005,2166.65
-11799875.040000001,4655551.54,2166.61
-11799873.540000001,4655552.29,2166.63
-11799872.07,4655553.01,2166.61
-11799870.58,4655553.7700000005,2166.6
-11799869.07,4655554.53,2166.61
-11799868.33,4655554.43,2171.17
-11799867.56,4655555.28,2166.63
-11799866.86,4655555.14,2171.34
-11799866.4,4655555.66,2168.61
-11799866.06,4655556.04,2166.58
-11799865.9,4655555.32,2174.42
-11799864.3,4655556.18,2173.79
-11799863.950000001,4655556.5600000005,2171.8
-11799863.07,4655557.5200000005,2166.63
-11799862.78,4655556.96,2173.65
-11799861.950000001,4655557.86,2168.84
-11799861.56,4655558.29,2166.56
-11799861.34,4655557.64,2174.02
-11799861.11,4655557.89,2172.75
-11799860.77,4655558.26,2170.75
-11799860.02,4655559.0600000005,2166.44
-11799859.69,4655558.57,2173.07
-11799860.47,4655558.96,2172.61
-11799860.14,4655559.32,2170.72
-11799862.27,4655557.87,2174.44
-11799861.950000001,4655558.22,2172.61
-11799860.88,4655559.38,2166.48
-11799863.5,4655557.41,2173.0
-11799863.21,4655557.73,2171.3
-11799862.73,4655558.24,2168.5
-11799862.41,4655558.62,2166.59
-11799865.14,4655556.51,2173.83
-11799866.58,4655555.83,2173.49
-11799866.31,4655556.12,2171.92
-11799865.42,4655557.09,2166.63
-11799867.75,4655555.44,2171.58
-11799866.9,4655556.37,2166.57
-11799869.21,4655554.74,2171.31
-11799868.42,4655555.61,2166.61
-11799869.9,4655554.88,2166.59
-11799871.41,4655554.12,2166.6
-11799872.91,4655553.37,2166.6
-11799874.4,4655552.64,2166.61
-11799875.89,4655551.9,2166.61
-11799877.38,4655551.15,2166.65
-11799878.88,4655550.39,2166.65
-11799880.38,4655549.66,2166.63
-11799881.870000001,4655548.9,2166.63
-11799883.38,4655548.16,2166.65
-11799884.85,4655547.42,2166.65
-11799887.06,4655545.84,2171.25
-11799886.35,4655546.68,2166.67
-11799888.92,4655544.71,2173.5
-11799888.41,4655545.3,2170.17
-11799887.86,4655545.92,2166.65
-11799889.77,4655547.24,2166.77
-11799889.24,4655546.88,2172.94
-11799889.040000001,4655547.100000001,2171.61
-11799888.27,4655548.0,2166.71
-11799887.64,4655547.76,2172.15
-11799886.8,4655548.73,2166.71
-11799885.32,4655549.46,2166.71
-11799883.85,4655550.21,2166.69
-11799882.35,4655550.96,2166.69
-11799880.85,4655551.71,2166.69
-11799879.4,4655552.4,2166.97
-11799877.84,4655553.21,2166.69
-11799876.33,4655553.97,2166.65
-11799874.86,4655554.71,2166.65
-11799873.370000001,4655555.46,2166.69
-11799872.31,4655555.7,2169.44
-11799871.86,4655556.2,2166.67
-11799870.36,4655556.96,2166.65
-11799868.870000001,4655557.7,2166.63
-11799868.5,4655557.21,2173.19
-11799868.0,4655557.76,2170.28
-11799867.4,4655558.45,2166.63
-11799866.96,4655558.03,2172.88
-11799865.9,4655559.19,2166.61
-11799865.61,4655558.61,2173.85
-11799865.09,4655559.18,2170.82
-11799864.700000001,4655559.59,2168.54
-11799864.370000001,4655559.95,2166.63
-11799864.200000001,4655559.26,2174.34
-11799863.81,4655559.68,2172.04
-11799863.31,4655560.25,2169.09
-11799862.88,4655560.7,2166.6
-11799862.66,4655560.0600000005,2173.92
-11799862.39,4655560.37,2172.34
-11799861.790000001,4655561.01,2168.92
-11799861.38,4655561.46,2166.54
-11799860.75,4655561.26,2171.59
-11799860.56,4655561.46,2170.57
-11799860.19,4655561.850000001,2168.44
-11799859.85,4655562.23,2166.49
-11799859.75,4655561.47,2174.52
-11799860.34,4655562.100000001,2173.97
-11799859.98,4655562.49,2171.92
-11799859.67,4655562.84,2170.11
-11799861.41,4655561.82,2171.61
-11799860.51,4655562.78,2166.49
-11799863.27,4655560.67,2173.74
-11799863.03,4655560.94,2172.3
-11799862.700000001,4655561.29,2170.42
-11799862.02,4655562.03,2166.51
-11799864.88,4655559.82,2174.28
-11799864.52,4655560.22,2172.13
-11799864.0,4655560.78,2169.13
-11799866.14,4655559.33,2172.88
-11799865.76,4655559.75,2170.69
-11799865.41,4655560.13,2168.58
-11799865.05,4655560.51,2166.5
-11799867.66,4655558.5600000005,2173.13
-11799867.43,4655558.8,2171.81
-11799866.540000001,4655559.78,2166.61
-11799869.13,4655557.84,2173.0
-11799868.06,4655559.03,2166.6
-11799869.58,4655558.2700000005,2166.61
-11799871.55,4655556.99,2169.5
-11799871.07,4655557.51,2166.61
-11799873.03,4655556.24,2169.58
-11799874.200000001,4655555.86,2167.76
-11799874.03,4655556.04,2166.73
-11799875.5,4655555.32,2166.65
-11799877.0,4655554.5600000005,2166.63
-11799878.56,4655553.74,2167.01
-11799880.07,4655553.01,2167.01
-11799881.53,4655552.3100000005,2166.77
-11799883.02,4655551.58,2166.71
-11799884.55,4655550.82,2166.69
-11799886.07,4655550.0600000005,2166.67
-11799887.56,4655549.3100000005,2166.69
-11799889.02,4655548.600000001,2166.61
-11799889.43,4655549.75,2173.38
-11799889.26,4655549.93,2172.34
-11799888.85,4655550.41,2169.67
-11799888.39,4655550.93,2166.78
-11799887.5,4655551.01,2170.55
-11799886.89,4655551.69,2166.73
-11799885.81,4655551.95,2169.36
-11799885.39,4655552.44,2166.72
-11799883.93,4655553.15,2166.75
-11799882.46,4655553.91,2166.76
-11799880.93,4655554.67,2166.65
-11799879.46,4655555.39,2166.67
-11799877.97,4655556.15,2166.65
-11799876.55,4655556.8100000005,2167.07
-11799875.44,4655557.11,2169.63
-11799873.97,4655557.8,2169.94
-11799872.5,4655558.5600000005,2169.92
-11799870.93,4655559.37,2169.54
-11799870.44,4655559.91,2166.61
-11799868.94,4655560.66,2166.65
-11799868.6,4655560.13,2173.52
-11799868.290000001,4655560.47,2171.63
-11799867.44,4655561.39,2166.65
-11799867.06,4655560.95,2173.15
-11799866.870000001,4655561.13,2172.09
-11799866.61,4655561.4,2170.6
-11799865.93,4655562.17,2166.58
-11799865.540000001,4655561.68,2173.19
-11799865.35,4655561.9,2172.09
-11799864.41,4655562.93,2166.63
-11799863.77,4655562.74,2171.55
-11799862.91,4655563.68,2166.59
-11799862.26,4655563.53,2171.28
-11799861.42,4655564.42,2166.51
-11799860.93,4655564.08,2172.25
-11799859.94,4655565.17,2166.52
-11799860.39,4655563.8100000005,2177.69
-11799859.94,4655564.29,2175.13
-11799859.99,4655565.17,2173.84
-11799859.72,4655565.45,2172.35
-11799861.23,4655564.72,2172.31
-11799860.21,4655565.8100000005,2166.46
-11799861.71,4655565.07,2166.46
-11799864.11,4655563.34,2171.8
-11799863.200000001,4655564.33,2166.58
-11799865.870000001,4655562.3,2173.42
-11799865.64,4655562.54,2172.11
-11799864.700000001,4655563.57,2166.59
-11799866.96,4655562.0200000005,2170.88
-11799866.23,4655562.82,2166.61
-11799868.620000001,4655561.11,2171.59
-11799867.77,4655562.0600000005,2166.58
-11799869.26,4655561.3100000005,2166.61
-11799871.25,4655560.0200000005,2169.63
-11799872.82,4655559.19,2169.99
-11799874.33,4655558.43,2170.1
-11799875.78,4655557.75,2169.8
-11799877.21,4655557.07,2169.48
-11799876.93,4655557.38,2167.79
-11799878.24,4655556.84,2166.63
-11799879.74,4655556.100000001,2166.65
-11799881.22,4655555.37,2166.65
-11799882.73,4655554.62,2166.65
-11799884.31,4655553.78,2167.07
-11799886.53,4655552.21,2171.67
-11799886.23,4655552.57,2169.72
-11799885.73,4655553.13,2166.65
-11799887.96,4655551.54,2171.31
-11799887.64,4655551.93,2169.19
-11799887.24,4655552.37,2166.69
-11799889.41,4655550.84,2171.13
-11799889.17,4655551.12,2169.56
-11799888.73,4655551.63,2166.75
-11799889.0,4655553.17,2172.53
-11799887.48,4655553.97,2172.13
-11799886.620000001,4655554.94,2166.63
-11799885.96,4655554.75,2171.83
-11799885.64,4655555.100000001,2169.88
-11799885.120000001,4655555.7,2166.63
-11799883.61,4655556.45,2166.67
-11799882.120000001,4655557.19,2166.71
-11799880.63,4655557.93,2166.69
-11799879.13,4655558.69,2166.69
-11799878.07,4655558.93,2169.35
-11799877.63,4655559.41,2166.71
-11799876.63,4655559.61,2169.72
-11799875.17,4655560.3,2170.05
-11799873.72,4655561.01,2170.35
-11799872.22,4655561.78,2170.07
-11799870.67,4655562.59,2169.69
-11799868.620000001,4655563.92,2166.63
-11799867.74,4655563.96,2170.44
-11799867.1,4655564.68,2166.61
-11799866.38,4655564.600000001,2170.99
-11799865.620000001,4655565.42,2166.61
-11799864.870000001,4655565.39,2170.67
-11799864.16,4655566.14,2166.59
-11799863.620000001,4655565.850000001,2172.19
-11799862.620000001,4655566.92,2166.51
-11799861.11,4655567.7,2166.44
-11799860.42,4655567.55,2171.11
-11799859.94,4655568.0600000005,2168.38
-11799860.1,4655568.67,2169.05
-11799861.120000001,4655568.41,2166.4
-11799862.64,4655567.67,2166.48
-11799864.17,4655566.88,2166.55
-11799865.72,4655566.12,2166.59
-11799867.22,4655565.39,2166.59
-11799869.18,4655564.11,2169.48
-11799868.69,4655564.64,2166.61
-11799870.71,4655563.33,2169.71
-11799872.3,4655562.51,2170.06
-11799873.82,4655561.7,2170.44
-11799875.26,4655561.04,2170.19
-11799876.72,4655560.33,2169.88
-11799878.18,4655559.65,2169.58
-11799879.19,4655559.45,2166.67
-11799880.68,4655558.68,2166.67
-11799882.18,4655557.96,2166.67
-11799883.66,4655557.22,2166.67
-11799886.14,4655555.37,2172.75
-11799885.18,4655556.48,2166.63
-11799887.69,4655554.57,2173.11
-11799888.89,4655554.16,2171.34
-11799888.620000001,4655554.46,2169.65
-11799888.200000001,4655554.92,2167.04
-11799889.65,4655556.66,2166.63
-11799889.18,4655556.2700000005,2173.02
-11799889.0,4655556.47,2171.92
-11799888.77,4655556.72,2170.44
-11799888.18,4655557.41,2166.69
-11799887.74,4655556.94,2173.4
-11799887.35,4655557.38,2170.94
-11799886.67,4655558.15,2166.67
-11799885.99,4655557.99,2171.77
-11799885.18,4655558.91,2166.67
-11799883.71,4655559.61,2166.78
-11799882.17,4655560.4,2166.69
-11799881.15,4655560.600000001,2169.61
-11799879.72,4655561.3,2169.9
-11799878.28,4655561.97,2170.23
-11799876.86,4655562.66,2170.53
-11799875.35,4655563.42,2170.44
-11799873.78,4655564.24,2170.08
-11799872.25,4655565.04,2169.74
-11799870.700000001,4655565.83,2169.49
-11799870.22,4655566.37,2166.63
-11799868.69,4655567.100000001,2166.65
-11799867.19,4655567.86,2166.6
-11799865.72,4655568.61,2166.58
-11799864.21,4655569.37,2166.55
-11799862.68,4655570.14,2166.46
-11799861.15,4655570.9,2166.44
-11799860.09,4655571.17,2168.99
-11799860.81,4655571.95,2166.4
-11799862.31,4655571.2,2166.42
-11799863.84,4655570.44,2166.47
-11799865.35,4655569.68,2166.56
-11799866.870000001,4655568.93,2166.55
-11799868.36,4655568.19,2166.6
-11799869.83,4655567.46,2166.6
-11799871.84,4655566.16,2169.5
-11799871.36,4655566.7,2166.61
-11799873.370000001,4655565.38,2169.69
-11799874.92,4655564.57,2170.04
-11799876.49,4655563.76,2170.42
-11799878.0,4655563.01,2170.55
-11799879.46,4655562.32,2170.24
-11799880.92,4655561.62,2169.92
-11799882.33,4655560.96,2169.61
-11799883.77,4655560.28,2169.31
-11799883.4,4655560.71,2167.0
-11799884.86,4655560.0,2166.78
-11799887.040000001,4655558.46,2171.21
-11799886.32,4655559.29,2166.67
-11799888.72,4655557.51,2172.38
-11799888.5,4655557.7700000005,2171.02
-11799887.84,4655558.53,2166.78
-11799889.35,4655557.78,2166.67
-11799889.51,4655560.17,2167.1
-11799888.92,4655559.86,2172.9
-11799888.59,4655560.24,2170.83
-11799888.01,4655560.9,2167.11
-11799887.540000001,4655560.48,2173.6
-11799887.11,4655560.99,2170.86
-11799886.450000001,4655561.73,2166.76
-11799885.43,4655561.93,2169.65
-11799884.0,4655562.61,2169.98
-11799882.55,4655563.3100000005,2170.29
-11799881.11,4655563.98,2170.61
-11799879.69,4655564.67,2170.92
-11799878.14,4655565.45,2170.63
-11799876.56,4655566.2700000005,2170.23
-11799875.03,4655567.08,2169.88
-11799873.47,4655567.91,2169.44
-11799872.99,4655568.44,2166.57
-11799871.47,4655569.2,2166.6
-11799869.96,4655569.95,2166.59
-11799868.46,4655570.68,2166.59
-11799866.950000001,4655571.45,2166.55
-11799865.450000001,4655572.2,2166.53
-11799863.950000001,4655572.95,2166.46
-11799862.450000001,4655573.68,2166.42
-11799860.94,4655574.44,2166.44
-11799860.370000001,4655575.5200000005,2166.44
-11799861.870000001,4655574.7700000005,2166.44
-11799863.4,4655574.0200000005,2166.44
-11799864.93,4655573.26,2166.5
-11799866.41,4655572.53,2166.53
-11799867.9,4655571.78,2166.54
-11799869.41,4655571.03,2166.57
-11799870.9,4655570.28,2166.57
-11799872.89,4655569.0200000005,2169.46
-11799872.41,4655569.55,2166.59
-11799874.450000001,4655568.21,2169.76
-11799876.03,4655567.39,2170.15
-11799877.59,4655566.58,2170.53
-11799879.13,4655565.76,2170.94
-11799880.63,4655565.03,2170.96
-11799882.09,4655564.34,2170.65
-11799883.51,4655563.67,2170.32
-11799884.93,4655563.0,2170.0
-11799886.39,4655562.3,2169.69
-11799888.52,4655560.84,2173.56
-11799888.120000001,4655561.32,2170.97
-11799887.86,4655561.63,2169.28
-11799887.44,4655562.09,2166.72
-11799889.08,4655561.21,2167.47
-11799889.15,4655563.07,2173.84
-11799888.53,4655563.78,2169.94
-11799887.76,4655563.69,2174.53
-11799887.08,4655564.46,2170.25
-11799885.65,4655565.15,2170.57
-11799884.22,4655565.82,2170.9
-11799882.790000001,4655566.51,2171.13
-11799881.22,4655567.32,2170.77
-11799879.66,4655568.14,2170.4
-11799878.1,4655568.95,2170.03
-11799876.540000001,4655569.7700000005,2169.67
-11799874.98,4655570.600000001,2169.15
-11799873.09,4655571.8,2166.61
-11799871.55,4655572.5600000005,2166.61
-11799868.540000001,4655574.08,2166.4
-11799867.05,4655574.8100000005,2166.51
-11799865.55,4655575.5600000005,2166.49
-11799864.03,4655576.3100000005,2166.49
-11799862.5,4655577.08,2166.44
-11799860.98,4655577.84,2166.36
-11799860.05,4655579.26,2166.15
-11799861.57,4655578.49,2166.26
-11799863.1,4655577.73,2166.38
-11799864.620000001,4655576.97,2166.42
-11799866.11,4655576.23,2166.44
-11799867.620000001,4655575.49,2166.48
-11799870.67,4655573.97,2166.56
-11799872.16,4655573.23,2166.58
-11799873.64,4655572.5,2166.61
-11799875.17,4655571.74,2166.59
-11799877.15,4655570.47,2169.48
-11799876.67,4655571.0,2166.59
-11799878.68,4655569.66,2169.82
-11799880.25,4655568.850000001,2170.17
-11799881.790000001,4655568.0600000005,2170.56
-11799883.370000001,4655567.25,2170.88
-11799884.89,4655566.48,2171.07
-11799886.32,4655565.8100000005,2170.73
-11799888.26,4655564.57,2173.42
-11799887.78,4655565.11,2170.4
-11799889.76,4655563.82,2173.44
-11799889.52,4655564.09,2171.88
-11799889.23,4655564.41,2170.09
-11799889.25,4655566.5600000005,2173.94
-11799888.71,4655567.18,2170.57
-11799887.28,4655567.850000001,2170.94
-11799885.73,4655568.62,2170.67
-11799884.21,4655569.43,2170.35
-11799882.66,4655570.24,2169.97
-11799881.09,4655571.0600000005,2169.61
-11799879.32,4655572.100000001,2168.0
-11799879.1,4655572.36,2166.61
-11799877.58,4655573.100000001,2166.61
-11799876.1,4655573.86,2166.6
-11799874.6,4655574.59,2166.6
-11799873.11,4655575.34,2166.58
-11799871.59,4655576.100000001,2166.53
-11799870.09,4655576.850000001,2166.51
-11799868.59,4655577.58,2166.42
-11799867.040000001,4655578.38,2166.33
-11799865.5,4655579.15,2166.23
-11799863.98,4655579.91,2166.13
-11799862.48,4655580.66,2166.15
-11799860.98,4655581.4,2166.15
-11799859.93,4655582.71,2166.21
-11799861.450000001,4655581.98,2166.17
-11799862.91,4655581.26,2166.11
-11799864.41,4655580.51,2166.13
-11799865.94,4655579.74,2166.19
-11799867.47,4655578.98,2166.28
-11799868.98,4655578.22,2166.38
-11799870.48,4655577.48,2166.48
-11799872.02,4655576.72,2166.55
-11799873.53,4655575.96,2166.6
-11799875.03,4655575.23,2166.58
-11799876.55,4655574.48,2166.58
-11799878.05,4655573.73,2166.61
-11799879.75,4655572.74,2167.98
-11799879.52,4655573.01,2166.58
-11799881.48,4655571.75,2169.44
-11799881.01,4655572.28,2166.58
-11799883.05,4655570.93,2169.8
-11799884.64,4655570.11,2170.15
-11799886.16,4655569.32,2170.51
-11799887.700000001,4655568.53,2170.76
-11799889.65,4655567.2700000005,2173.63
-11799889.14,4655567.87,2170.38
-11799888.61,4655570.67,2170.33
-11799887.040000001,4655571.48,2169.99
-11799885.49,4655572.29,2169.61
-11799883.540000001,4655573.57,2166.72
-11799882.02,4655574.33,2166.65
-11799880.5,4655575.08,2166.61
-11799879.01,4655575.82,2166.63
-11799877.52,4655576.57,2166.59
-11799876.03,4655577.3100000005,2166.57
-11799874.52,4655578.04,2166.56
-11799872.98,4655578.8100000005,2166.59
-11799871.48,4655579.57,2166.52
-11799869.950000001,4655580.36,2166.26
-11799868.450000001,4655581.11,2166.17
-11799866.950000001,4655581.86,2166.17
-11799865.450000001,4655582.600000001,2166.19
-11799863.950000001,4655583.34,2166.25
-11799862.450000001,4655584.09,2166.27
-11799860.94,4655584.82,2166.31
-11799860.99,4655585.72,2166.31
-11799862.5,4655584.97,2166.3
-11799864.0,4655584.24,2166.28
-11799865.49,4655583.51,2166.22
-11799866.97,4655582.78,2166.17
-11799868.46,4655582.04,2166.13
-11799869.97,4655581.3,2166.17
-11799871.53,4655580.48,2166.4
-11799873.07,4655579.74,2166.53
-11799874.58,4655578.99,2166.53
-11799876.06,4655578.24,2166.54
-11799877.57,4655577.51,2166.55
-11799879.09,4655576.76,2166.58
-11799880.58,4655576.03,2166.58
-11799882.08,4655575.28,2166.61
-11799883.6,4655574.5200000005,2166.63
-11799885.28,4655573.59,2167.67
-11799887.08,4655572.49,2169.63
-11799888.6,4655571.69,2169.99
-11799888.53,4655573.98,2169.42
-11799888.27,4655574.26,2167.85
-11799886.700000001,4655575.100000001,2167.36
-11799885.1,4655575.98,2166.61
-11799883.6,4655576.71,2166.6
-11799882.08,4655577.47,2166.57
-11799880.56,4655578.22,2166.56
-11799879.09,4655578.95,2166.55
-11799877.6,4655579.69,2166.55
-11799876.09,4655580.44,2166.56
-11799874.57,4655581.2,2166.47
-11799873.040000001,4655581.98,2166.32
-11799871.52,4655582.73,2166.22
-11799870.05,4655583.48,2166.21
-11799868.57,4655584.2,2166.28
-11799867.05,4655584.96,2166.31
-11799865.52,4655585.71,2166.33
-11799864.040000001,4655586.44,2166.35
-11799862.58,4655587.17,2166.34
-11799861.05,4655587.92,2166.34
-11799860.92,4655588.89,2166.33
-11799862.41,4655588.16,2166.33
-11799863.92,4655587.4,2166.36
-11799865.42,4655586.68,2166.35
-11799866.9,4655585.93,2166.32
-11799868.4,4655585.21,2166.29
-11799869.9,4655584.48,2166.25
-11799871.39,4655583.74,2166.17
-11799872.9,4655582.98,2166.25
-11799874.41,4655582.25,2166.3
-11799875.950000001,4655581.48,2166.48
-11799877.46,4655580.72,2166.54
-11799878.97,4655579.98,2166.55
-11799880.47,4655579.23,2166.55
-11799882.0,4655578.49,2166.54
-11799883.48,4655577.74,2166.56
-11799884.97,4655577.0200000005,2166.58
-11799886.48,4655576.26,2166.63
-11799888.21,4655575.28,2167.94
-11799889.71,4655574.54,2167.92
-11799889.72,4655577.18,2166.63
-11799888.24,4655577.93,2166.61
-11799886.75,4655578.66,2166.58
-11799885.25,4655579.41,2166.52
-11799883.73,4655580.17,2166.52
-11799882.23,4655580.92,2166.53
-11799880.700000001,4655581.67,2166.52
-11799879.200000001,4655582.41,2166.53
-11799877.72,4655583.17,2166.36
-11799876.22,4655583.91,2166.34
-11799874.82,4655584.53,2167.08
-11799873.16,4655585.43,2166.27
-11799871.66,4655586.17,2166.34
-11799870.200000001,4655586.9,2166.36
-11799868.700000001,4655587.62,2166.36
-11799867.17,4655588.38,2166.38
-11799865.66,4655589.14,2166.38
-11799864.18,4655589.86,2166.36
-11799862.69,4655590.62,2166.35
-11799861.16,4655591.37,2166.32
-11799860.58,4655592.54,2166.28
-11799862.09,4655591.8,2166.31
-11799863.6,4655591.05,2166.34
-11799865.11,4655590.3,2166.35
-11799866.65,4655589.54,2166.36
-11799868.14,4655588.8100000005,2166.38
-11799869.65,4655588.0600000005,2166.4
-11799871.15,4655587.32,2166.35
-11799872.620000001,4655586.600000001,2166.33
-11799874.11,4655585.86,2166.28
-11799875.77,4655584.97,2167.08
-11799877.36,4655584.15,2167.42
-11799877.17,4655584.36,2166.34
-11799878.67,4655583.61,2166.31
-11799880.18,4655582.87,2166.42
-11799881.69,4655582.12,2166.48
-11799883.19,4655581.37,2166.49
-11799884.700000001,4655580.64,2166.49
-11799886.19,4655579.9,2166.52
-11799887.69,4655579.15,2166.57
-11799889.19,4655578.42,2166.59
-11799888.4,4655581.39,2166.57
-11799886.92,4655582.14,2166.55
-11799885.43,4655582.87,2166.49
-11799883.92,4655583.61,2166.47
-11799882.41,4655584.37,2166.36
-11799880.88,4655585.14,2166.27
-11799879.52,4655585.73,2167.11
-11799877.88,4655586.65,2166.21
-11799876.4,4655587.37,2166.32
-11799874.92,4655588.09,2166.38
-11799873.42,4655588.83,2166.42
-11799871.9,4655589.5600000005,2166.42
-11799870.41,4655590.32,2166.4
-11799868.9,4655591.07,2166.38
-11799867.39,4655591.8,2166.36
-11799865.89,4655592.5600000005,2166.36
-11799864.34,4655593.34,2166.3
-11799862.85,4655594.07,2166.3
-11799861.34,4655594.83,2166.24
-11799860.47,4655596.03,2166.19
-11799861.99,4655595.2700000005,2166.25
-11799863.51,4655594.51,2166.3
-11799865.03,4655593.75,2166.3
-11799866.56,4655593.0200000005,2166.35
-11799868.03,4655592.28,2166.36
-11799869.53,4655591.54,2166.42
-11799871.06,4655590.79,2166.42
-11799872.58,4655590.04,2166.42
-11799874.06,4655589.32,2166.42
-11799875.55,4655588.58,2166.4
-11799877.05,4655587.84,2166.36
-11799878.58,4655587.09,2166.31
-11799880.06,4655586.37,2166.27
-11799881.55,4655585.63,2166.24
-11799883.08,4655584.89,2166.32
-11799884.6,4655584.13,2166.42
-11799886.1,4655583.37,2166.49
-11799887.6,4655582.63,2166.51
-11799889.120000001,4655581.88,2166.54
-11799888.6,4655584.72,2166.52
-11799887.09,4655585.48,2166.4
-11799885.57,4655586.26,2166.27
-11799884.040000001,4655587.0,2166.28
-11799882.56,4655587.74,2166.33
-11799881.07,4655588.47,2166.36
-11799879.58,4655589.21,2166.4
-11799878.09,4655589.94,2166.42
-11799876.59,4655590.68,2166.44
-11799875.09,4655591.42,2166.44
-11799873.58,4655592.16,2166.44
-11799872.06,4655592.92,2166.4
-11799870.58,4655593.67,2166.38
-11799869.08,4655594.4,2166.36
-11799867.540000001,4655595.16,2166.34
-11799866.040000001,4655595.92,2166.3
-11799864.540000001,4655596.67,2166.26
-11799863.01,4655597.43,2166.19
-11799861.48,4655598.18,2166.15
-11799860.42,4655599.5600000005,2166.07
-11799861.92,4655598.8100000005,2166.1
-11799863.43,4655598.07,2166.15
-11799864.950000001,4655597.32,2166.21
-11799866.44,4655596.57,2166.28
-11799867.96,4655595.82,2166.34
-11799869.46,4655595.08,2166.36
-11799870.98,4655594.33,2166.38
-11799872.48,4655593.59,2166.4
-11799874.0,4655592.850000001,2166.42
-11799875.49,4655592.11,2166.42
-11799876.99,4655591.37,2166.44
-11799878.5,4655590.62,2166.46
-11799880.0,4655589.88,2166.42
-11799881.5,4655589.16,2166.38
-11799882.99,4655588.43,2166.33
-11799884.49,4655587.69,2166.31
-11799885.98,4655586.96,2166.28
-11799887.5,4655586.21,2166.32
-11799889.03,4655585.42,2166.47
-11799888.36,4655588.32,2166.31
-11799886.86,4655589.05,2166.36
-11799885.38,4655589.79,2166.38
-11799883.86,4655590.53,2166.42
-11799882.33,4655591.2700000005,2166.46
-11799880.790000001,4655592.03,2166.48
-11799879.24,4655592.82,2166.47
-11799877.74,4655593.55,2166.47
-11799876.23,4655594.3100000005,2166.44
-11799874.68,4655595.07,2166.42
-11799873.15,4655595.83,2166.38
-11799871.620000001,4655596.59,2166.36
-11799870.09,4655597.350000001,2166.33
-11799868.56,4655598.100000001,2166.29
-11799866.99,4655598.9,2166.23
-11799865.42,4655599.67,2166.15
-11799863.88,4655600.45,2166.11
-11799862.370000001,4655601.18,2166.23
-11799860.86,4655601.92,2166.27
-11799861.56,4655602.38,2166.28
-11799863.09,4655601.64,2166.25
-11799864.59,4655600.9,2166.17
-11799866.08,4655600.18,2166.11
-11799867.59,4655599.43,2166.19
-11799869.1,4655598.68,2166.23
-11799870.6,4655597.94,2166.3
-11799872.1,4655597.19,2166.34
-11799873.61,4655596.44,2166.36
-11799875.120000001,4655595.69,2166.42
-11799876.63,4655594.95,2166.42
-11799878.14,4655594.2,2166.46
-11799879.66,4655593.46,2166.47
-11799881.16,4655592.72,2166.47
-11799882.67,4655591.98,2166.47
-11799884.17,4655591.24,2166.44
-11799885.65,4655590.51,2166.42
-11799887.16,4655589.7700000005,2166.38
-11799888.68,4655589.04,2166.34
-11799888.65,4655591.57,2166.47
-11799887.15,4655592.32,2166.49
-11799885.68,4655593.04,2166.51
-11799884.19,4655593.79,2166.49
-11799882.67,4655594.5200000005,2166.5
-11799881.16,4655595.28,2166.49
-11799879.67,4655596.0200000005,2166.46
-11799878.15,4655596.76,2166.42
-11799876.63,4655597.53,2166.38
-11799875.120000001,4655598.29,2166.36
-11799873.620000001,4655599.03,2166.32
-11799872.11,4655599.7700000005,2166.27
-11799870.6,4655600.53,2166.21
-11799869.09,4655601.29,2166.13
-11799867.59,4655602.01,2166.26
-11799866.06,4655602.7700000005,2166.3
-11799864.55,4655603.5200000005,2166.32
-11799863.08,4655604.25,2166.32
-11799861.58,4655604.99,2166.34
-11799861.31,4655605.93,2166.36
-11799862.77,4655605.22,2166.34
-11799864.3,4655604.47,2166.32
-11799865.81,4655603.74,2166.29
-11799867.31,4655602.98,2166.28
-11799868.82,4655602.25,2166.26
-11799870.28,4655601.54,2166.15
-11799871.8,4655600.78,2166.19
-11799873.3,4655600.05,2166.23
-11799874.83,4655599.3,2166.31
-11799876.35,4655598.54,2166.33
-11799877.88,4655597.78,2166.38
-11799879.39,4655597.05,2166.4
-11799880.870000001,4655596.3,2166.44
-11799882.370000001,4655595.5600000005,2166.49
-11799883.870000001,4655594.82,2166.51
-11799885.38,4655594.07,2166.53
-11799886.88,4655593.33,2166.51
-11799888.38,4655592.59,2166.49
-11799888.33,4655595.15,2166.54
-11799886.82,4655595.9,2166.55
-11799885.290000001,4655596.66,2166.52
-11799883.8,4655597.4,2166.51
-11799882.3,4655598.14,2166.47
-11799880.790000001,4655598.89,2166.42
-11799879.26,4655599.64,2166.4
-11799877.74,4655600.4,2166.35
-11799876.91,4655600.41,2170.1
-11799876.25,4655601.16,2166.26
-11799875.4,4655601.17,2170.03
-11799874.75,4655601.91,2166.22
-11799874.26,4655601.5,2172.13
-11799874.01,4655601.7700000005,2170.69
-11799873.23,4655602.64,2166.21
-11799872.700000001,4655602.3100000005,2171.84
-11799871.73,4655603.39,2166.28
-11799871.19,4655603.04,2171.88
-11799870.23,4655604.11,2166.4
-11799869.61,4655603.89,2171.4
-11799868.73,4655604.86,2166.38
-11799867.24,4655605.59,2166.36
-11799865.73,4655606.34,2166.36
-11799864.21,4655607.100000001,2166.36
-11799862.68,4655607.83,2166.4
-11799861.21,4655608.57,2166.4
-11799860.47,4655609.7700000005,2166.42
-11799861.97,4655609.04,2166.4
-11799863.47,4655608.3,2166.36
-11799864.98,4655607.54,2166.36
-11799868.18,4655604.94,2175.85
-11799866.49,4655606.82,2166.35
-11799869.48,4655604.45,2174.69
-11799868.0,4655606.07,2166.38
-11799870.44,4655604.3,2171.67
-11799870.21,4655604.55,2170.4
-11799869.5,4655605.34,2166.4
-11799871.9,4655603.600000001,2171.4
-11799871.03,4655604.58,2166.4
-11799873.38,4655602.9,2171.27
-11799872.540000001,4655603.83,2166.38
-11799875.27,4655601.71,2173.61
-11799875.02,4655601.98,2172.13
-11799874.75,4655602.3,2170.5
-11799874.0,4655603.15,2166.21
-11799876.72,4655601.03,2173.35
-11799876.52,4655601.26,2172.15
-11799875.5,4655602.4,2166.17
-11799877.66,4655600.94,2169.94
-11799877.02,4655601.64,2166.25
-11799878.55,4655600.9,2166.31
-11799880.06,4655600.14,2166.36
-11799881.59,4655599.39,2166.42
-11799883.07,4655598.66,2166.47
-11799884.57,4655597.91,2166.51
-11799886.08,4655597.15,2166.52
-11799887.59,4655596.42,2166.53
-11799889.09,4655595.68,2166.56
-11799889.38,4655598.3,2166.56
-11799887.88,4655599.0600000005,2166.53
-11799886.38,4655599.79,2166.5
-11799884.870000001,4655600.54,2166.46
-11799883.34,4655601.3,2166.42
-11799882.4,4655601.44,2169.54
-11799881.86,4655602.05,2166.35
-11799881.08,4655601.97,2170.71
-11799880.33,4655602.8100000005,2166.29
-11799879.4,4655602.89,2169.63
-11799878.82,4655603.57,2166.21
-11799878.76,4655602.68,2174.65
-11799877.13,4655603.5600000005,2173.94
-11799876.73,4655604.01,2171.55
-11799875.85,4655605.01,2166.44
-11799875.950000001,4655603.95,2175.71
-11799874.39,4655604.76,2175.4
-11799872.82,4655606.49,2166.42
-11799872.450000001,4655606.0,2172.86
-11799871.33,4655606.32,2175.0
-11799871.09,4655606.59,2173.6
-11799870.89,4655606.8100000005,2172.44
-11799870.540000001,4655607.18,2170.51
-11799870.13,4655606.73,2176.69
-11799869.84,4655607.04,2175.07
-11799869.05,4655607.92,2170.54
-11799868.3,4655608.74,2166.38
-11799868.620000001,4655607.49,2176.6
-11799868.370000001,4655607.75,2175.23
-11799867.98,4655608.19,2173.03
-11799866.8,4655609.48,2166.42
-11799867.16,4655608.16,2176.9
-11799866.73,4655608.64,2174.54
-11799865.28,4655610.24,2166.38
-11799865.41,4655609.19,2175.46
-11799863.77,4655610.98,2166.36
-11799862.28,4655611.71,2166.42
-11799860.77,4655612.45,2166.42
-11799861.23,4655613.0200000005,2166.42
-11799862.73,4655612.2700000005,2166.38
-11799866.26,4655609.32,2177.67
-11799864.23,4655611.55,2166.36
-11799867.81,4655608.5200000005,2178.0
-11799869.07,4655608.03,2176.65
-11799868.23,4655608.99,2171.84
-11799867.26,4655610.07,2166.38
-11799870.040000001,4655607.91,2173.61
-11799872.07,4655606.58,2176.65
-11799871.69,4655607.01,2174.42
-11799873.22,4655606.22,2174.78
-11799874.700000001,4655605.48,2174.74
-11799874.32,4655605.93,2172.5
-11799873.25,4655607.100000001,2166.4
-11799876.290000001,4655604.67,2175.08
-11799874.790000001,4655606.36,2166.44
-11799877.790000001,4655603.93,2175.09
-11799877.13,4655604.66,2171.29
-11799876.3,4655605.62,2166.38
-11799879.24,4655603.24,2174.86
-11799878.44,4655604.14,2170.17
-11799877.790000001,4655604.89,2166.34
-11799879.98,4655603.38,2170.35
-11799879.27,4655604.18,2166.19
-11799881.49,4655602.64,2170.3
-11799880.8,4655603.42,2166.21
-11799882.88,4655602.04,2169.61
-11799882.32,4655602.67,2166.3
-11799883.82,4655601.92,2166.36
-11799885.32,4655601.18,2166.42
-11799886.81,4655600.44,2166.48
-11799888.33,4655599.69,2166.51
-11799888.6,4655602.41,2166.46
-11799887.120000001,4655603.13,2166.4
-11799885.61,4655603.89,2166.33
-11799884.07,4655604.66,2166.26
-11799883.05,4655604.86,2169.13
-11799882.57,4655605.41,2166.28
-11799882.23,4655604.84,2172.94
-11799881.89,4655605.21,2170.96
-11799881.1,4655606.13,2166.28
-11799880.85,4655605.47,2173.6
-11799879.63,4655606.83,2166.49
-11799879.49,4655606.04,2174.54
-11799878.11,4655607.58,2166.52
-11799878.34,4655606.37,2176.61
-11799877.99,4655606.76,2174.61
-11799877.68,4655607.12,2172.78
-11799876.94,4655607.01,2177.13
-11799874.950000001,4655608.29,2174.25
-11799874.47,4655608.82,2171.51
-11799873.59,4655609.82,2166.47
-11799873.38,4655609.13,2173.8
-11799872.09,4655610.57,2166.46
-11799872.67,4655608.96,2178.46
-11799872.15,4655609.54,2175.54
-11799871.27,4655609.59,2179.15
-11799869.66,4655610.45,2178.57
-11799868.52,4655611.71,2172.17
-11799868.01,4655611.350000001,2177.63
-11799867.57,4655611.86,2175.13
-11799865.99,4655613.600000001,2166.33
-11799866.620000001,4655611.99,2178.17
-11799864.5,4655614.33,2166.35
-11799864.86,4655613.03,2176.6
-11799863.02,4655615.0600000005,2166.38
-11799861.52,4655615.8,2166.44
-11799860.36,4655616.15,2168.46
-11799860.43,4655616.93,2168.35
-11799861.59,4655616.5600000005,2166.42
-11799863.120000001,4655615.82,2166.36
-11799866.72,4655612.78,2178.02
-11799864.61,4655615.100000001,2166.3
-11799868.21,4655612.03,2178.13
-11799866.1,4655614.36,2166.31
-11799869.73,4655611.26,2178.3
-11799869.39,4655611.63,2176.4
-11799871.370000001,4655610.38,2179.06
-11799869.14,4655612.87,2166.4
-11799872.81,4655609.7,2178.72
-11799871.89,4655610.72,2173.48
-11799870.65,4655612.11,2166.47
-11799874.0,4655609.3100000005,2176.96
-11799872.17,4655611.36,2166.49
-11799875.07,4655609.03,2174.63
-11799874.58,4655609.600000001,2171.74
-11799873.65,4655610.64,2166.4
-11799877.120000001,4655607.7,2177.69
-11799878.56,4655607.0200000005,2177.46
-11799878.3,4655607.32,2175.88
-11799877.82,4655607.850000001,2173.15
-11799876.67,4655609.16,2166.42
-11799880.06,4655606.3,2177.33
-11799881.25,4655605.91,2175.5
-11799881.03,4655606.16,2174.26
-11799882.24,4655605.72,2172.71
-11799881.88,4655606.15,2170.52
-11799881.18,4655606.94,2166.44
-11799883.200000001,4655605.62,2169.47
-11799882.67,4655606.22,2166.32
-11799884.18,4655605.48,2166.27
-11799885.69,4655604.75,2166.25
-11799887.19,4655603.99,2166.35
-11799888.66,4655603.2700000005,2166.4
-11799889.290000001,4655605.53,2166.33
-11799887.790000001,4655606.28,2166.33
-11799886.3,4655607.01,2166.36
-11799884.790000001,4655607.73,2166.48
-11799884.3,4655607.32,2172.56
-11799883.290000001,4655608.47,2166.53
-11799883.08,4655607.75,2174.04
-11799882.39,4655608.53,2169.94
-11799881.790000001,4655609.22,2166.46
-11799882.0,4655608.03,2176.4
-11799880.32,4655609.94,2166.53
-11799880.78,4655608.43,2178.1
-11799878.8,4655610.7,2166.52
-11799879.23,4655609.24,2177.86
-11799878.75,4655609.79,2175.07
-11799877.68,4655610.0200000005,2177.67
-11799877.24,4655610.54,2175.11
-11799877.07,4655610.72,2174.15
-11799875.75,4655612.21,2166.51
-11799876.11,4655610.84,2177.31
-11799875.6,4655611.43,2174.34
-11799874.69,4655611.53,2177.56
-11799872.76,4655613.69,2166.52
-11799873.31,4655612.12,2178.31
-11799871.91,4655612.75,2178.88
-11799870.38,4655613.5200000005,2178.61
-11799869.9,4655614.05,2175.99
-11799868.21,4655615.93,2166.46
-11799868.9,4655614.2700000005,2178.59
-11799868.59,4655614.61,2176.88
-11799866.69,4655616.7,2166.26
-11799865.200000001,4655617.43,2166.31
-11799863.68,4655618.19,2166.31
-11799862.18,4655618.92,2166.38
-11799860.68,4655619.67,2166.42
-11799860.57,4655620.55,2166.4
-11799862.09,4655619.8100000005,2166.38
-11799863.6,4655619.07,2166.32
-11799865.1,4655618.34,2166.3
-11799868.200000001,4655615.83,2175.29
-11799867.76,4655616.32,2172.82
-11799866.6,4655617.600000001,2166.33
-11799870.15,4655614.58,2177.88
-11799869.89,4655614.89,2176.35
-11799871.83,4655613.66,2178.74
-11799869.64,4655616.100000001,2166.4
-11799873.31,4655612.95,2178.65
-11799872.99,4655613.3100000005,2176.8
-11799874.91,4655612.09,2179.32
-11799874.49,4655612.57,2176.9
-11799873.83,4655613.29,2173.17
-11799872.68,4655614.59,2166.56
-11799876.41,4655611.350000001,2179.32
-11799876.09,4655611.72,2177.47
-11799875.69,4655612.16,2175.22
-11799877.620000001,4655610.93,2177.71
-11799877.21,4655611.4,2175.35
-11799877.06,4655611.58,2174.44
-11799875.68,4655613.12,2166.52
-11799879.120000001,4655610.17,2177.86
-11799878.5,4655610.87,2174.3
-11799880.620000001,4655609.43,2177.97
-11799882.08,4655608.74,2177.61
-11799881.8,4655609.0600000005,2175.94
-11799880.200000001,4655610.9,2166.51
-11799882.99,4655608.7,2174.01
-11799881.700000001,4655610.18,2166.42
-11799884.42,4655608.05,2173.63
-11799884.200000001,4655608.29,2172.32
-11799883.98,4655608.54,2171.04
-11799884.71,4655608.68,2166.51
-11799886.200000001,4655607.95,2166.48
-11799887.67,4655607.24,2166.36
-11799889.15,4655606.5200000005,2166.33
-11799888.540000001,4655609.600000001,2166.6
-11799887.03,4655610.350000001,2166.59
-11799885.52,4655611.11,2166.54
-11799884.02,4655611.850000001,2166.53
-11799883.9,4655611.01,2174.65
-11799883.34,4655611.65,2171.36
-11799882.53,4655612.58,2166.53
-11799882.450000001,4655611.71,2174.9
-11799881.02,4655613.33,2166.53
-11799881.22,4655612.12,2176.49
-11799880.92,4655612.48,2174.73
-11799880.620000001,4655612.82,2172.92
-11799879.51,4655614.0600000005,2166.5
-11799880.1,4655612.44,2178.69
-11799879.86,4655612.73,2177.27
-11799879.13,4655613.55,2173.04
-11799878.01,4655614.82,2166.51
-11799878.68,4655613.11,2178.98
-11799878.06,4655613.8100000005,2175.44
-11799877.700000001,4655614.24,2173.28
-11799876.540000001,4655615.53,2166.54
-11799877.5,4655613.5200000005,2180.61
-11799876.700000001,4655614.42,2176.1
-11799875.02,4655616.3100000005,2166.38
-11799875.35,4655614.98,2177.01
-11799873.51,4655617.04,2166.51
-11799874.31,4655615.21,2179.63
-11799873.93,4655615.63,2177.49
-11799872.32,4655616.49,2176.78
-11799872.07,4655616.76,2175.4
-11799871.75,4655617.14,2173.61
-11799870.49,4655618.55,2166.44
-11799871.06,4655616.98,2178.17
-11799870.88,4655617.17,2177.17
-11799868.96,4655619.3100000005,2166.4
-11799869.61,4655617.69,2178.23
-11799867.56,4655619.04,2175.15
-11799865.97,4655620.78,2166.33
-11799864.44,4655621.55,2166.33
-11799864.97,4655620.03,2177.69
-11799862.92,4655622.3,2166.34
-11799863.56,4655620.65,2178.26
-11799861.38,4655623.0600000005,2166.34
-11799862.34,4655621.11,2179.73
-11799861.98,4655621.5,2177.76
-11799860.38,4655622.38,2177.08
-11799861.91,4655622.04,2179.83
-11799861.35,4655622.64,2176.83
-11799863.49,4655621.19,2180.4
-11799863.25,4655621.45,2179.1
-11799862.94,4655621.8,2177.38
-11799862.72,4655622.04,2176.19
-11799864.6,4655620.91,2178.09
-11799862.44,4655623.2700000005,2166.3
-11799865.950000001,4655620.33,2177.25
-11799863.950000001,4655622.5200000005,2166.3
-11799865.48,4655621.7700000005,2166.32
-11799869.01,4655618.7700000005,2177.69
-11799868.540000001,4655619.3,2175.07
-11799868.32,4655619.5600000005,2173.79
-11799866.98,4655621.04,2166.33
-11799870.55,4655618.01,2177.85
-11799870.02,4655618.600000001,2174.85
-11799868.49,4655620.28,2166.33
-11799872.13,4655617.17,2178.4
-11799873.92,4655616.09,2180.15
-11799871.5,4655618.79,2166.44
-11799875.450000001,4655615.33,2180.36
-11799876.86,4655614.68,2179.88
-11799876.27,4655615.33,2176.48
-11799874.52,4655617.3100000005,2166.47
-11799878.47,4655613.8100000005,2180.58
-11799878.31,4655614.0,2179.59
-11799879.42,4655613.69,2177.47
-11799879.23,4655613.9,2176.34
-11799880.96,4655612.89,2177.75
-11799879.97,4655614.01,2171.99
-11799879.03,4655615.08,2166.52
-11799881.8,4655612.91,2173.77
-11799881.42,4655613.350000001,2171.54
-11799880.55,4655614.350000001,2166.47
-11799883.35,4655612.12,2174.11
-11799883.120000001,4655612.37,2172.82
-11799882.74,4655612.82,2170.55
-11799882.06,4655613.600000001,2166.53
-11799884.63,4655611.64,2172.9
-11799883.56,4655612.87,2166.51
-11799885.07,4655612.12,2166.52
-11799886.57,4655611.37,2166.55
-11799888.040000001,4655610.65,2166.55
-11799889.52,4655609.93,2166.57
-11799889.32,4655612.78,2166.59
-11799887.790000001,4655613.55,2166.58
-11799886.28,4655614.28,2166.57
-11799885.540000001,4655614.15,2170.97
-11799884.790000001,4655615.0200000005,2166.56
-11799884.200000001,4655614.73,2171.88
-11799883.3,4655615.7700000005,2166.56
-11799883.35,4655614.74,2175.6
-11799883.120000001,4655614.99,2174.29
-11799882.38,4655615.850000001,2169.86
-11799881.81,4655616.51,2166.53
-11799881.89,4655615.45,2175.73
-11799880.31,4655617.25,2166.51
-11799880.92,4655615.600000001,2178.71
-11799880.41,4655616.17,2175.82
-11799879.73,4655615.99,2180.48
-11799877.31,4655618.73,2166.49
-11799878.16,4655616.82,2179.99
-11799875.81,4655619.48,2166.51
-11799876.69,4655617.5200000005,2180.22
-11799876.27,4655618.0,2177.8
-11799874.290000001,4655620.21,2166.5
-11799875.22,4655618.23,2180.4
-11799872.76,4655620.97,2166.46
-11799873.26,4655619.49,2177.73
-11799871.25,4655621.75,2166.4
-11799871.700000001,4655620.32,2177.36
-11799871.48,4655620.54,2176.19
-11799869.74,4655622.49,2166.38
-11799869.88,4655621.38,2175.72
-11799869.69,4655621.600000001,2174.69
-11799868.22,4655623.24,2166.4
-11799868.72,4655621.76,2177.61
-11799866.69,4655624.0,2166.38
-11799867.6,4655622.07,2179.75
-11799867.43,4655622.26,2178.78
-11799865.18,4655624.75,2166.36
-11799865.85,4655623.09,2178.36
-11799863.67,4655625.5,2166.38
-11799864.81,4655623.34,2180.75
-11799863.620000001,4655623.73,2182.54
-11799862.16,4655624.44,2182.69
-11799861.57,4655625.07,2179.53
-11799861.22,4655625.83,2181.55
-11799860.93,4655626.13,2180.01
-11799863.02,4655624.75,2183.26
-11799862.31,4655625.5200000005,2179.4
-11799864.42,4655624.12,2182.77
-11799865.78,4655623.51,2182.11
-11799867.09,4655622.98,2181.15
-11799866.48,4655623.66,2177.82
-11799864.39,4655625.96,2166.33
-11799868.28,4655622.57,2179.56
-11799868.01,4655622.88,2178.03
-11799865.9,4655625.22,2166.36
-11799869.39,4655622.2700000005,2177.42
-11799869.15,4655622.54,2176.08
-11799867.4,4655624.48,2166.34
-11799870.73,4655621.71,2176.53
-11799868.92,4655623.73,2166.38
-11799870.790000001,4655622.59,2168.4
-11799870.41,4655623.01,2166.25
-11799873.74,4655620.22,2176.63
-11799873.55,4655620.43,2175.6
-11799871.93,4655622.24,2166.46
-11799875.58,4655619.11,2178.57
-11799873.450000001,4655621.5,2166.44
-11799877.36,4655618.0600000005,2180.08
-11799876.93,4655618.53,2177.61
-11799874.98,4655620.74,2166.48
-11799878.870000001,4655617.3,2180.22
-11799878.31,4655617.92,2177.01
-11799878.03,4655618.24,2175.44
-11799876.47,4655620.01,2166.42
-11799880.38,4655616.54,2180.36
-11799877.99,4655619.25,2166.55
-11799881.58,4655616.16,2178.59
-11799882.71,4655615.82,2176.56
-11799882.48,4655616.08,2175.23
-11799882.22,4655616.38,2173.67
-11799880.99,4655617.78,2166.54
-11799883.82,4655615.5,2174.42
-11799883.39,4655616.0,2171.9
-11799882.47,4655617.0600000005,2166.44
-11799884.8,4655615.37,2171.42
-11799883.98,4655616.3100000005,2166.56
-11799885.49,4655615.55,2166.53
-11799887.0,4655614.83,2166.54
-11799888.5,4655614.07,2166.57
-11799889.65,4655615.98,2166.65
-11799888.13,4655616.74,2166.61
-11799886.63,4655617.46,2166.6
-11799885.15,4655618.21,2166.61
-11799883.66,4655618.93,2166.61
-11799882.14,4655619.7,2166.61
-11799881.99,4655618.88,2174.61
-11799880.61,4655620.45,2166.59
-11799881.13,4655618.89,2178.38
-11799880.63,4655619.48,2175.42
-11799879.1,4655621.21,2166.55
-11799879.94,4655619.29,2180.07
-11799879.67,4655619.59,2178.55
-11799879.25,4655620.08,2176.11
-11799877.59,4655621.96,2166.56
-11799878.39,4655620.100000001,2179.65
-11799876.120000001,4655622.68,2166.61
-11799876.91,4655620.83,2179.61
-11799876.61,4655621.19,2177.88
-11799874.64,4655623.4,2166.67
-11799873.63,4655623.58,2169.48
-11799873.06,4655623.2700000005,2174.92
-11799872.15,4655624.29,2169.82
-11799872.290000001,4655623.17,2179.19
-11799871.68,4655623.86,2175.78
-11799871.05,4655623.63,2180.55
-11799870.85,4655623.850000001,2179.44
-11799870.28,4655624.48,2176.29
-11799868.52,4655626.46,2166.44
-11799869.75,4655624.16,2181.59
-11799869.23,4655624.74,2178.71
-11799868.9,4655625.08,2176.94
-11799868.35,4655624.8,2182.06
-11799867.02,4655625.36,2183.01
-11799865.64,4655625.98,2183.61
-11799867.36,4655625.94,2183.13
-11799868.8,4655625.26,2182.9
-11799870.15,4655624.7,2182.07
-11799871.33,4655624.3,2180.4
-11799871.13,4655624.5200000005,2179.25
-11799872.55,4655623.89,2178.79
-11799873.36,4655623.9,2174.94
-11799872.47,4655624.9,2170.0
-11799873.91,4655624.22,2169.65
-11799876.83,4655621.89,2177.73
-11799876.540000001,4655622.21,2176.08
-11799875.36,4655623.5600000005,2169.33
-11799878.67,4655620.75,2179.78
-11799876.43,4655623.3100000005,2166.86
-11799879.97,4655620.25,2178.51
-11799877.89,4655622.64,2166.48
-11799881.31,4655619.71,2177.54
-11799880.97,4655620.09,2175.55
-11799879.4,4655621.86,2166.51
-11799882.49,4655619.32,2175.85
-11799882.3,4655619.54,2174.69
-11799882.15,4655619.72,2173.84
-11799880.91,4655621.13,2166.59
-11799882.39,4655620.39,2166.61
-11799883.89,4655619.67,2166.61
-11799885.41,4655618.91,2166.61
-11799886.92,4655618.18,2166.59
-11799888.42,4655617.44,2166.59
-11799888.34,4655620.11,2166.65
-11799886.84,4655620.86,2166.65
-11799885.36,4655621.59,2166.61
-11799883.86,4655622.34,2166.6
-11799882.34,4655623.100000001,2166.52
-11799882.46,4655621.98,2175.98
-11799880.83,4655623.850000001,2166.51
-11799880.83,4655622.86,2175.23
-11799879.450000001,4655624.43,2167.3
-11799879.73,4655623.14,2177.53
-11799878.33,4655624.75,2169.46
-11799878.31,4655623.8,2178.08
-11799876.86,4655625.44,2169.79
-11799875.41,4655626.11,2170.11
-11799872.82,4655626.22,2180.69
-11799878.24,4655624.66,2177.42
-11799876.94,4655626.13,2169.99
-11799879.72,4655623.95,2177.3
-11799878.39,4655625.45,2169.67
-11799879.84,4655624.78,2169.35
-11799882.49,4655622.73,2175.99
-11799881.290000001,4655624.09,2169.06
-11799880.86,4655624.58,2166.55
-11799882.34,4655623.87,2166.5
-11799883.83,4655623.14,2166.52
-11799885.36,4655622.36,2166.61
-11799886.88,4655621.61,2166.59
-11799888.4,4655620.850000001,2166.61
-11799888.63,4655623.3100000005,2166.63
-11799887.1,4655624.07,2166.59
-11799885.63,4655624.78,2166.77
-11799884.68,4655624.88,2169.99
-11799884.120000001,4655625.54,2166.65
-11799883.120000001,4655625.71,2169.59
-11799881.620000001,4655626.43,2169.71
-11799884.38,4655625.9,2169.9
-11799885.950000001,4655625.07,2170.33
-11799885.35,4655625.79,2166.71
-11799887.24,4655624.600000001,2168.88
-11799888.36,4655624.32,2166.58
-11799889.370000001,4655626.09,2167.61
-11799888.290000001,4655626.34,2170.1
-11799861.93,4655504.33,2170.26
-11799861.22,4655504.74,2166.26
-11799859.58,4655505.5,2166.28
-11799859.86,4655505.32,2167.86
-11799860.09,4655505.2,2169.15
-11799860.27,4655505.09,2170.13
-11799859.35,4655506.18,2169.25
-11799860.43,4655505.76,2166.22
-11799860.97,4655505.43,2169.35
-11799862.040000001,4655505.01,2166.19
-11799862.46,4655504.78,2168.59
-11799862.86,4655504.54,2170.81
-11799862.72,4655504.62,2170.05
-11799866.040000001,4655504.88,2166.36
-11799864.68,4655505.48,2167.92
-11799866.34,4655504.71,2168.09
-11799862.75,4655506.41,2166.27
-11799864.4,4655505.64,2166.32
-11799863.03,4655506.24,2167.85
-11799861.11,4655507.18,2166.21
-11799861.51,4655506.93,2168.54
-11799859.51,4655507.91,2166.24
-11799860.01,4655508.3,2166.23
-11799861.65,4655507.54,2166.19
-11799862.03,4655507.32,2168.36
-11799863.3,4655506.8100000005,2166.25
-11799864.94,4655506.04,2166.31
-11799865.27,4655505.850000001,2168.17
-11799866.59,4655505.28,2166.4
-11799868.24,4655504.5200000005,2166.44
-11799871.34,4655504.69,2170.24
-11799869.700000001,4655505.45,2170.25
-11799867.39,4655506.59,2166.4
-11799865.73,4655507.36,2166.35
-11799864.11,4655508.100000001,2166.27
-11799862.47,4655508.87,2166.24
-11799860.83,4655509.63,2166.24
-11799859.23,4655510.350000001,2166.25
-11799861.05,4655510.25,2166.23
-11799859.44,4655510.99,2166.26
-11799862.700000001,4655509.49,2166.25
-11799864.36,4655508.74,2166.27
-11799866.0,4655507.98,2166.31
-11799867.66,4655507.21,2166.36
-11799869.950000001,4655506.09,2170.19
-11799871.59,4655505.33,2170.21
-11799873.25,4655504.57,2170.24
-11799876.15,4655504.8100000005,2170.22
-11799872.89,4655506.32,2170.17
-11799874.53,4655505.55,2170.21
-11799868.96,4655508.21,2166.38
-11799871.25,4655507.0600000005,2170.15
-11799869.61,4655507.83,2170.13
-11799867.35,4655508.95,2166.35
-11799865.700000001,4655509.72,2166.28
-11799864.06,4655510.45,2166.26
-11799860.74,4655511.99,2166.25
-11799862.39,4655511.24,2166.25
-11799859.4,4655513.21,2167.97
-11799860.71,4655512.63,2166.23
-11799862.32,4655511.89,2166.24
-11799863.96,4655511.13,2166.25
-11799865.63,4655510.37,2166.26
-11799867.28,4655509.61,2166.29
-11799868.92,4655508.850000001,2166.36
-11799870.57,4655508.09,2166.44
-11799871.19,4655507.75,2170.05
-11799872.84,4655506.98,2170.13
-11799874.46,4655506.22,2170.15
-11799876.1,4655505.46,2170.19
-11799877.72,4655504.74,2170.22
-11799878.27,4655504.41,2173.52
-11799878.57,4655504.24,2175.3
-11799882.32,4655504.38,2176.42
-11799880.31,4655505.36,2174.05
-11799880.78,4655505.09,2176.85
-11799877.450000001,4655506.82,2166.84
-11799878.47,4655506.23,2172.9
-11799875.790000001,4655507.59,2166.63
-11799874.16,4655508.34,2166.55
-11799872.52,4655509.100000001,2166.47
-11799870.9,4655509.850000001,2166.44
-11799869.26,4655510.61,2166.36
-11799867.63,4655511.37,2166.29
-11799865.99,4655512.12,2166.28
-11799864.3,4655512.91,2166.25
-11799862.620000001,4655513.67,2166.27
-11799861.01,4655514.42,2166.27
-11799859.39,4655515.16,2166.33
-11799860.700000001,4655515.18,2166.38
-11799862.31,4655514.45,2166.25
-11799863.91,4655513.71,2166.24
-11799865.55,4655512.95,2166.26
-11799867.200000001,4655512.19,2166.26
-11799868.86,4655511.44,2166.32
-11799870.5,4655510.68,2166.35
-11799872.14,4655509.93,2166.44
-11799873.77,4655509.17,2166.48
-11799875.43,4655508.4,2166.52
-11799877.07,4655507.64,2166.59
-11799878.72,4655506.89,2166.71
-11799879.91,4655506.2,2173.82
-11799881.39,4655505.53,2173.06
-11799881.97,4655505.2,2176.52
-11799883.58,4655504.45,2176.36
-11799886.790000001,4655504.87,2172.74
-11799887.81,4655504.2700000005,2178.86
-11799886.28,4655504.96,2179.61
-11799884.25,4655505.96,2177.24
-11799883.870000001,4655506.17,2174.97
-11799882.05,4655507.04,2173.82
-11799882.52,4655506.76,2176.63
-11799879.25,4655508.48,2166.56
-11799880.58,4655507.71,2174.51
-11799880.97,4655507.48,2176.83
-11799877.620000001,4655509.23,2166.54
-11799875.97,4655509.99,2166.5
-11799874.34,4655510.75,2166.49
-11799872.68,4655511.51,2166.46
-11799871.06,4655512.25,2166.42
-11799869.47,4655513.0,2166.36
-11799867.82,4655513.76,2166.31
-11799864.5,4655515.3,2166.3
-11799866.16,4655514.5200000005,2166.27
-11799862.86,4655516.04,2166.34
-11799861.34,4655516.74,2166.97
-11799859.66,4655517.5,2166.61
-11799860.56,4655517.74,2166.3
-11799862.26,4655516.94,2166.67
-11799863.84,4655516.23,2166.38
-11799865.44,4655515.49,2166.26
-11799865.91,4655515.22,2168.92
-11799867.1,4655514.73,2166.26
-11799868.78,4655513.95,2166.32
-11799870.42,4655513.19,2166.36
-11799872.05,4655512.44,2166.42
-11799873.71,4655511.68,2166.46
-11799876.98,4655510.18,2166.51
-11799875.35,4655510.92,2166.44
-11799878.59,4655509.43,2166.56
-11799880.21,4655508.67,2166.58
-11799881.51,4655507.91,2174.38
-11799882.85,4655507.36,2172.56
-11799883.700000001,4655506.86,2177.71
-11799884.74,4655506.46,2174.21
-11799885.15,4655506.22,2176.67
-11799885.71,4655505.89,2180.01
-11799887.4,4655505.11,2180.3
-11799887.72,4655505.11,2172.3
-11799888.02,4655504.94,2174.17
-11799889.16,4655505.96,2175.71
-11799889.76,4655505.58,2179.47
-11799888.040000001,4655506.39,2178.82
-11799887.67,4655506.62,2176.56
-11799884.42,4655508.3100000005,2166.61
-11799885.71,4655507.55,2174.46
-11799885.93,4655507.44,2175.73
-11799886.36,4655507.19,2178.31
-11799882.790000001,4655509.07,2166.63
-11799884.07,4655508.3100000005,2174.35
-11799884.63,4655508.01,2177.69
-11799881.14,4655509.83,2166.55
-11799882.47,4655509.0600000005,2174.52
-11799879.52,4655510.58,2166.55
-11799877.89,4655511.34,2166.53
-11799876.25,4655512.09,2166.49
-11799874.59,4655512.850000001,2166.44
-11799872.950000001,4655513.61,2166.42
-11799869.68,4655515.14,2166.36
-11799871.34,4655514.36,2166.4
-11799868.15,4655515.8100000005,2166.92
-11799866.96,4655516.33,2169.36
-11799865.3,4655517.09,2169.46
-11799863.19,4655518.11,2166.67
-11799863.64,4655517.87,2169.11
-11799861.48,4655518.92,2166.32
-11799859.84,4655519.68,2166.32
-11799860.39,4655520.03,2166.3
-11799862.11,4655519.23,2166.67
-11799863.68,4655518.51,2166.36
-11799865.91,4655517.42,2169.77
-11799864.19,4655518.22,2169.17
-11799868.68,4655516.21,2166.6
-11799867.5,4655516.7,2169.47
-11799869.08,4655515.98,2168.9
-11799870.28,4655515.46,2166.38
-11799873.51,4655513.99,2166.4
-11799871.88,4655514.74,2166.38
-11799876.8,4655512.48,2166.5
-11799875.15,4655513.22,2166.42
-11799880.05,4655510.97,2166.54
-11799878.43,4655511.72,2166.51
-11799881.59,4655510.09,2175.65
-11799881.700000001,4655510.21,2166.6
-11799883.02,4655509.45,2174.44
-11799883.34,4655509.45,2166.61
-11799884.94,4655508.5200000005,2176.25
-11799886.27,4655507.95,2174.44
-11799887.07,4655507.48,2179.25
-11799888.16,4655507.0600000005,2175.98
-11799888.620000001,4655506.8,2178.75
-11799889.67,4655506.38,2175.23
-11799889.51,4655508.25,2176.04
-11799888.200000001,4655508.8,2177.78
-11799885.89,4655509.97,2173.61
-11799886.31,4655509.72,2176.15
-11799884.81,4655510.39,2177.02
-11799882.83,4655511.36,2174.94
-11799882.51,4655511.53,2173.09
-11799883.31,4655511.09,2177.84
-11799879.790000001,4655512.92,2166.53
-11799881.39,4655512.01,2176.01
-11799878.17,4655513.67,2166.53
-11799876.51,4655514.43,2166.48
-11799874.89,4655515.19,2166.44
-11799873.25,4655515.96,2166.42
-11799871.66,4655516.68,2166.49
-11799870.02,4655517.44,2166.5
-11799868.85,4655517.93,2169.28
-11799867.3,4655518.64,2169.84
-11799865.6,4655519.41,2169.48
-11799863.46,4655520.45,2166.57
-11799861.78,4655521.25,2166.32
-11799860.17,4655521.99,2166.42
-11799860.52,4655522.350000001,2166.4
-11799862.13,4655521.62,2166.3
-11799863.790000001,4655520.84,2166.49
-11799865.92,4655519.8100000005,2169.38
-11799867.58,4655519.04,2169.58
-11799869.15,4655518.3100000005,2169.19
-11799871.96,4655517.09,2166.44
-11799870.33,4655517.83,2166.51
-11799875.21,4655515.59,2166.48
-11799873.58,4655516.34,2166.44
-11799876.84,4655514.84,2166.48
-11799878.52,4655514.0600000005,2166.51
-11799880.17,4655513.3,2166.57
-11799881.17,4655512.73,2172.5
-11799881.77,4655512.39,2176.07
-11799882.85,4655511.94,2172.85
-11799881.78,4655512.55,2166.49
-11799883.39,4655511.63,2176.1
-11799884.68,4655511.07,2174.07
-11799885.05,4655510.86,2176.29
-11799885.09,4655511.03,2166.59
-11799886.25,4655510.36,2173.61
-11799886.6,4655510.15,2175.67
-11799888.03,4655509.5200000005,2174.59
-11799886.74,4655510.26,2166.75
-11799888.46,4655509.2700000005,2177.27
-11799886.77,4655511.86,2166.65
-11799888.11,4655511.09,2174.83
-11799885.13,4655512.62,2166.61
-11799886.61,4655511.76,2175.53
-11799884.72,4655512.68,2174.08
-11799884.97,4655512.5200000005,2175.59
-11799882.78,4655513.61,2172.32
-11799881.81,4655514.16,2166.56
-11799880.18,4655514.92,2166.51
-11799881.290000001,4655514.28,2173.09
-11799878.57,4655515.64,2166.53
-11799876.93,4655516.4,2166.51
-11799875.28,4655517.18,2166.52
-11799873.63,4655517.94,2166.48
-11799872.0,4655518.7,2166.42
-11799869.200000001,4655519.95,2169.05
-11799870.36,4655519.46,2166.38
-11799867.08,4655520.97,2166.4
-11799868.77,4655520.19,2166.61
-11799867.56,4655520.7,2169.17
-11799865.46,4655521.71,2166.44
-11799863.8,4655522.48,2166.34
-11799862.14,4655523.25,2166.38
-11799860.51,4655524.01,2166.29
-11799860.51,4655524.7700000005,2166.26
-11799862.24,4655523.98,2166.55
-11799863.84,4655523.23,2166.25
-11799865.450000001,4655522.49,2166.28
-11799868.76,4655520.98,2166.46
-11799867.1,4655521.74,2166.44
-11799872.02,4655519.47,2166.48
-11799870.39,4655520.22,2166.34
-11799873.64,4655518.72,2166.44
-11799875.3,4655517.96,2166.48
-11799876.950000001,4655517.2,2166.49
-11799878.58,4655516.44,2166.53
-11799880.22,4655515.7,2166.6
-11799881.81,4655514.96,2166.54
-11799884.700000001,4655513.48,2174.0
-11799886.57,4655512.600000001,2175.24
-11799888.41,4655511.73,2176.6
-11799888.790000001,4655513.16,2176.11
-11799888.950000001,4655513.07,2177.15
-11799885.6,4655514.8100000005,2166.65
-11799886.72,4655514.17,2173.38
-11799887.21,4655513.89,2176.34
-11799883.93,4655515.58,2166.59
-11799882.32,4655516.33,2166.67
-11799880.71,4655517.05,2166.67
-11799880.82,4655517.0,2167.4
-11799879.040000001,4655517.83,2166.54
-11799877.41,4655518.59,2166.52
-11799875.75,4655519.350000001,2166.48
-11799874.1,4655520.13,2166.4
-11799873.33,4655520.39,2171.17
-11799871.69,4655521.15,2171.09
-11799869.24,4655522.37,2166.36
-11799867.64,4655523.12,2166.4
-11799865.99,4655523.88,2166.42
-11799864.32,4655524.65,2166.36
-11799862.71,4655525.38,2166.49
-11799861.08,4655526.14,2166.58
-11799861.34,4655526.0,2167.94
-11799859.39,4655526.93,2166.3
-11799860.76,4655526.84,2166.3
-11799862.39,4655526.08,2166.29
-11799862.68,4655525.93,2167.88
-11799864.05,4655525.33,2166.38
-11799865.700000001,4655524.57,2166.48
-11799867.3,4655523.83,2166.32
-11799868.97,4655523.07,2166.34
-11799870.58,4655522.32,2166.26
-11799871.52,4655521.78,2171.61
-11799873.89,4655520.8,2166.5
-11799873.040000001,4655521.100000001,2171.06
-11799874.89,4655520.22,2172.29
-11799875.5,4655520.05,2166.5
-11799877.14,4655519.29,2166.52
-11799878.790000001,4655518.5200000005,2166.53
-11799880.57,4655517.7,2167.44
-11799882.03,4655517.03,2166.61
-11799883.67,4655516.28,2166.61
-11799885.34,4655515.5,2166.6
-11799886.49,4655514.850000001,2173.51
-11799888.63,4655513.8100000005,2176.36
-11799887.700000001,4655516.29,2166.6
-11799886.07,4655517.05,2166.63
-11799888.74,4655515.68,2172.9
-11799884.41,4655517.82,2166.63
-11799889.17,4655515.45,2175.56
-11799882.77,4655518.58,2166.53
-11799881.32,4655519.23,2167.44
-11799879.53,4655520.07,2166.58
-11799878.01,4655520.76,2167.55
-11799878.53,4655520.45,2170.59
-11799877.08,4655521.11,2171.65
-11799875.66,4655521.75,2172.75
-11799873.950000001,4655522.57,2172.09
-11799872.39,4655523.28,2172.69
-11799869.65,4655524.65,2166.38
-11799868.02,4655525.41,2166.42
-11799866.38,4655526.16,2166.44
-11799866.66,4655526.0200000005,2167.96
-11799864.76,4655526.92,2166.31
-11799863.08,4655527.7,2166.21
-11799861.42,4655528.47,2166.15
-11799859.76,4655529.24,2166.15
-11799860.83,4655529.4,2166.13
-11799862.49,4655528.63,2166.15
-11799864.16,4655527.87,2166.25
-11799865.77,4655527.11,2166.29
-11799867.41,4655526.34,2166.4
-11799867.700000001,4655526.17,2168.05
-11799869.06,4655525.600000001,2166.36
-11799871.75,4655524.24,2172.29
-11799873.47,4655523.44,2172.74
-11799875.06,4655522.72,2172.53
-11799879.57,4655520.67,2170.36
-11799876.6,4655522.01,2172.06
-11799882.200000001,4655519.53,2166.52
-11799878.040000001,4655521.37,2171.08
-11799883.8,4655518.79,2166.55
-11799880.57,4655520.26,2166.56
-11799887.120000001,4655517.25,2166.73
-11799885.44,4655518.03,2166.63
-11799888.11,4655516.69,2172.69
-11799888.76,4655516.49,2166.65
-11799889.77,4655517.48,2166.65
-11799888.13,4655518.23,2166.63
-11799889.22,4655517.600000001,2173.22
-11799886.64,4655518.91,2167.47
-11799884.870000001,4655519.74,2166.55
-11799883.23,4655520.5,2166.55
-11799882.040000001,4655521.0,2169.19
-11799880.51,4655521.71,2169.77
-11799879.22,4655522.28,2171.67
-11799877.69,4655522.97,2172.22
-11799876.17,4655523.67,2172.8
-11799874.450000001,4655524.47,2172.29
-11799872.67,4655525.3100000005,2171.56
-11799870.13,4655526.58,2166.38
-11799870.41,4655526.41,2168.0
-11799870.94,4655526.13,2170.99
-11799868.5,4655527.350000001,2166.31
-11799866.83,4655528.11,2166.24
-11799865.200000001,4655528.87,2166.29
-11799863.55,4655529.63,2166.21
-11799861.91,4655530.39,2166.19
-11799860.32,4655531.13,2166.36
-11799860.540000001,4655531.01,2167.55
-11799860.85,4655530.83,2169.29
-11799859.46,4655531.46,2170.54
-11799859.620000001,4655531.37,2171.48
-11799860.76,4655530.73,2177.67
-11799859.86,4655531.24,2172.74
-11799860.21,4655531.58,2180.02
-11799859.88,4655531.76,2178.23
-11799860.21,4655531.73,2171.23
-11799860.49,4655531.58,2172.76
-11799861.43,4655531.05,2177.86
-11799860.96,4655531.48,2166.42
-11799862.58,4655530.72,2166.19
-11799861.89,4655530.94,2171.51
-11799865.86,4655529.22,2166.21
-11799864.23,4655529.96,2166.19
-11799867.51,4655528.46,2166.24
-11799869.22,4655527.66,2166.6
-11799870.8,4655526.94,2166.27
-11799871.55,4655526.5200000005,2170.52
-11799873.290000001,4655525.69,2171.34
-11799875.17,4655524.8,2172.74
-11799876.76,4655524.05,2172.65
-11799878.370000001,4655523.33,2172.49
-11799879.69,4655522.73,2170.69
-11799879.89,4655522.63,2171.79
-11799881.21,4655522.0600000005,2170.03
-11799882.75,4655521.350000001,2169.4
-11799883.89,4655520.87,2166.55
-11799884.28,4655520.66,2168.9
-11799885.52,4655520.13,2166.59
-11799887.31,4655519.29,2167.46
-11799888.82,4655518.59,2166.8
-11799888.59,4655520.17,2166.63
-11799886.97,4655520.95,2166.61
-11799885.35,4655521.7,2166.67
-11799884.290000001,4655522.13,2169.94
-11799882.74,4655522.84,2170.51
-11799881.200000001,4655523.54,2171.13
-11799879.63,4655524.26,2171.44
-11799879.85,4655524.14,2172.72
-11799878.120000001,4655524.94,2172.06
-11799876.5,4655525.71,2172.01
-11799875.0,4655526.4,2172.76
-11799872.25,4655527.78,2166.38
-11799870.59,4655528.55,2166.33
-11799868.93,4655529.32,2166.27
-11799867.3,4655530.08,2166.24
-11799865.68,4655530.83,2166.23
-11799864.040000001,4655531.59,2166.24
-11799862.42,4655532.350000001,2166.29
-11799862.66,4655532.21,2167.65
-11799862.89,4655532.07,2168.9
-11799863.22,4655531.89,2170.72
-11799861.64,4655532.63,2170.92
-11799862.11,4655532.37,2173.49
-11799862.34,4655532.22,2174.73
-11799862.790000001,4655531.97,2177.22
-11799860.93,4655532.87,2176.01
-11799860.34,4655533.04,2181.67
-11799861.49,4655532.55,2179.05
-11799859.48,4655534.04,2183.65
-11799859.78,4655533.850000001,2185.24
-11799860.93,4655533.38,2182.77
-11799861.9,4655533.0,2179.25
-11799862.11,4655532.87,2180.44
-11799862.42,4655532.850000001,2173.28
-11799862.88,4655532.59,2175.78
-11799863.17,4655532.43,2177.38
-11799862.78,4655532.8100000005,2166.23
-11799863.01,4655532.69,2167.48
-11799863.3,4655532.5200000005,2169.1
-11799864.42,4655532.0600000005,2166.22
-11799866.07,4655531.3,2166.3
-11799867.67,4655530.55,2166.23
-11799869.31,4655529.8,2166.24
-11799870.94,4655529.0200000005,2166.28
-11799872.59,4655528.26,2166.32
-11799874.25,4655527.5,2166.36
-11799875.38,4655526.87,2172.79
-11799876.790000001,4655526.24,2171.77
-11799878.370000001,4655525.51,2171.55
-11799879.91,4655524.8100000005,2170.88
-11799881.66,4655524.0,2171.47
-11799883.200000001,4655523.29,2170.9
-11799884.71,4655522.600000001,2170.34
-11799885.72,4655522.19,2166.67
-11799887.33,4655521.46,2166.53
-11799889.0,4655520.68,2166.65
-11799889.14,4655522.3100000005,2166.55
-11799887.5,4655523.07,2166.52
-11799885.9,4655523.82,2166.56
-11799885.07,4655524.12,2171.44
-11799883.35,4655524.94,2171.03
-11799881.55,4655525.78,2170.3
-11799879.83,4655526.58,2169.55
-11799877.69,4655527.62,2166.46
-11799878.4,4655527.24,2170.51
-11799876.08,4655528.39,2166.4
-11799874.450000001,4655529.14,2166.36
-11799872.790000001,4655529.91,2166.32
-11799871.13,4655530.69,2166.3
-11799869.55,4655531.43,2166.46
-11799870.450000001,4655530.9,2171.58
-11799867.86,4655532.21,2166.27
-11799866.200000001,4655532.97,2166.23
-11799864.59,4655533.72,2166.22
-11799864.450000001,4655533.65,2174.44
-11799863.74,4655534.05,2170.52
-11799863.23,4655534.17,2176.69
-11799864.09,4655533.86,2172.46
-11799861.35,4655535.07,2175.4
-11799863.58,4655533.98,2178.65
-11799861.49,4655535.0,2176.11
-11799861.790000001,4655534.83,2177.83
-11799862.16,4655534.62,2179.78
-11799861.290000001,4655534.95,2183.9
-11799861.43,4655534.87,2184.69
-11799860.16,4655535.44,2186.48
-11799859.75,4655536.24,2184.13
-11799859.950000001,4655536.13,2185.19
-11799860.13,4655536.03,2186.15
-11799861.290000001,4655535.54,2183.67
-11799861.52,4655535.41,2184.95
-11799862.32,4655535.11,2180.55
-11799862.69,4655535.05,2173.61
-11799863.3,4655534.73,2176.94
-11799863.53,4655534.59,2178.19
-11799863.58,4655534.72,2169.4
-11799864.16,4655534.4,2172.58
-11799864.620000001,4655534.15,2175.1
-11799864.620000001,4655534.3,2166.21
-11799866.25,4655533.54,2166.21
-11799867.89,4655532.78,2166.23
-11799869.55,4655532.0,2166.3
-11799871.200000001,4655531.24,2166.31
-11799872.0,4655530.78,2170.84
-11799872.82,4655530.49,2166.3
-11799874.46,4655529.74,2166.36
-11799876.1,4655528.97,2166.4
-11799877.74,4655528.21,2166.42
-11799879.36,4655527.44,2166.42
-11799879.82,4655527.21,2169.09
-11799881.56,4655526.38,2169.67
-11799883.290000001,4655525.57,2170.4
-11799884.53,4655525.03,2168.23
-11799885.040000001,4655524.75,2171.22
-11799885.88,4655524.44,2166.51
-11799887.51,4655523.69,2166.5
-11799889.200000001,4655522.9,2166.73
-11799889.51,4655524.28,2166.57
-11799887.870000001,4655525.03,2166.58
-11799886.31,4655525.75,2166.77
-11799885.26,4655526.19,2170.17
-11799884.77,4655526.46,2167.28
-11799883.51,4655527.01,2169.44
-11799881.370000001,4655528.05,2166.55
-11799881.790000001,4655527.83,2168.92
-11799879.72,4655528.83,2166.4
-11799878.120000001,4655529.57,2166.47
-11799876.46,4655530.350000001,2166.44
-11799874.8,4655531.11,2166.42
-11799873.24,4655531.83,2166.69
-11799871.53,4655532.65,2166.31
-11799872.41,4655532.15,2171.31
-11799872.73,4655531.97,2173.1
-11799869.89,4655533.41,2166.23
-11799870.6,4655532.99,2170.23
-11799868.26,4655534.16,2166.25
-11799866.61,4655534.93,2166.26
-11799864.97,4655535.69,2166.25
-11799864.26,4655535.95,2171.32
-11799864.74,4655535.67,2173.94
-11799863.61,4655536.16,2176.61
-11799861.92,4655536.93,2176.11
-11799862.13,4655536.82,2177.33
-11799862.31,4655536.71,2178.29
-11799862.870000001,4655536.42,2181.34
-11799861.42,4655537.08,2182.26
-11799861.61,4655536.98,2183.26
-11799860.14,4655537.65,2184.21
-11799859.57,4655538.72,2182.69
-11799859.76,4655538.600000001,2183.77
-11799860.39,4655538.39,2178.5
-11799861.24,4655537.93,2183.06
-11799861.870000001,4655537.73,2177.83
-11799862.24,4655537.5200000005,2179.8
-11799863.23,4655537.12,2176.28
-11799864.02,4655536.83,2171.61
-11799863.63,4655536.9,2178.46
-11799864.52,4655536.5600000005,2174.32
-11799864.96,4655536.3100000005,2176.79
-11799864.700000001,4655536.62,2166.27
-11799866.31,4655535.86,2166.26
-11799867.94,4655535.100000001,2166.25
-11799869.540000001,4655534.36,2166.24
-11799870.52,4655533.83,2171.65
-11799870.72,4655533.71,2172.82
-11799871.15,4655533.63,2166.09
-11799872.44,4655532.91,2173.31
-11799872.84,4655532.84,2166.3
-11799874.6,4655532.01,2166.94
-11799873.870000001,4655532.26,2172.13
-11799876.13,4655531.3100000005,2166.48
-11799877.77,4655530.55,2166.4
-11799879.41,4655529.79,2166.49
-11799881.01,4655529.0600000005,2166.4
-11799881.700000001,4655528.66,2170.44
-11799882.69,4655528.25,2166.5
-11799884.36,4655527.49,2166.48
-11799884.81,4655527.24,2169.22
-11799886.05,4655526.7,2166.86
-11799889.22,4655525.25,2166.6
-11799887.6,4655526.0,2166.53
-11799888.26,4655527.16,2166.53
-11799886.620000001,4655527.92,2166.52
-11799884.97,4655528.69,2166.44
-11799883.34,4655529.45,2166.42
-11799882.53,4655529.74,2171.27
-11799884.17,4655528.98,2171.28
-11799882.8,4655529.600000001,2172.84
-11799881.09,4655530.4,2172.38
-11799879.15,4655531.33,2170.61
-11799878.44,4655531.73,2166.56
-11799879.35,4655531.22,2171.8
-11799876.82,4655532.49,2166.51
-11799875.65,4655532.99,2169.15
-11799875.17,4655533.25,2166.4
-11799873.52,4655534.0200000005,2166.34
-11799874.48,4655533.47,2171.75
-11799870.25,4655535.55,2166.31
-11799871.13,4655535.0600000005,2171.19
-11799871.42,4655534.89,2172.83
-11799868.61,4655536.3100000005,2166.31
-11799869.41,4655535.86,2170.71
-11799866.99,4655537.07,2166.27
-11799867.69,4655536.68,2170.19
-11799865.32,4655537.850000001,2166.29
-11799863.68,4655538.61,2166.35
-11799864.27,4655538.28,2169.55
-11799864.52,4655538.14,2170.92
-11799864.76,4655538.01,2172.26
-11799863.24,4655538.71,2172.77
-11799863.97,4655538.3,2176.76
-11799862.53,4655538.95,2177.61
-11799861.34,4655539.48,2179.97
-11799860.89,4655539.71,2177.55
-11799861.58,4655539.34,2181.29
-11799859.69,4655540.24,2179.9
-11799860.02,4655540.04,2181.67
-11799859.6,4655540.86,2183.15
-11799859.91,4655540.67,2184.86
-11799861.11,4655540.17,2182.42
-11799860.790000001,4655540.34,2180.75
-11799861.33,4655540.18,2174.84
-11799861.950000001,4655539.84,2178.19
-11799862.19,4655539.7,2179.48
-11799863.08,4655539.37,2175.44
-11799863.43,4655539.16,2177.38
-11799863.97,4655539.01,2171.46
-11799864.19,4655538.88,2172.63
-11799864.52,4655538.71,2174.47
-11799864.67,4655538.78,2166.3
-11799865.48,4655538.33,2170.8
-11799866.3,4655538.03,2166.29
-11799867.92,4655537.2700000005,2166.3
-11799868.61,4655536.89,2170.15
-11799869.540000001,4655536.5200000005,2166.25
-11799870.16,4655536.18,2169.76
-11799870.48,4655535.98,2171.52
-11799871.18,4655535.76,2166.21
-11799872.0,4655535.3,2170.8
-11799872.34,4655535.100000001,2172.71
-11799872.56,4655535.0,2173.92
-11799872.85,4655534.98,2166.35
-11799873.48,4655534.61,2169.9
-11799873.91,4655534.39,2172.31
-11799874.19,4655534.23,2173.92
-11799874.48,4655534.22,2166.35
-11799875.01,4655533.93,2169.4
-11799875.61,4655533.58,2172.8
-11799875.22,4655533.8100000005,2170.55
-11799877.76,4655532.69,2166.42
-11799876.120000001,4655533.46,2166.4
-11799878.71,4655532.17,2171.86
-11799878.5,4655532.29,2170.63
-11799879.4,4655531.93,2166.46
-11799880.25,4655531.46,2171.38
-11799880.5,4655531.32,2172.84
-11799883.86,4655529.74,2173.47
-11799882.08,4655530.600000001,2172.5
-11799884.28,4655529.67,2166.44
-11799885.08,4655529.22,2171.15
-11799887.53,4655528.15,2166.5
-11799885.89,4655528.93,2166.44
-11799889.21,4655527.38,2166.6
-11799888.66,4655529.32,2166.5
-11799885.4,4655530.850000001,2166.49
-11799887.07,4655530.08,2166.57
-11799886.21,4655530.4,2171.28
-11799884.85,4655531.0,2172.88
-11799883.370000001,4655531.67,2173.65
-11799881.75,4655532.43,2173.77
-11799882.58,4655531.98,2178.52
-11799880.290000001,4655533.09,2174.65
-11799877.26,4655534.65,2166.42
-11799875.63,4655535.41,2166.38
-11799878.09,4655534.18,2171.19
-11799876.76,4655534.78,2172.82
-11799876.44,4655534.95,2171.03
-11799874.69,4655535.78,2170.38
-11799873.98,4655536.19,2166.32
-11799873.15,4655536.49,2170.86
-11799874.85,4655535.69,2171.31
-11799870.700000001,4655537.71,2166.31
-11799873.44,4655536.32,2172.51
-11799871.51,4655537.25,2170.86
-11799871.790000001,4655537.11,2172.38
-11799869.07,4655538.46,2166.34
-11799870.09,4655537.91,2172.01
-11799870.25,4655537.8,2172.92
-11799867.43,4655539.22,2166.32
-11799865.77,4655540.01,2166.31
-11799865.42,4655540.0600000005,2173.38
-11799864.14,4655540.76,2166.36
-11799865.88,4655539.8100000005,2175.85
-11799864.8,4655540.4,2169.98
-11799863.84,4655540.8,2173.53
-11799864.19,4655540.59,2175.4
-11799864.57,4655540.39,2177.54
-11799862.120000001,4655541.600000001,2173.11
-11799862.36,4655541.47,2174.4
-11799862.91,4655541.17,2177.36
-11799863.25,4655540.97,2179.25
-11799861.71,4655541.68,2179.75
-11799861.93,4655541.5600000005,2180.92
-11799860.58,4655542.18,2182.34
-11799859.66,4655543.26,2182.56
-11799860.72,4655542.82,2179.65
-11799861.13,4655542.600000001,2181.9
-11799862.02,4655542.24,2178.02
-11799862.620000001,4655541.91,2181.23
-11799862.28,4655542.11,2179.38
-11799862.8,4655541.96,2173.31
-11799863.33,4655541.66,2176.26
-11799863.97,4655541.3100000005,2179.69
-11799864.31,4655541.2700000005,2172.69
-11799864.8,4655541.15,2166.36
-11799865.44,4655540.78,2169.92
-11799866.42,4655540.39,2166.33
-11799868.040000001,4655539.64,2166.3
-11799869.68,4655538.88,2166.26
-11799870.69,4655538.3100000005,2171.92
-11799871.32,4655538.11,2166.25
-11799872.24,4655537.600000001,2171.47
-11799874.09,4655536.72,2172.67
-11799872.97,4655537.34,2166.36
-11799874.620000001,4655536.58,2166.35
-11799875.370000001,4655536.15,2170.61
-11799875.74,4655535.95,2172.71
-11799876.92,4655535.44,2170.34
-11799876.23,4655535.82,2166.42
-11799878.790000001,4655534.5600000005,2171.85
-11799877.84,4655535.08,2166.42
-11799879.16,4655534.33,2174.02
-11799880.92,4655533.51,2174.72
-11799881.39,4655533.25,2177.42
-11799882.51,4655532.7700000005,2174.4
-11799883.21,4655532.39,2178.4
-11799884.040000001,4655532.07,2173.82
-11799885.22,4655531.55,2171.36
-11799885.5,4655531.42,2172.99
-11799886.03,4655531.2700000005,2166.49
-11799886.9,4655530.7700000005,2171.55
-11799887.71,4655530.48,2166.61
-11799889.35,4655529.72,2166.54
-11799888.9,4655531.48,2166.54
-11799887.290000001,4655532.22,2166.61
-11799887.97,4655531.84,2170.61
-11799886.44,4655532.55,2171.28
-11799886.790000001,4655532.37,2173.29
-11799885.07,4655533.15,2172.78
-11799884.5,4655533.34,2178.94
-11799882.84,4655534.11,2178.86
-11799880.43,4655535.32,2174.19
-11799880.19,4655535.45,2172.84
-11799881.05,4655534.95,2177.8
-11799880.72,4655535.15,2175.92
-11799877.47,4655536.8100000005,2166.44
-11799875.83,4655537.58,2166.4
-11799876.5,4655537.2,2170.19
-11799874.19,4655538.350000001,2166.36
-11799874.92,4655537.95,2170.47
-11799875.11,4655537.84,2171.54
-11799873.58,4655538.55,2172.02
-11799872.58,4655539.100000001,2166.44
-11799871.97,4655539.3,2172.15
-11799870.94,4655539.87,2166.38
-11799869.27,4655540.65,2166.32
-11799867.620000001,4655541.41,2166.36
-11799865.98,4655542.17,2166.36
-11799864.34,4655542.95,2166.36
-11799865.61,4655542.25,2173.31
-11799865.03,4655542.5600000005,2170.13
-11799863.97,4655543.0,2173.25
-11799864.28,4655542.86,2174.88
-11799864.700000001,4655542.62,2177.15
-11799863.24,4655543.29,2177.79
-11799862.08,4655543.79,2180.26
-11799859.73,4655544.96,2176.36
-11799860.53,4655544.5200000005,2180.61
-11799860.92,4655544.29,2182.75
-11799859.66,4655544.86,2184.78
-11799859.77,4655545.58,2183.47
-11799860.07,4655545.5600000005,2176.28
-11799860.93,4655545.0600000005,2180.9
-11799861.31,4655544.87,2182.96
-11799862.1,4655544.58,2178.54
-11799862.41,4655544.41,2180.22
-11799863.41,4655543.97,2176.86
-11799863.59,4655543.89,2177.84
-11799864.15,4655543.72,2171.92
-11799864.4,4655543.58,2173.3
-11799864.63,4655543.46,2174.58
-11799865.14,4655543.17,2177.35
-11799864.76,4655543.5200000005,2166.33
-11799865.42,4655543.14,2169.92
-11799865.65,4655543.04,2171.19
-11799866.41,4655542.76,2166.35
-11799868.05,4655541.98,2166.33
-11799869.66,4655541.22,2166.32
-11799871.3,4655540.46,2166.36
-11799872.22,4655539.98,2171.44
-11799872.96,4655539.7,2166.42
-11799873.870000001,4655539.2,2171.57
-11799874.58,4655538.95,2166.38
-11799875.39,4655538.49,2171.04
-11799876.22,4655538.19,2166.4
-11799876.98,4655537.7700000005,2170.73
-11799877.86,4655537.43,2166.42
-11799880.63,4655536.0200000005,2173.13
-11799880.9,4655535.87,2174.67
-11799883.06,4655534.83,2177.85
-11799882.540000001,4655535.11,2174.86
-11799884.68,4655534.0600000005,2177.98
-11799885.5,4655533.75,2173.33
-11799885.89,4655533.54,2175.61
-11799886.18,4655533.37,2177.33
-11799887.14,4655532.99,2173.38
-11799887.68,4655532.84,2166.71
-11799888.370000001,4655532.46,2170.74
-11799889.32,4655532.08,2166.65
-11799889.25,4655533.5200000005,2166.69
-11799887.64,4655534.28,2166.61
-11799888.0,4655534.07,2168.79
-11799886.81,4655534.57,2171.44
-11799885.65,4655535.07,2174.32
-11799885.92,4655534.94,2175.82
-11799884.32,4655535.68,2176.04
-11799882.36,4655536.63,2173.94
-11799882.6,4655536.49,2175.31
-11799879.450000001,4655538.100000001,2166.42
-11799880.870000001,4655537.32,2174.6
-11799877.81,4655538.86,2166.42
-11799877.040000001,4655539.15,2171.17
-11799876.21,4655539.62,2166.42
-11799874.56,4655540.37,2166.42
-11799872.89,4655541.16,2166.42
-11799871.28,4655541.92,2166.36
-11799869.64,4655542.67,2166.36
-11799868.01,4655543.43,2166.38
-11799866.36,4655544.22,2166.4
-11799864.71,4655545.0,2166.4
-11799863.08,4655545.76,2166.42
-11799864.07,4655545.22,2171.79
-11799862.22,4655546.100000001,2170.53
-11799862.540000001,4655545.93,2172.24
-11799862.75,4655545.8100000005,2173.4
-11799863.31,4655545.5,2176.44
-11799861.27,4655546.5,2174.24
-11799862.17,4655546.0,2179.06
-11799860.01,4655547.05,2176.19
-11799860.26,4655546.89,2177.57
-11799861.040000001,4655546.48,2181.71
-11799860.0,4655547.74,2176.32
-11799860.27,4655547.58,2177.8
-11799859.790000001,4655548.0,2166.44
-11799860.16,4655547.8,2168.42
-11799861.6,4655547.0,2176.19
-11799862.19,4655546.69,2179.31
-11799861.43,4655547.24,2166.42
-11799862.19,4655546.82,2170.55
-11799862.84,4655546.47,2174.03
-11799863.05,4655546.48,2166.44
-11799864.69,4655545.71,2166.38
-11799866.31,4655544.95,2166.38
-11799867.92,4655544.22,2166.36
-11799868.21,4655544.05,2168.04
-11799869.56,4655543.44,2166.38
-11799871.200000001,4655542.68,2166.36
-11799872.84,4655541.92,2166.38
-11799873.96,4655541.29,2172.63
-11799874.49,4655541.14,2166.42
-11799875.620000001,4655540.5200000005,2172.78
-11799876.120000001,4655540.38,2166.46
-11799876.91,4655539.95,2170.88
-11799877.73,4655539.63,2166.44
-11799879.36,4655538.87,2166.46
-11799881.82,4655537.65,2171.09
-11799882.38,4655537.350000001,2174.31
-11799882.61,4655537.22,2175.63
-11799883.48,4655536.88,2171.19
-11799885.46,4655535.92,2173.34
-11799884.22,4655536.47,2175.51
-11799885.790000001,4655535.74,2175.26
-11799886.700000001,4655535.38,2171.23
-11799886.97,4655535.24,2172.77
-11799887.540000001,4655535.05,2166.65
-11799887.92,4655534.83,2168.86
-11799889.18,4655534.28,2166.63
-11799889.58,4655535.8,2166.63
-11799887.94,4655536.57,2166.61
-11799886.33,4655537.3100000005,2166.63
-11799886.620000001,4655537.16,2168.31
-11799887.450000001,4655536.71,2173.15
-11799885.18,4655537.82,2169.4
-11799885.39,4655537.69,2170.56
-11799885.84,4655537.45,2173.23
-11799883.06,4655538.86,2166.56
-11799883.74,4655538.48,2170.49
-11799884.34,4655538.12,2174.03
-11799881.42,4655539.63,2166.5
-11799879.81,4655540.37,2166.51
-11799880.27,4655540.13,2169.15
-11799880.77,4655539.84,2172.03
-11799878.17,4655541.15,2166.47
-11799876.53,4655541.9,2166.5
-11799877.03,4655541.63,2169.32
-11799877.85,4655541.18,2173.98
-11799874.88,4655542.69,2166.48
-11799873.25,4655543.45,2166.44
-11799874.08,4655543.0,2171.13
-11799874.36,4655542.84,2172.69
-11799871.61,4655544.2,2166.42
-11799869.97,4655544.99,2166.44
-11799868.370000001,4655545.73,2166.56
-11799866.73,4655546.5,2166.4
-11799865.5,4655547.04,2168.47
-11799865.16,4655547.25,2166.58
-11799864.44,4655547.51,2171.55
-11799863.49,4655548.0200000005,2166.42
-11799861.84,4655548.8,2166.44
-11799864.01,4655547.75,2169.23
-11799862.870000001,4655548.23,2172.04
-11799860.18,4655549.59,2166.4
-11799860.540000001,4655549.38,2168.42
-11799860.950000001,4655549.17,2170.53
-11799861.53,4655548.84,2173.69
-11799860.24,4655549.42,2175.47
-11799859.73,4655550.18,2174.85
-11799859.870000001,4655550.100000001,2175.56
-11799860.370000001,4655549.83,2178.23
-11799859.8,4655550.28,2166.42
-11799861.36,4655549.43,2174.82
-11799861.81,4655549.3100000005,2168.51
-11799862.14,4655549.11,2170.23
-11799862.53,4655548.92,2172.34
-11799862.73,4655548.79,2173.47
-11799863.07,4655548.76,2166.42
-11799863.66,4655548.43,2169.63
-11799864.06,4655548.21,2171.78
-11799865.19,4655547.72,2168.97
-11799866.370000001,4655547.2,2166.47
-11799866.71,4655547.03,2168.32
-11799868.0,4655546.45,2166.4
-11799869.65,4655545.66,2166.42
-11799871.25,4655544.92,2166.4
-11799872.85,4655544.18,2166.44
-11799873.98,4655543.5600000005,2172.73
-11799874.5,4655543.4,2166.42
-11799875.44,4655542.88,2171.67
-11799875.72,4655542.75,2173.23
-11799876.16,4655542.64,2166.5
-11799876.66,4655542.350000001,2169.36
-11799877.34,4655541.98,2173.15
-11799877.78,4655541.88,2166.53
-11799878.33,4655541.5600000005,2169.59
-11799879.4,4655541.12,2166.51
-11799881.01,4655540.350000001,2166.48
-11799882.66,4655539.59,2166.51
-11799884.31,4655538.82,2166.56
-11799884.620000001,4655538.65,2168.38
-11799885.48,4655538.16,2173.35
-11799885.93,4655538.0600000005,2166.6
-11799886.82,4655537.57,2171.77
-11799889.19,4655536.5200000005,2166.61
-11799887.57,4655537.29,2166.61
-11799889.56,4655537.8,2166.63
-11799887.91,4655538.57,2166.63
-11799886.27,4655539.34,2166.61
-11799884.65,4655540.100000001,2166.57
-11799883.01,4655540.87,2166.54
-11799881.370000001,4655541.63,2166.55
-11799881.96,4655541.3100000005,2169.96
-11799879.73,4655542.42,2166.51
-11799880.27,4655542.12,2169.63
-11799880.71,4655541.88,2172.11
-11799878.1,4655543.17,2166.61
-11799878.88,4655542.75,2171.07
-11799879.22,4655542.57,2172.98
-11799876.450000001,4655543.96,2166.44
-11799877.77,4655543.22,2173.92
-11799874.81,4655544.73,2166.49
-11799875.93,4655544.12,2172.71
-11799876.14,4655543.99,2173.94
-11799873.21,4655545.47,2166.48
-11799871.58,4655546.23,2166.44
-11799869.97,4655546.99,2166.44
-11799868.36,4655547.76,2166.49
-11799868.700000001,4655547.58,2168.35
-11799867.16,4655548.29,2168.94
-11799865.6,4655549.01,2169.4
-11799863.39,4655550.100000001,2166.33
-11799863.81,4655549.87,2168.6
-11799864.03,4655549.74,2169.84
-11799864.43,4655549.54,2171.9
-11799861.790000001,4655550.850000001,2166.47
-11799862.39,4655550.5,2169.78
-11799863.07,4655550.14,2173.4
-11799860.120000001,4655551.62,2166.42
-11799861.1,4655551.100000001,2171.63
-11799861.450000001,4655550.9,2173.57
-11799860.03,4655551.5600000005,2174.56
-11799860.120000001,4655552.34,2169.94
-11799860.43,4655552.17,2171.61
-11799860.700000001,4655552.0200000005,2173.01
-11799860.92,4655551.9,2174.17
-11799861.09,4655551.93,2166.44
-11799861.78,4655551.5600000005,2170.11
-11799862.31,4655551.2700000005,2173.0
-11799862.72,4655551.17,2166.44
-11799864.31,4655550.42,2166.31
-11799864.72,4655550.2,2168.57
-11799866.48,4655549.38,2169.31
-11799868.08,4655548.61,2169.0
-11799869.25,4655548.11,2166.46
-11799870.85,4655547.37,2166.44
-11799872.51,4655546.59,2166.44
-11799874.17,4655545.82,2166.47
-11799875.4,4655545.15,2173.36
-11799876.27,4655544.79,2169.17
-11799876.51,4655544.66,2170.53
-11799876.92,4655544.44,2172.77
-11799878.4,4655543.76,2172.24
-11799877.08,4655544.350000001,2173.73
-11799878.64,4655543.62,2173.54
-11799877.4,4655544.29,2166.5
-11799880.19,4655542.9,2173.23
-11799879.03,4655543.53,2166.54
-11799881.27,4655542.44,2170.15
-11799879.700000001,4655543.18,2170.36
-11799882.290000001,4655542.0200000005,2166.55
-11799880.64,4655542.8,2166.51
-11799883.02,4655541.62,2170.69
-11799883.94,4655541.23,2166.53
-11799885.58,4655540.47,2166.57
-11799888.85,4655538.93,2166.63
-11799886.22,4655540.13,2170.24
-11799889.27,4655538.71,2169.1
-11799887.200000001,4655539.72,2166.6
-11799889.59,4655539.89,2166.65
-11799887.94,4655540.65,2166.63
-11799886.3,4655541.44,2166.63
-11799886.74,4655541.19,2169.26
-11799884.67,4655542.19,2166.61
-11799885.23,4655541.9,2169.84
-11799883.03,4655542.97,2166.57
-11799881.4,4655543.74,2166.56
-11799879.790000001,4655544.48,2166.53
-11799878.18,4655545.25,2166.53
-11799878.93,4655544.850000001,2170.74
-11799879.27,4655544.64,2172.71
-11799874.91,4655546.78,2166.51
-11799876.56,4655546.0200000005,2166.54
-11799875.88,4655546.2700000005,2171.88
-11799877.790000001,4655545.350000001,2173.47
-11799871.61,4655548.34,2166.49
-11799873.27,4655547.57,2166.51
-11799869.98,4655549.11,2166.49
-11799868.38,4655549.87,2166.49
-11799867.18,4655550.39,2168.83
-11799865.13,4655551.4,2166.46
-11799863.47,4655552.18,2166.48
-11799864.06,4655551.850000001,2169.63
-11799864.450000001,4655551.64,2171.75
-11799861.83,4655552.95,2166.46
-11799862.99,4655552.3100000005,2172.69
-11799862.66,4655552.49,2170.88
-11799860.8,4655553.39,2169.69
-11799860.21,4655553.71,2166.48
-11799861.16,4655553.18,2171.57
-11799861.44,4655553.0200000005,2173.07
-11799860.19,4655553.600000001,2175.01
-11799859.75,4655553.83,2172.63
-11799859.76,4655554.55,2170.09
-11799860.200000001,4655554.3,2172.49
-11799860.700000001,4655554.15,2166.46
-11799861.22,4655553.88,2169.25
-11799861.83,4655553.54,2172.52
-11799862.34,4655553.38,2166.44
-11799863.3,4655552.87,2171.61
-11799864.64,4655552.2700000005,2169.96
-11799863.99,4655552.62,2166.47
-11799864.86,4655552.12,2171.17
-11799865.6,4655551.850000001,2166.44
-11799867.19,4655551.12,2166.31
-11799867.6,4655550.9,2168.54
-11799868.870000001,4655550.32,2166.44
-11799870.5,4655549.55,2166.48
-11799872.1,4655548.8100000005,2166.48
-11799873.74,4655548.05,2166.49
-11799875.38,4655547.28,2166.52
-11799876.31,4655546.7700000005,2171.78
-11799876.540000001,4655546.64,2173.13
-11799876.98,4655546.53,2166.52
-11799877.73,4655546.11,2170.73
-11799878.08,4655545.93,2172.74
-11799878.35,4655545.78,2174.26
-11799878.620000001,4655545.7700000005,2166.56
-11799879.36,4655545.350000001,2170.82
-11799879.620000001,4655545.22,2172.25
-11799880.26,4655544.99,2166.52
-11799881.89,4655544.23,2166.56
-11799883.55,4655543.43,2166.57
-11799885.17,4655542.68,2166.59
-11799885.74,4655542.38,2169.86
-11799885.97,4655542.25,2171.24
-11799886.790000001,4655541.92,2166.63
-11799887.33,4655541.62,2169.77
-11799888.43,4655541.16,2166.63
-11799889.0,4655540.84,2170.01
-11799889.43,4655542.08,2166.49
-11799887.82,4655542.850000001,2166.6
-11799888.47,4655542.49,2170.38
-11799888.81,4655542.3,2172.36
-11799886.19,4655543.61,2166.6
-11799886.81,4655543.28,2170.19
-11799887.22,4655543.0600000005,2172.56
-11799884.57,4655544.38,2166.58
-11799885.19,4655544.04,2170.15
-11799885.43,4655543.91,2171.57
-11799882.950000001,4655545.14,2166.58
-11799881.31,4655545.9,2166.56
-11799879.66,4655546.68,2166.52
-11799878.02,4655547.47,2166.53
-11799878.82,4655547.01,2171.07
-11799879.15,4655546.84,2172.88
-11799876.370000001,4655548.24,2166.55
-11799877.49,4655547.64,2172.8
-11799874.77,4655548.98,2166.55
-11799875.67,4655548.51,2171.58
-11799873.14,4655549.76,2166.51
-11799871.49,4655550.54,2166.51
-11799868.22,4655552.09,2166.52
-11799869.84,4655551.3100000005,2166.51
-11799866.57,4655552.86,2166.42
-11799867.42,4655552.4,2171.02
-11799865.92,4655553.100000001,2171.65
-11799864.97,4655553.61,2166.5
-11799863.290000001,4655554.39,2166.4
-11799864.05,4655553.99,2170.5
-11799864.35,4655553.84,2172.07
-11799864.72,4655553.63,2174.01
-11799861.65,4655555.17,2166.47
-11799862.89,4655554.51,2173.09
-11799860.01,4655555.95,2166.46
-11799861.09,4655555.37,2172.17
-11799861.33,4655555.22,2173.48
-11799860.24,4655556.38,2166.47
-11799859.66,4655556.57,2171.94
-11799861.84,4655555.63,2166.4
-11799861.56,4655555.67,2173.48
-11799864.25,4655554.45,2170.49
-11799863.08,4655554.97,2173.07
-11799864.64,4655554.22,2172.65
-11799864.86,4655554.100000001,2173.78
-11799865.14,4655554.08,2166.5
-11799865.48,4655553.89,2168.36
-11799866.09,4655553.5600000005,2171.65
-11799866.53,4655553.32,2174.0
-11799866.77,4655553.32,2166.44
-11799867.59,4655552.88,2170.94
-11799868.42,4655552.53,2166.5
-11799869.03,4655552.21,2169.82
-11799870.06,4655551.7700000005,2166.5
-11799874.94,4655549.48,2166.53
-11799871.700000001,4655550.99,2166.5
-11799876.58,4655548.71,2166.56
-11799873.31,4655550.25,2166.5
-11799878.19,4655547.95,2166.54
-11799878.99,4655547.5200000005,2171.08
-11799879.32,4655547.32,2172.94
-11799881.47,4655546.42,2166.55
-11799879.83,4655547.18,2166.52
-11799885.33,4655544.55,2169.98
-11799883.1,4655545.64,2166.58
-11799886.36,4655544.09,2166.61
-11799884.74,4655544.850000001,2166.56
-11799887.42,4655543.53,2172.69
-11799886.97,4655543.76,2170.13
-11799888.73,4655542.94,2170.94
-11799887.99,4655543.34,2166.63
-11799889.59,4655542.59,2166.47
-11799888.55,4655543.04,2169.9
-11799888.120000001,4655544.79,2169.86
-11799887.56,4655545.09,2166.58
-11799888.4,4655544.65,2171.44
-11799888.69,4655544.48,2173.19
-11799886.61,4655545.5,2170.52
-11799885.94,4655545.850000001,2166.61
-11799884.28,4655546.63,2166.6
-11799882.66,4655547.42,2166.58
-11799881.03,4655548.18,2166.58
-11799879.42,4655548.93,2166.56
-11799877.790000001,4655549.71,2166.57
-11799878.6,4655549.26,2171.15
-11799876.14,4655550.49,2166.54
-11799874.51,4655551.26,2166.52
-11799872.88,4655552.0200000005,2166.52
-11799871.25,4655552.8,2166.51
-11799869.620000001,4655553.57,2166.51
-11799868.83,4655553.89,2171.1
-11799867.99,4655554.33,2166.54
-11799866.370000001,4655555.100000001,2166.53
-11799867.25,4655554.61,2171.34
-11799865.790000001,4655555.3,2172.31
-11799866.03,4655555.16,2173.63
-11799864.01,4655556.15,2171.54
-11799864.38,4655555.95,2173.55
-11799862.790000001,4655556.69,2173.73
-11799859.77,4655558.21,2166.42
-11799860.58,4655557.78,2170.69
-11799860.93,4655557.59,2172.51
-11799861.22,4655557.44,2174.07
-11799859.67,4655558.17,2174.4
-11799860.83,4655558.26,2173.02
-11799861.200000001,4655558.15,2166.44
-11799861.77,4655557.87,2169.49
-11799862.28,4655557.59,2172.21
-11799862.69,4655557.37,2174.34
-11799863.22,4655557.17,2168.57
-11799863.790000001,4655556.88,2171.58
-11799864.1,4655556.71,2173.25
-11799865.58,4655556.0200000005,2172.49
-11799865.9,4655555.86,2174.22
-11799866.13,4655555.84,2166.55
-11799867.1,4655555.3100000005,2171.8
-11799867.55,4655555.08,2174.24
-11799867.76,4655555.08,2166.51
-11799868.68,4655554.58,2171.61
-11799871.01,4655553.55,2166.51
-11799869.36,4655554.32,2166.5
-11799872.65,4655552.78,2166.52
-11799874.28,4655552.01,2166.51
-11799875.93,4655551.23,2166.52
-11799877.56,4655550.47,2166.54
-11799879.18,4655549.71,2166.55
-11799880.81,4655548.94,2166.53
-11799882.46,4655548.16,2166.57
-11799884.11,4655547.37,2166.57
-11799885.700000001,4655546.64,2166.59
-11799887.290000001,4655545.89,2166.59
-11799887.9,4655545.5600000005,2170.09
-11799889.5,4655544.8,2169.92
-11799888.84,4655546.46,2166.63
-11799889.72,4655545.98,2171.73
-11799888.1,4655546.74,2171.8
-11799887.21,4655547.24,2166.63
-11799883.91,4655548.8,2166.61
-11799885.56,4655548.03,2166.61
-11799882.32,4655549.5600000005,2166.59
-11799880.68,4655550.32,2166.54
-11799879.06,4655551.100000001,2166.54
-11799877.43,4655551.87,2166.55
-11799875.78,4655552.65,2166.55
-11799874.16,4655553.41,2166.55
-11799872.55,4655554.18,2166.56
-11799870.91,4655554.94,2166.55
-11799871.43,4655554.67,2169.38
-11799869.28,4655555.72,2166.55
-11799867.63,4655556.51,2166.51
-11799865.99,4655557.28,2166.46
-11799866.73,4655556.89,2170.44
-11799867.25,4655556.59,2173.25
-11799864.42,4655558.0200000005,2166.63
-11799864.91,4655557.74,2169.31
-11799865.28,4655557.5600000005,2171.29
-11799862.75,4655558.82,2166.42
-11799863.65,4655558.33,2171.27
-11799864.14,4655558.07,2173.86
-11799861.08,4655559.59,2166.36
-11799861.790000001,4655559.21,2170.13
-11799860.21,4655559.97,2170.4
-11799860.68,4655559.71,2172.88
-11799859.790000001,4655560.09,2176.65
-11799859.93,4655560.78,2171.36
-11799860.43,4655560.51,2174.04
-11799860.58,4655560.55,2166.38
-11799861.34,4655560.15,2170.36
-11799861.68,4655559.97,2172.19
-11799861.98,4655559.8,2173.8
-11799862.21,4655559.78,2166.44
-11799862.540000001,4655559.600000001,2168.23
-11799863.51,4655559.09,2173.31
-11799864.65,4655558.58,2170.74
-11799864.97,4655558.41,2172.46
-11799865.23,4655558.26,2173.79
-11799865.51,4655558.21,2166.55
-11799866.28,4655557.82,2170.69
-11799866.71,4655557.58,2173.07
-11799867.14,4655557.45,2166.52
-11799867.84,4655557.07,2170.3
-11799868.35,4655556.79,2173.01
-11799868.78,4655556.67,2166.52
-11799870.42,4655555.91,2166.53
-11799872.56,4655554.87,2169.31
-11799872.05,4655555.14,2166.55
-11799873.700000001,4655554.36,2166.54
-11799875.33,4655553.600000001,2166.53
-11799876.94,4655552.84,2166.54
-11799878.620000001,4655552.03,2166.82
-11799880.21,4655551.29,2166.63
-11799881.83,4655550.53,2166.57
-11799883.46,4655549.7700000005,2166.6
-11799885.08,4655549.01,2166.59
-11799886.69,4655548.24,2166.6
-11799888.33,4655547.47,2166.61
-11799889.17,4655547.0,2171.51
-11799888.42,4655548.88,2166.65
-11799889.28,4655548.41,2171.67
-11799888.81,4655548.66,2168.97
-11799889.53,4655548.28,2173.06
-11799886.77,4655549.67,2166.65
-11799887.21,4655549.42,2169.23
-11799887.4,4655549.3100000005,2170.36
-11799885.15,4655550.43,2166.63
-11799883.53,4655551.18,2166.63
-11799881.97,4655551.94,2166.88
-11799880.290000001,4655552.73,2166.55
-11799878.64,4655553.51,2166.63
-11799875.370000001,4655555.0600000005,2166.67
-11799876.96,4655554.29,2166.59
-11799874.25,4655555.55,2169.38
-11799872.66,4655556.3100000005,2169.74
-11799870.44,4655557.4,2166.53
-11799870.97,4655557.11,2169.42
-11799868.83,4655558.16,2166.54
-11799867.21,4655558.92,2166.54
-11799868.15,4655558.42,2171.59
-11799865.57,4655559.7,2166.4
-11799866.83,4655559.03,2173.13
-11799863.93,4655560.47,2166.47
-11799864.99,4655559.91,2172.11
-11799865.32,4655559.74,2173.86
-11799862.28,4655561.26,2166.38
-11799863.01,4655560.88,2170.22
-11799863.32,4655560.7,2171.92
-11799863.53,4655560.59,2173.01
-11799860.67,4655562.01,2166.44
-11799861.620000001,4655561.51,2171.5
-11799860.16,4655562.19,2172.47
-11799860.5,4655562.01,2174.22
-11799859.78,4655562.29,2178.94
-11799859.76,4655562.95,2174.86
-11799860.24,4655562.7,2177.4
-11799860.38,4655562.73,2169.76
-11799859.75,4655563.07,2166.4
-11799860.81,4655562.48,2172.06
-11799861.26,4655562.26,2174.36
-11799861.36,4655562.3100000005,2166.36
-11799862.14,4655561.89,2170.44
-11799863.01,4655561.5200000005,2166.44
-11799862.52,4655561.69,2172.44
-11799865.540000001,4655560.26,2171.28
-11799863.56,4655561.23,2169.35
-11799867.55,4655559.29,2173.32
-11799864.65,4655560.73,2166.52
-11799867.9,4655559.2,2166.54
-11799866.28,4655559.97,2166.44
-11799868.72,4655558.76,2170.92
-11799869.56,4655558.43,2166.53
-11799871.74,4655557.350000001,2169.57
-11799873.41,4655556.57,2169.78
-11799874.97,4655555.84,2169.44
-11799877.71,4655554.57,2166.55
-11799876.06,4655555.350000001,2166.56
-11799879.35,4655553.79,2166.55
-11799880.99,4655553.03,2166.54
-11799884.25,4655551.49,2166.58
-11799882.700000001,4655552.2,2166.98
-11799885.89,4655550.72,2166.61
-11799886.67,4655550.28,2171.13
-11799887.5,4655549.95,2166.65
-11799888.1,4655549.63,2170.15
-11799889.57,4655548.94,2169.29
-11799889.11,4655549.19,2166.63
-11799889.42,4655550.57,2166.67
-11799888.56,4655550.93,2171.15
-11799888.23,4655551.11,2169.22
-11799888.8,4655550.8,2172.55
-11799886.68,4655551.84,2169.69
-11799886.96,4655551.69,2171.3
-11799887.26,4655551.53,2173.05
-11799884.58,4655552.87,2166.98
-11799885.28,4655552.49,2170.94
-11799885.51,4655552.37,2172.25
-11799882.870000001,4655553.69,2166.6
-11799881.25,4655554.46,2166.57
-11799879.64,4655555.22,2166.56
-11799878.02,4655556.0,2166.57
-11799876.89,4655556.48,2169.47
-11799875.3,4655557.24,2169.8
-11799873.75,4655557.97,2170.13
-11799872.09,4655558.7700000005,2169.83
-11799869.85,4655559.87,2166.51
-11799870.4,4655559.58,2169.42
-11799868.19,4655560.64,2166.55
-11799869.08,4655560.18,2171.34
-11799866.52,4655561.44,2166.52
-11799867.4,4655560.97,2171.19
-11799867.67,4655560.84,2172.63
-11799865.93,4655561.68,2171.83
-11799864.92,4655562.2,2166.5
-11799866.17,4655561.54,2173.17
-11799863.31,4655562.97,2166.51
-11799861.67,4655563.75,2166.42
-11799861.120000001,4655563.95,2172.19
-11799862.53,4655563.29,2170.98
-11799860.03,4655564.53,2166.4
-11799859.950000001,4655564.48,2174.51
-11799859.82,4655565.22,2172.4
-11799860.24,4655565.0,2174.61
-11799860.3,4655565.05,2166.36
-11799861.47,4655564.44,2172.53
-11799861.92,4655564.29,2166.36
-11799862.950000001,4655563.74,2171.81
-11799863.58,4655563.5,2166.49
-11799865.24,4655562.73,2166.49
-11799864.51,4655563.0200000005,2171.42
-11799866.19,4655562.22,2171.55
-11799866.47,4655562.07,2173.08
-11799866.89,4655561.94,2166.52
-11799867.65,4655561.53,2170.65
-11799869.33,4655560.73,2170.96
-11799868.5,4655561.18,2166.51
-11799870.69,4655560.12,2169.46
-11799872.4,4655559.3,2169.88
-11799874.1,4655558.49,2170.26
-11799875.64,4655557.7700000005,2169.9
-11799877.200000001,4655557.0200000005,2169.55
-11799878.3,4655556.54,2166.56
-11799879.92,4655555.76,2166.57
-11799881.53,4655555.0200000005,2166.55
-11799883.15,4655554.25,2166.56
-11799884.88,4655553.41,2166.92
-11799885.69,4655552.99,2171.52
-11799887.620000001,4655552.04,2173.24
-11799889.05,4655551.39,2172.21
-11799888.77,4655551.54,2170.61
-11799889.13,4655552.86,2169.04
-11799889.57,4655552.62,2171.6
-11799889.75,4655552.5200000005,2172.65
-11799887.98,4655553.37,2171.79
-11799888.25,4655553.24,2173.29
-11799885.43,4655554.63,2166.53
-11799886.01,4655554.33,2169.9
-11799886.48,4655554.08,2172.56
-11799883.82,4655555.39,2166.58
-11799882.23,4655556.15,2166.61
-11799880.6,4655556.93,2166.59
-11799878.950000001,4655557.73,2166.59
-11799877.31,4655558.5,2166.63
-11799877.790000001,4655558.24,2169.32
-11799876.23,4655558.99,2169.71
-11799874.65,4655559.74,2170.08
-11799873.040000001,4655560.5,2170.21
-11799871.35,4655561.3,2169.76
-11799869.13,4655562.39,2166.49
-11799869.67,4655562.11,2169.4
-11799867.51,4655563.16,2166.53
-11799865.89,4655563.93,2166.51
-11799866.57,4655563.58,2170.13
-11799864.26,4655564.71,2166.52
-11799864.93,4655564.36,2170.13
-11799865.200000001,4655564.2,2171.55
-11799862.63,4655565.49,2166.47
-11799863.700000001,4655564.91,2172.07
-11799860.99,4655566.2700000005,2166.36
-11799860.18,4655566.600000001,2170.69
-11799859.76,4655567.54,2168.9
-11799860.19,4655567.3,2171.15
-11799862.540000001,4655566.24,2166.38
-11799860.89,4655567.03,2166.34
-11799863.58,4655565.71,2171.85
-11799864.22,4655565.44,2166.49
-11799864.97,4655565.0600000005,2170.47
-11799865.86,4655564.67,2166.49
-11799867.48,4655563.91,2166.5
-11799869.08,4655563.15,2166.44
-11799869.63,4655562.86,2169.38
-11799871.32,4655562.04,2169.79
-11799873.02,4655561.23,2170.19
-11799874.65,4655560.47,2170.19
-11799876.23,4655559.72,2169.86
-11799877.790000001,4655558.99,2169.54
-11799878.870000001,4655558.51,2166.58
-11799880.52,4655557.72,2166.6
-11799882.15,4655556.95,2166.57
-11799883.75,4655556.2,2166.58
-11799885.35,4655555.43,2166.53
-11799886.14,4655555.0,2171.09
-11799886.39,4655554.88,2172.53
-11799888.17,4655554.01,2173.42
-11799889.1,4655553.63,2169.47
-11799889.53,4655553.39,2171.94
-11799889.25,4655555.04,2166.53
-11799887.63,4655555.8100000005,2166.56
-11799888.11,4655555.55,2169.29
-11799888.71,4655555.22,2172.78
-11799886.0,4655556.59,2166.56
-11799886.83,4655556.14,2171.24
-11799887.040000001,4655556.04,2172.44
-11799887.22,4655555.93,2173.51
-11799884.39,4655557.36,2166.57
-11799882.77,4655558.12,2166.58
-11799881.18,4655558.87,2166.86
-11799880.0,4655559.41,2169.48
-11799878.44,4655560.16,2169.84
-11799876.86,4655560.89,2170.13
-11799875.3,4655561.63,2170.46
-11799873.64,4655562.43,2170.27
-11799871.96,4655563.24,2169.9
-11799870.26,4655564.0600000005,2169.56
-11799868.1,4655565.12,2166.52
-11799866.47,4655565.89,2166.49
-11799864.84,4655566.67,2166.49
-11799863.19,4655567.46,2166.4
-11799861.53,4655568.24,2166.34
-11799859.89,4655569.0200000005,2166.34
-11799860.450000001,4655568.73,2169.26
-11799860.15,4655569.49,2169.33
-11799861.22,4655569.03,2166.32
-11799862.86,4655568.23,2166.36
-11799866.120000001,4655566.69,2166.49
-11799864.51,4655567.45,2166.46
-11799867.77,4655565.91,2166.5
-11799869.42,4655565.12,2166.51
-11799869.97,4655564.83,2169.4
-11799871.6,4655564.0600000005,2169.61
-11799873.26,4655563.25,2169.94
-11799876.64,4655561.65,2170.44
-11799874.950000001,4655562.44,2170.33
-11799878.22,4655560.9,2170.07
-11799879.76,4655560.18,2169.74
-11799881.33,4655559.43,2169.38
-11799880.85,4655559.7,2166.65
-11799884.09,4655558.15,2166.59
-11799882.46,4655558.92,2166.59
-11799886.32,4655557.0600000005,2170.1
-11799885.700000001,4655557.39,2166.55
-11799886.58,4655556.91,2171.56
-11799887.32,4655556.62,2166.58
-11799888.120000001,4655556.19,2171.17
-11799888.94,4655555.850000001,2166.58
-11799889.51,4655555.54,2169.9
-11799888.67,4655557.61,2166.6
-11799889.290000001,4655557.26,2170.19
-11799889.66,4655557.07,2172.28
-11799887.17,4655558.29,2167.36
-11799885.44,4655559.15,2166.61
-11799888.06,4655557.83,2172.4
-11799882.71,4655560.42,2169.54
-11799883.88,4655559.88,2166.94
-11799879.57,4655561.9,2170.24
-11799881.13,4655561.17,2169.9
-11799878.01,4655562.65,2170.54
-11799876.33,4655563.46,2170.21
-11799874.64,4655564.25,2169.84
-11799872.94,4655565.08,2169.44
-11799870.78,4655566.14,2166.55
-11799869.15,4655566.92,2166.52
-11799867.55,4655567.69,2166.5
-11799865.91,4655568.47,2166.48
-11799864.25,4655569.2700000005,2166.42
-11799862.61,4655570.05,2166.33
-11799860.97,4655570.8100000005,2166.33
-11799860.25,4655571.93,2166.32
-11799861.84,4655571.16,2166.33
-11799865.13,4655569.600000001,2166.44
-11799863.47,4655570.39,2166.35
-11799866.77,4655568.8100000005,2166.46
-11799868.4,4655568.04,2166.49
-11799871.64,4655566.5,2166.52
-11799870.02,4655567.28,2166.49
-11799873.25,4655565.72,2166.4
-11799873.81,4655565.44,2169.4
-11799875.51,4655564.63,2169.8
-11799877.23,4655563.8,2170.24
-11799878.92,4655563.0,2170.61
-11799880.44,4655562.2700000005,2170.3
-11799882.01,4655561.53,2169.94
-11799883.620000001,4655560.7700000005,2169.59
-11799884.71,4655560.28,2166.73
-11799886.3,4655559.5200000005,2166.63
-11799885.16,4655560.05,2169.26
-11799887.34,4655558.97,2172.57
-11799888.03,4655558.69,2167.25
-11799888.56,4655558.42,2170.28
-11799888.93,4655558.21,2172.42
-11799889.53,4655557.99,2166.56
-11799889.03,4655559.61,2173.17
-11799886.24,4655561.01,2166.6
-11799886.700000001,4655560.76,2169.22
-11799886.98,4655560.62,2170.76
-11799887.51,4655560.34,2173.81
-11799885.15,4655561.5,2169.67
-11799883.57,4655562.26,2170.02
-11799882.02,4655562.99,2170.36
-11799878.870000001,4655564.5,2170.81
-11799880.48,4655563.71,2170.72
-11799877.17,4655565.3,2170.33
-11799875.48,4655566.12,2169.92
-11799873.75,4655566.94,2169.48
-11799871.58,4655568.0200000005,2166.53
-11799869.94,4655568.79,2166.5
-11799868.32,4655569.57,2166.49
-11799866.72,4655570.33,2166.47
-11799865.06,4655571.14,2166.42
-11799863.41,4655571.92,2166.36
-11799861.790000001,4655572.7,2166.34
-11799860.18,4655573.48,2166.34
-11799860.870000001,4655573.84,2166.33
-11799862.49,4655573.08,2166.34
-11799864.09,4655572.3100000005,2166.38
-11799865.75,4655571.5200000005,2166.38
-11799867.38,4655570.74,2166.44
-11799869.0,4655569.97,2166.48
-11799870.64,4655569.18,2166.48
-11799872.28,4655568.4,2166.46
-11799872.83,4655568.12,2169.36
-11799874.52,4655567.3100000005,2169.71
-11799876.21,4655566.48,2170.13
-11799881.200000001,4655564.12,2170.79
-11799877.9,4655565.69,2170.55
-11799882.77,4655563.37,2170.44
-11799879.59,4655564.88,2170.96
-11799885.870000001,4655561.89,2169.75
-11799884.32,4655562.63,2170.09
-11799887.42,4655561.16,2169.36
-11799888.03,4655560.84,2172.82
-11799888.25,4655560.72,2174.17
-11799889.700000001,4655560.04,2173.13
-11799889.06,4655561.99,2169.42
-11799889.68,4655561.66,2172.99
-11799887.51,4655562.73,2169.83
-11799888.27,4655562.33,2174.15
-11799885.96,4655563.48,2170.17
-11799882.81,4655564.97,2170.88
-11799884.38,4655564.22,2170.52
-11799879.51,4655566.5600000005,2170.5
-11799881.19,4655565.73,2170.88
-11799877.82,4655567.37,2170.13
-11799876.14,4655568.19,2169.76
-11799874.450000001,4655569.0,2169.42
-11799872.290000001,4655570.05,2166.51
-11799870.700000001,4655570.8100000005,2166.67
-11799869.02,4655571.62,2166.35
-11799867.38,4655572.4,2166.44
-11799865.72,4655573.2,2166.4
-11799864.09,4655573.99,2166.4
-11799860.85,4655575.5200000005,2166.34
-11799862.49,4655574.75,2166.36
-11799861.01,4655576.100000001,2166.31
-11799862.65,4655575.3100000005,2166.36
-11799864.290000001,4655574.5200000005,2166.38
-11799865.92,4655573.75,2166.4
-11799867.56,4655572.96,2166.42
-11799870.92,4655571.350000001,2167.24
-11799872.42,4655570.64,2166.49
-11799874.53,4655569.600000001,2169.03
-11799876.27,4655568.78,2169.57
-11799877.950000001,4655567.96,2169.94
-11799879.65,4655567.15,2170.34
-11799881.33,4655566.350000001,2170.69
-11799883.01,4655565.55,2171.05
-11799884.59,4655564.79,2170.72
-11799886.17,4655564.0200000005,2170.35
-11799887.72,4655563.3,2170.02
-11799888.44,4655562.92,2174.15
-11799889.26,4655562.57,2169.71
-11799889.61,4655562.38,2171.69
-11799889.02,4655564.21,2173.65
-11799888.42,4655564.54,2170.29
-11799886.86,4655565.29,2170.63
-11799885.290000001,4655566.03,2171.01
-11799883.620000001,4655566.84,2170.77
-11799881.96,4655567.64,2170.4
-11799880.27,4655568.45,2170.01
-11799878.59,4655569.26,2169.63
-11799876.42,4655570.33,2166.61
-11799876.91,4655570.0600000005,2169.32
-11799874.78,4655571.13,2166.51
-11799873.15,4655571.9,2166.53
-11799871.5,4655572.69,2166.48
-11799870.13,4655573.33,2167.85
-11799868.22,4655574.26,2166.33
-11799866.61,4655575.04,2166.38
-11799864.97,4655575.82,2166.33
-11799863.32,4655576.61,2166.34
-11799860.01,4655578.2,2166.11
-11799861.66,4655577.41,2166.24
-11799859.92,4655578.84,2166.01
-11799861.53,4655578.08,2166.11
-11799863.16,4655577.3100000005,2166.25
-11799864.78,4655576.5200000005,2166.27
-11799866.44,4655575.73,2166.34
-11799868.05,4655574.96,2166.31
-11799871.35,4655573.38,2166.46
-11799872.99,4655572.59,2166.51
-11799874.64,4655571.79,2166.52
-11799876.26,4655571.03,2166.47
-11799878.39,4655569.98,2169.4
-11799877.9,4655570.25,2166.67
-11799881.76,4655568.37,2170.15
-11799880.06,4655569.17,2169.77
-11799885.15,4655566.74,2170.88
-11799883.48,4655567.53,2170.53
-11799886.77,4655565.97,2170.86
-11799888.34,4655565.22,2170.52
-11799889.49,4655566.28,2174.0
-11799887.32,4655567.37,2170.8
-11799888.86,4655566.64,2170.38
-11799885.63,4655568.19,2170.52
-11799883.93,4655569.01,2170.17
-11799882.24,4655569.83,2169.79
-11799880.55,4655570.64,2169.35
-11799878.75,4655571.51,2168.4
-11799878.4,4655571.69,2166.49
-11799876.78,4655572.46,2166.51
-11799875.15,4655573.25,2166.51
-11799873.53,4655574.04,2166.51
-11799871.91,4655574.8100000005,2166.47
-11799870.3,4655575.59,2166.44
-11799868.65,4655576.37,2166.33
-11799866.99,4655577.16,2166.28
-11799865.32,4655577.97,2166.19
-11799863.700000001,4655578.75,2166.11
-11799862.06,4655579.55,2166.06
-11799860.43,4655580.32,2166.02
-11799859.91,4655581.25,2166.09
-11799864.73,4655578.96,2166.1
-11799861.53,4655580.49,2166.05
-11799866.39,4655578.16,2166.17
-11799863.120000001,4655579.72,2166.04
-11799871.34,4655575.78,2166.44
-11799868.06,4655577.36,2166.25
-11799872.97,4655575.01,2166.51
-11799869.700000001,4655576.57,2166.35
-11799876.22,4655573.43,2166.5
-11799874.59,4655574.22,2166.51
-11799877.86,4655572.66,2166.53
-11799879.47,4655571.88,2166.49
-11799879.71,4655571.74,2167.81
-11799881.1,4655571.11,2166.48
-11799881.63,4655570.83,2169.38
-11799883.31,4655570.0200000005,2169.78
-11799885.03,4655569.19,2170.15
-11799886.700000001,4655568.39,2170.51
-11799888.28,4655567.63,2170.47
-11799889.120000001,4655568.88,2170.13
-11799887.53,4655569.64,2170.24
-11799885.84,4655570.47,2169.86
-11799884.17,4655571.2700000005,2169.49
-11799882.02,4655572.33,2166.6
-11799880.38,4655573.12,2166.54
-11799878.75,4655573.9,2166.54
-11799877.1,4655574.69,2166.52
-11799875.48,4655575.47,2166.5
-11799873.85,4655576.2700000005,2166.5
-11799872.21,4655577.04,2166.47
-11799870.6,4655577.83,2166.31
-11799868.96,4655578.61,2166.22
-11799867.28,4655579.4,2166.11
-11799865.64,4655580.22,2166.05
-11799864.02,4655580.99,2166.08
-11799862.4,4655581.76,2166.11
-11799860.81,4655582.53,2166.15
-11799861.49,4655582.83,2166.15
-11799863.13,4655582.04,2166.11
-11799864.75,4655581.25,2166.08
-11799866.36,4655580.49,2166.06
-11799868.02,4655579.69,2166.1
-11799869.68,4655578.89,2166.21
-11799871.34,4655578.100000001,2166.42
-11799872.99,4655577.3,2166.47
-11799874.64,4655576.51,2166.46
-11799876.25,4655575.73,2166.46
-11799877.86,4655574.97,2166.51
-11799879.46,4655574.2,2166.53
-11799881.06,4655573.43,2166.55
-11799882.700000001,4655572.64,2166.57
-11799884.450000001,4655571.79,2167.26
-11799884.85,4655571.59,2169.44
-11799886.52,4655570.78,2169.8
-11799888.23,4655569.97,2170.17
-11799889.200000001,4655571.2,2169.9
-11799887.52,4655572.01,2169.52
-11799885.53,4655572.98,2167.59
-11799883.71,4655573.88,2166.54
-11799882.1,4655574.65,2166.53
-11799880.46,4655575.44,2166.51
-11799878.83,4655576.22,2166.5
-11799877.22,4655577.0,2166.48
-11799875.58,4655577.8,2166.46
-11799873.93,4655578.59,2166.47
-11799872.31,4655579.37,2166.4
-11799870.65,4655580.17,2166.23
-11799869.01,4655580.96,2166.08
-11799867.370000001,4655581.75,2166.1
-11799865.72,4655582.55,2166.15
-11799864.13,4655583.3100000005,2166.17
-11799862.52,4655584.08,2166.19
-11799860.88,4655584.87,2166.24
-11799861.3,4655585.350000001,2166.23
-11799862.92,4655584.58,2166.24
-11799864.52,4655583.82,2166.21
-11799866.13,4655583.04,2166.15
-11799867.77,4655582.26,2166.1
-11799869.38,4655581.47,2166.06
-11799872.68,4655579.88,2166.36
-11799871.02,4655580.7,2166.19
-11799874.31,4655579.11,2166.46
-11799875.97,4655578.32,2166.46
-11799877.59,4655577.53,2166.44
-11799879.19,4655576.7700000005,2166.47
-11799880.85,4655575.97,2166.5
-11799882.47,4655575.18,2166.51
-11799884.09,4655574.41,2166.54
-11799885.86,4655573.54,2167.54
-11799887.47,4655572.7700000005,2167.36
-11799887.82,4655572.600000001,2169.36
-11799889.5,4655571.79,2169.73
-11799888.790000001,4655573.67,2167.78
-11799889.06,4655573.53,2169.3
-11799886.94,4655574.57,2166.52
-11799887.16,4655574.45,2167.76
-11799883.68,4655576.13,2166.51
-11799885.31,4655575.36,2166.53
-11799882.040000001,4655576.93,2166.49
-11799880.42,4655577.72,2166.47
-11799878.790000001,4655578.51,2166.46
-11799877.17,4655579.29,2166.48
-11799875.540000001,4655580.07,2166.44
-11799873.89,4655580.87,2166.29
-11799872.24,4655581.67,2166.17
-11799870.61,4655582.46,2166.09
-11799869.0,4655583.23,2166.15
-11799867.36,4655584.01,2166.19
-11799865.72,4655584.8100000005,2166.25
-11799864.09,4655585.61,2166.25
-11799862.5,4655586.350000001,2166.26
-11799860.86,4655587.16,2166.24
-11799860.83,4655587.84,2166.23
-11799862.46,4655587.05,2166.25
-11799864.1,4655586.26,2166.28
-11799865.76,4655585.46,2166.22
-11799869.0,4655583.91,2166.15
-11799867.39,4655584.69,2166.21
-11799870.620000001,4655583.14,2166.11
-11799872.200000001,4655582.38,2166.09
-11799873.83,4655581.58,2166.19
-11799875.5,4655580.79,2166.36
-11799877.15,4655579.99,2166.42
-11799878.82,4655579.17,2166.44
-11799880.44,4655578.41,2166.44
-11799882.03,4655577.64,2166.44
-11799883.65,4655576.86,2166.48
-11799885.3,4655576.0600000005,2166.5
-11799886.93,4655575.28,2166.54
-11799888.75,4655574.4,2167.84
-11799888.65,4655576.01,2166.55
-11799886.99,4655576.8100000005,2166.51
-11799885.36,4655577.600000001,2166.48
-11799883.75,4655578.38,2166.42
-11799882.11,4655579.18,2166.44
-11799880.47,4655579.96,2166.42
-11799878.870000001,4655580.73,2166.44
-11799877.24,4655581.53,2166.38
-11799875.58,4655582.3100000005,2166.23
-11799873.92,4655583.13,2166.11
-11799870.71,4655584.66,2166.22
-11799872.31,4655583.9,2166.17
-11799867.47,4655586.24,2166.28
-11799869.120000001,4655585.45,2166.26
-11799864.17,4655587.84,2166.31
-11799865.81,4655587.05,2166.29
-11799862.55,4655588.600000001,2166.27
-11799860.94,4655589.4,2166.22
-11799860.53,4655590.22,2166.19
-11799862.17,4655589.45,2166.23
-11799863.8,4655588.64,2166.27
-11799865.42,4655587.87,2166.26
-11799867.040000001,4655587.09,2166.3
-11799868.68,4655586.29,2166.26
-11799870.31,4655585.51,2166.23
-11799871.92,4655584.74,2166.17
-11799873.540000001,4655583.96,2166.15
-11799875.14,4655583.19,2166.11
-11799876.8,4655582.39,2166.23
-11799878.49,4655581.58,2166.42
-11799880.11,4655580.8,2166.4
-11799881.71,4655580.04,2166.42
-11799883.32,4655579.25,2166.42
-11799886.57,4655577.69,2166.47
-11799884.950000001,4655578.47,2166.44
-11799888.200000001,4655576.9,2166.51
-11799888.27,4655578.43,2166.49
-11799886.64,4655579.22,2166.46
-11799885.0,4655580.0,2166.4
-11799883.39,4655580.78,2166.42
-11799881.78,4655581.57,2166.4
-11799880.16,4655582.34,2166.31
-11799878.51,4655583.13,2166.21
-11799876.83,4655583.95,2166.11
-11799875.23,4655584.72,2166.19
-11799873.61,4655585.5200000005,2166.23
-11799871.99,4655586.29,2166.28
-11799870.370000001,4655587.0600000005,2166.3
-11799868.73,4655587.88,2166.33
-11799867.09,4655588.65,2166.3
-11799865.49,4655589.44,2166.28
-11799863.86,4655590.23,2166.25
-11799862.21,4655591.03,2166.25
-11799860.56,4655591.83,2166.19
-11799859.99,4655592.73,2166.17
-11799861.620000001,4655591.94,2166.21
-11799864.88,4655590.37,2166.27
-11799863.26,4655591.16,2166.22
-11799866.51,4655589.57,2166.28
-11799868.15,4655588.79,2166.28
-11799869.790000001,4655588.01,2166.31
-11799871.4,4655587.22,2166.27
-11799873.03,4655586.45,2166.26
-11799877.83,4655584.14,2166.11
-11799874.63,4655585.68,2166.21
-11799881.1,4655582.5600000005,2166.32
-11799876.23,4655584.91,2166.13
-11799882.74,4655581.7700000005,2166.4
-11799879.46,4655583.34,2166.21
-11799886.03,4655580.19,2166.42
-11799884.370000001,4655580.99,2166.38
-11799887.63,4655579.4,2166.44
-11799889.23,4655578.64,2166.48
-11799889.47,4655580.11,2166.48
-11799887.870000001,4655580.88,2166.46
-11799886.22,4655581.68,2166.42
-11799884.58,4655582.48,2166.4
-11799882.96,4655583.2700000005,2166.33
-11799881.3,4655584.0600000005,2166.19
-11799879.67,4655584.86,2166.15
-11799878.05,4655585.63,2166.21
-11799876.41,4655586.43,2166.23
-11799873.200000001,4655587.98,2166.32
-11799874.81,4655587.21,2166.3
-11799871.55,4655588.7700000005,2166.34
-11799869.91,4655589.57,2166.34
-11799868.31,4655590.36,2166.31
-11799866.69,4655591.12,2166.27
-11799865.05,4655591.93,2166.24
-11799863.43,4655592.71,2166.22
-11799861.790000001,4655593.51,2166.19
-11799860.15,4655594.29,2166.15
-11799861.61,4655594.33,2166.15
-11799863.26,4655593.53,2166.19
-11799864.92,4655592.73,2166.23
-11799866.55,4655591.94,2166.26
-11799868.200000001,4655591.15,2166.29
-11799869.85,4655590.350000001,2166.32
-11799871.5,4655589.55,2166.33
-11799873.14,4655588.75,2166.33
-11799874.77,4655587.98,2166.32
-11799876.41,4655587.19,2166.27
-11799878.03,4655586.4,2166.22
-11799879.67,4655585.62,2166.17
-11799881.3,4655584.82,2166.13
-11799882.950000001,4655584.04,2166.23
-11799884.620000001,4655583.23,2166.35
-11799886.27,4655582.44,2166.42
-11799887.89,4655581.64,2166.42
-11799889.51,4655580.88,2166.44
-11799888.950000001,4655582.73,2166.46
-11799887.31,4655583.5200000005,2166.44
-11799885.66,4655584.32,2166.31
-11799884.01,4655585.13,2166.28
-11799882.370000001,4655585.92,2166.19
-11799880.77,4655586.69,2166.22
-11799879.17,4655587.46,2166.29
-11799877.56,4655588.24,2166.31
-11799875.94,4655589.03,2166.36
-11799872.66,4655590.62,2166.35
-11799874.290000001,4655589.83,2166.36
-11799867.790000001,4655592.98,2166.29
-11799871.040000001,4655591.39,2166.33
-11799864.48,4655594.58,2166.19
-11799869.42,4655592.19,2166.31
-11799862.870000001,4655595.37,2166.15
-11799866.13,4655593.78,2166.27
-11799861.23,4655596.14,2166.1
-11799861.38,4655596.73,2166.05
-11799863.01,4655595.94,2166.09
-11799864.6,4655595.18,2166.17
-11799866.22,4655594.41,2166.25
-11799867.86,4655593.61,2166.24
-11799869.49,4655592.82,2166.3
-11799871.120000001,4655592.03,2166.31
-11799872.74,4655591.26,2166.33
-11799874.34,4655590.48,2166.35
-11799875.950000001,4655589.71,2166.34
-11799877.61,4655588.9,2166.32
-11799879.28,4655588.100000001,2166.31
-11799880.870000001,4655587.33,2166.24
-11799882.48,4655586.55,2166.22
-11799885.73,4655584.97,2166.24
-11799887.4,4655584.18,2166.36
-11799889.040000001,4655583.38,2166.44
-11799889.77,4655584.71,2166.4
-11799888.11,4655585.51,2166.29
-11799886.74,4655586.18,2167.56
-11799883.27,4655587.86,2166.27
-11799881.66,4655588.65,2166.31
-11799880.02,4655589.42,2166.34
-11799878.39,4655590.22,2166.35
-11799876.790000001,4655591.0,2166.38
-11799875.17,4655591.8,2166.36
-11799873.540000001,4655592.58,2166.32
-11799868.6,4655594.97,2166.25
-11799871.89,4655593.38,2166.31
-11799866.97,4655595.76,2166.19
-11799870.24,4655594.17,2166.28
-11799865.36,4655596.53,2166.15
-11799863.75,4655597.32,2166.09
-11799862.11,4655598.12,2166.01
-11799860.48,4655598.91,2166.03
-11799860.35,4655599.63,2166.13
-11799861.99,4655598.850000001,2165.92
-11799863.64,4655598.04,2166.04
-11799865.26,4655597.26,2166.11
-11799866.93,4655596.46,2166.15
-11799868.540000001,4655595.69,2166.22
-11799870.17,4655594.9,2166.25
-11799871.81,4655594.100000001,2166.26
-11799873.450000001,4655593.3100000005,2166.31
-11799875.09,4655592.53,2166.34
-11799876.69,4655591.75,2166.36
-11799878.31,4655590.97,2166.36
-11799879.950000001,4655590.17,2166.35
-11799881.55,4655589.4,2166.3
-11799883.17,4655588.63,2166.3
-11799884.790000001,4655587.84,2166.21
-11799888.02,4655586.28,2166.23
-11799889.63,4655585.51,2166.31
-11799889.22,4655587.100000001,2166.26
-11799887.83,4655587.7700000005,2167.33
-11799886.040000001,4655588.65,2166.28
-11799884.4,4655589.42,2166.34
-11799882.76,4655590.24,2166.36
-11799881.14,4655591.01,2166.38
-11799879.540000001,4655591.8,2166.36
-11799877.93,4655592.57,2166.38
-11799876.3,4655593.36,2166.35
-11799874.67,4655594.15,2166.33
-11799873.02,4655594.95,2166.3
-11799871.38,4655595.75,2166.26
-11799868.1,4655597.34,2166.17
-11799869.75,4655596.54,2166.24
-11799863.21,4655599.71,2166.07
-11799866.47,4655598.12,2166.13
-11799861.61,4655600.47,2166.15
-11799864.84,4655598.92,2166.05
-11799864.33,4655599.84,2166.04
-11799861.040000001,4655601.43,2166.17
-11799865.92,4655599.08,2166.05
-11799862.71,4655600.61,2166.13
-11799869.200000001,4655597.49,2166.19
-11799867.56,4655598.29,2166.11
-11799870.83,4655596.7,2166.19
-11799872.450000001,4655595.92,2166.26
-11799875.69,4655594.350000001,2166.32
-11799874.07,4655595.14,2166.26
-11799878.97,4655592.7700000005,2166.36
-11799877.32,4655593.57,2166.33
-11799882.200000001,4655591.22,2166.38
-11799880.6,4655591.98,2166.36
-11799883.84,4655590.43,2166.34
-11799885.48,4655589.63,2166.33
-11799888.700000001,4655588.07,2166.29
-11799887.09,4655588.86,2166.26
-11799888.870000001,4655587.99,2167.19
-11799888.65,4655589.75,2166.33
-11799887.02,4655590.5200000005,2166.35
-11799885.39,4655591.32,2166.38
-11799882.14,4655592.9,2166.4
-11799883.77,4655592.11,2166.4
-11799880.51,4655593.69,2166.38
-11799878.9,4655594.46,2166.36
-11799875.64,4655596.05,2166.3
-11799877.26,4655595.26,2166.32
-11799872.34,4655597.65,2166.22
-11799873.98,4655596.850000001,2166.26
-11799870.74,4655598.42,2166.17
-11799869.120000001,4655599.21,2166.1
-11799867.450000001,4655600.01,2166.03
-11799865.83,4655600.8,2166.15
-11799864.19,4655601.600000001,2166.17
-11799862.56,4655602.39,2166.21
-11799860.96,4655603.15,2166.22
-11799860.17,4655604.07,2166.25
-11799861.790000001,4655603.29,2166.19
-11799863.42,4655602.5,2166.19
-11799865.03,4655601.72,2166.17
-11799866.63,4655600.96,2166.13
-11799868.25,4655600.18,2166.04
-11799869.89,4655599.37,2166.11
-11799873.19,4655597.78,2166.22
-11799871.55,4655598.58,2166.17
-11799874.8,4655597.01,2166.26
-11799876.4,4655596.23,2166.27
-11799878.02,4655595.46,2166.33
-11799879.67,4655594.66,2166.35
-11799884.540000001,4655592.3100000005,2166.4
-11799881.31,4655593.84,2166.38
-11799886.16,4655591.5200000005,2166.36
-11799882.92,4655593.08,2166.4
-11799887.790000001,4655590.72,2166.36
-11799889.4,4655589.96,2166.31
-11799889.6,4655591.32,2166.4
-11799886.36,4655592.88,2166.42
-11799887.99,4655592.09,2166.42
-11799883.120000001,4655594.45,2166.4
-11799884.73,4655593.68,2166.44
-11799881.49,4655595.23,2166.4
-11799879.86,4655596.03,2166.36
-11799878.26,4655596.8100000005,2166.32
-11799876.58,4655597.62,2166.26
-11799874.950000001,4655598.4,2166.25
-11799873.32,4655599.2,2166.13
-11799874.120000001,4655598.78,2170.32
-11799870.07,4655600.78,2166.06
-11799871.71,4655599.99,2166.15
-11799868.44,4655601.5600000005,2166.21
-11799866.8,4655602.36,2166.23
-11799865.16,4655603.15,2166.23
-11799863.56,4655603.93,2166.23
-11799861.93,4655604.73,2166.27
-11799860.33,4655605.5,2166.3
-11799860.77,4655605.93,2166.28
-11799862.41,4655605.16,2166.26
-11799864.06,4655604.34,2166.22
-11799865.68,4655603.58,2166.22
-11799867.290000001,4655602.8,2166.23
-11799868.92,4655602.0,2166.24
-11799870.51,4655601.25,2166.06
-11799871.47,4655600.76,2171.07
-11799872.120000001,4655600.46,2166.09
-11799872.92,4655600.07,2170.24
-11799873.75,4655599.69,2166.1
-11799874.55,4655599.28,2170.34
-11799875.38,4655598.87,2166.19
-11799877.040000001,4655598.08,2166.25
-11799878.68,4655597.3,2166.3
-11799880.3,4655596.51,2166.34
-11799881.93,4655595.71,2166.38
-11799883.5,4655594.96,2166.38
-11799885.120000001,4655594.17,2166.44
-11799886.78,4655593.39,2166.42
-11799888.41,4655592.59,2166.42
-11799888.96,4655593.8100000005,2166.47
-11799887.33,4655594.57,2166.44
-11799885.69,4655595.39,2166.42
-11799884.03,4655596.19,2166.38
-11799882.41,4655596.97,2166.38
-11799880.83,4655597.75,2166.34
-11799879.21,4655598.54,2166.29
-11799877.52,4655599.34,2166.23
-11799875.86,4655600.15,2166.17
-11799874.23,4655600.92,2166.15
-11799875.34,4655600.37,2171.92
-11799872.61,4655601.72,2166.08
-11799873.58,4655601.24,2171.13
-11799871.02,4655602.5,2166.23
-11799872.03,4655601.99,2171.5
-11799869.42,4655603.2700000005,2166.24
-11799870.450000001,4655602.76,2171.58
-11799867.78,4655604.07,2166.29
-11799866.09,4655604.89,2166.25
-11799867.83,4655604.01,2175.17
-11799864.46,4655605.67,2166.25
-11799862.89,4655606.43,2166.28
-11799861.26,4655607.21,2166.32
-11799861.42,4655607.73,2166.29
-11799863.03,4655606.95,2166.28
-11799864.66,4655606.16,2166.26
-11799866.28,4655605.38,2166.19
-11799868.040000001,4655604.51,2175.15
-11799867.9,4655604.600000001,2166.32
-11799869.69,4655603.69,2175.5
-11799869.5,4655603.82,2166.25
-11799870.3,4655603.42,2170.38
-11799870.540000001,4655603.3100000005,2171.63
-11799872.07,4655602.58,2171.1
-11799871.14,4655603.04,2166.26
-11799873.74,4655601.76,2171.42
-11799872.73,4655602.2700000005,2166.11
-11799874.370000001,4655601.49,2166.09
-11799875.17,4655601.07,2170.28
-11799875.46,4655600.94,2171.86
-11799875.76,4655600.78,2173.42
-11799875.98,4655600.69,2166.13
-11799876.72,4655600.33,2170.02
-11799876.96,4655600.2,2171.31
-11799877.31,4655600.03,2173.13
-11799877.61,4655599.91,2166.19
-11799879.27,4655599.100000001,2166.27
-11799880.91,4655598.32,2166.33
-11799882.51,4655597.55,2166.36
-11799884.120000001,4655596.75,2166.4
-11799885.75,4655595.98,2166.42
-11799887.38,4655595.2,2166.44
-11799889.02,4655594.4,2166.44
-11799888.22,4655596.37,2166.47
-11799886.61,4655597.15,2166.44
-11799884.98,4655597.95,2166.4
-11799883.33,4655598.73,2166.36
-11799881.71,4655599.5200000005,2166.32
-11799880.09,4655600.3100000005,2166.27
-11799878.44,4655601.11,2166.17
-11799877.51,4655601.53,2169.96
-11799878.11,4655601.25,2173.09
-11799876.61,4655601.96,2173.86
-11799873.57,4655603.47,2166.23
-11799874.81,4655602.84,2172.78
-11799874.540000001,4655602.99,2171.32
-11799875.120000001,4655602.7,2174.36
-11799871.96,4655604.26,2166.35
-11799872.790000001,4655603.83,2170.76
-11799870.290000001,4655605.0600000005,2166.34
-11799871.27,4655604.57,2171.4
-11799868.65,4655605.850000001,2166.27
-11799870.34,4655605.01,2174.98
-11799869.38,4655605.49,2170.04
-11799868.5,4655605.9,2173.82
-11799867.03,4655606.65,2166.28
-11799869.0,4655605.65,2176.38
-11799865.43,4655607.42,2166.25
-11799867.0,4655606.61,2174.32
-11799863.81,4655608.19,2166.29
-11799865.64,4655607.26,2175.59
-11799862.17,4655608.99,2166.3
-11799860.55,4655609.78,2166.33
-11799860.22,4655610.45,2166.34
-11799861.85,4655609.67,2166.28
-11799863.5,4655608.86,2166.25
-11799865.13,4655608.08,2166.23
-11799866.83,4655607.23,2174.86
-11799867.22,4655607.03,2176.92
-11799866.75,4655607.29,2166.27
-11799868.200000001,4655606.57,2173.67
-11799868.72,4655606.3100000005,2176.34
-11799868.38,4655606.5200000005,2166.22
-11799870.16,4655605.61,2175.38
-11799870.01,4655605.72,2166.27
-11799871.71,4655604.88,2175.05
-11799871.63,4655604.94,2166.36
-11799872.52,4655604.5,2171.0
-11799872.88,4655604.3,2172.84
-11799873.24,4655604.13,2174.76
-11799874.96,4655603.3,2175.25
-11799874.88,4655603.37,2166.29
-11799876.38,4655602.61,2174.19
-11799877.83,4655601.92,2173.35
-11799878.07,4655601.82,2166.13
-11799878.75,4655601.49,2169.71
-11799879.32,4655601.19,2172.74
-11799879.71,4655601.0200000005,2166.21
-11799881.35,4655600.24,2166.25
-11799882.98,4655599.46,2166.32
-11799884.59,4655598.67,2166.36
-11799886.22,4655597.89,2166.4
-11799887.84,4655597.11,2166.44
-11799889.47,4655596.32,2166.44
-11799888.950000001,4655598.13,2166.46
-11799884.040000001,4655600.5,2166.32
-11799887.31,4655598.91,2166.4
-11799882.4,4655601.3,2166.25
-11799885.69,4655599.71,2166.36
-11799880.76,4655602.100000001,2166.11
-11799881.57,4655601.69,2170.42
-11799879.84,4655602.5200000005,2170.01
-11799879.11,4655602.9,2166.09
-11799878.5,4655603.17,2171.5
-11799879.040000001,4655602.9,2174.4
-11799874.3,4655605.22,2166.33
-11799877.61,4655603.59,2175.19
-11799874.32,4655605.18,2174.88
-11799876.03,4655604.350000001,2175.36
-11799872.52,4655606.0600000005,2173.98
-11799870.76,4655606.91,2173.31
-11799868.98,4655607.7700000005,2172.55
-11799871.38,4655606.61,2176.54
-11799869.17,4655607.69,2173.51
-11799869.78,4655607.39,2176.65
-11799870.05,4655607.24,2178.0
-11799868.59,4655607.95,2178.72
-11799864.5,4655609.97,2166.17
-11799866.18,4655609.12,2174.76
-11799866.83,4655608.8,2178.03
-11799862.88,4655610.76,2166.28
-11799864.86,4655609.76,2176.27
-11799861.23,4655611.53,2166.35
-11799860.71,4655612.37,2166.32
-11799862.32,4655611.600000001,2166.3
-11799863.92,4655610.8100000005,2166.19
-11799865.76,4655609.9,2175.51
-11799866.24,4655609.67,2177.98
-11799867.22,4655609.21,2174.56
-11799867.86,4655608.89,2177.79
-11799867.22,4655609.22,2166.3
-11799868.5,4655608.59,2172.88
-11799869.040000001,4655608.33,2175.6
-11799869.700000001,4655607.99,2178.99
-11799871.16,4655607.29,2178.23
-11799868.82,4655608.46,2166.25
-11799871.9,4655606.95,2173.58
-11799870.18,4655607.78,2173.19
-11799872.48,4655606.66,2176.57
-11799872.84,4655606.48,2178.4
-11799874.870000001,4655605.51,2172.09
-11799873.790000001,4655606.03,2175.06
-11799875.39,4655605.26,2174.8
-11799873.74,4655606.09,2166.26
-11799875.39,4655605.29,2166.35
-11799876.55,4655604.71,2172.42
-11799877.05,4655604.46,2175.05
-11799876.97,4655604.5200000005,2166.28
-11799878.540000001,4655603.74,2174.6
-11799878.52,4655603.76,2166.07
-11799879.93,4655603.08,2173.48
-11799879.44,4655603.32,2170.94
-11799881.01,4655602.5600000005,2170.63
-11799880.14,4655602.99,2166.07
-11799881.81,4655602.18,2166.15
-11799882.450000001,4655601.850000001,2169.63
-11799883.450000001,4655601.4,2166.23
-11799885.05,4655600.63,2166.34
-11799886.69,4655599.83,2166.36
-11799888.34,4655599.04,2166.38
-11799888.34,4655600.45,2166.38
-11799886.71,4655601.25,2166.34
-11799885.05,4655602.0600000005,2166.27
-11799881.78,4655603.64,2166.15
-11799883.41,4655602.850000001,2166.19
-11799882.51,4655603.28,2170.0
-11799880.18,4655604.41,2166.23
-11799880.91,4655604.0600000005,2170.09
-11799881.31,4655603.84,2172.22
-11799879.99,4655604.49,2173.75
-11799878.51,4655605.2,2174.48
-11799878.93,4655605.0,2176.69
-11799877.1,4655605.88,2175.53
-11799877.31,4655605.78,2176.65
-11799873.69,4655607.55,2166.24
-11799875.47,4655606.67,2175.51
-11799872.1,4655608.32,2166.38
-11799875.72,4655606.54,2176.85
-11799873.59,4655607.59,2174.06
-11799872.88,4655607.92,2178.75
-11799868.84,4655609.91,2166.31
-11799871.370000001,4655608.65,2179.24
-11799868.15,4655610.22,2171.13
-11799868.98,4655609.82,2175.35
-11799869.24,4655609.69,2176.73
-11799869.620000001,4655609.49,2178.69
-11799865.56,4655611.48,2166.19
-11799866.99,4655610.78,2173.52
-11799867.96,4655610.29,2178.4
-11799863.950000001,4655612.26,2166.26
-11799866.28,4655611.100000001,2178.02
-11799865.89,4655611.3,2176.06
-11799862.33,4655613.0600000005,2166.3
-11799860.69,4655613.850000001,2166.35
-11799861.56,4655613.99,2166.31
-11799860.25,4655614.62,2167.97
-11799865.22,4655612.21,2176.47
-11799863.19,4655613.2,2166.28
-11799867.14,4655611.26,2177.98
-11799868.84,4655610.44,2178.53
-11799869.82,4655609.99,2175.32
-11799870.42,4655609.67,2178.36
-11799872.120000001,4655608.87,2178.85
-11799871.3,4655609.29,2166.32
-11799873.33,4655608.3,2176.83
-11799872.92,4655608.5200000005,2166.31
-11799874.01,4655607.97,2171.97
-11799874.370000001,4655607.8,2173.78
-11799876.700000001,4655606.67,2177.47
-11799877.38,4655606.34,2172.61
-11799877.97,4655606.05,2175.71
-11799879.26,4655605.44,2174.11
-11799879.82,4655605.16,2177.06
-11799881.05,4655604.58,2166.13
-11799879.44,4655605.38,2166.36
-11799881.88,4655604.19,2170.53
-11799880.76,4655604.7,2173.36
-11799882.27,4655603.99,2172.59
-11799882.72,4655603.79,2166.17
-11799883.42,4655603.44,2169.94
-11799884.31,4655603.03,2166.19
-11799885.89,4655602.26,2166.29
-11799887.53,4655601.47,2166.34
-11799889.16,4655600.68,2166.38
-11799889.46,4655602.18,2166.36
-11799887.83,4655602.97,2166.3
-11799886.19,4655603.7700000005,2166.21
-11799884.58,4655604.54,2166.19
-11799883.55,4655605.03,2169.36
-11799882.96,4655605.32,2166.24
-11799881.35,4655606.100000001,2166.38
-11799882.05,4655605.75,2170.11
-11799882.49,4655605.53,2172.44
-11799881.61,4655605.96,2176.35
-11799880.3,4655606.59,2177.81
-11799876.47,4655608.47,2166.38
-11799878.25,4655607.58,2175.69
-11799878.63,4655607.39,2177.67
-11799876.13,4655608.600000001,2173.06
-11799877.01,4655608.18,2177.65
-11799875.24,4655609.03,2176.76
-11799873.22,4655610.0200000005,2166.33
-11799871.61,4655610.82,2166.44
-11799874.6,4655609.350000001,2173.49
-11799872.700000001,4655610.28,2172.08
-11799872.94,4655610.15,2173.36
-11799873.88,4655609.69,2178.19
-11799871.64,4655610.78,2175.03
-11799872.44,4655610.37,2179.15
-11799868.33,4655612.4,2166.35
-11799869.05,4655612.04,2170.09
-11799870.33,4655611.41,2176.63
-11799870.74,4655611.2,2178.71
-11799866.68,4655613.19,2166.26
-11799868.99,4655612.04,2178.02
-11799865.06,4655613.98,2166.23
-11799861.78,4655615.54,2166.31
-11799867.3,4655612.86,2177.56
-11799860.51,4655616.17,2167.96
-11799863.41,4655614.78,2166.25
-11799861.23,4655616.29,2167.44
-11799862.65,4655615.61,2166.26
-11799861.01,4655616.39,2166.36
-11799865.89,4655614.05,2166.22
-11799864.25,4655614.82,2166.22
-11799867.58,4655613.23,2166.31
-11799869.92,4655612.07,2178.24
-11799869.21,4655612.44,2166.17
-11799871.72,4655611.2,2179.04
-11799871.23,4655611.45,2176.53
-11799873.17,4655610.5,2178.11
-11799870.89,4655611.63,2166.38
-11799873.52,4655610.33,2171.36
-11799872.94,4655610.61,2176.94
-11799873.92,4655610.15,2173.44
-11799872.55,4655610.83,2166.36
-11799874.19,4655610.04,2166.35
-11799874.8,4655609.72,2177.98
-11799874.9,4655609.68,2170.04
-11799875.68,4655609.3,2174.03
-11799876.25,4655609.0200000005,2177.05
-11799875.83,4655609.24,2166.4
-11799877.11,4655608.61,2173.08
-11799877.91,4655608.22,2177.29
-11799879.68,4655607.37,2177.99
-11799881.22,4655606.62,2177.49
-11799882.56,4655605.96,2175.86
-11799882.42,4655606.07,2166.3
-11799883.68,4655605.45,2173.02
-11799884.040000001,4655605.29,2166.19
-11799885.68,4655604.51,2166.17
-11799887.34,4655603.71,2166.22
-11799889.01,4655602.89,2166.29
-11799889.120000001,4655604.42,2166.26
-11799887.49,4655605.2,2166.21
-11799885.86,4655605.98,2166.26
-11799882.66,4655607.53,2166.4
-11799884.26,4655606.74,2166.36
-11799884.040000001,4655606.84,2173.75
-11799881.040000001,4655608.3100000005,2166.4
-11799882.4,4655607.65,2173.58
-11799883.0,4655607.34,2176.79
-11799881.55,4655608.04,2177.75
-11799879.11,4655609.23,2173.44
-11799879.75,4655608.92,2176.79
-11799877.41,4655610.05,2173.02
-11799877.6,4655609.97,2173.98
-11799876.040000001,4655610.72,2174.23
-11799878.31,4655609.59,2177.73
-11799876.68,4655610.39,2177.61
-11799872.92,4655612.24,2166.48
-11799875.02,4655611.2,2177.32
-11799875.38,4655611.01,2179.15
-11799873.57,4655611.88,2178.28
-11799869.620000001,4655613.83,2166.4
-11799871.69,4655612.8,2176.99
-11799872.02,4655612.64,2178.65
-11799867.98,4655614.61,2166.27
-11799869.91,4655613.67,2176.03
-11799870.33,4655613.46,2178.21
-11799866.370000001,4655615.4,2166.21
-11799868.26,4655614.46,2175.83
-11799864.73,4655616.19,2166.22
-11799863.1,4655616.96,2166.24
-11799861.48,4655617.76,2166.3
-11799861.66,4655618.25,2166.28
-11799863.290000001,4655617.45,2166.21
-11799864.94,4655616.66,2166.17
-11799866.58,4655615.86,2166.19
-11799867.85,4655615.24,2172.67
-11799868.36,4655615.01,2175.21
-11799868.620000001,4655614.86,2176.57
-11799868.200000001,4655615.100000001,2166.36
-11799870.13,4655614.14,2176.22
-11799870.450000001,4655613.98,2177.8
-11799869.790000001,4655614.32,2166.31
-11799871.950000001,4655613.26,2177.32
-11799872.24,4655613.12,2178.83
-11799873.77,4655612.4,2178.36
-11799873.08,4655612.75,2166.48
-11799875.120000001,4655611.74,2176.99
-11799877.14,4655610.7700000005,2179.13
-11799875.55,4655611.53,2179.19
-11799878.44,4655610.14,2177.55
-11799876.81,4655610.93,2177.38
-11799879.99,4655609.39,2177.17
-11799877.94,4655610.39,2166.4
-11799881.620000001,4655608.59,2177.4
-11799881.15,4655608.850000001,2166.38
-11799882.49,4655608.2,2173.42
-11799883.15,4655607.87,2176.92
-11799884.19,4655607.38,2173.81
-11799884.43,4655607.28,2166.4
-11799886.03,4655606.5,2166.31
-11799887.63,4655605.74,2166.22
-11799889.27,4655604.95,2166.22
-11799887.61,4655607.38,2166.4
-11799889.17,4655606.62,2166.28
-11799885.97,4655608.17,2166.42
-11799884.36,4655608.93,2166.44
-11799882.73,4655609.73,2166.4
-11799883.57,4655609.3100000005,2170.86
-11799884.07,4655609.08,2173.49
-11799882.3,4655609.92,2172.74
-11799881.09,4655610.5200000005,2166.38
-11799882.71,4655609.73,2174.88
-11799879.47,4655611.3100000005,2166.36
-11799880.790000001,4655610.65,2173.29
-11799881.26,4655610.43,2175.75
-11799879.86,4655611.100000001,2176.97
-11799876.23,4655612.87,2166.44
-11799877.38,4655612.29,2172.47
-11799877.92,4655612.04,2175.23
-11799878.32,4655611.83,2177.34
-11799877.31,4655612.32,2180.3
-11799875.03,4655613.42,2176.88
-11799875.63,4655613.13,2180.0
-11799871.33,4655615.22,2166.38
-11799872.72,4655614.55,2173.46
-11799869.68,4655616.03,2166.36
-11799871.17,4655615.3,2173.9
-11799871.49,4655615.14,2175.52
-11799869.58,4655616.04,2174.1
-11799870.28,4655615.72,2177.65
-11799866.42,4655617.61,2166.26
-11799868.25,4655616.7,2175.48
-11799868.82,4655616.42,2178.4
-11799866.71,4655617.45,2175.76
-11799864.8,4655618.38,2166.21
-11799863.16,4655619.15,2166.22
-11799861.55,4655619.95,2166.27
-11799863.93,4655618.7700000005,2178.1
-11799862.15,4655619.64,2177.24
-11799860.57,4655620.4,2177.46
-11799860.48,4655620.98,2176.82
-11799862.23,4655620.13,2177.44
-11799862.69,4655619.9,2179.73
-11799861.57,4655620.45,2166.24
-11799863.98,4655619.29,2178.22
-11799863.21,4655619.68,2166.22
-11799865.43,4655618.59,2177.29
-11799866.64,4655618.0,2175.21
-11799864.83,4655618.91,2166.17
-11799867.92,4655617.4,2173.57
-11799866.46,4655618.11,2166.22
-11799868.21,4655617.2700000005,2175.06
-11799869.92,4655616.44,2175.53
-11799870.36,4655616.23,2177.77
-11799869.73,4655616.5600000005,2166.28
-11799871.57,4655615.65,2175.67
-11799871.370000001,4655615.76,2166.33
-11799872.78,4655615.07,2173.55
-11799873.94,4655614.5,2179.54
-11799875.69,4655613.66,2180.21
-11799877.31,4655612.86,2180.15
-11799878.620000001,4655612.25,2178.56
-11799878.15,4655612.48,2176.11
-11799878.870000001,4655612.12,2179.9
-11799879.92,4655611.62,2177.1
-11799880.15,4655611.5200000005,2178.32
-11799879.48,4655611.86,2166.42
-11799880.790000001,4655611.22,2173.23
-11799881.38,4655610.93,2176.31
-11799882.64,4655610.32,2174.4
-11799882.72,4655610.28,2166.42
-11799883.49,4655609.9,2170.48
-11799887.63,4655607.93,2166.44
-11799884.36,4655609.51,2166.4
-11799889.24,4655607.16,2166.34
-11799886.0,4655608.72,2166.42
-11799888.17,4655609.3100000005,2166.48
-11799886.540000001,4655610.11,2166.46
-11799884.93,4655610.9,2166.44
-11799883.33,4655611.66,2166.42
-11799884.56,4655611.0600000005,2172.96
-11799881.69,4655612.46,2166.36
-11799882.53,4655612.04,2170.81
-11799882.98,4655611.82,2173.26
-11799883.25,4655611.69,2174.65
-11799880.09,4655613.22,2166.4
-11799881.120000001,4655612.71,2171.8
-11799881.46,4655612.54,2173.63
-11799880.52,4655613.0,2177.17
-11799878.73,4655613.850000001,2176.38
-11799879.25,4655613.62,2179.05
-11799875.18,4655615.600000001,2166.29
-11799877.89,4655614.26,2180.33
-11799873.56,4655616.37,2166.35
-11799875.55,4655615.39,2176.58
-11799875.93,4655615.22,2178.54
-11799876.28,4655615.05,2180.34
-11799874.57,4655615.86,2179.92
-11799870.290000001,4655617.95,2166.34
-11799872.040000001,4655617.08,2175.21
-11799872.6,4655616.8100000005,2178.07
-11799868.66,4655618.72,2166.28
-11799870.96,4655617.61,2177.9
-11799870.27,4655617.95,2174.4
-11799867.0,4655619.54,2166.19
-11799868.69,4655618.71,2174.75
-11799869.27,4655618.42,2177.71
-11799865.370000001,4655620.3100000005,2166.25
-11799866.83,4655619.600000001,2173.59
-11799863.75,4655621.100000001,2166.17
-11799866.03,4655619.98,2177.55
-11799866.24,4655619.88,2178.6
-11799864.88,4655620.53,2179.79
-11799863.34,4655621.28,2180.24
-11799861.02,4655622.41,2176.86
-11799861.43,4655622.2,2178.97
-11799861.71,4655622.0600000005,2180.35
-11799860.81,4655623.08,2176.42
-11799861.31,4655622.83,2178.94
-11799861.59,4655622.7,2180.27
-11799863.19,4655621.92,2180.13
-11799863.41,4655621.82,2181.19
-11799864.97,4655621.0600000005,2180.9
-11799863.63,4655621.75,2166.23
-11799866.1,4655620.53,2178.6
-11799865.68,4655620.73,2176.48
-11799865.25,4655620.95,2166.23
-11799867.63,4655619.8,2178.09
-11799866.9,4655620.18,2166.3
-11799868.49,4655619.4,2174.29
-11799868.51,4655619.4,2166.23
-11799870.17,4655618.59,2174.65
-11799870.5,4655618.43,2176.33
-11799870.83,4655618.26,2178.03
-11799870.120000001,4655618.63,2166.34
-11799872.51,4655617.45,2178.44
-11799871.76,4655617.83,2166.29
-11799874.48,4655616.5200000005,2180.19
-11799873.42,4655617.04,2166.33
-11799875.3,4655616.12,2176.03
-11799875.99,4655615.78,2179.55
-11799876.19,4655615.69,2180.56
-11799876.5,4655615.5600000005,2173.9
-11799876.790000001,4655615.41,2175.42
-11799877.77,4655614.93,2180.48
-11799877.44,4655615.09,2178.81
-11799877.790000001,4655614.93,2172.29
-11799876.66,4655615.48,2166.4
-11799878.63,4655614.5200000005,2176.61
-11799879.26,4655614.22,2179.86
-11799880.200000001,4655613.7700000005,2176.22
-11799880.68,4655613.54,2178.74
-11799879.93,4655613.92,2166.36
-11799881.3,4655613.24,2173.51
-11799880.97,4655613.41,2171.81
-11799881.58,4655613.13,2166.4
-11799882.41,4655612.72,2170.77
-11799882.88,4655612.48,2173.23
-11799883.22,4655612.34,2166.42
-11799884.58,4655611.67,2173.63
-11799884.83,4655611.54,2166.4
-11799886.450000001,4655610.78,2166.44
-11799888.040000001,4655610.0200000005,2166.47
-11799889.69,4655609.23,2166.48
-11799889.41,4655611.11,2166.5
-11799886.17,4655612.66,2166.44
-11799887.8,4655611.88,2166.46
-11799884.56,4655613.44,2166.44
-11799885.39,4655613.04,2170.85
-11799885.63,4655612.93,2172.08
-11799882.91,4655614.24,2166.42
-11799883.98,4655613.72,2172.04
-11799882.93,4655614.22,2175.21
-11799881.38,4655614.95,2175.61
-11799881.83,4655614.73,2177.92
-11799878.0,4655616.59,2166.42
-11799880.65,4655615.3100000005,2180.15
-11799876.39,4655617.38,2166.44
-11799877.99,4655616.59,2174.69
-11799879.03,4655616.08,2180.1
-11799876.89,4655617.13,2177.38
-11799874.75,4655618.17,2166.4
-11799877.28,4655616.92,2179.42
-11799873.120000001,4655618.94,2166.35
-11799874.36,4655618.34,2172.67
-11799875.790000001,4655617.63,2180.04
-11799871.5,4655619.73,2166.29
-11799873.48,4655618.7700000005,2176.4
-11799869.870000001,4655620.5200000005,2166.32
-11799873.72,4655618.64,2177.65
-11799871.790000001,4655619.59,2176.01
-11799872.040000001,4655619.45,2177.31
-11799868.25,4655621.29,2166.28
-11799869.74,4655620.57,2173.86
-11799870.07,4655620.4,2175.54
-11799866.59,4655622.09,2166.29
-11799868.83,4655621.0,2177.48
-11799864.950000001,4655622.88,2166.28
-11799867.39,4655621.67,2178.44
-11799866.44,4655622.15,2181.67
-11799864.99,4655622.83,2182.38
-11799863.53,4655623.54,2183.23
-11799861.32,4655624.61,2180.44
-11799861.540000001,4655624.51,2181.49
-11799861.84,4655624.350000001,2182.98
-11799860.84,4655625.36,2180.03
-11799861.24,4655625.16,2181.94
-11799862.370000001,4655624.64,2179.56
-11799863.02,4655624.32,2182.76
-11799864.620000001,4655623.55,2182.6
-11799865.42,4655623.17,2178.61
-11799866.0,4655622.89,2181.48
-11799864.53,4655623.62,2166.21
-11799866.92,4655622.46,2178.1
-11799866.59,4655622.62,2176.46
-11799867.450000001,4655622.2,2180.81
-11799866.17,4655622.84,2166.25
-11799868.53,4655621.69,2178.11
-11799867.81,4655622.04,2166.26
-11799869.790000001,4655621.08,2176.29
-11799869.450000001,4655621.2700000005,2166.29
-11799871.41,4655620.3,2176.26
-11799872.94,4655619.57,2175.74
-11799871.1,4655620.47,2166.32
-11799872.71,4655619.69,2166.36
-11799874.290000001,4655618.93,2174.42
-11799874.32,4655618.92,2166.36
-11799876.540000001,4655617.84,2177.74
-11799877.01,4655617.62,2180.11
-11799875.96,4655618.13,2166.38
-11799877.72,4655617.28,2175.4
-11799878.01,4655617.15,2176.92
-11799878.64,4655616.83,2180.21
-11799881.5,4655615.45,2178.23
-11799880.23,4655616.07,2180.06
-11799881.72,4655615.350000001,2179.34
-11799882.71,4655614.89,2176.11
-11799883.03,4655614.74,2169.15
-11799883.52,4655614.49,2171.78
-11799883.98,4655614.2700000005,2174.19
-11799884.15,4655614.22,2166.4
-11799885.05,4655613.7700000005,2171.23
-11799885.75,4655613.44,2166.42
-11799887.35,4655612.67,2166.47
-11799888.96,4655611.9,2166.47
-11799888.83,4655613.69,2166.51
-11799885.56,4655615.25,2166.44
-11799887.200000001,4655614.45,2166.47
-11799882.3,4655616.83,2166.49
-11799883.92,4655616.04,2166.48
-11799883.01,4655616.48,2170.23
-11799883.24,4655616.37,2171.44
-11799883.5,4655616.24,2172.81
-11799881.9,4655617.01,2172.81
-11799882.26,4655616.84,2174.67
-11799882.58,4655616.69,2176.34
-11799879.03,4655618.39,2166.38
-11799881.370000001,4655617.25,2178.52
-11799877.41,4655619.17,2166.4
-11799879.74,4655618.04,2178.55
-11799880.040000001,4655617.89,2180.06
-11799878.51,4655618.61,2180.42
-11799874.18,4655620.73,2166.35
-11799875.94,4655619.87,2175.4
-11799876.52,4655619.59,2178.33
-11799876.72,4655619.49,2179.4
-11799872.6,4655621.49,2166.61
-11799871.200000001,4655622.16,2167.9
-11799872.620000001,4655621.46,2175.07
-11799869.25,4655623.100000001,2166.3
-11799871.38,4655622.07,2177.07
-11799871.73,4655621.9,2178.8
-11799868.32,4655623.5200000005,2177.92
-11799870.290000001,4655622.58,2179.74
-11799869.07,4655623.16,2181.63
-11799868.83,4655623.29,2180.42
-11799867.61,4655623.86,2182.32
-11799867.05,4655624.14,2179.54
-11799864.93,4655625.16,2177.02
-11799866.19,4655624.55,2183.28
-11799863.75,4655625.73,2179.31
-11799864.56,4655625.32,2183.35
-11799862.77,4655626.19,2182.67
-11799863.49,4655626.42,2182.36
-11799864.03,4655626.19,2177.09
-11799865.38,4655625.53,2183.69
-11799866.950000001,4655624.7700000005,2183.42
-11799868.290000001,4655624.13,2182.09
-11799867.92,4655624.32,2180.23
-11799869.65,4655623.47,2180.84
-11799869.94,4655623.34,2182.33
-11799868.38,4655624.11,2166.3
-11799870.32,4655623.18,2176.04
-11799871.13,4655622.76,2180.15
-11799872.52,4655622.100000001,2178.97
-11799872.27,4655622.26,2169.36
-11799873.36,4655621.72,2174.92
-11799873.33,4655621.75,2166.55
-11799877.13,4655619.91,2177.72
-11799874.93,4655620.98,2166.38
-11799877.5,4655619.73,2179.6
-11799876.700000001,4655620.12,2175.5
-11799879.13,4655618.95,2179.65
-11799876.56,4655620.19,2166.42
-11799878.19,4655619.43,2166.36
-11799880.03,4655618.5200000005,2175.92
-11799880.53,4655618.2700000005,2178.5
-11799879.83,4655618.64,2166.4
-11799881.52,4655617.8100000005,2175.21
-11799882.09,4655617.54,2178.19
-11799881.49,4655617.84,2166.49
-11799882.63,4655617.29,2172.47
-11799882.88,4655617.17,2173.78
-11799883.1,4655617.0600000005,2166.47
-11799884.73,4655616.29,2166.48
-11799886.33,4655615.5200000005,2166.44
-11799887.96,4655614.74,2166.48
-11799889.6,4655613.95,2166.5
-11799888.370000001,4655616.25,2166.52
-11799886.77,4655617.01,2166.5
-11799885.14,4655617.8,2166.5
-11799883.52,4655618.5600000005,2166.53
-11799881.89,4655619.36,2166.5
-11799880.25,4655620.13,2166.5
-11799881.99,4655619.29,2175.56
-11799878.61,4655620.91,2166.44
-11799880.33,4655620.100000001,2175.31
-11799880.84,4655619.850000001,2177.96
-11799875.4,4655622.47,2166.53
-11799877.0,4655621.7,2166.4
-11799877.290000001,4655621.55,2176.27
-11799879.43,4655620.5200000005,2178.94
-11799872.73,4655623.74,2169.76
-11799874.290000001,4655623.0,2169.4
-11799873.67,4655623.28,2174.58
-11799872.28,4655623.95,2175.61
-11799872.75,4655623.73,2178.0
-11799873.11,4655623.53,2179.79
-11799871.67,4655624.24,2180.61
-11799870.370000001,4655624.87,2182.17
-11799867.540000001,4655626.21,2176.23
-11799868.21,4655625.88,2179.51
-11799868.71,4655625.66,2182.05
-11799867.27,4655626.33,2182.78
-11799867.43,4655626.26,2183.59
-11799868.290000001,4655626.42,2177.06
-11799868.9,4655626.13,2180.11
-11799869.42,4655625.87,2182.71
-11799870.870000001,4655625.16,2182.03
-11799871.69,4655624.78,2177.9
-11799872.19,4655624.54,2180.42
-11799873.69,4655623.84,2179.81
-11799871.8,4655624.75,2170.23
-11799873.32,4655624.0200000005,2169.79
-11799874.9,4655623.2700000005,2169.44
-11799877.91,4655621.83,2176.56
-11799875.96,4655622.76,2166.55
-11799878.16,4655621.7,2177.86
-11799877.56,4655622.0,2166.4
-11799879.89,4655620.87,2178.42
-11799880.41,4655620.62,2172.81
-11799881.02,4655620.33,2175.96
-11799880.72,4655620.49,2174.36
-11799880.8,4655620.45,2166.48
-11799881.34,4655620.19,2177.59
-11799882.58,4655619.58,2175.75
-11799882.44,4655619.66,2166.49
-11799884.08,4655618.87,2166.51
-11799885.700000001,4655618.11,2166.49
-11799887.32,4655617.34,2166.49
-11799888.94,4655616.5600000005,2166.51
-11799888.32,4655618.600000001,2166.53
-11799886.68,4655619.38,2166.53
-11799885.03,4655620.17,2166.51
-11799881.78,4655621.73,2166.44
-11799883.42,4655620.95,2166.5
-11799880.290000001,4655622.44,2167.1
-11799883.48,4655620.91,2175.29
-11799881.81,4655621.71,2175.01
-11799878.65,4655623.23,2167.1
-11799880.59,4655622.29,2177.13
-11799877.47,4655623.79,2169.48
-11799879.120000001,4655622.99,2177.97
-11799874.36,4655625.28,2170.11
-11799875.93,4655624.5200000005,2169.75
-11799872.81,4655626.03,2170.46
-11799877.39,4655623.8100000005,2177.28
-11799874.28,4655625.29,2177.92
-11799873.24,4655625.8,2180.88
-11799873.59,4655626.2,2180.79
-11799873.17,4655626.42,2170.53
-11799874.620000001,4655625.71,2177.86
-11799874.72,4655625.66,2170.19
-11799876.290000001,4655624.92,2169.85
-11799877.790000001,4655624.2,2177.51
-11799877.88,4655624.16,2169.5
-11799879.39,4655623.41,2177.3
-11799879.06,4655623.600000001,2167.24
-11799879.44,4655623.41,2169.17
-11799880.63,4655622.850000001,2167.08
-11799882.1,4655622.15,2166.4
-11799883.74,4655621.37,2166.49
-11799885.38,4655620.59,2166.49
-11799888.61,4655619.04,2166.53
-11799886.99,4655619.8,2166.51
-11799888.56,4655620.95,2166.53
-11799886.91,4655621.73,2166.53
-11799885.27,4655622.53,2166.47
-11799883.67,4655623.3,2166.51
-11799882.58,4655623.8,2169.3
-11799880.98,4655624.58,2169.36
-11799879.43,4655625.33,2169.71
-11799877.86,4655626.07,2170.06
-11799879.61,4655625.850000001,2169.86
-11799881.14,4655625.13,2169.52
-11799882.71,4655624.37,2169.33
-11799883.93,4655623.79,2167.13
-11799884.41,4655623.55,2169.71
-11799885.41,4655623.08,2166.44
-11799888.700000001,4655621.5200000005,2166.52
-11799887.06,4655622.3,2166.52
-11799888.75,4655623.21,2166.54
-11799887.14,4655623.97,2166.63
-11799886.36,4655624.350000001,2171.09
-11799884.51,4655625.23,2169.98
-11799882.81,4655626.04,2169.65
-11799884.27,4655625.96,2169.9
-11799885.98,4655625.15,2170.38
-11799887.74,4655624.3100000005,2171.11
-11799888.51,4655623.96,2166.51
-11799889.5,4655625.33,2169.57
-11799887.94,4655626.08,2169.99
-11799888.93,4655626.2,2169.69
-11799859.06,4655626.12,2180.74
-11799859.32,4655626.04,2178.75
-11799857.370000001,4655626.46,2178.73
-11799857.6,4655626.38,2176.94
-11799858.950000001,4655625.96,2166.25
-11799856.59,4655626.5,2169.25
-11799856.98,4655626.38,2166.11
-11799853.09,4655626.22,2170.31
-11799855.14,4655625.78,2169.69
-11799857.16,4655625.34,2169.31
-11799857.56,4655625.2,2166.19
-11799857.94,4655625.28,2178.77
-11799859.53,4655624.79,2166.25
-11799859.76,4655624.9,2179.86
-11799860.01,4655624.8100000005,2177.96
-11799859.07,4655624.05,2177.85
-11799858.59,4655624.0,2166.23
-11799856.24,4655624.55,2169.38
-11799854.24,4655624.97,2170.01
-11799852.22,4655625.42,2170.56
-11799850.27,4655625.850000001,2170.29
-11799848.35,4655626.25,2170.0
-11799841.71,4655626.49,2169.33
-11799843.67,4655626.09,2169.63
-11799845.61,4655625.68,2169.94
-11799847.56,4655625.26,2170.23
-11799849.52,4655624.84,2170.51
-11799851.44,4655624.41,2170.82
-11799853.450000001,4655623.99,2170.4
-11799855.5,4655623.53,2169.76
-11799857.56,4655623.09,2169.24
-11799857.96,4655622.96,2166.21
-11799859.92,4655622.54,2166.28
-11799858.84,4655622.25,2166.27
-11799856.46,4655622.8100000005,2169.48
-11799854.38,4655623.25,2170.1
-11799852.33,4655623.71,2170.71
-11799850.33,4655624.14,2170.84
-11799848.36,4655624.5600000005,2170.53
-11799846.39,4655624.98,2170.25
-11799844.46,4655625.39,2169.94
-11799842.540000001,4655625.79,2169.63
-11799840.620000001,4655626.21,2169.17
-11799835.03,4655626.28,2180.29
-11799837.94,4655625.55,2172.05
-11799838.620000001,4655625.33,2166.29
-11799840.26,4655625.01,2169.05
-11799842.17,4655624.600000001,2169.51
-11799844.09,4655624.2,2170.09
-11799846.0,4655623.78,2170.58
-11799847.950000001,4655623.37,2170.88
-11799849.86,4655622.97,2171.13
-11799851.88,4655622.5200000005,2170.94
-11799853.94,4655622.08,2170.38
-11799856.0,4655621.63,2169.75
-11799858.05,4655621.17,2169.29
-11799858.450000001,4655621.05,2166.22
-11799859.83,4655619.95,2166.32
-11799857.48,4655620.49,2169.33
-11799855.41,4655620.94,2169.96
-11799853.3,4655621.39,2170.56
-11799851.3,4655621.82,2170.75
-11799849.290000001,4655622.2700000005,2171.03
-11799847.3,4655622.69,2170.98
-11799845.4,4655623.09,2170.4
-11799843.49,4655623.49,2169.88
-11799841.57,4655623.9,2169.52
-11799839.620000001,4655624.3100000005,2169.19
-11799839.93,4655624.2,2166.44
-11799837.0,4655624.94,2174.53
-11799837.32,4655624.84,2171.86
-11799837.98,4655624.61,2166.22
-11799834.25,4655625.61,2181.26
-11799832.34,4655626.0200000005,2180.94
-11799830.790000001,4655626.29,2177.19
-11799829.55,4655626.47,2170.55
-11799829.790000001,4655626.41,2168.38
-11799830.08,4655626.3,2165.88
-11799825.5,4655626.43,2165.77
-11799826.93,4655626.18,2170.5
-11799827.450000001,4655626.01,2165.76
-11799829.13,4655625.67,2168.34
-11799829.41,4655625.59,2165.86
-11799830.11,4655625.5600000005,2177.4
-11799830.27,4655625.5,2175.98
-11799830.51,4655625.45,2173.9
-11799831.71,4655625.26,2180.38
-11799833.53,4655624.88,2181.65
-11799835.71,4655624.39,2180.0
-11799836.08,4655624.29,2176.83
-11799838.91,4655623.59,2169.38
-11799840.84,4655623.17,2169.67
-11799842.790000001,4655622.75,2169.97
-11799844.72,4655622.34,2170.25
-11799846.63,4655621.94,2170.69
-11799848.59,4655621.51,2170.88
-11799850.6,4655621.09,2170.59
-11799852.540000001,4655620.67,2170.85
-11799854.59,4655620.21,2170.35
-11799856.64,4655619.76,2169.69
-11799858.66,4655619.33,2169.27
-11799859.040000001,4655619.22,2166.31
-11799858.48,4655618.72,2169.26
-11799858.88,4655618.600000001,2166.24
-11799856.42,4655619.16,2169.79
-11799854.38,4655619.61,2170.32
-11799852.370000001,4655620.04,2170.67
-11799850.43,4655620.45,2170.38
-11799848.38,4655620.89,2170.67
-11799846.370000001,4655621.3100000005,2170.75
-11799844.42,4655621.73,2170.44
-11799842.43,4655622.16,2170.83
-11799840.57,4655622.5600000005,2169.86
-11799838.61,4655622.97,2169.57
-11799835.41,4655623.7700000005,2179.63
-11799835.74,4655623.66,2176.82
-11799836.06,4655623.57,2174.17
-11799836.540000001,4655623.42,2170.01
-11799833.36,4655624.21,2180.36
-11799831.53,4655624.58,2179.25
-11799830.02,4655624.86,2175.11
-11799828.59,4655625.11,2170.19
-11799829.09,4655624.96,2165.81
-11799826.59,4655625.54,2170.63
-11799827.120000001,4655625.37,2165.78
-11799824.55,4655625.99,2171.15
-11799825.16,4655625.8,2165.72
-11799822.6,4655626.41,2170.92
-11799823.16,4655626.22,2165.78
-11799817.9,4655626.28,2165.88
-11799819.89,4655625.850000001,2165.67
-11799821.85,4655625.43,2165.69
-11799823.28,4655625.18,2170.81
-11799823.46,4655625.13,2169.11
-11799823.82,4655625.01,2165.77
-11799825.21,4655624.78,2171.48
-11799825.38,4655624.72,2169.96
-11799827.24,4655624.33,2170.75
-11799827.8,4655624.16,2165.77
-11799828.82,4655624.0200000005,2174.1
-11799829.06,4655623.95,2171.96
-11799829.44,4655623.83,2168.59
-11799829.76,4655623.74,2165.79
-11799830.78,4655623.61,2174.28
-11799830.950000001,4655623.5600000005,2172.82
-11799832.26,4655623.34,2178.51
-11799834.3,4655622.89,2177.72
-11799837.23,4655622.17,2169.33
-11799839.13,4655621.78,2169.86
-11799841.08,4655621.36,2170.28
-11799843.08,4655620.93,2170.56
-11799845.03,4655620.5200000005,2170.81
-11799847.02,4655620.100000001,2170.57
-11799849.02,4655619.67,2170.26
-11799850.950000001,4655619.24,2170.31
-11799852.92,4655618.83,2170.3
-11799854.99,4655618.38,2169.97
-11799857.02,4655617.94,2169.67
-11799859.05,4655617.49,2169.27
-11799859.43,4655617.39,2166.28
-11799859.08,4655616.89,2169.29
-11799859.26,4655616.84,2167.9
-11799857.05,4655617.32,2169.44
-11799854.99,4655617.7700000005,2169.75
-11799852.950000001,4655618.2,2170.04
-11799850.94,4655618.63,2170.25
-11799849.0,4655619.04,2170.01
-11799847.0,4655619.47,2170.36
-11799844.96,4655619.92,2170.65
-11799842.96,4655620.34,2170.79
-11799841.05,4655620.73,2170.38
-11799839.14,4655621.15,2169.79
-11799837.120000001,4655621.58,2170.09
-11799834.47,4655622.2,2175.53
-11799834.84,4655622.08,2172.42
-11799835.03,4655622.03,2170.79
-11799832.52,4655622.62,2175.33
-11799832.67,4655622.57,2174.01
-11799830.88,4655622.93,2172.69
-11799828.64,4655623.43,2174.79
-11799827.11,4655623.72,2170.72
-11799827.36,4655623.64,2168.54
-11799827.67,4655623.54,2165.78
-11799825.11,4655624.15,2171.17
-11799825.25,4655624.11,2169.85
-11799825.72,4655623.95,2165.72
-11799823.32,4655624.5,2169.29
-11799823.72,4655624.38,2165.74
-11799821.71,4655624.8100000005,2165.69
-11799819.450000001,4655625.33,2168.48
-11799819.74,4655625.23,2165.69
-11799817.71,4655625.67,2165.83
-11799815.71,4655626.08,2165.77
-11799809.85,4655626.350000001,2169.19
-11799811.78,4655625.95,2169.22
-11799813.84,4655625.5,2168.69
-11799816.15,4655624.96,2165.75
-11799817.91,4655624.62,2168.03
-11799818.15,4655624.54,2165.79
-11799819.77,4655624.23,2168.9
-11799820.14,4655624.11,2165.59
-11799822.09,4655623.71,2165.71
-11799824.06,4655623.2700000005,2165.77
-11799825.48,4655623.04,2170.81
-11799825.58,4655622.99,2169.9
-11799825.72,4655622.96,2168.63
-11799827.35,4655622.65,2171.88
-11799827.69,4655622.54,2168.84
-11799828.96,4655622.350000001,2175.04
-11799829.15,4655622.28,2173.34
-11799831.07,4655621.88,2173.69
-11799831.25,4655621.82,2172.11
-11799832.97,4655621.48,2174.38
-11799833.200000001,4655621.41,2172.38
-11799835.02,4655621.01,2173.46
-11799837.120000001,4655620.57,2172.27
-11799837.24,4655620.53,2171.3
-11799837.47,4655620.45,2169.42
-11799839.4,4655620.05,2169.77
-11799841.32,4655619.65,2170.36
-11799843.25,4655619.24,2170.63
-11799845.28,4655618.8100000005,2170.3
-11799847.3,4655618.37,2169.99
-11799849.36,4655617.92,2169.71
-11799851.27,4655617.53,2170.0
-11799853.26,4655617.100000001,2169.73
-11799855.31,4655616.66,2169.4
-11799857.31,4655616.23,2169.19
-11799857.55,4655616.15,2167.36
-11799859.35,4655615.78,2168.61
-11799859.75,4655615.01,2168.21
-11799857.84,4655615.4,2167.51
-11799855.68,4655615.88,2169.17
-11799855.9,4655615.82,2167.44
-11799853.67,4655616.3100000005,2169.42
-11799851.63,4655616.75,2169.69
-11799849.63,4655617.17,2169.72
-11799847.65,4655617.59,2169.67
-11799845.63,4655618.01,2170.0
-11799843.58,4655618.46,2170.32
-11799841.59,4655618.89,2170.38
-11799839.72,4655619.28,2169.82
-11799837.41,4655619.79,2172.63
-11799837.540000001,4655619.75,2171.5
-11799837.78,4655619.69,2169.53
-11799835.32,4655620.24,2173.27
-11799833.13,4655620.71,2174.86
-11799831.22,4655621.13,2174.31
-11799829.19,4655621.5600000005,2174.92
-11799829.39,4655621.5,2173.15
-11799827.34,4655621.94,2173.83
-11799827.56,4655621.88,2171.97
-11799825.93,4655622.18,2168.83
-11799823.950000001,4655622.61,2168.59
-11799824.24,4655622.5200000005,2165.86
-11799822.24,4655622.94,2165.85
-11799819.9,4655623.47,2169.09
-11799817.97,4655623.87,2168.53
-11799818.28,4655623.76,2165.73
-11799816.32,4655624.19,2165.76
-11799814.02,4655624.71,2168.67
-11799811.97,4655625.15,2169.17
-11799809.98,4655625.5600000005,2169.19
-11799808.05,4655625.98,2168.73
-11799806.39,4655626.3,2165.73
-11799802.44,4655626.26,2165.61
-11799804.38,4655625.84,2165.78
-11799806.34,4655625.43,2165.77
-11799808.040000001,4655625.09,2168.61
-11799809.96,4655624.7,2169.11
-11799811.9,4655624.28,2169.34
-11799813.99,4655623.83,2168.79
-11799816.31,4655623.3100000005,2165.79
-11799817.94,4655623.0,2168.65
-11799819.85,4655622.59,2169.1
-11799821.89,4655622.16,2168.54
-11799822.18,4655622.0600000005,2165.94
-11799823.83,4655621.73,2168.79
-11799825.76,4655621.33,2169.01
-11799827.41,4655621.0200000005,2172.0
-11799827.56,4655620.97,2170.72
-11799829.08,4655620.69,2174.65
-11799831.16,4655620.23,2173.51
-11799832.94,4655619.86,2175.09
-11799833.35,4655619.75,2171.65
-11799835.39,4655619.3,2171.28
-11799835.73,4655619.21,2168.38
-11799835.98,4655619.13,2166.19
-11799837.120000001,4655618.96,2173.23
-11799837.53,4655618.84,2169.8
-11799837.93,4655618.71,2166.3
-11799839.5,4655618.43,2169.65
-11799841.44,4655618.01,2170.26
-11799843.44,4655617.59,2170.11
-11799845.44,4655617.15,2169.78
-11799847.47,4655616.71,2169.48
-11799849.44,4655616.3,2169.57
-11799851.4,4655615.9,2169.51
-11799853.4,4655615.46,2169.3
-11799853.63,4655615.4,2167.5
-11799855.63,4655614.97,2167.35
-11799857.620000001,4655614.55,2167.15
-11799859.56,4655614.14,2167.51
-11799859.71,4655614.09,2166.38
-11799858.58,4655613.73,2166.38
-11799856.48,4655614.19,2167.23
-11799854.46,4655614.61,2167.55
-11799852.23,4655615.11,2169.22
-11799852.450000001,4655615.04,2167.4
-11799850.200000001,4655615.54,2169.5
-11799848.27,4655615.94,2169.21
-11799848.55,4655615.84,2166.97
-11799846.26,4655616.350000001,2169.44
-11799844.22,4655616.8,2169.78
-11799842.16,4655617.24,2170.06
-11799840.23,4655617.65,2169.86
-11799838.35,4655618.04,2169.25
-11799838.69,4655617.93,2166.33
-11799836.18,4655618.51,2170.63
-11799836.370000001,4655618.43,2169.04
-11799836.700000001,4655618.350000001,2166.17
-11799834.07,4655618.97,2171.74
-11799834.73,4655618.7700000005,2166.09
-11799831.67,4655619.5,2175.07
-11799831.89,4655619.44,2173.23
-11799832.33,4655619.3100000005,2169.46
-11799829.76,4655619.89,2174.25
-11799828.09,4655620.23,2171.83
-11799826.39,4655620.5600000005,2169.29
-11799824.44,4655620.97,2169.03
-11799822.48,4655621.37,2168.79
-11799820.53,4655621.79,2168.57
-11799818.53,4655622.21,2168.63
-11799816.82,4655622.55,2166.06
-11799814.59,4655623.04,2168.65
-11799812.540000001,4655623.49,2169.13
-11799810.52,4655623.9,2169.25
-11799808.620000001,4655624.32,2168.75
-11799806.66,4655624.72,2168.47
-11799806.92,4655624.63,2165.94
-11799804.96,4655625.05,2165.76
-11799802.97,4655625.47,2165.69
-11799801.03,4655625.87,2165.38
-11799799.07,4655626.29,2165.3
-11799794.790000001,4655626.24,2165.19
-11799796.74,4655625.82,2165.22
-11799798.73,4655625.41,2165.27
-11799800.72,4655624.99,2165.4
-11799802.67,4655624.57,2165.78
-11799804.64,4655624.17,2165.78
-11799806.31,4655623.84,2168.67
-11799808.25,4655623.43,2168.88
-11799810.23,4655623.0200000005,2169.13
-11799812.18,4655622.600000001,2169.38
-11799814.200000001,4655622.15,2168.86
-11799816.49,4655621.64,2165.78
-11799818.15,4655621.33,2168.53
-11799820.09,4655620.91,2168.74
-11799822.05,4655620.51,2168.99
-11799823.99,4655620.11,2169.19
-11799825.950000001,4655619.69,2169.44
-11799827.68,4655619.350000001,2171.75
-11799827.84,4655619.3,2170.46
-11799827.950000001,4655619.2700000005,2169.42
-11799829.33,4655619.0200000005,2174.67
-11799829.57,4655618.96,2172.6
-11799831.46,4655618.5600000005,2173.32
-11799831.72,4655618.48,2171.0
-11799833.6,4655618.09,2171.9
-11799835.71,4655617.63,2170.35
-11799836.21,4655617.47,2166.15
-11799838.16,4655617.07,2166.29
-11799839.78,4655616.7700000005,2169.57
-11799841.73,4655616.350000001,2169.88
-11799843.74,4655615.93,2169.57
-11799845.74,4655615.5,2169.26
-11799846.07,4655615.39,2166.58
-11799848.01,4655615.0,2166.74
-11799849.64,4655614.66,2169.32
-11799849.81,4655614.63,2167.97
-11799851.84,4655614.19,2167.63
-11799853.93,4655613.74,2167.21
-11799856.01,4655613.29,2166.42
-11799857.99,4655612.88,2166.4
-11799859.99,4655612.46,2166.36
-11799859.35,4655612.09,2166.38
-11799857.370000001,4655612.51,2166.4
-11799855.38,4655612.93,2166.4
-11799853.36,4655613.36,2166.46
-11799851.24,4655613.82,2167.46
-11799849.14,4655614.2700000005,2168.32
-11799847.370000001,4655614.62,2166.67
-11799845.02,4655615.13,2169.25
-11799845.35,4655615.03,2166.59
-11799843.01,4655615.57,2169.48
-11799841.03,4655615.98,2169.79
-11799839.11,4655616.38,2169.38
-11799837.49,4655616.69,2166.29
-11799835.040000001,4655617.24,2170.11
-11799835.290000001,4655617.16,2168.11
-11799835.52,4655617.11,2166.11
-11799832.84,4655617.73,2171.9
-11799830.620000001,4655618.21,2173.86
-11799830.81,4655618.16,2172.17
-11799828.85,4655618.57,2171.99
-11799829.22,4655618.46,2168.85
-11799827.21,4655618.89,2169.32
-11799825.21,4655619.3,2169.5
-11799823.23,4655619.73,2169.28
-11799821.28,4655620.14,2169.04
-11799819.33,4655620.54,2168.81
-11799817.36,4655620.96,2168.57
-11799817.65,4655620.87,2165.82
-11799815.36,4655621.38,2168.6
-11799815.67,4655621.28,2165.71
-11799813.34,4655621.79,2169.04
-11799811.33,4655622.23,2169.44
-11799809.39,4655622.63,2169.17
-11799807.43,4655623.05,2168.94
-11799805.49,4655623.45,2168.51
-11799805.76,4655623.36,2165.86
-11799803.76,4655623.79,2165.78
-11799801.8,4655624.2,2165.53
-11799799.83,4655624.600000001,2165.34
-11799797.88,4655625.0200000005,2165.21
-11799795.9,4655625.44,2165.15
-11799793.870000001,4655625.850000001,2165.23
-11799791.89,4655626.28,2165.63
-11799787.040000001,4655626.38,2165.35
-11799789.02,4655625.95,2165.38
-11799790.97,4655625.55,2165.42
-11799792.9,4655625.14,2165.71
-11799794.92,4655624.71,2165.19
-11799796.88,4655624.3,2165.22
-11799798.85,4655623.87,2165.26
-11799800.84,4655623.48,2165.42
-11799802.84,4655623.0600000005,2165.65
-11799804.790000001,4655622.63,2165.77
-11799806.44,4655622.33,2168.69
-11799808.36,4655621.92,2169.17
-11799810.31,4655621.5,2169.47
-11799812.290000001,4655621.09,2169.44
-11799814.33,4655620.65,2168.9
-11799816.33,4655620.24,2168.67
-11799818.25,4655619.84,2168.88
-11799820.200000001,4655619.43,2169.11
-11799822.18,4655619.01,2169.36
-11799824.1,4655618.61,2169.6
-11799826.040000001,4655618.2,2169.73
-11799827.870000001,4655617.83,2171.11
-11799828.09,4655617.7700000005,2169.22
-11799829.82,4655617.43,2171.61
-11799830.15,4655617.32,2168.76
-11799831.96,4655616.96,2170.15
-11799832.290000001,4655616.86,2167.35
-11799832.46,4655616.8100000005,2165.88
-11799833.96,4655616.54,2169.94
-11799836.38,4655615.97,2166.22
-11799838.33,4655615.58,2166.33
-11799839.93,4655615.28,2169.52
-11799841.94,4655614.850000001,2169.38
-11799844.27,4655614.33,2166.42
-11799846.17,4655613.93,2166.86
-11799847.99,4655613.55,2168.13
-11799849.96,4655613.16,2168.44
-11799852.14,4655612.68,2167.11
-11799854.200000001,4655612.24,2166.4
-11799856.15,4655611.83,2166.4
-11799858.120000001,4655611.41,2166.4
-11799860.13,4655610.99,2166.36
-11799859.620000001,4655610.38,2166.36
-11799857.63,4655610.8,2166.38
-11799855.63,4655611.22,2166.38
-11799853.64,4655611.64,2166.38
-11799851.63,4655612.0600000005,2166.38
-11799849.39,4655612.55,2168.52
-11799847.51,4655612.94,2167.69
-11799845.6,4655613.3100000005,2166.83
-11799843.63,4655613.72,2166.4
-11799841.3,4655614.25,2169.23
-11799841.64,4655614.14,2166.46
-11799839.32,4655614.66,2169.32
-11799839.69,4655614.55,2166.35
-11799837.700000001,4655614.97,2166.3
-11799835.74,4655615.38,2166.11
-11799833.370000001,4655615.9,2169.3
-11799833.76,4655615.79,2165.94
-11799831.790000001,4655616.19,2165.86
-11799829.47,4655616.71,2168.86
-11799827.44,4655617.15,2169.36
-11799825.39,4655617.58,2169.88
-11799823.43,4655617.98,2169.72
-11799821.450000001,4655618.4,2169.47
-11799819.49,4655618.8100000005,2169.23
-11799817.53,4655619.22,2168.99
-11799815.59,4655619.62,2168.78
-11799813.58,4655620.04,2169.11
-11799811.55,4655620.47,2169.33
-11799809.55,4655620.89,2169.4
-11799807.63,4655621.29,2168.96
-11799805.69,4655621.69,2168.49
-11799806.0,4655621.600000001,2165.59
-11799803.99,4655622.0200000005,2165.67
-11799802.02,4655622.43,2165.61
-11799800.07,4655622.83,2165.36
-11799798.120000001,4655623.24,2165.23
-11799796.13,4655623.66,2165.21
-11799794.13,4655624.08,2165.3
-11799792.1,4655624.51,2165.59
-11799790.13,4655624.91,2165.4
-11799788.15,4655625.32,2165.36
-11799786.18,4655625.74,2165.35
-11799784.17,4655626.16,2165.32
-11799778.78,4655626.41,2165.24
-11799780.77,4655625.99,2165.28
-11799782.73,4655625.59,2165.3
-11799784.76,4655625.17,2165.36
-11799786.700000001,4655624.75,2165.38
-11799788.68,4655624.34,2165.38
-11799790.66,4655623.92,2165.4
-11799792.58,4655623.53,2165.94
-11799794.59,4655623.100000001,2165.31
-11799796.540000001,4655622.69,2165.24
-11799798.57,4655622.26,2165.27
-11799800.540000001,4655621.850000001,2165.36
-11799802.200000001,4655621.53,2168.48
-11799802.48,4655621.45,2165.75
-11799804.25,4655621.08,2167.79
-11799804.48,4655621.03,2165.59
-11799806.13,4655620.69,2168.5
-11799806.43,4655620.62,2165.63
-11799808.06,4655620.29,2168.98
-11799809.99,4655619.9,2169.17
-11799811.92,4655619.5,2169.32
-11799813.91,4655619.08,2169.15
-11799815.9,4655618.66,2169.04
-11799817.88,4655618.25,2169.28
-11799819.85,4655617.83,2169.5
-11799821.81,4655617.41,2169.74
-11799823.75,4655617.0200000005,2169.97
-11799825.73,4655616.600000001,2169.9
-11799827.73,4655616.18,2169.42
-11799829.77,4655615.75,2168.94
-11799831.83,4655615.32,2168.59
-11799832.15,4655615.22,2165.9
-11799834.11,4655614.82,2165.99
-11799836.06,4655614.4,2166.13
-11799837.86,4655614.03,2167.53
-11799838.01,4655613.98,2166.32
-11799839.67,4655613.68,2169.23
-11799840.01,4655613.57,2166.38
-11799842.0,4655613.17,2166.42
-11799843.950000001,4655612.75,2166.42
-11799845.9,4655612.34,2166.44
-11799847.9,4655611.92,2166.49
-11799849.76,4655611.54,2167.6
-11799849.91,4655611.5,2166.35
-11799851.89,4655611.08,2166.38
-11799853.9,4655610.65,2166.38
-11799855.86,4655610.24,2166.38
-11799857.83,4655609.84,2166.38
-11799859.8,4655609.42,2166.36
-11799859.53,4655608.73,2166.34
-11799857.540000001,4655609.12,2166.35
-11799855.56,4655609.55,2166.35
-11799853.540000001,4655609.96,2166.36
-11799851.540000001,4655610.39,2166.36
-11799849.55,4655610.8,2166.36
-11799847.57,4655611.21,2166.38
-11799845.58,4655611.63,2166.4
-11799843.61,4655612.04,2166.3
-11799841.6,4655612.46,2166.46
-11799839.38,4655612.94,2168.13
-11799839.61,4655612.87,2166.26
-11799837.4,4655613.34,2168.15
-11799835.66,4655613.68,2166.07
-11799833.66,4655614.100000001,2165.94
-11799831.39,4655614.59,2168.61
-11799831.72,4655614.51,2165.83
-11799829.34,4655615.03,2169.05
-11799827.31,4655615.47,2169.55
-11799825.28,4655615.89,2170.05
-11799823.26,4655616.32,2170.13
-11799821.27,4655616.73,2169.9
-11799819.32,4655617.12,2169.65
-11799817.41,4655617.5200000005,2169.42
-11799815.46,4655617.92,2169.17
-11799813.43,4655618.350000001,2169.3
-11799811.46,4655618.76,2169.19
-11799809.51,4655619.15,2168.96
-11799807.540000001,4655619.57,2168.81
-11799805.93,4655619.88,2165.61
-11799803.71,4655620.37,2167.72
-11799803.92,4655620.29,2165.52
-11799801.61,4655620.79,2168.3
-11799801.89,4655620.72,2165.48
-11799799.92,4655621.13,2165.32
-11799797.96,4655621.5200000005,2165.28
-11799795.96,4655621.95,2165.28
-11799793.870000001,4655622.4,2166.34
-11799793.97,4655622.37,2165.32
-11799791.96,4655622.79,2165.63
-11799790.0,4655623.2,2165.38
-11799788.03,4655623.600000001,2165.36
-11799786.06,4655624.01,2165.34
-11799784.07,4655624.43,2165.35
-11799782.08,4655624.850000001,2165.31
-11799779.53,4655625.44,2171.83
-11799780.120000001,4655625.24,2165.26
-11799777.66,4655625.8100000005,2170.72
-11799778.14,4655625.66,2165.26
-11799775.13,4655626.41,2177.13
-11799775.200000001,4655626.37,2176.23
-11799770.88,4655626.38,2178.56
-11799772.72,4655626.0200000005,2179.88
-11799775.040000001,4655625.49,2175.61
-11799777.450000001,4655624.94,2170.67
-11799777.93,4655624.79,2165.25
-11799779.18,4655624.61,2173.27
-11799779.91,4655624.39,2165.23
-11799781.89,4655623.97,2165.29
-11799783.870000001,4655623.55,2165.34
-11799785.84,4655623.14,2165.38
-11799787.790000001,4655622.73,2165.36
-11799789.77,4655622.33,2165.4
-11799791.76,4655621.91,2165.42
-11799793.68,4655621.5200000005,2165.67
-11799795.67,4655621.100000001,2165.32
-11799797.71,4655620.66,2165.29
-11799799.71,4655620.24,2165.31
-11799801.4,4655619.92,2168.17
-11799801.67,4655619.83,2165.47
-11799803.34,4655619.51,2168.21
-11799803.620000001,4655619.43,2165.56
-11799805.46,4655619.07,2166.9
-11799805.58,4655619.03,2165.63
-11799807.23,4655618.7,2168.67
-11799809.19,4655618.3100000005,2168.8
-11799811.15,4655617.89,2169.07
-11799813.08,4655617.5,2169.47
-11799815.05,4655617.09,2169.34
-11799817.03,4655616.67,2169.61
-11799818.98,4655616.26,2169.85
-11799820.93,4655615.87,2170.07
-11799822.870000001,4655615.46,2170.27
-11799824.84,4655615.03,2170.02
-11799826.84,4655614.63,2169.73
-11799828.88,4655614.19,2169.24
-11799830.93,4655613.76,2168.75
-11799833.28,4655613.23,2165.98
-11799835.25,4655612.84,2166.03
-11799836.92,4655612.5200000005,2168.46
-11799838.870000001,4655612.100000001,2168.74
-11799841.13,4655611.62,2166.42
-11799842.94,4655611.26,2167.63
-11799845.1,4655610.78,2166.36
-11799847.1,4655610.350000001,2166.38
-11799849.1,4655609.96,2166.36
-11799851.05,4655609.55,2166.38
-11799853.040000001,4655609.13,2166.36
-11799855.040000001,4655608.71,2166.33
-11799856.98,4655608.3100000005,2166.35
-11799859.01,4655607.88,2166.35
-11799859.06,4655607.23,2166.32
-11799857.1,4655607.63,2166.32
-11799855.11,4655608.05,2166.32
-11799853.09,4655608.47,2166.34
-11799851.07,4655608.87,2166.36
-11799849.1,4655609.29,2166.35
-11799847.11,4655609.71,2166.38
-11799845.120000001,4655610.100000001,2166.33
-11799841.11,4655610.94,2166.36
-11799838.83,4655611.44,2168.69
-11799836.85,4655611.850000001,2168.59
-11799834.96,4655612.23,2167.63
-11799835.16,4655612.18,2166.0
-11799832.94,4655612.65,2167.78
-11799833.15,4655612.59,2165.92
-11799830.870000001,4655613.09,2168.76
-11799828.85,4655613.51,2169.26
-11799826.85,4655613.93,2169.61
-11799824.85,4655614.34,2169.84
-11799822.81,4655614.7700000005,2170.08
-11799820.78,4655615.18,2170.23
-11799818.84,4655615.600000001,2169.97
-11799816.91,4655615.98,2169.76
-11799814.96,4655616.4,2169.53
-11799812.96,4655616.8,2169.44
-11799810.98,4655617.21,2169.1
-11799809.06,4655617.62,2168.76
-11799806.950000001,4655618.0600000005,2169.98
-11799807.09,4655618.01,2168.61
-11799804.76,4655618.53,2171.94
-11799805.05,4655618.44,2169.11
-11799805.27,4655618.38,2166.98
-11799805.41,4655618.34,2165.6
-11799803.13,4655618.83,2168.36
-11799803.3,4655618.78,2166.72
-11799803.41,4655618.74,2165.55
-11799801.18,4655619.23,2167.76
-11799801.41,4655619.16,2165.44
-11799799.46,4655619.57,2165.29
-11799797.48,4655619.97,2165.27
-11799795.51,4655620.38,2165.35
-11799793.52,4655620.8,2165.46
-11799791.51,4655621.22,2165.42
-11799789.52,4655621.61,2165.4
-11799787.53,4655622.04,2165.34
-11799785.53,4655622.45,2165.38
-11799783.56,4655622.86,2165.34
-11799781.58,4655623.28,2165.29
-11799779.11,4655623.84,2171.03
-11799779.620000001,4655623.68,2165.27
-11799776.8,4655624.34,2174.63
-11799777.02,4655624.26,2172.19
-11799777.16,4655624.24,2170.74
-11799777.63,4655624.09,2165.27
-11799774.81,4655624.7700000005,2175.22
-11799774.89,4655624.73,2174.22
-11799774.99,4655624.71,2173.13
-11799775.18,4655624.65,2170.88
-11799772.49,4655625.2700000005,2179.24
-11799772.75,4655625.21,2176.28
-11799770.57,4655625.67,2178.48
-11799770.790000001,4655625.600000001,2175.86
-11799768.950000001,4655625.98,2174.42
-11799767.32,4655626.28,2170.54
-11799767.47,4655626.23,2168.67
-11799767.75,4655626.13,2165.29
-11799762.28,4655626.39,2177.61
-11799764.49,4655625.9,2174.08
-11799764.8,4655625.8100000005,2170.34
-11799765.22,4655625.67,2165.19
-11799766.86,4655625.36,2169.02
-11799767.18,4655625.26,2165.22
-11799768.53,4655625.05,2172.92
-11799768.700000001,4655624.99,2170.94
-11799770.24,4655624.71,2176.1
-11799770.42,4655624.66,2173.94
-11799770.55,4655624.63,2172.55
-11799772.040000001,4655624.37,2177.82
-11799772.16,4655624.32,2176.42
-11799774.28,4655623.87,2174.76
-11799775.82,4655623.58,2179.81
-11799776.31,4655623.45,2174.28
-11799776.450000001,4655623.41,2172.73
-11799776.61,4655623.36,2170.86
-11799778.52,4655622.96,2171.3
-11799779.07,4655622.79,2165.19
-11799780.65,4655622.5,2169.25
-11799781.01,4655622.39,2165.3
-11799783.0,4655621.98,2165.35
-11799784.96,4655621.5600000005,2165.38
-11799786.92,4655621.17,2165.38
-11799788.91,4655620.75,2165.4
-11799790.9,4655620.34,2165.4
-11799792.91,4655619.92,2165.44
-11799794.86,4655619.5200000005,2165.4
-11799796.85,4655619.08,2165.35
-11799798.82,4655618.69,2165.31
-11799800.81,4655618.28,2165.36
-11799802.61,4655617.92,2167.01
-11799802.75,4655617.88,2165.6
-11799803.92,4655617.71,2173.36
-11799804.56,4655617.5,2167.11
-11799805.96,4655617.2700000005,2172.57
-11799806.22,4655617.2,2170.15
-11799808.370000001,4655616.74,2168.47
-11799808.66,4655616.65,2165.73
-11799810.32,4655616.33,2168.94
-11799812.27,4655615.94,2169.4
-11799814.18,4655615.55,2169.69
-11799816.120000001,4655615.13,2169.94
-11799818.09,4655614.73,2170.17
-11799820.08,4655614.32,2170.15
-11799822.06,4655613.91,2169.92
-11799824.03,4655613.49,2169.69
-11799826.06,4655613.07,2169.42
-11799828.1,4655612.65,2169.19
-11799830.11,4655612.23,2168.99
-11799832.11,4655611.8,2168.63
-11799832.44,4655611.72,2165.88
-11799834.15,4655611.38,2168.17
-11799836.14,4655610.96,2168.01
-11799836.370000001,4655610.91,2166.06
-11799838.01,4655610.58,2168.6
-11799840.290000001,4655610.09,2166.36
-11799842.28,4655609.66,2166.38
-11799844.01,4655609.32,2168.19
-11799844.26,4655609.2700000005,2166.19
-11799846.24,4655608.86,2166.34
-11799848.23,4655608.44,2166.36
-11799850.22,4655608.0200000005,2166.36
-11799852.21,4655607.62,2166.34
-11799854.17,4655607.21,2166.32
-11799856.18,4655606.78,2166.32
-11799858.17,4655606.38,2166.33
-11799858.71,4655605.69,2166.31
-11799856.74,4655606.100000001,2166.3
-11799854.78,4655606.51,2166.33
-11799852.790000001,4655606.93,2166.3
-11799850.790000001,4655607.32,2166.33
-11799848.8,4655607.74,2166.35
-11799846.8,4655608.16,2166.32
-11799844.8,4655608.57,2166.25
-11799842.55,4655609.0600000005,2168.11
-11799840.77,4655609.41,2166.35
-11799838.6,4655609.850000001,2168.02
-11799838.82,4655609.8,2166.19
-11799836.620000001,4655610.2700000005,2168.22
-11799836.870000001,4655610.19,2166.1
-11799834.64,4655610.68,2167.97
-11799832.56,4655611.100000001,2168.42
-11799830.540000001,4655611.53,2168.73
-11799828.55,4655611.95,2168.99
-11799826.56,4655612.350000001,2169.19
-11799824.55,4655612.78,2169.47
-11799822.56,4655613.18,2169.71
-11799820.55,4655613.600000001,2169.94
-11799818.49,4655614.04,2170.21
-11799816.49,4655614.43,2170.13
-11799814.57,4655614.82,2169.88
-11799812.63,4655615.22,2169.48
-11799810.66,4655615.64,2169.04
-11799808.71,4655616.03,2168.55
-11799809.01,4655615.95,2165.75
-11799806.290000001,4655616.57,2173.25
-11799806.59,4655616.49,2170.35
-11799804.200000001,4655617.01,2174.32
-11799802.51,4655617.34,2171.47
-11799802.74,4655617.2700000005,2169.23
-11799802.98,4655617.19,2166.92
-11799801.120000001,4655617.57,2165.38
-11799799.120000001,4655617.98,2165.3
-11799797.15,4655618.39,2165.32
-11799795.16,4655618.8100000005,2165.51
-11799793.11,4655619.23,2165.88
-11799791.16,4655619.62,2165.4
-11799789.18,4655620.04,2165.38
-11799787.19,4655620.45,2165.38
-11799785.22,4655620.850000001,2165.38
-11799783.26,4655621.26,2165.33
-11799780.77,4655621.82,2170.74
-11799780.89,4655621.78,2169.36
-11799778.71,4655622.26,2171.34
-11799779.26,4655622.08,2165.24
-11799776.040000001,4655622.88,2179.36
-11799776.18,4655622.82,2177.71
-11799774.48,4655623.15,2174.74
-11799774.63,4655623.11,2173.0
-11799772.25,4655623.62,2177.81
-11799770.41,4655624.0,2175.84
-11799770.69,4655623.91,2172.6
-11799768.65,4655624.34,2173.29
-11799768.78,4655624.3,2171.88
-11799767.11,4655624.61,2168.4
-11799767.38,4655624.53,2165.19
-11799764.46,4655625.23,2176.57
-11799764.65,4655625.18,2174.34
-11799764.83,4655625.11,2172.08
-11799764.97,4655625.07,2170.35
-11799762.46,4655625.65,2177.31
-11799760.65,4655625.99,2175.0
-11799760.93,4655625.91,2171.52
-11799758.71,4655626.39,2174.24
-11799759.44,4655626.17,2165.02
-11799752.8,4655626.39,2165.1
-11799754.76,4655625.98,2164.96
-11799756.74,4655625.57,2165.05
-11799758.02,4655625.38,2174.22
-11799758.72,4655625.15,2165.32
-11799759.81,4655625.04,2176.38
-11799761.66,4655624.67,2177.67
-11799763.620000001,4655624.26,2177.21
-11799765.99,4655623.73,2172.32
-11799766.23,4655623.64,2169.47
-11799766.36,4655623.61,2167.92
-11799766.58,4655623.54,2165.25
-11799768.16,4655623.24,2170.31
-11799768.38,4655623.19,2167.65
-11799768.58,4655623.12,2165.32
-11799769.71,4655622.98,2175.11
-11799770.02,4655622.89,2171.6
-11799770.21,4655622.82,2169.34
-11799770.55,4655622.72,2165.29
-11799771.47,4655622.62,2177.23
-11799771.93,4655622.5,2172.02
-11799772.11,4655622.44,2169.96
-11799772.97,4655622.37,2182.77
-11799773.65,4655622.17,2175.07
-11799775.1,4655621.92,2181.15
-11799775.26,4655621.87,2179.38
-11799777.620000001,4655621.34,2174.92
-11799777.85,4655621.2700000005,2172.32
-11799778.48,4655621.08,2165.36
-11799779.52,4655620.95,2175.57
-11799779.97,4655620.82,2170.61
-11799781.78,4655620.47,2172.3
-11799782.42,4655620.25,2165.32
-11799784.38,4655619.86,2165.36
-11799786.370000001,4655619.45,2165.36
-11799788.34,4655619.05,2165.4
-11799790.32,4655618.64,2165.42
-11799792.27,4655618.22,2165.46
-11799794.24,4655617.83,2165.47
-11799796.200000001,4655617.42,2165.51
-11799798.26,4655616.98,2165.28
-11799800.26,4655616.58,2165.33
-11799801.94,4655616.24,2167.81
-11799802.11,4655616.19,2166.17
-11799803.16,4655616.0600000005,2174.86
-11799803.35,4655616.01,2172.94
-11799804.9,4655615.72,2176.9
-11799805.06,4655615.67,2175.29
-11799807.38,4655615.17,2171.96
-11799807.76,4655615.07,2168.36
-11799808.040000001,4655614.99,2165.69
-11799809.74,4655614.66,2168.72
-11799811.700000001,4655614.25,2169.17
-11799813.63,4655613.86,2169.63
-11799815.540000001,4655613.47,2170.09
-11799817.53,4655613.0600000005,2170.0
-11799819.53,4655612.63,2169.74
-11799821.5,4655612.23,2169.52
-11799823.52,4655611.82,2169.27
-11799825.49,4655611.4,2169.19
-11799827.540000001,4655610.98,2168.81
-11799829.56,4655610.54,2168.57
-11799831.540000001,4655610.15,2168.26
-11799833.53,4655609.73,2168.25
-11799835.55,4655609.32,2167.92
-11799835.76,4655609.24,2166.09
-11799837.53,4655608.9,2168.09
-11799837.76,4655608.850000001,2166.19
-11799839.76,4655608.43,2166.29
-11799841.73,4655608.01,2166.34
-11799845.65,4655607.21,2166.26
-11799847.63,4655606.8100000005,2166.33
-11799849.63,4655606.4,2166.33
-11799851.63,4655605.98,2166.32
-11799853.63,4655605.57,2166.31
-11799855.66,4655605.15,2166.3
-11799857.64,4655604.73,2166.3
-11799859.63,4655604.33,2166.29
-11799858.66,4655603.98,2166.27
-11799856.69,4655604.4,2166.28
-11799854.73,4655604.8100000005,2166.27
-11799852.74,4655605.21,2166.3
-11799850.76,4655605.62,2166.29
-11799848.84,4655606.01,2166.3
-11799846.92,4655606.4,2166.29
-11799844.97,4655606.8,2166.25
-11799843.01,4655607.19,2166.26
-11799841.03,4655607.61,2166.33
-11799839.07,4655608.0200000005,2166.26
-11799836.92,4655608.48,2168.02
-11799837.120000001,4655608.42,2166.32
-11799835.02,4655608.86,2167.47
-11799835.200000001,4655608.8100000005,2166.04
-11799832.97,4655609.28,2168.23
-11799831.02,4655609.68,2168.11
-11799829.0,4655610.100000001,2168.54
-11799829.13,4655610.0600000005,2167.47
-11799827.01,4655610.51,2168.83
-11799825.0,4655610.91,2169.31
-11799823.08,4655611.3100000005,2169.21
-11799821.11,4655611.73,2169.42
-11799819.09,4655612.15,2169.65
-11799817.09,4655612.55,2169.9
-11799815.15,4655612.95,2169.97
-11799813.24,4655613.34,2169.53
-11799811.33,4655613.73,2169.07
-11799809.43,4655614.12,2168.63
-11799807.120000001,4655614.62,2172.09
-11799807.8,4655614.42,2165.67
-11799804.66,4655615.18,2176.81
-11799804.89,4655615.11,2174.61
-11799802.91,4655615.49,2174.44
-11799803.08,4655615.46,2172.9
-11799801.58,4655615.71,2168.4
-11799801.72,4655615.68,2167.05
-11799801.84,4655615.66,2165.79
-11799799.94,4655616.04,2165.3
-11799798.02,4655616.43,2165.29
-11799796.03,4655616.850000001,2165.61
-11799794.06,4655617.24,2165.44
-11799792.08,4655617.63,2165.44
-11799790.09,4655618.05,2165.42
-11799788.17,4655618.45,2165.4
-11799786.23,4655618.850000001,2165.38
-11799784.24,4655619.26,2165.38
-11799781.59,4655619.87,2172.61
-11799781.77,4655619.8100000005,2170.65
-11799782.27,4655619.67,2165.25
-11799779.36,4655620.34,2175.47
-11799779.67,4655620.26,2172.09
-11799777.24,4655620.8100000005,2177.81
-11799777.49,4655620.73,2175.03
-11799777.73,4655620.65,2172.29
-11799774.74,4655621.38,2184.02
-11799774.89,4655621.32,2182.24
-11799774.98,4655621.3,2181.21
-11799775.17,4655621.24,2179.09
-11799772.85,4655621.74,2182.67
-11799773.22,4655621.64,2178.46
-11799773.51,4655621.54,2175.13
-11799771.4,4655621.98,2177.01
-11799771.83,4655621.87,2172.07
-11799769.67,4655622.32,2174.56
-11799770.11,4655622.2,2169.32
-11799770.450000001,4655622.09,2165.35
-11799768.5,4655622.48,2165.31
-11799765.86,4655623.100000001,2173.33
-11799766.52,4655622.89,2165.25
-11799763.6,4655623.600000001,2176.97
-11799763.84,4655623.5200000005,2174.05
-11799761.6,4655624.01,2177.65
-11799759.76,4655624.37,2176.13
-11799758.68,4655624.5,2164.98
-11799756.73,4655624.91,2165.06
-11799754.77,4655625.3,2165.05
-11799752.790000001,4655625.71,2165.04
-11799750.82,4655626.100000001,2164.86
-11799743.950000001,4655626.3,2165.02
-11799744.84,4655626.26,2180.27
-11799745.950000001,4655625.88,2164.96
-11799746.790000001,4655625.850000001,2180.42
-11799747.92,4655625.48,2164.9
-11799749.86,4655625.08,2164.92
-11799751.81,4655624.68,2164.82
-11799753.78,4655624.2700000005,2164.98
-11799755.790000001,4655623.850000001,2165.11
-11799757.74,4655623.46,2164.99
-11799759.69,4655623.07,2165.08
-11799760.83,4655622.91,2175.53
-11799762.8,4655622.5200000005,2175.94
-11799763.67,4655622.24,2165.25
-11799764.98,4655622.05,2173.4
-11799765.09,4655621.99,2172.02
-11799765.65,4655621.82,2165.31
-11799767.15,4655621.57,2170.72
-11799767.36,4655621.51,2168.36
-11799767.61,4655621.43,2165.36
-11799768.99,4655621.2,2172.19
-11799769.24,4655621.13,2169.17
-11799769.57,4655621.04,2165.38
-11799770.77,4655620.86,2174.26
-11799771.83,4655620.73,2184.84
-11799771.950000001,4655620.69,2183.56
-11799772.53,4655620.5200000005,2176.88
-11799772.63,4655620.49,2175.67
-11799773.72,4655620.350000001,2185.77
-11799773.94,4655620.28,2183.32
-11799775.9,4655619.88,2183.05
-11799776.41,4655619.73,2177.46
-11799776.59,4655619.68,2175.48
-11799778.05,4655619.42,2181.0
-11799778.57,4655619.26,2175.25
-11799780.82,4655618.7700000005,2172.42
-11799780.96,4655618.72,2170.92
-11799781.47,4655618.58,2165.34
-11799782.83,4655618.36,2171.8
-11799783.43,4655618.18,2165.35
-11799785.35,4655617.78,2165.38
-11799787.31,4655617.37,2165.38
-11799789.3,4655616.97,2165.4
-11799791.290000001,4655616.57,2165.47
-11799793.290000001,4655616.15,2165.49
-11799795.19,4655615.7700000005,2166.38
-11799795.28,4655615.73,2165.57
-11799797.27,4655615.33,2165.38
-11799799.23,4655614.93,2165.36
-11799801.18,4655614.5200000005,2165.38
-11799802.72,4655614.25,2169.61
-11799804.15,4655614.0,2174.85
-11799804.28,4655613.96,2173.65
-11799804.38,4655613.92,2172.69
-11799806.620000001,4655613.45,2169.97
-11799806.94,4655613.36,2167.02
-11799807.09,4655613.3,2165.58
-11799809.040000001,4655612.91,2165.73
-11799810.67,4655612.600000001,2168.82
-11799812.64,4655612.2,2169.27
-11799814.57,4655611.8100000005,2169.72
-11799816.55,4655611.4,2169.65
-11799818.55,4655610.98,2169.42
-11799820.58,4655610.5600000005,2169.17
-11799822.59,4655610.15,2168.96
-11799824.540000001,4655609.75,2169.27
-11799826.540000001,4655609.350000001,2169.08
-11799828.53,4655608.93,2168.73
-11799828.85,4655608.850000001,2166.04
-11799830.67,4655608.48,2167.34
-11799832.620000001,4655608.07,2167.48
-11799834.53,4655607.68,2167.8
-11799834.72,4655607.64,2166.25
-11799836.67,4655607.23,2166.63
-11799838.72,4655606.8100000005,2166.22
-11799840.66,4655606.41,2166.27
-11799842.68,4655606.0,2166.25
-11799844.71,4655605.57,2166.19
-11799846.700000001,4655605.18,2166.24
-11799848.66,4655604.7700000005,2166.29
-11799850.67,4655604.36,2166.28
-11799852.65,4655603.93,2166.3
-11799854.64,4655603.54,2166.26
-11799856.63,4655603.13,2166.27
-11799858.61,4655602.72,2166.24
-11799859.83,4655601.88,2166.19
-11799857.85,4655602.2700000005,2166.19
-11799855.870000001,4655602.69,2166.23
-11799853.9,4655603.100000001,2166.27
-11799851.91,4655603.5,2166.27
-11799849.88,4655603.91,2166.25
-11799847.870000001,4655604.3,2166.25
-11799845.88,4655604.72,2166.17
-11799843.870000001,4655605.14,2166.17
-11799841.870000001,4655605.55,2166.27
-11799839.88,4655605.94,2166.24
-11799837.88,4655606.36,2166.23
-11799835.89,4655606.7700000005,2166.58
-11799833.790000001,4655607.21,2167.58
-11799833.950000001,4655607.16,2166.19
-11799831.84,4655607.61,2167.23
-11799829.89,4655608.0,2166.83
-11799827.64,4655608.47,2168.8
-11799825.6,4655608.88,2169.24
-11799823.620000001,4655609.3,2169.03
-11799821.65,4655609.69,2168.83
-11799819.65,4655610.11,2169.08
-11799817.65,4655610.5200000005,2169.31
-11799815.65,4655610.91,2169.55
-11799813.69,4655611.33,2169.49
-11799811.73,4655611.73,2169.05
-11799809.76,4655612.13,2168.57
-11799810.06,4655612.04,2165.77
-11799808.08,4655612.43,2165.67
-11799805.72,4655612.95,2169.61
-11799805.98,4655612.89,2167.17
-11799806.13,4655612.84,2165.74
-11799803.57,4655613.42,2171.17
-11799801.89,4655613.73,2167.9
-11799802.120000001,4655613.66,2165.73
-11799800.18,4655614.0600000005,2165.36
-11799798.19,4655614.46,2165.33
-11799796.18,4655614.87,2165.4
-11799794.200000001,4655615.26,2165.47
-11799792.200000001,4655615.68,2165.46
-11799790.23,4655616.09,2165.42
-11799788.24,4655616.5,2165.4
-11799786.27,4655616.9,2165.4
-11799784.27,4655617.3,2165.36
-11799781.74,4655617.88,2171.29
-11799782.290000001,4655617.72,2165.3
-11799779.23,4655618.44,2177.4
-11799779.46,4655618.36,2174.77
-11799779.69,4655618.3100000005,2172.3
-11799776.99,4655618.93,2180.48
-11799777.49,4655618.76,2174.72
-11799774.53,4655619.48,2186.13
-11799774.83,4655619.37,2182.63
-11799772.69,4655619.82,2184.9
-11799772.92,4655619.7700000005,2182.34
-11799771.39,4655620.04,2177.08
-11799771.48,4655620.0,2176.07
-11799771.61,4655619.97,2174.69
-11799769.540000001,4655620.39,2174.97
-11799769.73,4655620.34,2172.74
-11799770.040000001,4655620.25,2169.22
-11799767.96,4655620.68,2170.44
-11799768.39,4655620.55,2165.31
-11799766.46,4655620.95,2165.33
-11799763.55,4655621.64,2176.33
-11799764.47,4655621.350000001,2165.28
-11799761.55,4655622.03,2176.28
-11799759.67,4655622.41,2175.36
-11799759.86,4655622.36,2173.02
-11799760.49,4655622.15,2165.22
-11799758.53,4655622.57,2165.07
-11799756.540000001,4655622.97,2164.94
-11799754.57,4655623.38,2164.96
-11799752.59,4655623.7700000005,2164.88
-11799750.6,4655624.18,2164.84
-11799748.6,4655624.600000001,2165.21
-11799745.38,4655625.39,2182.03
-11799743.46,4655625.78,2181.5
-11799744.66,4655625.4,2164.9
-11799741.57,4655626.15,2180.54
-11799742.68,4655625.8,2164.94
-11799740.17,4655626.38,2172.36
-11799740.31,4655626.32,2170.4
-11799738.34,4655625.49,2169.67
-11799739.52,4655625.350000001,2180.86
-11799739.59,4655625.3100000005,2179.82
-11799740.27,4655625.100000001,2170.11
-11799741.47,4655624.95,2180.88
-11799742.6,4655624.59,2164.99
-11799743.450000001,4655624.53,2180.79
-11799745.3,4655624.17,2182.29
-11799746.59,4655623.76,2164.83
-11799748.540000001,4655623.37,2164.97
-11799750.5,4655622.95,2164.9
-11799752.48,4655622.5600000005,2164.9
-11799754.44,4655622.16,2165.0
-11799756.41,4655621.76,2165.03
-11799758.4,4655621.350000001,2165.17
-11799760.38,4655620.94,2165.25
-11799761.540000001,4655620.79,2175.15
-11799762.34,4655620.5200000005,2165.29
-11799764.32,4655620.13,2165.3
-11799766.02,4655619.82,2168.63
-11799766.290000001,4655619.74,2165.33
-11799767.620000001,4655619.53,2172.88
-11799767.86,4655619.45,2170.08
-11799769.35,4655619.19,2175.65
-11799769.5,4655619.15,2173.97
-11799770.56,4655619.01,2184.31
-11799771.17,4655618.82,2177.38
-11799772.24,4655618.7,2187.57
-11799772.46,4655618.63,2185.15
-11799774.26,4655618.29,2187.42
-11799774.35,4655618.25,2186.42
-11799776.39,4655617.83,2184.85
-11799776.63,4655617.75,2182.13
-11799776.78,4655617.7,2180.52
-11799779.09,4655617.19,2176.15
-11799779.38,4655617.12,2172.88
-11799779.56,4655617.07,2170.94
-11799780.08,4655616.91,2165.31
-11799781.52,4655616.66,2171.26
-11799782.08,4655616.5,2165.29
-11799784.07,4655616.09,2165.36
-11799786.07,4655615.67,2165.4
-11799788.03,4655615.28,2165.42
-11799789.96,4655614.87,2165.42
-11799791.950000001,4655614.48,2165.46
-11799793.96,4655614.07,2165.48
-11799795.93,4655613.67,2165.52
-11799797.9,4655613.26,2165.38
-11799799.85,4655612.87,2165.4
-11799801.85,4655612.45,2165.38
-11799803.81,4655612.0600000005,2165.65
-11799805.33,4655611.7700000005,2170.04
-11799807.370000001,4655611.36,2169.38
-11799807.57,4655611.3,2167.51
-11799807.76,4655611.24,2165.71
-11799809.71,4655610.850000001,2165.75
-11799811.370000001,4655610.54,2168.84
-11799813.28,4655610.13,2169.3
-11799815.290000001,4655609.74,2169.28
-11799817.290000001,4655609.32,2169.06
-11799819.290000001,4655608.9,2168.81
-11799821.33,4655608.49,2168.59
-11799821.65,4655608.41,2165.81
-11799823.26,4655608.100000001,2168.85
-11799825.22,4655607.71,2169.0
-11799827.22,4655607.29,2168.75
-11799827.540000001,4655607.21,2166.02
-11799829.48,4655606.8,2166.09
-11799831.47,4655606.39,2166.09
-11799833.47,4655605.99,2166.08
-11799835.44,4655605.57,2166.11
-11799837.42,4655605.17,2166.61
-11799839.43,4655604.7700000005,2166.21
-11799841.39,4655604.37,2166.23
-11799843.38,4655603.97,2166.15
-11799845.370000001,4655603.5600000005,2166.15
-11799847.34,4655603.14,2166.17
-11799849.31,4655602.75,2166.22
-11799851.28,4655602.34,2166.22
-11799853.28,4655601.94,2166.22
-11799855.25,4655601.53,2166.19
-11799857.22,4655601.14,2166.19
-11799859.22,4655600.72,2166.17
-11799858.6,4655600.29,2166.15
-11799856.63,4655600.71,2166.15
-11799854.68,4655601.100000001,2166.17
-11799852.73,4655601.51,2166.19
-11799850.78,4655601.9,2166.19
-11799848.8,4655602.29,2166.22
-11799846.870000001,4655602.69,2166.13
-11799844.93,4655603.08,2166.13
-11799842.950000001,4655603.48,2166.17
-11799841.0,4655603.88,2166.23
-11799839.02,4655604.28,2166.17
-11799837.0,4655604.69,2166.42
-11799835.09,4655605.08,2166.1
-11799833.15,4655605.48,2166.09
-11799831.22,4655605.87,2166.06
-11799829.24,4655606.28,2166.09
-11799826.97,4655606.76,2168.71
-11799827.28,4655606.67,2166.08
-11799825.01,4655607.16,2168.83
-11799823.040000001,4655607.5600000005,2168.8
-11799821.09,4655607.96,2168.56
-11799821.39,4655607.86,2165.88
-11799819.14,4655608.350000001,2168.67
-11799817.16,4655608.76,2168.9
-11799815.18,4655609.15,2169.11
-11799813.21,4655609.55,2169.27
-11799811.3,4655609.95,2168.81
-11799809.67,4655610.25,2165.76
-11799807.31,4655610.76,2169.36
-11799807.51,4655610.71,2167.42
-11799807.65,4655610.67,2166.06
-11799805.14,4655611.22,2171.4
-11799803.56,4655611.51,2167.88
-11799803.8,4655611.44,2165.6
-11799801.83,4655611.850000001,2165.4
-11799799.85,4655612.24,2165.4
-11799797.9,4655612.65,2165.38
-11799795.94,4655613.04,2165.51
-11799793.99,4655613.43,2165.48
-11799792.05,4655613.84,2165.44
-11799790.09,4655614.23,2165.4
-11799788.09,4655614.64,2165.4
-11799786.11,4655615.03,2165.38
-11799784.16,4655615.43,2165.36
-11799782.200000001,4655615.82,2165.34
-11799779.23,4655616.53,2176.31
-11799779.36,4655616.49,2175.02
-11799779.55,4655616.44,2172.88
-11799779.73,4655616.38,2170.9
-11799776.48,4655617.16,2185.07
-11799776.77,4655617.0600000005,2181.8
-11799776.89,4655617.04,2180.5
-11799774.26,4655617.64,2188.0
-11799774.47,4655617.5600000005,2185.67
-11799772.31,4655618.04,2188.23
-11799772.47,4655617.99,2186.38
-11799770.63,4655618.36,2185.4
-11799770.76,4655618.32,2184.1
-11799771.33,4655618.13,2177.48
-11799769.56,4655618.5,2175.56
-11799767.72,4655618.850000001,2173.69
-11799767.88,4655618.8100000005,2171.92
-11799766.18,4655619.12,2168.65
-11799766.46,4655619.04,2165.35
-11799764.51,4655619.44,2165.32
-11799762.55,4655619.83,2165.3
-11799760.57,4655620.22,2165.26
-11799758.6,4655620.64,2165.23
-11799756.65,4655621.04,2165.11
-11799754.66,4655621.43,2165.03
-11799752.71,4655621.83,2164.96
-11799750.75,4655622.23,2164.94
-11799748.77,4655622.63,2164.94
-11799745.63,4655623.41,2181.23
-11799746.84,4655623.03,2164.9
-11799743.63,4655623.82,2182.19
-11799744.89,4655623.42,2164.94
-11799741.76,4655624.17,2180.79
-11799742.9,4655623.83,2165.03
-11799739.8,4655624.59,2180.74
-11799739.89,4655624.57,2179.52
-11799740.91,4655624.23,2164.97
-11799737.92,4655624.96,2179.27
-11799738.59,4655624.73,2169.6
-11799737.200000001,4655624.09,2184.71
-11799738.27,4655623.75,2169.32
-11799739.15,4655623.69,2184.4
-11799739.56,4655623.5600000005,2178.8
-11799740.540000001,4655623.25,2164.92
-11799741.38,4655623.2,2180.55
-11799741.5,4655623.16,2178.83
-11799743.23,4655622.84,2182.38
-11799744.49,4655622.42,2165.0
-11799745.4,4655622.36,2179.61
-11799746.48,4655622.03,2164.98
-11799748.47,4655621.64,2164.94
-11799750.43,4655621.23,2165.03
-11799752.370000001,4655620.84,2164.96
-11799754.36,4655620.43,2165.08
-11799756.36,4655620.03,2165.19
-11799758.31,4655619.63,2165.26
-11799760.22,4655619.24,2165.3
-11799762.22,4655618.82,2165.31
-11799764.21,4655618.43,2165.33
-11799765.76,4655618.14,2170.67
-11799765.97,4655618.09,2168.29
-11799766.21,4655618.0200000005,2165.38
-11799767.64,4655617.7700000005,2171.77
-11799769.06,4655617.51,2177.58
-11799769.4,4655617.43,2173.75
-11799770.49,4655617.28,2183.77
-11799770.71,4655617.23,2181.34
-11799771.0,4655617.15,2178.05
-11799772.26,4655616.94,2186.38
-11799774.19,4655616.55,2186.63
-11799774.370000001,4655616.49,2184.72
-11799774.48,4655616.47,2183.33
-11799776.38,4655616.09,2184.21
-11799776.65,4655616.0200000005,2181.33
-11799779.36,4655615.39,2172.94
-11799779.53,4655615.350000001,2171.08
-11799779.69,4655615.29,2169.38
-11799781.24,4655615.0200000005,2173.69
-11799781.6,4655614.91,2169.72
-11799782.01,4655614.79,2165.29
-11799783.97,4655614.39,2165.38
-11799785.98,4655613.98,2165.4
-11799787.950000001,4655613.5600000005,2165.42
-11799789.89,4655613.17,2165.4
-11799791.85,4655612.78,2165.46
-11799793.86,4655612.38,2165.47
-11799795.83,4655611.98,2165.65
-11799797.81,4655611.57,2165.5
-11799799.790000001,4655611.16,2165.38
-11799801.77,4655610.7700000005,2165.36
-11799803.44,4655610.44,2168.33
-11799804.98,4655610.17,2172.52
-11799807.14,4655609.71,2170.61
-11799807.32,4655609.66,2168.98
-11799807.68,4655609.55,2165.65
-11799809.620000001,4655609.16,2165.78
-11799811.290000001,4655608.84,2168.74
-11799813.21,4655608.46,2169.1
-11799815.25,4655608.03,2168.85
-11799817.28,4655607.63,2168.63
-11799819.540000001,4655607.13,2165.88
-11799821.51,4655606.73,2165.96
-11799823.200000001,4655606.42,2168.72
-11799823.51,4655606.34,2166.06
-11799825.5,4655605.93,2166.08
-11799827.450000001,4655605.54,2166.1
-11799829.41,4655605.13,2166.1
-11799831.41,4655604.73,2166.1
-11799833.41,4655604.3100000005,2166.09
-11799835.41,4655603.91,2166.13
-11799837.32,4655603.5200000005,2166.74
-11799839.32,4655603.11,2166.19
-11799841.32,4655602.71,2166.23
-11799843.34,4655602.3,2166.15
-11799845.34,4655601.88,2166.1
-11799847.3,4655601.49,2166.11
-11799849.25,4655601.08,2166.19
-11799851.26,4655600.69,2166.15
-11799853.25,4655600.28,2166.15
-11799855.24,4655599.87,2166.13
-11799857.25,4655599.46,2166.13
-11799859.23,4655599.05,2166.09
-11799859.02,4655598.46,2165.97
-11799856.97,4655598.87,2166.08
-11799854.93,4655599.29,2166.11
-11799852.950000001,4655599.69,2166.13
-11799850.96,4655600.09,2166.11
-11799848.99,4655600.49,2166.15
-11799847.0,4655600.89,2166.09
-11799844.99,4655601.29,2166.09
-11799843.0,4655601.69,2166.15
-11799841.0,4655602.11,2166.19
-11799838.98,4655602.51,2166.15
-11799836.92,4655602.93,2166.57
-11799834.98,4655603.33,2166.11
-11799833.03,4655603.72,2166.08
-11799831.040000001,4655604.11,2166.07
-11799829.03,4655604.53,2166.1
-11799827.0,4655604.94,2166.1
-11799825.02,4655605.350000001,2166.05
-11799823.05,4655605.74,2166.0
-11799821.08,4655606.13,2165.92
-11799819.09,4655606.54,2165.9
-11799816.8,4655607.03,2168.54
-11799817.1,4655606.95,2165.85
-11799814.8,4655607.43,2168.74
-11799812.78,4655607.84,2168.97
-11799810.82,4655608.23,2168.58
-11799811.1,4655608.15,2165.92
-11799809.11,4655608.5600000005,2165.77
-11799806.46,4655609.14,2171.85
-11799806.68,4655609.09,2169.85
-11799804.43,4655609.5600000005,2172.38
-11799802.89,4655609.82,2168.27
-11799803.02,4655609.8100000005,2167.08
-11799803.17,4655609.7700000005,2165.63
-11799801.21,4655610.16,2165.38
-11799799.22,4655610.55,2165.4
-11799797.22,4655610.95,2165.63
-11799795.040000001,4655611.41,2167.54
-11799793.1,4655611.8,2166.88
-11799793.24,4655611.7700000005,2165.47
-11799791.27,4655612.17,2165.42
-11799789.26,4655612.57,2165.4
-11799787.25,4655612.98,2165.4
-11799785.3,4655613.37,2165.38
-11799783.34,4655613.78,2165.36
-11799780.98,4655614.28,2169.38
-11799781.35,4655614.17,2165.36
-11799778.07,4655614.95,2179.58
-11799778.24,4655614.9,2177.74
-11799778.74,4655614.7700000005,2172.29
-11799778.84,4655614.73,2171.11
-11799776.040000001,4655615.37,2179.9
-11799773.700000001,4655615.86,2183.85
-11799771.48,4655616.350000001,2186.63
-11799771.620000001,4655616.3100000005,2185.07
-11799771.83,4655616.24,2182.69
-11799772.08,4655616.17,2179.92
-11799769.73,4655616.69,2183.92
-11799770.27,4655616.53,2177.8
-11799770.5,4655616.46,2175.19
-11799768.74,4655616.79,2172.63
-11799768.97,4655616.71,2170.02
-11799766.84,4655617.17,2171.9
-11799766.950000001,4655617.14,2170.63
-11799767.08,4655617.100000001,2169.13
-11799767.4,4655616.99,2165.4
-11799765.450000001,4655617.39,2165.36
-11799763.49,4655617.79,2165.35
-11799761.48,4655618.19,2165.31
-11799759.5,4655618.61,2165.3
-11799757.51,4655619.0,2165.27
-11799755.52,4655619.41,2165.23
-11799753.56,4655619.8,2165.06
-11799751.6,4655620.21,2164.99
-11799749.59,4655620.600000001,2164.99
-11799747.620000001,4655621.01,2165.0
-11799744.42,4655621.78,2181.27
-11799744.5,4655621.76,2180.13
-11799745.620000001,4655621.4,2165.02
-11799742.48,4655622.18,2181.06
-11799743.64,4655621.82,2165.03
-11799740.36,4655622.62,2183.4
-11799740.53,4655622.57,2180.94
-11799738.32,4655623.03,2184.42
-11799737.44,4655623.09,2168.9
-11799737.21,4655622.08,2184.27
-11799737.370000001,4655622.05,2182.05
-11799739.26,4655621.67,2183.08
-11799740.55,4655621.2700000005,2165.0
-11799741.13,4655621.29,2184.11
-11799741.22,4655621.28,2182.92
-11799741.39,4655621.23,2180.6
-11799743.22,4655620.86,2182.23
-11799743.38,4655620.82,2180.13
-11799743.620000001,4655620.73,2176.88
-11799745.4,4655620.39,2178.86
-11799746.43,4655620.08,2165.04
-11799748.42,4655619.66,2165.05
-11799750.44,4655619.2700000005,2164.98
-11799752.41,4655618.86,2165.06
-11799754.35,4655618.47,2165.23
-11799756.290000001,4655618.08,2165.29
-11799758.290000001,4655617.67,2165.31
-11799760.26,4655617.26,2165.33
-11799762.21,4655616.87,2165.36
-11799764.17,4655616.48,2165.36
-11799766.15,4655616.07,2165.4
-11799767.68,4655615.8100000005,2170.86
-11799767.790000001,4655615.76,2169.55
-11799768.15,4655615.65,2165.42
-11799769.5,4655615.44,2172.58
-11799770.65,4655615.29,2181.9
-11799770.97,4655615.2,2178.32
-11799771.25,4655615.12,2175.21
-11799772.32,4655614.96,2185.36
-11799772.450000001,4655614.94,2184.04
-11799772.56,4655614.91,2182.73
-11799772.91,4655614.8,2178.8
-11799774.46,4655614.5200000005,2183.25
-11799774.69,4655614.46,2180.65
-11799774.94,4655614.38,2177.85
-11799776.96,4655613.95,2176.9
-11799777.17,4655613.9,2174.63
-11799777.450000001,4655613.83,2171.55
-11799779.370000001,4655613.44,2172.11
-11799779.61,4655613.37,2169.57
-11799779.76,4655613.33,2167.8
-11799779.99,4655613.26,2165.36
-11799781.98,4655612.86,2165.4
-11799783.93,4655612.47,2165.38
-11799785.88,4655612.07,2165.4
-11799787.88,4655611.67,2165.4
-11799789.85,4655611.25,2165.42
-11799791.8,4655610.850000001,2165.46
-11799793.61,4655610.51,2167.36
-11799793.8,4655610.46,2165.38
-11799795.56,4655610.12,2168.0
-11799795.74,4655610.07,2166.19
-11799797.790000001,4655609.65,2165.51
-11799799.76,4655609.25,2165.4
-11799801.71,4655608.850000001,2165.4
-11799803.41,4655608.53,2168.17
-11799803.63,4655608.47,2166.06
-11799805.05,4655608.22,2171.76
-11799805.24,4655608.17,2169.88
-11799805.43,4655608.13,2168.19
-11799807.67,4655607.63,2165.65
-11799809.620000001,4655607.23,2165.78
-11799811.290000001,4655606.93,2168.61
-11799811.58,4655606.84,2165.96
-11799813.27,4655606.53,2168.61
-11799815.53,4655606.05,2165.84
-11799817.51,4655605.65,2165.86
-11799819.49,4655605.25,2165.92
-11799821.46,4655604.850000001,2166.0
-11799823.44,4655604.45,2166.04
-11799825.44,4655604.0200000005,2166.06
-11799827.450000001,4655603.63,2166.1
-11799829.39,4655603.22,2166.1
-11799831.36,4655602.83,2166.07
-11799833.38,4655602.43,2166.06
-11799835.33,4655602.03,2166.11
-11799837.31,4655601.64,2166.29
-11799839.33,4655601.23,2166.13
-11799841.3,4655600.82,2166.17
-11799843.32,4655600.4,2166.11
-11799845.290000001,4655600.01,2166.06
-11799847.28,4655599.62,2166.04
-11799849.26,4655599.21,2166.11
-11799851.23,4655598.8,2166.07
-11799853.21,4655598.41,2166.11
-11799855.21,4655598.0,2166.07
-11799857.22,4655597.58,2165.97
-11799859.21,4655597.19,2166.04
-11799859.18,4655596.65,2166.04
-11799857.22,4655597.04,2165.99
-11799855.21,4655597.44,2165.9
-11799853.19,4655597.86,2166.06
-11799851.17,4655598.26,2166.06
-11799849.17,4655598.67,2166.09
-11799847.19,4655599.08,2166.03
-11799845.16,4655599.47,2166.04
-11799843.17,4655599.87,2166.1
-11799841.18,4655600.28,2166.13
-11799839.16,4655600.69,2166.11
-11799837.120000001,4655601.11,2166.46
-11799835.21,4655601.49,2166.1
-11799833.27,4655601.88,2166.05
-11799831.24,4655602.29,2166.04
-11799829.200000001,4655602.7,2166.08
-11799827.21,4655603.09,2166.08
-11799825.23,4655603.49,2166.05
-11799823.26,4655603.9,2166.03
-11799821.26,4655604.3,2165.98
-11799819.26,4655604.71,2165.94
-11799817.290000001,4655605.100000001,2165.86
-11799815.27,4655605.51,2165.85
-11799813.0,4655605.99,2168.55
-11799813.3,4655605.91,2165.84
-11799811.03,4655606.39,2168.51
-11799811.31,4655606.3100000005,2165.92
-11799809.32,4655606.71,2165.76
-11799807.35,4655607.11,2165.65
-11799804.870000001,4655607.65,2170.05
-11799805.06,4655607.59,2168.19
-11799805.33,4655607.5,2165.67
-11799803.36,4655607.92,2165.52
-11799801.370000001,4655608.3100000005,2165.42
-11799799.39,4655608.72,2165.44
-11799797.39,4655609.11,2165.48
-11799795.17,4655609.59,2167.82
-11799793.21,4655609.98,2167.53
-11799793.4,4655609.93,2165.55
-11799791.43,4655610.32,2165.44
-11799789.450000001,4655610.71,2165.4
-11799787.450000001,4655611.12,2165.4
-11799785.46,4655611.51,2165.42
-11799783.47,4655611.91,2165.36
-11799781.49,4655612.33,2165.38
-11799779.1,4655612.84,2169.75
-11799779.27,4655612.8,2167.97
-11799779.51,4655612.72,2165.34
-11799776.61,4655613.37,2175.02
-11799776.94,4655613.29,2171.46
-11799773.91,4655613.99,2183.36
-11799774.43,4655613.84,2177.58
-11799774.73,4655613.76,2174.13
-11799774.85,4655613.71,2172.88
-11799772.040000001,4655614.36,2182.79
-11799772.4,4655614.26,2178.72
-11799770.44,4655614.65,2178.4
-11799770.73,4655614.5600000005,2175.15
-11799768.92,4655614.92,2173.13
-11799769.11,4655614.86,2170.92
-11799767.25,4655615.22,2169.6
-11799767.61,4655615.12,2165.4
-11799765.61,4655615.53,2165.38
-11799763.61,4655615.92,2165.38
-11799761.63,4655616.3100000005,2165.36
-11799759.67,4655616.73,2165.34
-11799757.69,4655617.12,2165.31
-11799755.69,4655617.53,2165.27
-11799753.72,4655617.92,2165.22
-11799751.75,4655618.32,2165.06
-11799749.78,4655618.72,2164.99
-11799747.790000001,4655619.12,2165.08
-11799745.1,4655619.74,2174.44
-11799745.22,4655619.7,2172.94
-11799745.8,4655619.5200000005,2165.1
-11799742.64,4655620.29,2181.5
-11799742.76,4655620.25,2179.98
-11799742.94,4655620.2,2177.48
-11799740.46,4655620.75,2184.13
-11799741.84,4655620.32,2165.1
-11799738.450000001,4655621.16,2184.86
-11799738.540000001,4655621.13,2183.55
-11799738.96,4655621.0,2177.61
-11799739.86,4655620.72,2164.94
-11799737.870000001,4655621.11,2164.99
-11799738.08,4655619.88,2165.07
-11799738.700000001,4655619.9,2184.32
-11799738.81,4655619.87,2182.97
-11799740.09,4655619.47,2165.01
-11799740.63,4655619.5,2184.42
-11799742.5,4655619.14,2185.5
-11799742.66,4655619.08,2183.36
-11799743.08,4655618.96,2177.61
-11799744.63,4655618.69,2182.88
-11799745.03,4655618.57,2177.67
-11799746.96,4655618.18,2177.78
-11799747.92,4655617.89,2165.15
-11799749.91,4655617.48,2165.11
-11799751.870000001,4655617.09,2165.17
-11799753.86,4655616.67,2165.3
-11799755.82,4655616.29,2165.3
-11799757.76,4655615.89,2165.34
-11799759.73,4655615.5,2165.36
-11799761.71,4655615.08,2165.4
-11799763.68,4655614.69,2165.4
-11799765.66,4655614.29,2165.4
-11799767.290000001,4655613.99,2169.42
-11799767.63,4655613.9,2165.42
-11799768.77,4655613.72,2174.94
-11799768.950000001,4655613.69,2173.0
-11799770.450000001,4655613.43,2178.61
-11799771.040000001,4655613.26,2171.92
-11799771.16,4655613.22,2170.47
-11799772.35,4655613.04,2179.29
-11799772.81,4655612.92,2174.08
-11799772.99,4655612.87,2172.17
-11799774.41,4655612.62,2177.92
-11799775.01,4655612.45,2171.34
-11799775.22,4655612.39,2169.07
-11799777.08,4655612.03,2170.26
-11799777.52,4655611.89,2165.4
-11799778.870000001,4655611.67,2172.08
-11799779.21,4655611.58,2168.52
-11799779.5,4655611.5,2165.32
-11799781.5,4655611.09,2165.42
-11799783.47,4655610.67,2165.42
-11799785.42,4655610.28,2165.42
-11799787.41,4655609.89,2165.44
-11799789.39,4655609.49,2165.44
-11799791.36,4655609.09,2165.48
-11799793.08,4655608.75,2167.81
-11799793.31,4655608.69,2165.53
-11799795.120000001,4655608.350000001,2167.15
-11799795.28,4655608.3,2165.57
-11799797.19,4655607.91,2166.56
-11799797.290000001,4655607.89,2165.6
-11799799.26,4655607.5,2165.44
-11799801.24,4655607.09,2165.42
-11799803.23,4655606.7,2165.44
-11799805.17,4655606.3100000005,2165.63
-11799807.15,4655605.9,2165.65
-11799808.94,4655605.5600000005,2167.6
-11799809.14,4655605.48,2165.71
-11799810.9,4655605.14,2167.59
-11799812.9,4655604.75,2167.32
-11799813.07,4655604.71,2165.78
-11799815.040000001,4655604.29,2165.86
-11799817.03,4655603.9,2165.86
-11799818.98,4655603.5,2165.94
-11799820.96,4655603.11,2165.97
-11799822.97,4655602.7,2166.04
-11799824.96,4655602.3100000005,2166.08
-11799826.93,4655601.9,2166.08
-11799828.91,4655601.51,2166.07
-11799830.86,4655601.12,2166.08
-11799832.86,4655600.71,2166.07
-11799834.85,4655600.3,2166.1
-11799836.84,4655599.91,2166.1
-11799838.540000001,4655599.57,2168.13
-11799838.790000001,4655599.5200000005,2166.17
-11799840.790000001,4655599.100000001,2166.1
-11799842.790000001,4655598.7,2166.1
-11799844.790000001,4655598.3,2166.02
-11799846.78,4655597.89,2166.02
-11799848.73,4655597.5,2166.09
-11799850.69,4655597.100000001,2166.3
-11799852.75,4655596.67,2165.9
-11799854.72,4655596.29,2165.98
-11799856.69,4655595.9,2166.06
-11799858.68,4655595.48,2166.11
-11799859.290000001,4655594.82,2166.11
-11799857.290000001,4655595.22,2166.08
-11799855.3,4655595.62,2166.03
-11799853.33,4655596.0200000005,2165.94
-11799851.35,4655596.42,2165.9
-11799849.22,4655596.850000001,2166.75
-11799847.31,4655597.23,2165.97
-11799845.32,4655597.62,2166.0
-11799843.3,4655598.03,2166.07
-11799841.3,4655598.44,2166.08
-11799839.1,4655598.9,2168.01
-11799839.34,4655598.83,2166.04
-11799837.31,4655599.24,2166.11
-11799835.290000001,4655599.63,2166.1
-11799833.35,4655600.04,2166.07
-11799831.34,4655600.43,2166.07
-11799829.3,4655600.850000001,2166.05
-11799827.3,4655601.26,2166.06
-11799825.33,4655601.65,2166.06
-11799823.370000001,4655602.04,2166.05
-11799821.36,4655602.44,2165.99
-11799819.370000001,4655602.84,2165.94
-11799817.41,4655603.24,2165.86
-11799815.43,4655603.63,2165.84
-11799813.28,4655604.08,2167.22
-11799813.44,4655604.04,2165.73
-11799811.19,4655604.5,2167.86
-11799809.22,4655604.89,2167.79
-11799807.49,4655605.23,2165.67
-11799805.46,4655605.63,2165.67
-11799803.48,4655606.0200000005,2165.49
-11799801.53,4655606.41,2165.42
-11799799.540000001,4655606.83,2165.47
-11799797.540000001,4655607.21,2165.46
-11799795.55,4655607.63,2165.56
-11799793.56,4655608.03,2165.54
-11799791.56,4655608.43,2165.46
-11799789.59,4655608.83,2165.44
-11799787.620000001,4655609.22,2165.42
-11799785.6,4655609.63,2165.42
-11799783.6,4655610.03,2165.42
-11799781.620000001,4655610.43,2165.4
-11799779.33,4655610.91,2168.63
-11799777.22,4655611.33,2169.76
-11799777.4,4655611.28,2167.71
-11799775.08,4655611.78,2171.17
-11799775.620000001,4655611.62,2165.21
-11799772.88,4655612.25,2174.11
-11799773.120000001,4655612.17,2171.36
-11799773.26,4655612.15,2169.8
-11799773.65,4655612.04,2165.42
-11799771.040000001,4655612.62,2172.67
-11799771.14,4655612.58,2171.44
-11799771.23,4655612.55,2170.42
-11799771.36,4655612.51,2168.97
-11799768.81,4655613.08,2175.22
-11799767.32,4655613.34,2169.54
-11799767.68,4655613.23,2165.42
-11799765.700000001,4655613.64,2165.38
-11799763.71,4655614.03,2165.36
-11799761.73,4655614.44,2165.4
-11799759.76,4655614.83,2165.36
-11799757.790000001,4655615.23,2165.34
-11799755.790000001,4655615.63,2165.3
-11799753.81,4655616.03,2165.29
-11799751.85,4655616.42,2165.25
-11799749.83,4655616.8100000005,2165.15
-11799747.82,4655617.23,2165.17
-11799744.5,4655618.04,2182.96
-11799742.35,4655618.48,2185.55
-11799742.52,4655618.43,2183.21
-11799740.47,4655618.86,2184.9
-11799740.620000001,4655618.8100000005,2182.67
-11799738.52,4655619.26,2185.06
-11799738.66,4655619.2,2183.07
-11799739.94,4655618.82,2165.02
-11799736.950000001,4655619.5200000005,2179.4
-11799737.4,4655619.39,2173.11
-11799737.97,4655619.21,2165.04
-11799737.66,4655618.11,2165.06
-11799738.25,4655618.12,2184.49
-11799738.4,4655618.09,2182.42
-11799740.21,4655617.74,2184.61
-11799740.57,4655617.63,2179.69
-11799741.63,4655617.3100000005,2165.11
-11799742.15,4655617.350000001,2185.28
-11799742.34,4655617.29,2182.59
-11799743.64,4655616.91,2165.11
-11799744.290000001,4655616.9,2182.25
-11799747.53,4655616.12,2165.17
-11799748.84,4655615.91,2174.13
-11799749.53,4655615.71,2165.22
-11799751.5,4655615.32,2165.3
-11799753.450000001,4655614.93,2165.3
-11799755.4,4655614.53,2165.32
-11799757.39,4655614.11,2165.34
-11799759.370000001,4655613.72,2165.36
-11799761.370000001,4655613.33,2165.38
-11799763.370000001,4655612.92,2165.38
-11799765.31,4655612.53,2165.38
-11799767.27,4655612.13,2165.4
-11799769.24,4655611.74,2165.44
-11799770.51,4655611.53,2173.19
-11799770.88,4655611.43,2169.06
-11799771.19,4655611.350000001,2165.47
-11799772.35,4655611.17,2174.31
-11799772.89,4655611.01,2168.27
-11799773.16,4655610.94,2165.35
-11799774.61,4655610.69,2170.81
-11799774.75,4655610.65,2169.22
-11799776.74,4655610.25,2169.33
-11799778.78,4655609.84,2168.86
-11799780.8,4655609.42,2168.42
-11799783.06,4655608.95,2165.42
-11799785.02,4655608.55,2165.4
-11799787.0,4655608.16,2165.42
-11799788.97,4655607.75,2165.46
-11799790.97,4655607.34,2165.46
-11799792.97,4655606.94,2165.52
-11799794.92,4655606.55,2165.53
-11799796.790000001,4655606.19,2166.77
-11799796.91,4655606.14,2165.52
-11799798.89,4655605.75,2165.5
-11799800.89,4655605.350000001,2165.44
-11799802.85,4655604.95,2165.42
-11799804.81,4655604.55,2165.55
-11799806.78,4655604.16,2165.67
-11799808.56,4655603.82,2167.73
-11799810.51,4655603.43,2168.0
-11799812.51,4655603.0200000005,2167.72
-11799814.69,4655602.57,2165.82
-11799816.67,4655602.17,2165.86
-11799818.64,4655601.7700000005,2165.88
-11799820.59,4655601.38,2165.99
-11799822.540000001,4655600.99,2166.04
-11799824.52,4655600.59,2166.06
-11799826.56,4655600.16,2166.07
-11799828.55,4655599.78,2166.06
-11799830.53,4655599.36,2166.06
-11799832.53,4655598.97,2166.06
-11799834.52,4655598.57,2166.09
-11799836.5,4655598.17,2166.11
-11799838.46,4655597.78,2166.19
-11799840.46,4655597.37,2166.05
-11799842.44,4655596.98,2166.06
-11799844.41,4655596.58,2166.01
-11799846.41,4655596.17,2165.9
-11799848.4,4655595.76,2165.86
-11799850.39,4655595.37,2165.9
-11799852.35,4655594.98,2165.98
-11799854.34,4655594.5600000005,2166.07
-11799856.34,4655594.17,2166.1
-11799858.33,4655593.7700000005,2166.15
-11799858.76,4655593.18,2166.15
-11799856.74,4655593.57,2166.11
-11799854.74,4655593.97,2166.09
-11799852.78,4655594.37,2166.01
-11799850.790000001,4655594.7700000005,2165.94
-11799848.8,4655595.16,2165.88
-11799846.8,4655595.58,2165.86
-11799844.83,4655595.97,2165.92
-11799842.84,4655596.37,2166.02
-11799840.86,4655596.76,2166.04
-11799838.9,4655597.14,2166.05
-11799836.86,4655597.57,2166.1
-11799834.86,4655597.97,2166.08
-11799832.89,4655598.36,2166.05
-11799830.91,4655598.7700000005,2166.05
-11799828.92,4655599.16,2166.06
-11799826.92,4655599.57,2166.04
-11799824.96,4655599.96,2166.06
-11799823.0,4655600.36,2166.04
-11799820.98,4655600.75,2166.0
-11799818.99,4655601.16,2165.86
-11799817.01,4655601.55,2165.84
-11799815.02,4655601.94,2165.83
-11799812.88,4655602.39,2167.42
-11799813.07,4655602.34,2165.69
-11799810.77,4655602.8100000005,2168.17
-11799808.84,4655603.2,2167.67
-11799806.92,4655603.58,2166.96
-11799807.08,4655603.54,2165.63
-11799805.06,4655603.95,2165.57
-11799803.13,4655604.32,2165.42
-11799801.18,4655604.71,2165.42
-11799799.14,4655605.13,2165.54
-11799796.98,4655605.58,2166.86
-11799795.15,4655605.93,2165.48
-11799793.17,4655606.32,2165.51
-11799791.18,4655606.73,2165.47
-11799789.23,4655607.12,2165.42
-11799787.25,4655607.5200000005,2165.42
-11799785.03,4655607.98,2167.71
-11799785.26,4655607.92,2165.42
-11799783.31,4655608.3,2165.4
-11799781.07,4655608.78,2168.33
-11799781.35,4655608.7,2165.27
-11799779.01,4655609.2,2168.85
-11799777.0,4655609.600000001,2169.28
-11799774.950000001,4655610.01,2169.69
-11799775.34,4655609.9,2165.38
-11799773.09,4655610.36,2168.27
-11799773.34,4655610.3100000005,2165.42
-11799771.01,4655610.8,2169.35
-11799771.19,4655610.76,2167.31
-11799771.370000001,4655610.7,2165.35
-11799769.39,4655611.100000001,2165.44
-11799767.42,4655611.49,2165.42
-11799765.43,4655611.88,2165.4
-11799763.49,4655612.28,2165.38
-11799761.51,4655612.68,2165.38
-11799759.53,4655613.08,2165.35
-11799757.51,4655613.47,2165.36
-11799755.5,4655613.87,2165.32
-11799753.55,4655614.26,2165.3
-11799751.56,4655614.68,2165.27
-11799748.92,4655615.2700000005,2174.13
-11799749.61,4655615.07,2165.24
-11799747.620000001,4655615.45,2165.17
-11799744.120000001,4655616.3100000005,2185.27
-11799745.19,4655615.99,2170.92
-11799745.620000001,4655615.850000001,2165.11
-11799742.21,4655616.68,2184.63
-11799740.28,4655617.07,2184.35
-11799740.67,4655616.95,2179.04
-11799741.68,4655616.66,2165.11
-11799738.290000001,4655617.46,2184.22
-11799738.55,4655617.4,2180.79
-11799739.67,4655617.05,2165.08
-11799737.75,4655616.29,2180.69
-11799738.870000001,4655615.95,2165.07
-11799739.86,4655615.84,2178.19
-11799740.8,4655615.5600000005,2165.13
-11799741.31,4655615.600000001,2185.1
-11799741.98,4655615.4,2176.19
-11799742.790000001,4655615.16,2165.1
-11799743.3,4655615.18,2185.15
-11799745.290000001,4655614.8,2184.73
-11799745.99,4655614.58,2175.54
-11799746.77,4655614.36,2165.26
-11799747.89,4655614.2,2176.27
-11799748.06,4655614.16,2174.17
-11799748.73,4655613.96,2165.28
-11799749.74,4655613.850000001,2177.92
-11799749.870000001,4655613.8100000005,2176.19
-11799750.72,4655613.55,2165.31
-11799751.75,4655613.43,2176.82
-11799752.66,4655613.18,2165.35
-11799754.620000001,4655612.78,2165.33
-11799756.61,4655612.38,2165.35
-11799758.61,4655611.96,2165.36
-11799760.61,4655611.57,2165.38
-11799762.58,4655611.17,2165.42
-11799764.52,4655610.78,2165.42
-11799766.48,4655610.39,2165.4
-11799768.47,4655609.98,2165.4
-11799770.450000001,4655609.59,2165.4
-11799772.0,4655609.3,2170.28
-11799772.3,4655609.23,2167.01
-11799772.44,4655609.19,2165.4
-11799773.98,4655608.91,2170.13
-11799775.98,4655608.51,2169.63
-11799778.02,4655608.09,2169.15
-11799780.040000001,4655607.69,2168.72
-11799782.06,4655607.2700000005,2168.23
-11799782.33,4655607.2,2165.38
-11799784.08,4655606.86,2167.97
-11799786.1,4655606.45,2167.69
-11799786.31,4655606.4,2165.38
-11799788.26,4655606.01,2165.42
-11799790.27,4655605.600000001,2165.46
-11799792.24,4655605.21,2165.48
-11799794.18,4655604.8100000005,2165.5
-11799796.040000001,4655604.45,2166.61
-11799796.15,4655604.42,2165.54
-11799797.99,4655604.05,2166.94
-11799800.120000001,4655603.62,2165.54
-11799802.120000001,4655603.2,2165.42
-11799804.11,4655602.8100000005,2165.44
-11799806.09,4655602.41,2165.61
-11799807.9,4655602.0600000005,2167.19
-11799809.83,4655601.68,2167.72
-11799811.8,4655601.29,2167.73
-11799813.98,4655600.83,2165.81
-11799815.93,4655600.43,2165.84
-11799817.88,4655600.04,2165.84
-11799819.88,4655599.65,2165.92
-11799821.88,4655599.24,2166.0
-11799823.86,4655598.850000001,2166.01
-11799825.82,4655598.45,2166.04
-11799827.82,4655598.05,2166.02
-11799829.8,4655597.65,2166.02
-11799831.8,4655597.25,2166.03
-11799833.78,4655596.850000001,2166.04
-11799835.73,4655596.46,2166.05
-11799837.700000001,4655596.0600000005,2166.08
-11799839.73,4655595.66,2166.0
-11799841.72,4655595.24,2166.01
-11799843.67,4655594.850000001,2165.96
-11799845.65,4655594.46,2165.84
-11799847.65,4655594.05,2165.92
-11799849.66,4655593.65,2165.97
-11799851.620000001,4655593.26,2166.03
-11799853.59,4655592.86,2166.09
-11799855.56,4655592.47,2166.13
-11799857.57,4655592.0600000005,2166.17
-11799859.56,4655591.67,2166.22
-11799858.6,4655591.18,2166.17
-11799856.59,4655591.59,2166.15
-11799854.61,4655591.98,2166.13
-11799852.63,4655592.37,2166.09
-11799850.64,4655592.7700000005,2166.01
-11799848.6,4655593.18,2165.98
-11799846.58,4655593.58,2165.9
-11799844.63,4655593.98,2165.85
-11799842.65,4655594.37,2165.88
-11799840.65,4655594.76,2165.92
-11799838.65,4655595.17,2165.98
-11799836.64,4655595.5600000005,2166.01
-11799834.67,4655595.96,2166.02
-11799832.700000001,4655596.350000001,2166.0
-11799830.71,4655596.74,2165.99
-11799828.71,4655597.14,2166.01
-11799826.67,4655597.57,2166.01
-11799824.63,4655597.98,2165.99
-11799822.64,4655598.37,2165.97
-11799820.68,4655598.76,2165.94
-11799818.73,4655599.14,2165.82
-11799816.74,4655599.55,2165.81
-11799814.73,4655599.95,2165.8
-11799812.75,4655600.350000001,2165.86
-11799810.61,4655600.79,2167.49
-11799808.64,4655601.18,2167.33
-11799806.69,4655601.57,2166.76
-11799806.8,4655601.53,2165.69
-11799804.8,4655601.94,2165.54
-11799802.82,4655602.33,2165.49
-11799800.870000001,4655602.71,2165.49
-11799798.83,4655603.13,2165.98
-11799796.73,4655603.55,2166.77
-11799796.85,4655603.53,2165.63
-11799794.870000001,4655603.92,2165.49
-11799792.91,4655604.3100000005,2165.44
-11799790.89,4655604.71,2165.44
-11799788.88,4655605.11,2165.42
-11799786.88,4655605.51,2165.42
-11799784.69,4655605.95,2167.88
-11799782.700000001,4655606.37,2168.17
-11799780.65,4655606.78,2168.58
-11799778.6,4655607.2,2169.03
-11799776.56,4655607.600000001,2169.52
-11799774.57,4655608.01,2169.99
-11799772.57,4655608.41,2170.4
-11799770.63,4655608.79,2169.92
-11799771.02,4655608.67,2165.44
-11799769.02,4655609.09,2165.38
-11799767.02,4655609.47,2165.38
-11799765.07,4655609.86,2165.4
-11799763.08,4655610.26,2165.4
-11799761.07,4655610.68,2165.4
-11799759.08,4655611.07,2165.36
-11799757.11,4655611.48,2165.35
-11799755.120000001,4655611.87,2165.33
-11799753.16,4655612.26,2165.32
-11799750.21,4655612.94,2177.54
-11799751.18,4655612.66,2165.31
-11799748.31,4655613.3,2176.6
-11799748.44,4655613.28,2174.98
-11799749.21,4655613.05,2165.19
-11799746.36,4655613.7,2176.27
-11799746.48,4655613.67,2174.83
-11799747.21,4655613.46,2165.27
-11799743.790000001,4655614.26,2184.42
-11799745.23,4655613.850000001,2165.19
-11799741.84,4655614.66,2184.17
-11799742.38,4655614.5,2176.9
-11799743.24,4655614.24,2165.17
-11799739.85,4655615.05,2184.33
-11799741.27,4655614.64,2165.09
-11799738.3,4655615.32,2178.86
-11799738.790000001,4655615.18,2171.94
-11799739.290000001,4655615.03,2165.09
-11799737.28,4655615.44,2165.04
-11799738.86,4655614.19,2179.19
-11799739.1,4655614.12,2175.92
-11799739.38,4655614.03,2171.98
-11799739.89,4655613.88,2165.0
-11799741.85,4655613.48,2165.08
-11799742.3,4655613.53,2185.19
-11799742.89,4655613.36,2177.33
-11799743.8,4655613.08,2165.19
-11799744.31,4655613.13,2184.76
-11799745.16,4655612.88,2173.59
-11799745.78,4655612.69,2165.36
-11799746.91,4655612.55,2176.71
-11799747.790000001,4655612.3,2165.28
-11799748.85,4655612.17,2177.13
-11799748.950000001,4655612.12,2175.76
-11799749.77,4655611.9,2165.31
-11799750.76,4655611.78,2177.34
-11799750.94,4655611.72,2175.1
-11799751.72,4655611.51,2165.32
-11799753.67,4655611.100000001,2165.34
-11799755.64,4655610.71,2165.36
-11799757.63,4655610.32,2165.36
-11799759.65,4655609.92,2165.38
-11799761.61,4655609.53,2165.4
-11799763.58,4655609.12,2165.4
-11799765.57,4655608.73,2165.4
-11799767.32,4655608.39,2167.74
-11799767.52,4655608.33,2165.4
-11799769.13,4655608.04,2169.48
-11799771.08,4655607.65,2169.97
-11799773.0,4655607.26,2170.4
-11799775.02,4655606.86,2170.02
-11799777.06,4655606.45,2169.54
-11799779.040000001,4655606.04,2169.05
-11799781.06,4655605.62,2168.57
-11799783.040000001,4655605.23,2168.15
-11799785.07,4655604.82,2167.9
-11799787.31,4655604.36,2165.42
-11799789.3,4655603.95,2165.44
-11799791.28,4655603.5600000005,2165.4
-11799793.23,4655603.17,2165.52
-11799795.19,4655602.7700000005,2165.59
-11799797.18,4655602.38,2165.67
-11799799.14,4655601.99,2165.78
-11799801.17,4655601.58,2165.5
-11799803.14,4655601.19,2165.5
-11799805.11,4655600.7700000005,2165.55
-11799807.08,4655600.37,2165.71
-11799808.92,4655600.03,2167.0
-11799809.06,4655599.99,2165.76
-11799810.9,4655599.63,2167.0
-11799811.03,4655599.600000001,2165.83
-11799812.97,4655599.21,2165.86
-11799814.98,4655598.79,2165.78
-11799817.01,4655598.39,2165.82
-11799818.96,4655598.0,2165.84
-11799820.93,4655597.61,2165.94
-11799822.88,4655597.23,2165.99
-11799824.870000001,4655596.8100000005,2166.0
-11799826.85,4655596.41,2165.99
-11799828.84,4655596.0200000005,2165.99
-11799830.8,4655595.63,2165.98
-11799832.77,4655595.23,2165.98
-11799834.81,4655594.83,2166.0
-11799836.82,4655594.43,2165.98
-11799838.8,4655594.03,2165.96
-11799840.8,4655593.62,2165.86
-11799842.77,4655593.23,2165.84
-11799844.77,4655592.83,2165.92
-11799846.76,4655592.43,2165.97
-11799848.74,4655592.03,2166.03
-11799850.72,4655591.64,2166.08
-11799852.66,4655591.25,2166.13
-11799854.63,4655590.850000001,2166.15
-11799856.620000001,4655590.46,2166.17
-11799858.61,4655590.05,2166.24
-11799859.58,4655589.2,2166.23
-11799857.59,4655589.600000001,2166.19
-11799855.61,4655590.0,2166.17
-11799853.63,4655590.39,2166.13
-11799851.64,4655590.78,2166.11
-11799849.65,4655591.18,2166.07
-11799847.68,4655591.57,2166.02
-11799845.72,4655591.96,2165.97
-11799843.700000001,4655592.36,2165.9
-11799841.71,4655592.76,2165.83
-11799839.73,4655593.16,2165.76
-11799837.73,4655593.55,2165.9
-11799835.72,4655593.96,2165.94
-11799833.72,4655594.350000001,2165.94
-11799831.76,4655594.74,2165.94
-11799829.76,4655595.14,2165.94
-11799827.77,4655595.54,2165.94
-11799825.76,4655595.94,2165.97
-11799823.78,4655596.33,2165.94
-11799821.81,4655596.73,2165.92
-11799819.83,4655597.12,2165.82
-11799817.86,4655597.51,2165.81
-11799815.89,4655597.91,2165.79
-11799813.88,4655598.3100000005,2165.82
-11799811.88,4655598.71,2165.84
-11799809.89,4655599.100000001,2165.79
-11799807.93,4655599.49,2165.71
-11799805.950000001,4655599.89,2165.63
-11799803.950000001,4655600.28,2165.48
-11799802.0,4655600.67,2165.46
-11799800.0,4655601.08,2165.72
-11799797.99,4655601.47,2165.65
-11799796.01,4655601.87,2165.63
-11799794.040000001,4655602.26,2165.6
-11799792.07,4655602.65,2165.51
-11799790.1,4655603.05,2165.38
-11799788.07,4655603.46,2165.42
-11799785.84,4655603.92,2167.8
-11799783.84,4655604.3100000005,2168.08
-11799781.84,4655604.7,2168.42
-11799779.84,4655605.12,2168.86
-11799777.81,4655605.53,2169.33
-11799775.75,4655605.94,2169.83
-11799773.72,4655606.34,2170.31
-11799771.78,4655606.74,2170.1
-11799769.82,4655607.12,2169.61
-11799767.870000001,4655607.51,2169.17
-11799765.96,4655607.88,2168.69
-11799766.24,4655607.8100000005,2165.36
-11799764.26,4655608.2,2165.38
-11799762.290000001,4655608.600000001,2165.4
-11799760.31,4655608.99,2165.38
-11799758.32,4655609.38,2165.38
-11799756.36,4655609.78,2165.36
-11799754.36,4655610.17,2165.35
-11799752.36,4655610.58,2165.31
-11799749.53,4655611.21,2176.4
-11799750.41,4655610.96,2165.26
-11799747.61,4655611.59,2175.88
-11799748.42,4655611.36,2165.3
-11799745.71,4655611.97,2174.88
-11799746.43,4655611.76,2165.33
-11799742.98,4655612.58,2184.98
-11799743.64,4655612.38,2176.06
-11799743.73,4655612.37,2174.96
-11799744.46,4655612.15,2165.22
-11799741.06,4655612.96,2184.23
-11799742.48,4655612.55,2165.11
-11799739.32,4655613.29,2181.11
-11799740.49,4655612.94,2165.06
-11799737.21,4655613.72,2183.52
-11799737.450000001,4655613.64,2180.24
-11799737.69,4655613.57,2176.82
-11799737.32,4655612.36,2183.33
-11799739.47,4655611.9,2180.88
-11799740.200000001,4655611.69,2170.92
-11799740.63,4655611.57,2165.03
-11799742.57,4655611.17,2165.11
-11799743.35,4655611.14,2180.5
-11799743.72,4655611.01,2175.46
-11799745.67,4655610.64,2176.15
-11799746.49,4655610.39,2165.27
-11799747.68,4655610.23,2175.74
-11799748.5,4655609.99,2165.31
-11799750.5,4655609.600000001,2165.31
-11799752.46,4655609.19,2165.34
-11799754.42,4655608.8,2165.35
-11799756.4,4655608.4,2165.4
-11799758.370000001,4655608.01,2165.4
-11799760.370000001,4655607.62,2165.4
-11799762.34,4655607.22,2165.4
-11799764.3,4655606.82,2165.42
-11799765.99,4655606.5200000005,2168.6
-11799767.91,4655606.14,2169.05
-11799769.83,4655605.74,2169.51
-11799771.77,4655605.350000001,2169.96
-11799773.73,4655604.98,2170.4
-11799775.74,4655604.5600000005,2170.0
-11799777.76,4655604.17,2169.53
-11799779.81,4655603.75,2169.05
-11799781.81,4655603.34,2168.56
-11799783.81,4655602.95,2168.15
-11799785.83,4655602.53,2167.9
-11799788.03,4655602.07,2165.38
-11799789.99,4655601.68,2165.48
-11799791.97,4655601.28,2165.52
-11799793.69,4655600.97,2168.07
-11799793.94,4655600.89,2165.63
-11799795.92,4655600.5,2165.65
-11799797.92,4655600.100000001,2165.63
-11799799.91,4655599.7,2165.85
-11799801.91,4655599.3,2165.56
-11799803.870000001,4655598.91,2165.56
-11799805.86,4655598.5200000005,2165.61
-11799807.82,4655598.12,2165.73
-11799809.8,4655597.73,2165.77
-11799811.74,4655597.350000001,2165.83
-11799813.72,4655596.93,2165.84
-11799815.75,4655596.54,2165.77
-11799817.74,4655596.14,2165.82
-11799819.71,4655595.75,2165.83
-11799821.66,4655595.36,2165.9
-11799823.65,4655594.95,2165.92
-11799825.63,4655594.5600000005,2165.94
-11799827.63,4655594.16,2165.92
-11799829.6,4655593.7700000005,2165.92
-11799831.59,4655593.37,2165.92
-11799833.58,4655592.97,2165.9
-11799835.57,4655592.57,2165.85
-11799837.57,4655592.17,2165.79
-11799839.55,4655591.7700000005,2165.86
-11799841.53,4655591.38,2165.92
-11799843.52,4655590.99,2165.98
-11799845.51,4655590.58,2166.04
-11799847.47,4655590.2,2166.06
-11799849.450000001,4655589.79,2166.11
-11799851.42,4655589.4,2166.11
-11799853.42,4655589.01,2166.15
-11799855.450000001,4655588.600000001,2166.17
-11799857.41,4655588.21,2166.22
-11799859.39,4655587.8100000005,2166.25
-11799859.38,4655587.29,2166.23
-11799857.41,4655587.68,2166.22
-11799855.39,4655588.07,2166.19
-11799853.38,4655588.48,2166.17
-11799851.42,4655588.87,2166.15
-11799849.44,4655589.25,2166.1
-11799847.42,4655589.66,2166.07
-11799845.43,4655590.0600000005,2166.03
-11799843.43,4655590.46,2165.98
-11799841.46,4655590.84,2165.94
-11799839.48,4655591.25,2165.86
-11799837.49,4655591.64,2165.79
-11799835.46,4655592.04,2165.76
-11799833.46,4655592.44,2165.86
-11799831.47,4655592.84,2165.9
-11799829.46,4655593.23,2165.88
-11799827.46,4655593.62,2165.88
-11799825.46,4655594.03,2165.94
-11799823.44,4655594.43,2165.92
-11799821.47,4655594.82,2165.88
-11799819.52,4655595.21,2165.8
-11799817.53,4655595.61,2165.8
-11799815.53,4655596.0,2165.76
-11799813.540000001,4655596.41,2165.82
-11799811.540000001,4655596.8,2165.79
-11799809.56,4655597.19,2165.75
-11799807.57,4655597.59,2165.69
-11799805.59,4655597.98,2165.56
-11799803.61,4655598.37,2165.53
-11799801.61,4655598.78,2165.58
-11799799.57,4655599.17,2165.77
-11799797.6,4655599.57,2165.63
-11799795.61,4655599.96,2165.58
-11799793.36,4655600.43,2168.13
-11799791.68,4655600.75,2165.52
-11799789.71,4655601.15,2165.49
-11799787.46,4655601.600000001,2167.75
-11799787.69,4655601.55,2165.38
-11799785.42,4655602.0,2167.94
-11799783.41,4655602.42,2168.23
-11799781.42,4655602.82,2168.63
-11799779.38,4655603.23,2169.11
-11799777.38,4655603.64,2169.6
-11799775.33,4655604.03,2170.09
-11799773.290000001,4655604.45,2170.34
-11799771.39,4655604.82,2169.88
-11799769.47,4655605.2,2169.4
-11799767.49,4655605.59,2168.94
-11799765.540000001,4655605.98,2168.5
-11799763.81,4655606.3,2165.38
-11799761.81,4655606.69,2165.4
-11799759.84,4655607.08,2165.38
-11799757.88,4655607.48,2165.38
-11799755.91,4655607.87,2165.36
-11799753.91,4655608.28,2165.34
-11799751.92,4655608.67,2165.31
-11799749.9,4655609.07,2165.31
-11799747.92,4655609.46,2165.3
-11799744.69,4655610.21,2181.42
-11799745.94,4655609.850000001,2165.19
-11799742.78,4655610.58,2180.83
-11799743.3,4655610.45,2173.78
-11799742.01,4655610.64,2165.13
-11799738.88,4655611.37,2180.88
-11799740.05,4655611.03,2165.06
-11799737.18,4655611.68,2176.84
-11799737.59,4655610.15,2165.15
-11799738.28,4655610.13,2182.44
-11799738.44,4655610.08,2180.31
-11799739.55,4655609.76,2165.08
-11799740.46,4655609.67,2179.38
-11799741.52,4655609.38,2165.15
-11799742.36,4655609.29,2179.98
-11799742.56,4655609.24,2177.23
-11799743.48,4655608.97,2165.15
-11799744.22,4655608.94,2181.65
-11799745.48,4655608.58,2165.19
-11799746.64,4655608.41,2175.69
-11799747.450000001,4655608.18,2165.29
-11799748.59,4655608.0200000005,2175.86
-11799749.42,4655607.79,2165.32
-11799751.38,4655607.4,2165.34
-11799752.4,4655607.2700000005,2177.05
-11799753.34,4655607.0,2165.36
-11799755.34,4655606.600000001,2165.36
-11799757.34,4655606.2,2165.38
-11799759.32,4655605.8100000005,2165.42
-11799761.24,4655605.42,2165.42
-11799763.22,4655605.0200000005,2165.42
-11799765.03,4655604.68,2167.67
-11799765.13,4655604.65,2166.44
-11799766.92,4655604.3,2168.67
-11799768.85,4655603.92,2169.13
-11799770.77,4655603.54,2169.6
-11799772.69,4655603.15,2170.08
-11799774.65,4655602.76,2170.4
-11799776.700000001,4655602.36,2169.9
-11799778.74,4655601.94,2169.42
-11799780.74,4655601.55,2168.96
-11799782.76,4655601.14,2168.51
-11799784.77,4655600.72,2168.13
-11799786.76,4655600.33,2167.86
-11799788.94,4655599.88,2165.48
-11799790.58,4655599.57,2168.79
-11799792.620000001,4655599.16,2168.44
-11799794.65,4655598.74,2168.02
-11799796.88,4655598.29,2165.63
-11799798.85,4655597.9,2165.63
-11799800.78,4655597.5200000005,2166.22
-11799802.83,4655597.100000001,2165.55
-11799804.81,4655596.71,2165.57
-11799806.790000001,4655596.3100000005,2165.65
-11799808.76,4655595.92,2165.74
-11799810.75,4655595.53,2165.76
-11799812.73,4655595.12,2165.82
-11799814.72,4655594.73,2165.82
-11799816.71,4655594.33,2165.79
-11799818.71,4655593.93,2165.8
-11799820.69,4655593.53,2165.79
-11799822.620000001,4655593.14,2165.86
-11799824.59,4655592.76,2165.9
-11799826.57,4655592.350000001,2165.88
-11799828.6,4655591.94,2165.85
-11799830.6,4655591.55,2165.84
-11799832.6,4655591.14,2165.69
-11799834.58,4655590.75,2165.8
-11799836.55,4655590.36,2165.88
-11799838.540000001,4655589.96,2165.92
-11799840.5,4655589.57,2165.98
-11799842.48,4655589.18,2166.02
-11799844.48,4655588.7700000005,2166.06
-11799846.48,4655588.38,2166.1
-11799848.42,4655587.98,2166.11
-11799850.42,4655587.59,2166.11
-11799852.4,4655587.2,2166.17
-11799854.38,4655586.8,2166.19
-11799856.4,4655586.4,2166.24
-11799858.39,4655586.0,2166.23
-11799858.06,4655585.54,2166.24
-11799856.06,4655585.94,2166.22
-11799854.06,4655586.34,2166.19
-11799852.1,4655586.74,2166.17
-11799850.13,4655587.12,2166.15
-11799848.17,4655587.51,2166.11
-11799846.18,4655587.91,2166.08
-11799844.17,4655588.3100000005,2166.06
-11799842.21,4655588.69,2166.04
-11799840.23,4655589.09,2165.98
-11799838.23,4655589.49,2165.9
-11799836.23,4655589.89,2165.86
-11799834.27,4655590.28,2165.81
-11799832.28,4655590.67,2165.75
-11799830.28,4655591.07,2165.78
-11799828.28,4655591.46,2165.81
-11799826.290000001,4655591.87,2165.85
-11799824.27,4655592.26,2165.85
-11799822.31,4655592.65,2165.85
-11799820.370000001,4655593.03,2165.77
-11799818.39,4655593.44,2165.78
-11799816.36,4655593.84,2165.76
-11799814.370000001,4655594.23,2165.84
-11799812.42,4655594.62,2165.79
-11799810.43,4655595.0200000005,2165.76
-11799808.42,4655595.42,2165.71
-11799806.46,4655595.8,2165.58
-11799804.49,4655596.2,2165.56
-11799802.48,4655596.600000001,2165.57
-11799800.47,4655597.0,2165.96
-11799798.52,4655597.39,2165.63
-11799796.5,4655597.78,2165.63
-11799794.25,4655598.26,2168.08
-11799792.22,4655598.66,2168.53
-11799790.23,4655599.0600000005,2168.72
-11799788.3,4655599.44,2168.29
-11799788.58,4655599.37,2165.47
-11799786.35,4655599.83,2167.88
-11799784.33,4655600.23,2168.15
-11799782.290000001,4655600.63,2168.56
-11799780.3,4655601.04,2169.04
-11799778.290000001,4655601.43,2169.51
-11799776.24,4655601.850000001,2169.99
-11799774.200000001,4655602.26,2170.42
-11799772.28,4655602.64,2169.94
-11799770.34,4655603.0200000005,2169.49
-11799768.41,4655603.4,2169.02
-11799766.450000001,4655603.79,2168.57
-11799764.65,4655604.13,2166.46
-11799762.77,4655604.49,2165.42
-11799760.8,4655604.88,2165.4
-11799758.82,4655605.2700000005,2165.4
-11799756.83,4655605.68,2165.36
-11799754.81,4655606.08,2165.36
-11799751.870000001,4655606.74,2177.21
-11799752.83,4655606.47,2165.36
-11799749.950000001,4655607.13,2177.19
-11799750.89,4655606.86,2165.31
-11799747.93,4655607.5200000005,2177.75
-11799748.93,4655607.26,2165.27
-11799746.1,4655607.88,2175.82
-11799746.91,4655607.65,2165.28
-11799743.68,4655608.4,2181.55
-11799744.92,4655608.04,2165.19
-11799741.870000001,4655608.74,2179.57
-11799742.040000001,4655608.69,2177.09
-11799742.950000001,4655608.44,2165.15
-11799739.89,4655609.12,2179.52
-11799740.01,4655609.11,2177.97
-11799740.96,4655608.84,2165.17
-11799737.67,4655609.600000001,2182.81
-11799737.02,4655609.62,2165.06
-11799737.07,4655608.38,2182.19
-11799737.65,4655608.21,2174.4
-11799738.35,4655608.01,2164.88
-11799739.53,4655607.850000001,2175.42
-11799740.31,4655607.62,2165.07
-11799741.21,4655607.53,2179.6
-11799742.3,4655607.22,2165.15
-11799743.1,4655607.16,2180.23
-11799744.25,4655606.83,2165.22
-11799746.22,4655606.45,2165.22
-11799747.28,4655606.3100000005,2177.17
-11799747.47,4655606.26,2174.73
-11799748.21,4655606.03,2165.33
-11799749.28,4655605.9,2176.55
-11799750.17,4655605.64,2165.31
-11799751.13,4655605.53,2177.65
-11799751.33,4655605.47,2175.01
-11799752.120000001,4655605.2700000005,2165.35
-11799754.11,4655604.88,2165.36
-11799756.13,4655604.46,2165.4
-11799758.06,4655604.08,2165.4
-11799760.01,4655603.7,2165.42
-11799762.01,4655603.29,2165.42
-11799763.93,4655602.92,2166.56
-11799764.01,4655602.9,2165.51
-11799765.86,4655602.53,2167.07
-11799767.700000001,4655602.18,2168.72
-11799769.65,4655601.8,2169.19
-11799771.57,4655601.4,2169.65
-11799773.51,4655601.0200000005,2170.1
-11799775.43,4655600.64,2170.36
-11799777.42,4655600.24,2169.86
-11799779.42,4655599.84,2169.4
-11799781.450000001,4655599.42,2168.9
-11799783.46,4655599.03,2168.44
-11799785.49,4655598.62,2168.11
-11799787.5,4655598.22,2168.08
-11799789.43,4655597.84,2168.48
-11799791.35,4655597.44,2168.8
-11799793.4,4655597.04,2168.4
-11799795.43,4655596.63,2167.99
-11799797.620000001,4655596.18,2165.63
-11799799.56,4655595.79,2165.65
-11799801.52,4655595.41,2165.8
-11799803.56,4655594.99,2165.52
-11799805.540000001,4655594.59,2165.56
-11799807.5,4655594.2,2165.65
-11799809.46,4655593.82,2165.71
-11799811.450000001,4655593.41,2165.77
-11799813.46,4655593.0200000005,2165.81
-11799815.43,4655592.63,2165.77
-11799817.42,4655592.23,2165.73
-11799819.4,4655591.83,2165.73
-11799821.4,4655591.43,2165.76
-11799823.39,4655591.04,2165.83
-11799825.36,4655590.65,2165.83
-11799827.32,4655590.25,2165.75
-11799829.27,4655589.86,2165.71
-11799831.26,4655589.47,2165.79
-11799833.3,4655589.0600000005,2165.86
-11799835.28,4655588.67,2165.92
-11799837.25,4655588.2700000005,2165.96
-11799839.22,4655587.88,2166.0
-11799841.17,4655587.49,2166.06
-11799843.17,4655587.09,2166.05
-11799845.21,4655586.68,2166.11
-11799847.200000001,4655586.29,2166.13
-11799849.14,4655585.9,2166.17
-11799851.11,4655585.5,2166.15
-11799853.13,4655585.100000001,2166.19
-11799855.13,4655584.7,2166.23
-11799857.1,4655584.3100000005,2166.23
-11799859.08,4655583.92,2166.22
-11799859.66,4655583.23,2166.19
-11799857.66,4655583.62,2166.19
-11799855.620000001,4655584.0200000005,2166.21
-11799853.620000001,4655584.43,2166.19
-11799851.6,4655584.82,2166.17
-11799849.64,4655585.21,2166.15
-11799847.68,4655585.61,2166.13
-11799845.66,4655586.0,2166.1
-11799843.65,4655586.39,2166.08
-11799841.69,4655586.8,2166.06
-11799839.71,4655587.18,2166.02
-11799837.69,4655587.59,2165.99
-11799835.63,4655587.98,2165.94
-11799833.63,4655588.38,2165.88
-11799831.68,4655588.7700000005,2165.83
-11799829.73,4655589.16,2165.75
-11799827.77,4655589.5600000005,2165.63
-11799825.73,4655589.96,2165.74
-11799823.73,4655590.36,2165.78
-11799821.75,4655590.75,2165.71
-11799819.77,4655591.14,2165.73
-11799817.78,4655591.54,2165.72
-11799815.75,4655591.94,2165.75
-11799813.73,4655592.34,2165.8
-11799811.74,4655592.73,2165.74
-11799809.790000001,4655593.12,2165.71
-11799807.81,4655593.5200000005,2165.67
-11799805.85,4655593.91,2165.52
-11799803.86,4655594.3100000005,2165.52
-11799801.78,4655594.71,2165.84
-11799799.81,4655595.11,2165.63
-11799797.82,4655595.5,2165.61
-11799795.59,4655595.96,2167.98
-11799793.56,4655596.350000001,2168.33
-11799791.540000001,4655596.7700000005,2168.76
-11799789.57,4655597.17,2168.44
-11799787.6,4655597.54,2168.05
-11799785.61,4655597.95,2168.1
-11799783.58,4655598.350000001,2168.42
-11799781.58,4655598.76,2168.88
-11799779.59,4655599.15,2169.38
-11799777.540000001,4655599.5600000005,2169.85
-11799775.49,4655599.96,2170.33
-11799773.52,4655600.37,2170.1
-11799771.6,4655600.74,2169.63
-11799769.69,4655601.100000001,2169.17
-11799767.73,4655601.5,2168.73
-11799765.89,4655601.86,2166.88
-11799763.92,4655602.23,2166.56
-11799764.01,4655602.22,2165.49
-11799761.99,4655602.62,2165.4
-11799760.06,4655603.0,2165.42
-11799758.08,4655603.4,2165.4
-11799756.07,4655603.8,2165.38
-11799754.07,4655604.2,2165.36
-11799751.16,4655604.83,2176.94
-11799751.3,4655604.8100000005,2175.21
-11799752.1,4655604.59,2165.28
-11799749.22,4655605.23,2176.63
-11799750.13,4655604.98,2165.32
-11799747.27,4655605.62,2176.71
-11799747.4,4655605.57,2175.01
-11799748.18,4655605.37,2165.27
-11799746.19,4655605.76,2165.22
-11799743.040000001,4655606.47,2180.05
-11799744.18,4655606.17,2165.21
-11799741.02,4655606.87,2180.9
-11799741.18,4655606.84,2178.67
-11799742.200000001,4655606.53,2165.13
-11799739.36,4655607.19,2176.86
-11799740.25,4655606.93,2165.0
-11799736.99,4655607.69,2182.01
-11799738.25,4655607.32,2164.82
-11799737.47,4655606.21,2182.65
-11799738.790000001,4655605.84,2164.85
-11799739.6,4655605.75,2180.29
-11799740.74,4655605.45,2164.9
-11799741.59,4655605.36,2180.13
-11799742.73,4655605.05,2165.09
-11799743.58,4655604.97,2179.96
-11799744.71,4655604.66,2165.23
-11799746.67,4655604.2700000005,2165.27
-11799747.77,4655604.11,2176.54
-11799748.66,4655603.87,2165.28
-11799749.69,4655603.72,2176.9
-11799750.64,4655603.48,2165.26
-11799751.6,4655603.350000001,2177.57
-11799752.6,4655603.09,2165.32
-11799754.6,4655602.68,2165.38
-11799756.6,4655602.29,2165.4
-11799758.56,4655601.89,2165.42
-11799760.53,4655601.5,2165.44
-11799762.51,4655601.100000001,2165.42
-11799764.48,4655600.71,2165.46
-11799766.32,4655600.33,2166.9
-11799766.450000001,4655600.32,2165.51
-11799768.1,4655599.99,2168.69
-11799770.05,4655599.62,2169.15
-11799772.03,4655599.23,2169.61
-11799773.97,4655598.84,2170.09
-11799775.91,4655598.46,2170.4
-11799777.68,4655598.12,2172.36
-11799779.92,4655597.64,2169.42
-11799781.950000001,4655597.22,2168.96
-11799783.98,4655596.83,2168.48
-11799784.27,4655596.76,2165.44
-11799786.26,4655596.36,2165.44
-11799787.950000001,4655596.04,2168.04
-11799789.9,4655595.64,2168.44
-11799791.88,4655595.24,2168.77
-11799793.89,4655594.850000001,2168.42
-11799795.91,4655594.44,2168.02
-11799798.15,4655593.98,2165.6
-11799800.02,4655593.600000001,2166.59
-11799801.88,4655593.25,2167.71
-11799802.1,4655593.2,2165.75
-11799804.11,4655592.8,2165.54
-11799806.08,4655592.41,2165.55
-11799808.040000001,4655592.0200000005,2165.61
-11799810.0,4655591.62,2165.65
-11799812.0,4655591.23,2165.75
-11799814.02,4655590.82,2165.79
-11799815.99,4655590.43,2165.76
-11799817.94,4655590.03,2165.67
-11799819.93,4655589.64,2165.63
-11799821.92,4655589.25,2165.6
-11799823.91,4655588.84,2165.6
-11799825.91,4655588.45,2165.69
-11799827.89,4655588.05,2165.8
-11799829.870000001,4655587.66,2165.86
-11799831.85,4655587.2700000005,2165.92
-11799833.83,4655586.86,2165.97
-11799835.81,4655586.47,2165.99
-11799837.77,4655586.07,2166.01
-11799839.75,4655585.69,2166.05
-11799841.74,4655585.29,2166.07
-11799843.72,4655584.89,2166.09
-11799845.72,4655584.5,2166.11
-11799847.71,4655584.09,2166.17
-11799849.700000001,4655583.7,2166.17
-11799851.66,4655583.3100000005,2166.17
-11799853.64,4655582.91,2166.15
-11799855.63,4655582.5200000005,2166.15
-11799857.63,4655582.12,2166.13
-11799859.64,4655581.72,2166.11
-11799858.040000001,4655581.5,2166.11
-11799856.07,4655581.89,2166.13
-11799854.07,4655582.28,2166.15
-11799852.07,4655582.67,2166.13
-11799850.09,4655583.07,2166.15
-11799848.13,4655583.46,2166.13
-11799846.14,4655583.87,2166.11
-11799844.13,4655584.26,2166.11
-11799842.120000001,4655584.65,2166.07
-11799840.15,4655585.05,2166.05
-11799838.200000001,4655585.44,2166.02
-11799836.24,4655585.83,2166.02
-11799834.25,4655586.23,2165.98
-11799832.23,4655586.62,2165.92
-11799830.23,4655587.03,2165.88
-11799828.27,4655587.41,2165.85
-11799826.28,4655587.8,2165.74
-11799824.290000001,4655588.2,2165.69
-11799822.31,4655588.600000001,2165.57
-11799820.32,4655589.0,2165.58
-11799818.3,4655589.39,2165.61
-11799816.3,4655589.78,2165.69
-11799814.33,4655590.18,2165.76
-11799812.34,4655590.58,2165.73
-11799810.35,4655590.98,2165.63
-11799808.39,4655591.36,2165.6
-11799806.4,4655591.75,2165.52
-11799804.41,4655592.14,2165.52
-11799802.19,4655592.600000001,2167.58
-11799802.39,4655592.55,2165.72
-11799800.26,4655592.99,2167.15
-11799798.33,4655593.37,2166.67
-11799796.23,4655593.79,2167.92
-11799794.200000001,4655594.19,2168.34
-11799792.15,4655594.600000001,2168.73
-11799790.19,4655594.99,2168.48
-11799788.28,4655595.37,2168.11
-11799786.57,4655595.7,2165.42
-11799784.56,4655596.09,2165.5
-11799782.26,4655596.57,2168.88
-11799782.38,4655596.53,2167.71
-11799780.24,4655596.97,2169.36
-11799778.22,4655597.37,2169.83
-11799776.22,4655597.79,2170.32
-11799774.26,4655598.17,2170.11
-11799772.28,4655598.5600000005,2169.65
-11799770.34,4655598.94,2169.21
-11799768.42,4655599.32,2168.74
-11799766.48,4655599.69,2168.28
-11799766.73,4655599.64,2165.54
-11799764.75,4655600.03,2165.48
-11799762.74,4655600.42,2165.42
-11799760.75,4655600.83,2165.4
-11799758.790000001,4655601.22,2165.42
-11799756.8,4655601.62,2165.4
-11799754.83,4655602.0,2165.38
-11799752.870000001,4655602.39,2165.35
-11799749.94,4655603.0200000005,2177.15
-11799750.040000001,4655603.01,2175.88
-11799750.18,4655602.97,2174.13
-11799750.9,4655602.78,2165.31
-11799748.11,4655603.4,2175.72
-11799748.93,4655603.18,2165.32
-11799746.97,4655603.5600000005,2165.27
-11799744.98,4655603.96,2165.21
-11799741.77,4655604.67,2180.36
-11799742.94,4655604.36,2165.03
-11799739.8,4655605.0600000005,2180.44
-11799739.870000001,4655605.0600000005,2179.42
-11799740.97,4655604.75,2164.86
-11799737.92,4655605.44,2179.72
-11799738.11,4655605.4,2177.15
-11799739.03,4655605.14,2164.88
-11799737.05,4655605.51,2164.83
-11799737.22,4655604.0600000005,2164.9
-11799739.22,4655603.65,2164.92
-11799741.19,4655603.26,2164.92
-11799743.14,4655602.87,2164.94
-11799744.58,4655602.62,2171.63
-11799745.11,4655602.49,2165.06
-11799746.34,4655602.29,2174.61
-11799746.57,4655602.23,2171.71
-11799747.08,4655602.09,2165.25
-11799748.4,4655601.86,2173.94
-11799748.540000001,4655601.83,2172.23
-11799750.13,4655601.55,2176.5
-11799752.03,4655601.17,2177.35
-11799753.01,4655600.9,2165.35
-11799755.0,4655600.51,2165.4
-11799756.96,4655600.11,2165.42
-11799758.93,4655599.72,2165.42
-11799760.91,4655599.33,2165.44
-11799762.89,4655598.93,2165.44
-11799764.86,4655598.54,2165.48
-11799766.77,4655598.16,2166.04
-11799768.53,4655597.82,2168.65
-11799770.47,4655597.44,2169.1
-11799772.41,4655597.0600000005,2169.54
-11799774.36,4655596.67,2170.02
-11799776.290000001,4655596.2700000005,2170.44
-11799778.31,4655595.88,2169.98
-11799780.49,4655595.42,2167.85
-11799780.72,4655595.37,2165.47
-11799782.700000001,4655594.97,2165.48
-11799784.64,4655594.58,2165.54
-11799786.6,4655594.19,2165.44
-11799788.35,4655593.850000001,2167.98
-11799789.98,4655593.5600000005,2171.47
-11799790.3,4655593.48,2168.38
-11799791.96,4655593.17,2171.5
-11799792.22,4655593.100000001,2168.83
-11799794.26,4655592.69,2168.48
-11799796.290000001,4655592.28,2168.1
-11799798.51,4655591.8100000005,2165.76
-11799800.32,4655591.47,2167.25
-11799800.46,4655591.43,2165.92
-11799802.23,4655591.09,2167.76
-11799802.46,4655591.04,2165.71
-11799804.47,4655590.62,2165.57
-11799806.450000001,4655590.22,2165.48
-11799808.42,4655589.83,2165.53
-11799810.4,4655589.44,2165.63
-11799812.35,4655589.0600000005,2165.72
-11799814.32,4655588.66,2165.76
-11799816.33,4655588.2700000005,2165.69
-11799818.34,4655587.850000001,2165.55
-11799820.33,4655587.46,2165.63
-11799822.3,4655587.0600000005,2165.69
-11799824.28,4655586.68,2165.78
-11799826.23,4655586.29,2165.83
-11799828.200000001,4655585.9,2165.9
-11799830.19,4655585.5,2165.94
-11799832.18,4655585.11,2165.99
-11799834.13,4655584.72,2166.0
-11799836.09,4655584.32,2166.02
-11799838.09,4655583.93,2166.05
-11799840.09,4655583.5200000005,2166.07
-11799842.07,4655583.13,2166.1
-11799844.08,4655582.73,2166.11
-11799846.06,4655582.34,2166.1
-11799848.01,4655581.95,2166.13
-11799850.0,4655581.55,2166.11
-11799852.01,4655581.15,2166.13
-11799854.02,4655580.73,2166.11
-11799856.0,4655580.33,2166.09
-11799857.96,4655579.94,2166.05
-11799859.14,4655579.07,2166.04
-11799857.17,4655579.45,2166.01
-11799855.15,4655579.86,2166.04
-11799853.16,4655580.25,2166.04
-11799851.120000001,4655580.66,2166.1
-11799849.120000001,4655581.05,2166.11
-11799847.13,4655581.44,2166.09
-11799845.120000001,4655581.84,2166.09
-11799843.11,4655582.23,2166.11
-11799841.13,4655582.64,2166.06
-11799839.13,4655583.03,2166.04
-11799837.09,4655583.43,2166.03
-11799835.1,4655583.82,2166.03
-11799833.120000001,4655584.21,2165.99
-11799831.11,4655584.61,2165.98
-11799829.13,4655585.01,2165.94
-11799827.15,4655585.41,2165.9
-11799825.19,4655585.8,2165.82
-11799823.21,4655586.19,2165.77
-11799821.200000001,4655586.59,2165.67
-11799819.21,4655586.98,2165.61
-11799817.24,4655587.37,2165.58
-11799815.21,4655587.78,2165.71
-11799813.18,4655588.18,2165.72
-11799811.17,4655588.57,2165.63
-11799809.18,4655588.96,2165.57
-11799807.24,4655589.36,2165.44
-11799805.25,4655589.75,2165.46
-11799803.02,4655590.21,2167.44
-11799803.22,4655590.16,2165.69
-11799801.02,4655590.600000001,2167.48
-11799799.07,4655590.98,2167.29
-11799799.24,4655590.94,2165.69
-11799797.26,4655591.34,2165.65
-11799794.93,4655591.82,2168.36
-11799792.55,4655592.3,2172.32
-11799792.93,4655592.22,2168.6
-11799790.61,4655592.69,2172.19
-11799790.83,4655592.64,2170.01
-11799790.98,4655592.59,2168.52
-11799788.76,4655593.0600000005,2170.67
-11799789.02,4655592.98,2168.13
-11799786.9,4655593.43,2169.57
-11799787.31,4655593.32,2165.47
-11799785.32,4655593.71,2165.55
-11799783.31,4655594.11,2165.54
-11799781.32,4655594.5,2165.47
-11799779.33,4655594.91,2165.52
-11799776.9,4655595.41,2170.34
-11799774.93,4655595.8,2170.15
-11799772.98,4655596.18,2169.67
-11799771.05,4655596.5600000005,2169.21
-11799769.11,4655596.94,2168.75
-11799767.19,4655597.32,2168.27
-11799767.4,4655597.2700000005,2165.78
-11799765.43,4655597.66,2165.48
-11799763.41,4655598.0600000005,2165.46
-11799761.41,4655598.46,2165.44
-11799759.44,4655598.86,2165.42
-11799757.450000001,4655599.25,2165.44
-11799755.46,4655599.64,2165.42
-11799752.620000001,4655600.26,2176.11
-11799753.5,4655600.04,2165.38
-11799750.44,4655600.71,2178.56
-11799750.66,4655600.66,2175.94
-11799748.74,4655601.04,2175.19
-11799748.870000001,4655601.0,2173.56
-11799748.96,4655600.97,2172.36
-11799746.73,4655601.43,2175.92
-11799746.86,4655601.4,2174.29
-11799747.01,4655601.350000001,2172.35
-11799745.09,4655601.73,2171.4
-11799745.58,4655601.600000001,2165.01
-11799743.58,4655602.0,2164.96
-11799741.58,4655602.4,2164.94
-11799739.6,4655602.79,2164.94
-11799737.63,4655603.18,2164.92
-11799737.18,4655602.19,2164.98
-11799739.19,4655601.78,2165.0
-11799741.19,4655601.39,2164.99
-11799743.19,4655600.98,2164.97
-11799745.14,4655600.59,2165.03
-11799746.25,4655600.44,2175.63
-11799748.22,4655600.03,2175.15
-11799748.34,4655600.0,2173.86
-11799749.94,4655599.7,2178.17
-11799751.98,4655599.3,2177.59
-11799752.13,4655599.26,2175.77
-11799752.99,4655599.03,2165.36
-11799754.96,4655598.64,2165.44
-11799756.94,4655598.24,2165.44
-11799758.91,4655597.850000001,2165.44
-11799760.9,4655597.45,2165.44
-11799762.870000001,4655597.0600000005,2165.44
-11799764.85,4655596.65,2165.44
-11799766.83,4655596.26,2165.4
-11799768.540000001,4655595.93,2168.52
-11799770.53,4655595.53,2168.98
-11799772.44,4655595.16,2169.44
-11799774.3,4655594.79,2169.92
-11799776.18,4655594.43,2170.74
-11799776.68,4655594.29,2165.48
-11799778.69,4655593.9,2165.44
-11799780.67,4655593.49,2165.53
-11799782.65,4655593.100000001,2165.55
-11799784.61,4655592.71,2165.56
-11799786.58,4655592.3100000005,2165.54
-11799787.99,4655592.08,2171.55
-11799788.19,4655592.03,2169.54
-11799789.78,4655591.73,2173.3
-11799791.66,4655591.350000001,2174.13
-11799791.9,4655591.29,2171.85
-11799793.700000001,4655590.94,2173.6
-11799795.61,4655590.5600000005,2174.4
-11799796.540000001,4655590.33,2165.51
-11799798.51,4655589.94,2165.67
-11799800.39,4655589.57,2166.71
-11799800.48,4655589.55,2165.9
-11799802.27,4655589.21,2167.58
-11799804.450000001,4655588.75,2165.53
-11799806.450000001,4655588.350000001,2165.42
-11799808.43,4655587.96,2165.4
-11799810.4,4655587.5600000005,2165.61
-11799812.39,4655587.17,2165.67
-11799814.39,4655586.76,2165.63
-11799816.36,4655586.37,2165.57
-11799818.32,4655585.98,2165.63
-11799820.34,4655585.58,2165.73
-11799822.33,4655585.19,2165.81
-11799824.23,4655584.8,2165.84
-11799826.23,4655584.4,2165.9
-11799828.25,4655584.0,2165.97
-11799830.21,4655583.600000001,2165.99
-11799832.18,4655583.21,2166.0
-11799834.16,4655582.82,2166.0
-11799836.14,4655582.42,2166.01
-11799838.15,4655582.03,2166.06
-11799840.16,4655581.62,2166.04
-11799842.15,4655581.23,2166.07
-11799844.11,4655580.84,2166.09
-11799846.1,4655580.44,2166.07
-11799848.08,4655580.05,2166.09
-11799850.08,4655579.65,2166.04
-11799852.07,4655579.25,2166.0
-11799854.040000001,4655578.850000001,2165.99
-11799856.01,4655578.46,2165.98
-11799857.98,4655578.07,2166.09
-11799859.69,4655577.11,2166.22
-11799857.69,4655577.51,2166.15
-11799855.76,4655577.9,2165.94
-11799853.73,4655578.29,2165.96
-11799851.72,4655578.7,2165.97
-11799849.72,4655579.09,2165.96
-11799847.700000001,4655579.49,2166.04
-11799845.74,4655579.88,2166.05
-11799843.76,4655580.28,2166.09
-11799841.75,4655580.67,2166.05
-11799839.72,4655581.08,2166.05
-11799837.71,4655581.48,2166.03
-11799835.71,4655581.88,2165.97
-11799833.73,4655582.2700000005,2165.96
-11799831.74,4655582.66,2166.0
-11799829.74,4655583.0600000005,2165.94
-11799827.76,4655583.45,2165.92
-11799825.78,4655583.84,2165.9
-11799823.790000001,4655584.24,2165.84
-11799821.78,4655584.64,2165.79
-11799819.76,4655585.04,2165.73
-11799817.78,4655585.43,2165.65
-11799815.8,4655585.83,2165.59
-11799813.83,4655586.22,2165.51
-11799811.81,4655586.61,2165.61
-11799809.8,4655587.0200000005,2165.53
-11799807.82,4655587.4,2165.36
-11799805.86,4655587.79,2165.38
-11799803.85,4655588.2,2165.54
-11799801.64,4655588.65,2167.53
-11799801.84,4655588.59,2165.61
-11799799.69,4655589.0200000005,2167.11
-11799799.84,4655589.0,2165.69
-11799797.84,4655589.39,2165.63
-11799794.950000001,4655590.0200000005,2174.19
-11799795.88,4655589.78,2165.42
-11799792.82,4655590.42,2175.94
-11799793.08,4655590.37,2173.53
-11799790.99,4655590.8,2174.31
-11799791.27,4655590.74,2171.61
-11799788.78,4655591.25,2176.26
-11799789.11,4655591.16,2172.94
-11799789.27,4655591.13,2171.4
-11799787.49,4655591.47,2169.55
-11799785.94,4655591.76,2165.57
-11799783.9,4655592.16,2165.57
-11799781.9,4655592.5600000005,2165.56
-11799779.94,4655592.95,2165.55
-11799777.96,4655593.34,2165.49
-11799775.450000001,4655593.87,2170.85
-11799775.97,4655593.74,2165.44
-11799773.55,4655594.24,2169.72
-11799773.73,4655594.2,2167.84
-11799771.59,4655594.63,2169.22
-11799769.64,4655595.01,2168.77
-11799767.71,4655595.39,2168.32
-11799767.93,4655595.34,2165.88
-11799765.99,4655595.72,2165.38
-11799764.03,4655596.11,2165.4
-11799762.05,4655596.51,2165.44
-11799760.03,4655596.9,2165.44
-11799758.040000001,4655597.29,2165.44
-11799756.08,4655597.69,2165.42
-11799754.09,4655598.07,2165.4
-11799751.01,4655598.7700000005,2178.86
-11799751.25,4655598.7,2175.92
-11799752.11,4655598.46,2165.36
-11799749.08,4655599.14,2177.88
-11799747.39,4655599.46,2174.22
-11799745.32,4655599.87,2175.47
-11799745.66,4655599.79,2171.13
-11799746.14,4655599.64,2165.05
-11799744.14,4655600.0600000005,2165.61
-11799742.21,4655600.44,2164.99
-11799740.21,4655600.84,2165.02
-11799738.23,4655601.23,2165.0
-11799737.49,4655599.99,2164.99
-11799739.47,4655599.600000001,2165.03
-11799741.44,4655599.21,2165.04
-11799743.42,4655598.8100000005,2165.05
-11799744.9,4655598.54,2171.67
-11799745.33,4655598.43,2166.06
-11799746.71,4655598.2,2173.86
-11799746.82,4655598.15,2172.42
-11799746.92,4655598.15,2171.26
-11799748.31,4655597.9,2178.53
-11799748.450000001,4655597.86,2176.84
-11799748.81,4655597.7700000005,2172.3
-11799750.75,4655597.39,2172.34
-11799751.33,4655597.23,2165.29
-11799753.26,4655596.850000001,2165.4
-11799754.52,4655596.64,2173.75
-11799755.22,4655596.45,2165.44
-11799757.22,4655596.0600000005,2165.44
-11799759.21,4655595.65,2165.44
-11799761.17,4655595.26,2165.4
-11799763.16,4655594.86,2165.38
-11799765.11,4655594.47,2165.44
-11799767.040000001,4655594.08,2165.81
-11799768.83,4655593.74,2168.46
-11799770.77,4655593.37,2168.92
-11799771.09,4655593.28,2165.44
-11799772.81,4655592.94,2167.76
-11799773.03,4655592.88,2165.47
-11799774.99,4655592.49,2165.48
-11799776.98,4655592.100000001,2165.55
-11799778.950000001,4655591.7,2165.58
-11799780.93,4655591.32,2165.58
-11799782.88,4655590.93,2165.59
-11799784.88,4655590.51,2165.61
-11799786.56,4655590.21,2168.78
-11799787.96,4655589.96,2174.44
-11799789.56,4655589.66,2177.9
-11799789.76,4655589.61,2175.88
-11799791.21,4655589.33,2180.48
-11799791.39,4655589.3,2178.74
-11799793.21,4655588.95,2180.15
-11799793.49,4655588.87,2177.54
-11799796.08,4655588.3100000005,2172.09
-11799796.31,4655588.2700000005,2169.94
-11799796.78,4655588.14,2165.44
-11799798.74,4655587.74,2165.61
-11799800.73,4655587.350000001,2165.65
-11799802.68,4655586.96,2165.65
-11799804.68,4655586.58,2165.51
-11799806.700000001,4655586.16,2165.38
-11799808.700000001,4655585.76,2165.4
-11799810.620000001,4655585.37,2165.44
-11799812.61,4655584.98,2165.52
-11799814.59,4655584.58,2165.61
-11799816.540000001,4655584.21,2165.69
-11799818.51,4655583.82,2165.76
-11799820.51,4655583.41,2165.81
-11799822.48,4655583.0200000005,2165.86
-11799824.450000001,4655582.63,2165.92
-11799826.450000001,4655582.23,2165.94
-11799828.450000001,4655581.83,2165.94
-11799830.4,4655581.45,2165.96
-11799832.370000001,4655581.05,2165.99
-11799834.370000001,4655580.65,2165.98
-11799836.35,4655580.25,2166.03
-11799838.34,4655579.86,2166.04
-11799840.34,4655579.45,2166.03
-11799842.32,4655579.0600000005,2166.04
-11799844.28,4655578.67,2166.0
-11799846.27,4655578.2700000005,2165.98
-11799848.3,4655577.850000001,2165.94
-11799850.3,4655577.46,2165.9
-11799851.76,4655577.2,2169.69
-11799852.290000001,4655577.08,2165.88
-11799853.8,4655576.78,2169.51
-11799854.27,4655576.68,2166.09
-11799856.22,4655576.29,2166.22
-11799858.200000001,4655575.9,2166.34
-11799858.07,4655575.42,2166.35
-11799856.09,4655575.82,2166.25
-11799853.63,4655576.33,2169.47
-11799854.09,4655576.23,2166.17
-11799851.59,4655576.74,2169.78
-11799852.11,4655576.61,2165.94
-11799850.13,4655577.0,2165.86
-11799848.09,4655577.41,2165.92
-11799846.09,4655577.8100000005,2165.94
-11799844.120000001,4655578.19,2165.98
-11799842.14,4655578.600000001,2166.01
-11799840.11,4655578.99,2166.02
-11799838.08,4655579.4,2166.03
-11799836.08,4655579.79,2166.03
-11799834.11,4655580.19,2165.98
-11799832.09,4655580.59,2165.98
-11799830.09,4655580.99,2165.94
-11799828.1,4655581.38,2165.92
-11799826.1,4655581.78,2165.92
-11799824.13,4655582.17,2165.92
-11799822.11,4655582.58,2165.86
-11799820.13,4655582.97,2165.81
-11799818.14,4655583.36,2165.76
-11799816.15,4655583.76,2165.67
-11799814.17,4655584.15,2165.61
-11799812.17,4655584.54,2165.55
-11799810.18,4655584.94,2165.44
-11799808.200000001,4655585.33,2165.38
-11799806.18,4655585.74,2165.36
-11799804.16,4655586.13,2165.56
-11799802.15,4655586.53,2165.63
-11799800.17,4655586.93,2165.63
-11799798.17,4655587.33,2165.59
-11799794.72,4655588.08,2179.34
-11799794.99,4655588.0,2176.8
-11799795.23,4655587.96,2174.59
-11799795.51,4655587.88,2171.86
-11799792.700000001,4655588.49,2179.88
-11799792.97,4655588.42,2177.36
-11799790.700000001,4655588.9,2180.3
-11799790.89,4655588.84,2178.42
-11799788.96,4655589.22,2177.86
-11799789.17,4655589.17,2175.86
-11799787.370000001,4655589.5200000005,2174.21
-11799785.94,4655589.78,2168.83
-11799786.26,4655589.7,2165.69
-11799784.27,4655590.09,2165.61
-11799782.26,4655590.49,2165.59
-11799780.28,4655590.88,2165.58
-11799778.31,4655591.28,2165.58
-11799776.27,4655591.68,2165.55
-11799774.290000001,4655592.08,2165.5
-11799772.34,4655592.47,2165.46
-11799770.040000001,4655592.94,2168.73
-11799770.33,4655592.86,2165.5
-11799768.05,4655593.34,2168.26
-11799768.3,4655593.26,2165.5
-11799766.33,4655593.65,2165.44
-11799764.35,4655594.0600000005,2165.47
-11799762.39,4655594.45,2165.4
-11799760.41,4655594.84,2165.36
-11799757.61,4655595.44,2174.52
-11799758.39,4655595.24,2165.42
-11799755.700000001,4655595.8100000005,2173.79
-11799756.4,4655595.63,2165.48
-11799754.44,4655596.0200000005,2165.44
-11799751.84,4655596.58,2172.57
-11799752.44,4655596.43,2165.35
-11799749.39,4655597.09,2178.19
-11799747.68,4655597.42,2174.92
-11799747.9,4655597.37,2172.32
-11799745.77,4655597.8,2173.94
-11799746.06,4655597.72,2170.22
-11799746.34,4655597.64,2166.74
-11799744.43,4655598.01,2166.01
-11799742.53,4655598.4,2165.04
-11799740.52,4655598.79,2165.04
-11799738.53,4655599.19,2165.0
-11799737.540000001,4655598.16,2165.02
-11799739.5,4655597.78,2165.03
-11799741.46,4655597.38,2165.04
-11799743.44,4655596.99,2165.07
-11799745.41,4655596.58,2165.09
-11799746.78,4655596.350000001,2172.69
-11799747.3,4655596.22,2166.09
-11799748.540000001,4655596.01,2175.42
-11799748.88,4655595.93,2171.31
-11799749.39,4655595.8,2165.07
-11799750.450000001,4655595.63,2176.17
-11799751.370000001,4655595.4,2165.11
-11799752.42,4655595.24,2175.84
-11799752.69,4655595.17,2172.67
-11799752.84,4655595.13,2170.82
-11799753.3,4655595.01,2165.36
-11799754.78,4655594.74,2170.76
-11799755.24,4655594.63,2165.44
-11799756.3,4655594.47,2176.65
-11799758.39,4655594.04,2175.56
-11799759.27,4655593.82,2165.42
-11799761.200000001,4655593.44,2165.46
-11799763.14,4655593.04,2165.47
-11799765.120000001,4655592.65,2165.48
-11799767.13,4655592.24,2165.46
-11799769.13,4655591.850000001,2165.47
-11799771.09,4655591.46,2165.46
-11799773.040000001,4655591.0600000005,2165.53
-11799775.01,4655590.67,2165.56
-11799777.02,4655590.26,2165.57
-11799779.01,4655589.87,2165.59
-11799780.98,4655589.48,2165.6
-11799782.950000001,4655589.08,2165.61
-11799784.36,4655588.8100000005,2171.27
-11799784.620000001,4655588.76,2168.81
-11799784.92,4655588.69,2165.69
-11799786.25,4655588.46,2172.13
-11799786.36,4655588.42,2171.07
-11799787.66,4655588.18,2177.8
-11799789.19,4655587.9,2182.03
-11799789.6,4655587.82,2178.17
-11799791.120000001,4655587.53,2182.46
-11799791.24,4655587.5,2181.22
-11799791.52,4655587.42,2178.56
-11799793.05,4655587.14,2182.44
-11799793.46,4655587.04,2178.69
-11799795.35,4655586.66,2179.38
-11799795.55,4655586.62,2177.47
-11799795.88,4655586.54,2174.36
-11799796.85,4655586.3,2165.29
-11799798.83,4655585.91,2165.6
-11799800.790000001,4655585.5200000005,2165.65
-11799802.77,4655585.12,2165.59
-11799804.77,4655584.72,2165.47
-11799806.77,4655584.32,2165.4
-11799808.74,4655583.93,2165.47
-11799810.67,4655583.53,2165.55
-11799812.63,4655583.14,2165.63
-11799814.63,4655582.75,2165.73
-11799816.64,4655582.34,2165.77
-11799818.620000001,4655581.95,2165.84
-11799820.58,4655581.55,2165.85
-11799822.56,4655581.16,2165.86
-11799824.55,4655580.7700000005,2165.9
-11799826.56,4655580.36,2165.92
-11799828.540000001,4655579.97,2165.94
-11799830.49,4655579.59,2165.94
-11799832.450000001,4655579.19,2166.01
-11799834.44,4655578.79,2166.01
-11799836.41,4655578.39,2166.0
-11799838.4,4655578.0,2165.99
-11799840.41,4655577.59,2165.98
-11799842.39,4655577.2,2165.94
-11799844.39,4655576.8100000005,2165.92
-11799846.370000001,4655576.41,2165.88
-11799848.35,4655576.01,2165.85
-11799849.76,4655575.75,2170.3
-11799849.92,4655575.69,2169.11
-11799850.33,4655575.61,2166.06
-11799851.67,4655575.350000001,2170.86
-11799853.32,4655575.05,2173.25
-11799853.53,4655575.0,2171.72
-11799855.69,4655574.57,2170.65
-11799856.290000001,4655574.42,2166.3
-11799858.28,4655574.0200000005,2166.35
-11799858.91,4655573.3,2166.36
-11799856.92,4655573.69,2166.35
-11799853.83,4655574.34,2174.04
-11799854.07,4655574.29,2172.26
-11799851.9,4655574.71,2173.36
-11799850.22,4655575.05,2171.04
-11799848.44,4655575.39,2169.82
-11799848.93,4655575.28,2166.11
-11799846.96,4655575.67,2165.85
-11799844.92,4655576.07,2165.85
-11799842.92,4655576.46,2165.88
-11799840.92,4655576.87,2165.94
-11799838.94,4655577.26,2165.94
-11799836.91,4655577.66,2165.96
-11799834.89,4655578.08,2165.98
-11799832.870000001,4655578.47,2165.94
-11799830.89,4655578.86,2165.94
-11799828.92,4655579.26,2165.92
-11799826.9,4655579.66,2165.9
-11799824.93,4655580.0600000005,2165.9
-11799822.93,4655580.45,2165.88
-11799820.93,4655580.850000001,2165.88
-11799818.94,4655581.24,2165.85
-11799816.93,4655581.65,2165.8
-11799814.98,4655582.01,2165.74
-11799813.0,4655582.41,2165.67
-11799810.98,4655582.83,2165.6
-11799809.0,4655583.22,2165.51
-11799807.03,4655583.61,2165.44
-11799805.01,4655584.01,2165.36
-11799803.0,4655584.41,2165.54
-11799801.01,4655584.8100000005,2165.6
-11799799.040000001,4655585.2,2165.55
-11799795.6,4655585.96,2179.24
-11799795.85,4655585.89,2176.88
-11799796.3,4655585.78,2172.76
-11799797.09,4655585.57,2165.36
-11799793.23,4655586.44,2183.04
-11799791.11,4655586.86,2184.02
-11799789.290000001,4655587.21,2182.38
-11799787.78,4655587.49,2177.94
-11799787.94,4655587.46,2176.42
-11799788.14,4655587.41,2174.52
-11799788.31,4655587.37,2172.84
-11799786.16,4655587.8,2174.56
-11799786.5,4655587.72,2171.27
-11799784.51,4655588.12,2171.05
-11799783.05,4655588.38,2165.63
-11799781.08,4655588.7700000005,2165.59
-11799779.08,4655589.18,2165.6
-11799777.09,4655589.57,2165.57
-11799775.11,4655589.96,2165.54
-11799773.11,4655590.36,2165.53
-11799771.14,4655590.75,2165.5
-11799769.14,4655591.14,2165.47
-11799767.15,4655591.55,2165.44
-11799765.16,4655591.94,2165.47
-11799763.18,4655592.34,2165.47
-11799761.22,4655592.73,2165.48
-11799758.35,4655593.34,2175.44
-11799759.22,4655593.13,2165.49
-11799756.33,4655593.75,2176.1
-11799756.44,4655593.71,2174.79
-11799756.66,4655593.65,2172.19
-11799757.26,4655593.5200000005,2165.32
-11799754.44,4655594.100000001,2174.74
-11799754.6,4655594.09,2172.92
-11799755.23,4655593.91,2165.42
-11799753.24,4655594.32,2165.32
-11799750.34,4655594.94,2176.48
-11799750.48,4655594.9,2174.84
-11799750.63,4655594.87,2173.08
-11799751.28,4655594.7,2165.15
-11799749.32,4655595.09,2165.07
-11799746.69,4655595.66,2173.09
-11799747.25,4655595.51,2166.13
-11799745.33,4655595.89,2165.1
-11799743.34,4655596.29,2165.06
-11799741.35,4655596.68,2165.06
-11799739.36,4655597.07,2165.01
-11799737.4,4655597.47,2164.98
-11799738.48,4655595.92,2165.03
-11799740.450000001,4655595.54,2165.01
-11799742.43,4655595.13,2165.06
-11799744.42,4655594.74,2165.07
-11799746.4,4655594.34,2165.08
-11799748.39,4655593.94,2165.1
-11799749.46,4655593.7700000005,2176.15
-11799749.66,4655593.73,2173.69
-11799750.370000001,4655593.54,2165.11
-11799751.33,4655593.39,2177.27
-11799751.64,4655593.32,2173.6
-11799752.35,4655593.15,2165.15
-11799753.48,4655592.97,2175.07
-11799755.36,4655592.59,2176.25
-11799757.31,4655592.21,2176.07
-11799758.23,4655591.97,2165.51
-11799759.4,4655591.78,2174.38
-11799760.18,4655591.58,2165.47
-11799762.19,4655591.18,2165.47
-11799764.200000001,4655590.78,2165.48
-11799766.17,4655590.38,2165.48
-11799768.1,4655589.99,2165.51
-11799770.040000001,4655589.61,2165.53
-11799772.02,4655589.21,2165.55
-11799774.02,4655588.8100000005,2165.56
-11799776.02,4655588.41,2165.59
-11799778.02,4655588.01,2165.6
-11799779.99,4655587.61,2165.63
-11799781.96,4655587.22,2165.63
-11799783.68,4655586.88,2168.24
-11799783.94,4655586.83,2165.67
-11799785.36,4655586.5600000005,2171.22
-11799785.51,4655586.53,2169.67
-11799786.66,4655586.32,2177.9
-11799786.81,4655586.3,2176.42
-11799787.03,4655586.24,2174.36
-11799788.200000001,4655586.04,2181.86
-11799788.32,4655586.0200000005,2180.85
-11799788.48,4655585.98,2179.26
-11799788.69,4655585.93,2177.25
-11799789.950000001,4655585.7,2183.86
-11799791.82,4655585.33,2184.81
-11799794.18,4655584.84,2181.09
-11799794.370000001,4655584.8,2179.23
-11799797.86,4655584.03,2165.38
-11799799.81,4655583.64,2165.51
-11799801.83,4655583.25,2165.35
-11799803.84,4655582.83,2165.38
-11799805.790000001,4655582.43,2165.48
-11799807.73,4655582.07,2165.55
-11799809.68,4655581.67,2165.65
-11799811.68,4655581.2700000005,2165.72
-11799813.68,4655580.87,2165.76
-11799815.64,4655580.48,2165.82
-11799817.59,4655580.09,2165.84
-11799819.58,4655579.69,2165.84
-11799821.57,4655579.3,2165.88
-11799823.540000001,4655578.89,2165.88
-11799825.56,4655578.5,2165.9
-11799827.540000001,4655578.11,2165.92
-11799829.51,4655577.71,2165.94
-11799831.51,4655577.3100000005,2165.94
-11799833.5,4655576.91,2165.94
-11799835.48,4655576.49,2165.94
-11799837.49,4655576.100000001,2165.92
-11799839.450000001,4655575.71,2165.9
-11799841.46,4655575.3100000005,2165.86
-11799843.46,4655574.92,2165.84
-11799845.43,4655574.51,2165.99
-11799847.4,4655574.12,2166.15
-11799848.700000001,4655573.89,2171.05
-11799848.92,4655573.83,2169.48
-11799850.63,4655573.49,2171.52
-11799852.26,4655573.19,2174.04
-11799854.39,4655572.76,2173.07
-11799857.290000001,4655572.14,2166.36
-11799859.27,4655571.74,2166.38
-11799858.35,4655571.3100000005,2166.38
-11799855.47,4655571.9,2172.63
-11799855.69,4655571.83,2171.07
-11799855.97,4655571.78,2169.11
-11799856.35,4655571.7,2166.32
-11799853.28,4655572.350000001,2174.35
-11799851.42,4655572.71,2173.21
-11799849.55,4655573.08,2172.06
-11799848.02,4655573.37,2168.63
-11799848.34,4655573.3,2166.26
-11799846.39,4655573.68,2166.17
-11799844.41,4655574.07,2165.98
-11799842.44,4655574.47,2165.83
-11799840.41,4655574.87,2165.84
-11799838.42,4655575.2700000005,2165.86
-11799836.450000001,4655575.66,2165.88
-11799834.44,4655576.05,2165.92
-11799832.39,4655576.46,2165.92
-11799830.370000001,4655576.87,2165.94
-11799828.42,4655577.26,2165.92
-11799826.42,4655577.66,2165.92
-11799824.39,4655578.0600000005,2165.88
-11799822.4,4655578.46,2165.86
-11799820.39,4655578.850000001,2165.85
-11799818.4,4655579.24,2165.84
-11799816.41,4655579.64,2165.84
-11799814.4,4655580.04,2165.78
-11799812.42,4655580.44,2165.75
-11799810.46,4655580.83,2165.69
-11799808.44,4655581.22,2165.61
-11799806.43,4655581.62,2165.54
-11799804.47,4655582.01,2165.47
-11799802.51,4655582.41,2165.4
-11799800.53,4655582.8,2165.31
-11799798.53,4655583.21,2165.31
-11799795.01,4655583.96,2179.57
-11799795.41,4655583.87,2175.88
-11799792.71,4655584.45,2182.92
-11799790.51,4655584.88,2184.92
-11799788.89,4655585.18,2181.22
-11799789.1,4655585.14,2179.28
-11799787.1,4655585.55,2179.36
-11799785.63,4655585.8100000005,2174.4
-11799786.03,4655585.71,2170.52
-11799784.22,4655586.07,2168.53
-11799784.5,4655586.0,2165.71
-11799782.51,4655586.39,2165.63
-11799780.52,4655586.79,2165.63
-11799778.55,4655587.18,2165.61
-11799776.6,4655587.5600000005,2165.6
-11799774.63,4655587.96,2165.59
-11799772.64,4655588.350000001,2165.55
-11799770.63,4655588.74,2165.52
-11799768.64,4655589.14,2165.51
-11799766.65,4655589.5600000005,2165.5
-11799764.67,4655589.94,2165.48
-11799762.68,4655590.33,2165.48
-11799760.700000001,4655590.72,2165.47
-11799757.81,4655591.350000001,2175.94
-11799758.73,4655591.12,2165.47
-11799755.8,4655591.76,2176.49
-11799756.03,4655591.69,2173.81
-11799754.040000001,4655592.100000001,2173.73
-11799751.950000001,4655592.5200000005,2174.83
-11799752.76,4655592.3100000005,2165.22
-11799749.96,4655592.92,2175.07
-11799750.14,4655592.87,2173.05
-11799750.790000001,4655592.7,2165.13
-11799748.8,4655593.100000001,2165.09
-11799746.81,4655593.49,2165.07
-11799744.83,4655593.88,2165.08
-11799742.82,4655594.29,2165.05
-11799740.83,4655594.69,2165.04
-11799738.88,4655595.08,2165.0
-11799737.9,4655594.11,2164.96
-11799739.85,4655593.72,2165.0
-11799741.78,4655593.34,2165.05
-11799743.790000001,4655592.93,2165.06
-11799745.77,4655592.54,2165.09
-11799747.73,4655592.15,2165.13
-11799749.72,4655591.74,2165.11
-11799750.86,4655591.5600000005,2175.11
-11799751.02,4655591.5200000005,2173.23
-11799751.32,4655591.44,2169.56
-11799752.8,4655591.17,2175.65
-11799752.97,4655591.13,2173.69
-11799754.870000001,4655590.74,2174.83
-11799754.97,4655590.72,2173.65
-11799755.22,4655590.67,2170.69
-11799756.82,4655590.37,2175.01
-11799756.9,4655590.34,2174.01
-11799757.34,4655590.22,2169.02
-11799757.64,4655590.15,2165.48
-11799758.69,4655589.99,2175.82
-11799759.06,4655589.88,2171.69
-11799759.61,4655589.76,2165.46
-11799761.59,4655589.37,2165.49
-11799763.61,4655588.96,2165.52
-11799765.56,4655588.57,2165.51
-11799767.53,4655588.17,2165.51
-11799769.5,4655587.78,2165.52
-11799771.46,4655587.39,2165.55
-11799773.450000001,4655586.99,2165.57
-11799775.42,4655586.600000001,2165.58
-11799777.42,4655586.19,2165.61
-11799779.39,4655585.8,2165.63
-11799781.35,4655585.41,2165.65
-11799783.34,4655585.01,2165.67
-11799785.02,4655584.69,2168.75
-11799785.34,4655584.61,2165.67
-11799786.15,4655584.49,2177.07
-11799786.42,4655584.43,2174.51
-11799786.65,4655584.37,2172.3
-11799787.71,4655584.2,2180.63
-11799787.94,4655584.14,2178.33
-11799788.09,4655584.100000001,2176.84
-11799789.44,4655583.86,2182.84
-11799789.58,4655583.83,2181.5
-11799791.35,4655583.48,2183.24
-11799791.66,4655583.41,2180.38
-11799793.5,4655583.04,2181.92
-11799793.700000001,4655582.99,2180.04
-11799794.02,4655582.92,2176.97
-11799797.25,4655582.21,2165.29
-11799799.200000001,4655581.83,2165.35
-11799801.21,4655581.43,2165.4
-11799803.18,4655581.01,2165.52
-11799805.13,4655580.65,2165.56
-11799807.11,4655580.25,2165.63
-11799809.08,4655579.83,2165.72
-11799811.08,4655579.45,2165.74
-11799813.05,4655579.0600000005,2165.8
-11799815.01,4655578.67,2165.8
-11799817.01,4655578.25,2165.82
-11799819.0,4655577.850000001,2165.85
-11799820.99,4655577.46,2165.88
-11799822.96,4655577.07,2165.88
-11799824.950000001,4655576.66,2165.92
-11799826.92,4655576.2700000005,2165.9
-11799828.9,4655575.87,2165.92
-11799830.870000001,4655575.48,2165.88
-11799832.9,4655575.08,2165.86
-11799834.92,4655574.68,2165.85
-11799836.92,4655574.2700000005,2165.83
-11799838.89,4655573.88,2165.78
-11799840.88,4655573.48,2165.88
-11799842.86,4655573.09,2166.07
-11799844.83,4655572.7,2166.19
-11799846.81,4655572.3,2166.27
-11799848.370000001,4655571.99,2169.19
-11799848.77,4655571.91,2166.31
-11799850.01,4655571.68,2171.83
-11799851.76,4655571.34,2173.36
-11799852.07,4655571.26,2171.13
-11799853.91,4655570.89,2172.19
-11799855.98,4655570.48,2171.19
-11799856.38,4655570.39,2168.33
-11799856.66,4655570.32,2166.38
-11799858.25,4655570.0200000005,2169.24
-11799858.66,4655569.93,2166.36
-11799857.96,4655569.39,2169.4
-11799858.17,4655569.33,2167.98
-11799858.4,4655569.28,2166.35
-11799856.11,4655569.74,2168.29
-11799856.38,4655569.68,2166.38
-11799853.64,4655570.25,2171.88
-11799853.870000001,4655570.2,2170.23
-11799854.02,4655570.15,2169.13
-11799851.72,4655570.63,2171.42
-11799849.620000001,4655571.05,2172.06
-11799849.9,4655570.99,2170.01
-11799848.42,4655571.2700000005,2166.3
-11799846.43,4655571.67,2166.28
-11799844.42,4655572.0600000005,2166.22
-11799842.43,4655572.47,2166.11
-11799840.450000001,4655572.850000001,2165.99
-11799838.48,4655573.24,2165.75
-11799836.48,4655573.65,2165.78
-11799834.5,4655574.04,2165.79
-11799832.51,4655574.43,2165.82
-11799830.51,4655574.83,2165.86
-11799828.48,4655575.23,2165.88
-11799826.48,4655575.63,2165.88
-11799824.46,4655576.0200000005,2165.88
-11799822.48,4655576.43,2165.86
-11799820.49,4655576.82,2165.86
-11799818.5,4655577.22,2165.82
-11799816.5,4655577.61,2165.82
-11799814.52,4655578.0,2165.81
-11799812.49,4655578.42,2165.79
-11799810.5,4655578.82,2165.75
-11799808.55,4655579.2,2165.72
-11799806.58,4655579.59,2165.65
-11799804.56,4655579.98,2165.59
-11799802.55,4655580.4,2165.53
-11799800.56,4655580.8,2165.44
-11799798.620000001,4655581.18,2165.38
-11799795.65,4655581.8100000005,2174.36
-11799796.63,4655581.57,2165.26
-11799792.86,4655582.4,2181.56
-11799793.03,4655582.36,2180.04
-11799793.16,4655582.33,2178.78
-11799793.38,4655582.2700000005,2176.72
-11799790.82,4655582.8,2182.21
-11799790.99,4655582.75,2180.63
-11799791.19,4655582.72,2178.67
-11799788.86,4655583.2,2181.83
-11799789.09,4655583.14,2179.65
-11799787.200000001,4655583.51,2179.0
-11799787.42,4655583.46,2176.82
-11799787.52,4655583.43,2175.83
-11799785.38,4655583.87,2177.54
-11799785.97,4655583.71,2171.84
-11799786.11,4655583.7,2170.49
-11799784.35,4655584.04,2168.11
-11799784.6,4655583.97,2165.69
-11799782.61,4655584.37,2165.63
-11799780.6,4655584.7700000005,2165.63
-11799778.63,4655585.17,2165.63
-11799776.65,4655585.5600000005,2165.6
-11799774.65,4655585.95,2165.58
-11799772.67,4655586.350000001,2165.56
-11799770.66,4655586.75,2165.55
-11799768.68,4655587.15,2165.51
-11799766.71,4655587.54,2165.51
-11799764.700000001,4655587.94,2165.5
-11799762.71,4655588.34,2165.5
-11799760.73,4655588.74,2165.47
-11799757.89,4655589.34,2175.32
-11799758.17,4655589.28,2172.22
-11799758.76,4655589.13,2165.47
-11799755.93,4655589.74,2175.36
-11799756.09,4655589.68,2173.44
-11799753.81,4655590.16,2176.94
-11799753.950000001,4655590.13,2175.31
-11799754.13,4655590.08,2173.19
-11799751.96,4655590.5200000005,2175.47
-11799752.120000001,4655590.48,2173.59
-11799750.01,4655590.89,2175.11
-11799750.84,4655590.7,2165.21
-11799748.88,4655591.100000001,2165.15
-11799746.88,4655591.49,2165.1
-11799744.89,4655591.88,2165.09
-11799742.93,4655592.28,2165.07
-11799740.950000001,4655592.67,2165.03
-11799738.96,4655593.0600000005,2164.98
-11799736.94,4655593.47,2164.94
-11799737.68,4655592.14,2164.97
-11799739.69,4655591.74,2165.02
-11799741.67,4655591.34,2165.03
-11799743.63,4655590.95,2165.07
-11799745.57,4655590.5600000005,2165.1
-11799747.55,4655590.16,2165.13
-11799749.58,4655589.75,2165.17
-11799750.61,4655589.59,2176.57
-11799750.83,4655589.54,2174.0
-11799752.5,4655589.21,2177.11
-11799752.59,4655589.2,2176.17
-11799754.450000001,4655588.82,2177.07
-11799754.68,4655588.76,2174.47
-11799755.48,4655588.57,2165.09
-11799756.46,4655588.42,2176.63
-11799756.56,4655588.4,2175.38
-11799758.53,4655588.0,2175.42
-11799759.41,4655587.79,2165.47
-11799761.39,4655587.38,2165.51
-11799763.36,4655586.99,2165.51
-11799765.35,4655586.59,2165.51
-11799767.35,4655586.19,2165.52
-11799769.35,4655585.79,2165.54
-11799771.33,4655585.37,2165.54
-11799773.3,4655584.99,2165.57
-11799775.290000001,4655584.600000001,2165.59
-11799777.26,4655584.21,2165.61
-11799779.26,4655583.79,2165.61
-11799781.25,4655583.39,2165.63
-11799783.21,4655583.0,2165.65
-11799784.93,4655582.66,2168.58
-11799785.24,4655582.61,2165.65
-11799786.21,4655582.46,2175.42
-11799786.58,4655582.36,2171.92
-11799786.68,4655582.32,2170.92
-11799787.8,4655582.14,2178.99
-11799787.98,4655582.09,2177.27
-11799788.25,4655582.04,2174.79
-11799788.4,4655581.98,2173.24
-11799789.68,4655581.78,2180.23
-11799789.84,4655581.74,2178.61
-11799790.11,4655581.67,2176.08
-11799791.89,4655581.3,2178.03
-11799792.02,4655581.29,2176.8
-11799792.25,4655581.23,2174.65
-11799793.83,4655580.94,2178.42
-11799794.01,4655580.9,2176.69
-11799794.39,4655580.79,2173.22
-11799795.23,4655580.600000001,2165.33
-11799797.21,4655580.21,2165.4
-11799799.18,4655579.8100000005,2165.49
-11799801.18,4655579.41,2165.56
-11799803.16,4655579.01,2165.61
-11799805.13,4655578.62,2165.69
-11799807.16,4655578.21,2165.72
-11799809.17,4655577.79,2165.77
-11799811.18,4655577.4,2165.78
-11799813.19,4655577.01,2165.81
-11799815.18,4655576.600000001,2165.83
-11799817.17,4655576.2,2165.82
-11799819.14,4655575.8100000005,2165.86
-11799821.18,4655575.4,2165.86
-11799823.21,4655575.0,2165.88
-11799825.19,4655574.58,2165.85
-11799827.17,4655574.18,2165.83
-11799829.18,4655573.79,2165.81
-11799831.21,4655573.38,2165.78
-11799833.22,4655572.99,2165.75
-11799835.21,4655572.58,2165.75
-11799837.200000001,4655572.19,2165.92
-11799839.24,4655571.78,2165.96
-11799841.25,4655571.38,2166.19
-11799843.28,4655570.96,2166.25
-11799845.31,4655570.5600000005,2166.29
-11799847.290000001,4655570.17,2166.29
-11799848.790000001,4655569.88,2170.06
-11799849.290000001,4655569.78,2166.36
-11799850.84,4655569.48,2170.17
-11799851.36,4655569.36,2166.36
-11799852.49,4655569.15,2172.9
-11799852.700000001,4655569.100000001,2171.42
-11799853.07,4655569.03,2168.81
-11799853.4,4655568.95,2166.4
-11799854.44,4655568.76,2173.29
-11799855.4,4655568.53,2166.38
-11799856.98,4655568.24,2169.49
-11799857.18,4655568.19,2167.99
-11799857.41,4655568.13,2166.42
-11799858.99,4655567.84,2169.32
-11799859.41,4655567.74,2166.36
-11799858.98,4655567.41,2166.4
-11799856.99,4655567.8100000005,2166.42
-11799854.02,4655568.43,2173.19
-11799854.97,4655568.21,2166.36
-11799852.09,4655568.8100000005,2172.42
-11799852.22,4655568.78,2171.51
-11799852.94,4655568.61,2166.36
-11799849.51,4655569.34,2176.83
-11799850.16,4655569.18,2172.03
-11799850.42,4655569.12,2170.13
-11799850.950000001,4655569.0,2166.32
-11799848.5,4655569.51,2169.92
-11799848.98,4655569.41,2166.38
-11799847.01,4655569.8,2166.31
-11799844.98,4655570.19,2166.28
-11799842.96,4655570.59,2166.25
-11799840.94,4655571.01,2166.23
-11799838.98,4655571.4,2166.02
-11799837.02,4655571.79,2166.0
-11799835.05,4655572.17,2165.78
-11799833.03,4655572.57,2165.72
-11799831.03,4655572.99,2165.76
-11799829.05,4655573.38,2165.79
-11799827.040000001,4655573.79,2165.8
-11799825.02,4655574.18,2165.84
-11799823.05,4655574.58,2165.85
-11799821.05,4655574.98,2165.84
-11799819.03,4655575.38,2165.84
-11799817.05,4655575.78,2165.84
-11799815.040000001,4655576.18,2165.82
-11799813.06,4655576.57,2165.79
-11799811.040000001,4655576.98,2165.77
-11799809.08,4655577.37,2165.78
-11799807.120000001,4655577.76,2165.74
-11799805.07,4655578.16,2165.69
-11799803.08,4655578.5600000005,2165.63
-11799801.11,4655578.96,2165.59
-11799799.16,4655579.350000001,2165.5
-11799797.15,4655579.75,2165.46
-11799794.32,4655580.350000001,2173.26
-11799795.16,4655580.14,2165.38
-11799791.8,4655580.87,2178.3
-11799791.950000001,4655580.84,2176.88
-11799792.18,4655580.79,2174.72
-11799789.78,4655581.2700000005,2178.74
-11799790.05,4655581.21,2176.09
-11799788.09,4655581.600000001,2176.19
-11799788.22,4655581.57,2174.98
-11799788.4,4655581.53,2173.33
-11799786.17,4655581.98,2175.54
-11799786.75,4655581.83,2169.81
-11799785.200000001,4655582.15,2165.61
-11799783.200000001,4655582.54,2165.63
-11799781.21,4655582.93,2165.63
-11799779.24,4655583.33,2165.61
-11799777.26,4655583.73,2165.6
-11799775.24,4655584.13,2165.58
-11799773.200000001,4655584.53,2165.56
-11799771.22,4655584.94,2165.54
-11799769.27,4655585.32,2165.52
-11799767.32,4655585.71,2165.51
-11799765.33,4655586.11,2165.51
-11799763.31,4655586.51,2165.5
-11799761.31,4655586.92,2165.51
-11799758.46,4655587.53,2175.42
-11799759.34,4655587.3100000005,2165.48
-11799756.38,4655587.94,2176.77
-11799756.700000001,4655587.87,2173.03
-11799757.370000001,4655587.69,2165.3
-11799754.370000001,4655588.33,2176.82
-11799752.44,4655588.72,2176.15
-11799752.61,4655588.7,2174.28
-11799752.790000001,4655588.64,2172.09
-11799750.47,4655589.13,2176.56
-11799750.65,4655589.08,2174.36
-11799749.46,4655589.28,2165.15
-11799747.46,4655589.69,2165.1
-11799745.47,4655590.08,2165.09
-11799743.48,4655590.48,2165.07
-11799741.48,4655590.87,2165.04
-11799739.52,4655591.26,2164.98
-11799737.540000001,4655591.66,2164.94
-11799738.47,4655590.4,2164.96
-11799740.46,4655590.01,2164.99
-11799742.49,4655589.59,2165.03
-11799744.49,4655589.19,2165.09
-11799746.450000001,4655588.8,2165.13
-11799748.4,4655588.4,2165.13
-11799749.56,4655588.22,2174.83
-11799749.65,4655588.18,2173.71
-11799750.370000001,4655588.0,2165.17
-11799751.370000001,4655587.84,2176.73
-11799751.6,4655587.8,2174.09
-11799752.35,4655587.61,2165.24
-11799753.44,4655587.43,2175.69
-11799754.34,4655587.21,2165.25
-11799755.4,4655587.04,2175.98
-11799755.64,4655586.98,2173.23
-11799756.34,4655586.82,2165.21
-11799757.26,4655586.67,2176.92
-11799757.5,4655586.62,2174.06
-11799758.27,4655586.43,2165.38
-11799760.23,4655586.0200000005,2165.52
-11799762.22,4655585.63,2165.54
-11799764.17,4655585.24,2165.53
-11799766.13,4655584.84,2165.52
-11799768.13,4655584.45,2165.52
-11799770.13,4655584.04,2165.53
-11799772.120000001,4655583.65,2165.56
-11799774.08,4655583.25,2165.57
-11799776.05,4655582.86,2165.59
-11799778.02,4655582.47,2165.61
-11799780.02,4655582.0600000005,2165.61
-11799782.01,4655581.67,2165.61
-11799783.96,4655581.2700000005,2165.6
-11799785.94,4655580.88,2165.55
-11799787.43,4655580.600000001,2170.19
-11799787.59,4655580.54,2168.67
-11799787.92,4655580.47,2165.4
-11799789.07,4655580.26,2173.34
-11799789.28,4655580.23,2171.44
-11799790.78,4655579.94,2175.98
-11799791.06,4655579.86,2173.35
-11799791.26,4655579.8100000005,2171.47
-11799791.91,4655579.67,2165.33
-11799793.28,4655579.42,2171.05
-11799793.88,4655579.28,2165.38
-11799795.86,4655578.89,2165.47
-11799797.84,4655578.48,2165.54
-11799799.82,4655578.09,2165.6
-11799801.790000001,4655577.69,2165.65
-11799803.77,4655577.3,2165.69
-11799805.74,4655576.89,2165.75
-11799807.73,4655576.5,2165.79
-11799809.71,4655576.11,2165.78
-11799811.71,4655575.69,2165.79
-11799813.69,4655575.29,2165.82
-11799815.700000001,4655574.9,2165.82
-11799817.66,4655574.49,2165.84
-11799819.63,4655574.100000001,2165.83
-11799821.63,4655573.71,2165.83
-11799823.61,4655573.3100000005,2165.83
-11799825.6,4655572.92,2165.78
-11799827.57,4655572.51,2165.76
-11799829.57,4655572.12,2165.72
-11799831.58,4655571.71,2165.65
-11799833.55,4655571.32,2165.88
-11799835.51,4655570.93,2166.04
-11799837.48,4655570.53,2166.17
-11799839.46,4655570.14,2166.19
-11799841.450000001,4655569.73,2166.27
-11799843.450000001,4655569.34,2166.29
-11799845.38,4655568.95,2166.32
-11799847.39,4655568.54,2166.36
-11799848.26,4655568.39,2174.61
-11799848.91,4655568.25,2169.88
-11799849.38,4655568.15,2166.4
-11799849.74,4655568.12,2178.38
-11799850.02,4655568.05,2176.4
-11799850.700000001,4655567.89,2171.42
-11799851.700000001,4655567.71,2178.73
-11799852.200000001,4655567.600000001,2175.17
-11799854.450000001,4655567.15,2172.99
-11799855.38,4655566.93,2166.34
-11799857.36,4655566.53,2166.4
-11799858.67,4655566.3,2171.15
-11799859.36,4655566.14,2166.35
-11799858.46,4655565.92,2174.34
-11799859.040000001,4655565.78,2170.32
-11799859.6,4655565.65,2166.42
-11799856.5,4655566.3100000005,2174.44
-11799857.63,4655566.04,2166.44
-11799854.61,4655566.66,2173.86
-11799854.78,4655566.64,2172.67
-11799855.66,4655566.45,2166.38
-11799852.01,4655567.22,2178.59
-11799852.5,4655567.11,2175.07
-11799852.82,4655567.03,2172.8
-11799853.05,4655566.98,2171.09
-11799849.86,4655567.65,2180.13
-11799850.11,4655567.600000001,2178.26
-11799850.370000001,4655567.5200000005,2176.4
-11799848.02,4655568.0200000005,2179.42
-11799848.67,4655567.86,2174.72
-11799849.26,4655567.74,2170.36
-11799847.31,4655568.13,2170.63
-11799847.88,4655568.0,2166.4
-11799845.92,4655568.39,2166.36
-11799843.96,4655568.78,2166.31
-11799842.01,4655569.17,2166.27
-11799840.07,4655569.5600000005,2166.19
-11799838.120000001,4655569.95,2166.19
-11799836.16,4655570.34,2166.15
-11799834.21,4655570.73,2166.01
-11799832.26,4655571.12,2165.85
-11799830.33,4655571.51,2165.61
-11799828.41,4655571.89,2165.67
-11799826.43,4655572.2700000005,2165.74
-11799824.46,4655572.66,2165.77
-11799822.48,4655573.08,2165.82
-11799820.52,4655573.48,2165.81
-11799818.58,4655573.84,2165.83
-11799816.66,4655574.25,2165.82
-11799814.68,4655574.64,2165.83
-11799812.72,4655575.04,2165.8
-11799810.76,4655575.42,2165.76
-11799808.83,4655575.8100000005,2165.76
-11799806.9,4655576.19,2165.77
-11799804.93,4655576.58,2165.73
-11799802.98,4655576.98,2165.69
-11799801.03,4655577.36,2165.63
-11799799.08,4655577.75,2165.61
-11799797.16,4655578.14,2165.55
-11799795.17,4655578.54,2165.49
-11799792.58,4655579.08,2171.0
-11799793.18,4655578.93,2165.38
-11799790.4,4655579.5200000005,2173.35
-11799790.540000001,4655579.48,2171.96
-11799791.26,4655579.32,2165.25
-11799788.51,4655579.89,2173.24
-11799788.89,4655579.8100000005,2169.6
-11799789.33,4655579.7,2165.29
-11799787.01,4655580.18,2168.58
-11799787.35,4655580.11,2165.44
-11799785.34,4655580.5,2165.51
-11799783.370000001,4655580.9,2165.55
-11799781.43,4655581.29,2165.58
-11799779.51,4655581.67,2165.58
-11799777.56,4655582.0600000005,2165.59
-11799775.58,4655582.44,2165.59
-11799773.61,4655582.84,2165.57
-11799771.620000001,4655583.26,2165.54
-11799769.67,4655583.62,2165.52
-11799767.72,4655584.0200000005,2165.52
-11799765.76,4655584.42,2165.52
-11799763.790000001,4655584.82,2165.52
-11799761.83,4655585.21,2165.53
-11799759.89,4655585.600000001,2165.49
-11799756.91,4655586.22,2177.06
-11799757.040000001,4655586.21,2175.63
-11799757.96,4655585.98,2165.25
-11799755.05,4655586.600000001,2175.83
-11799755.98,4655586.38,2165.19
-11799752.96,4655587.01,2177.03
-11799753.09,4655587.0,2175.65
-11799753.15,4655586.98,2174.82
-11799753.27,4655586.96,2173.49
-11799751.07,4655587.4,2176.56
-11799752.040000001,4655587.18,2165.22
-11799749.32,4655587.74,2174.67
-11799750.120000001,4655587.5600000005,2165.19
-11799748.13,4655587.95,2165.11
-11799746.18,4655588.34,2165.13
-11799744.22,4655588.74,2165.06
-11799742.27,4655589.13,2165.04
-11799740.33,4655589.51,2165.0
-11799738.35,4655589.9,2164.97
-11799738.01,4655588.89,2164.94
-11799739.97,4655588.49,2165.0
-11799741.91,4655588.09,2165.02
-11799743.89,4655587.7,2165.05
-11799745.89,4655587.3100000005,2165.07
-11799747.86,4655586.9,2165.13
-11799749.84,4655586.51,2165.17
-11799750.83,4655586.34,2176.86
-11799750.93,4655586.32,2175.55
-11799751.81,4655586.11,2165.23
-11799752.73,4655585.95,2177.33
-11799753.78,4655585.72,2165.22
-11799755.040000001,4655585.49,2173.36
-11799755.75,4655585.3100000005,2165.23
-11799756.8,4655585.14,2175.8
-11799757.05,4655585.08,2172.86
-11799757.73,4655584.92,2165.23
-11799759.72,4655584.53,2165.46
-11799761.69,4655584.12,2165.55
-11799763.64,4655583.73,2165.55
-11799765.63,4655583.33,2165.51
-11799767.58,4655582.94,2165.53
-11799769.55,4655582.53,2165.53
-11799771.540000001,4655582.14,2165.54
-11799773.49,4655581.75,2165.55
-11799775.47,4655581.350000001,2165.59
-11799777.47,4655580.95,2165.57
-11799779.5,4655580.53,2165.56
-11799781.450000001,4655580.13,2165.53
-11799783.43,4655579.74,2165.48
-11799785.46,4655579.33,2165.36
-11799787.42,4655578.94,2165.25
-11799789.41,4655578.55,2165.33
-11799791.39,4655578.14,2165.38
-11799793.31,4655577.76,2165.48
-11799795.27,4655577.37,2165.55
-11799797.27,4655576.96,2165.63
-11799799.26,4655576.55,2165.63
-11799801.21,4655576.17,2165.67
-11799803.19,4655575.7700000005,2165.73
-11799805.200000001,4655575.36,2165.73
-11799807.15,4655574.97,2165.75
-11799809.16,4655574.57,2165.76
-11799811.17,4655574.17,2165.79
-11799813.120000001,4655573.7700000005,2165.79
-11799815.09,4655573.38,2165.82
-11799817.09,4655572.97,2165.82
-11799819.08,4655572.58,2165.8
-11799821.07,4655572.16,2165.77
-11799823.040000001,4655571.7700000005,2165.72
-11799825.03,4655571.37,2165.67
-11799827.05,4655570.97,2165.63
-11799829.06,4655570.5600000005,2165.69
-11799830.98,4655570.18,2165.94
-11799832.93,4655569.79,2166.1
-11799834.950000001,4655569.38,2166.22
-11799836.96,4655568.97,2166.28
-11799838.94,4655568.58,2166.26
-11799840.9,4655568.19,2166.26
-11799842.84,4655567.79,2166.33
-11799844.81,4655567.4,2166.38
-11799845.49,4655567.29,2176.26
-11799845.75,4655567.24,2174.29
-11799847.22,4655566.95,2178.28
-11799847.790000001,4655566.83,2174.07
-11799848.84,4655566.63,2181.04
-11799849.13,4655566.57,2178.97
-11799849.39,4655566.5200000005,2177.11
-11799850.620000001,4655566.29,2182.35
-11799850.85,4655566.23,2180.69
-11799853.040000001,4655565.7700000005,2178.9
-11799853.3,4655565.72,2177.07
-11799853.77,4655565.61,2173.73
-11799856.0,4655565.16,2171.97
-11799856.78,4655564.99,2166.46
-11799857.17,4655564.93,2177.79
-11799857.67,4655564.84,2174.28
-11799858.19,4655564.7,2170.58
-11799858.81,4655564.58,2166.31
-11799859.07,4655564.5600000005,2178.21
-11799859.58,4655564.46,2174.65
-11799858.81,4655564.25,2178.11
-11799859.26,4655564.15,2174.96
-11799856.93,4655564.61,2177.54
-11799857.41,4655564.5200000005,2174.15
-11799854.94,4655565.01,2177.51
-11799855.73,4655564.84,2171.94
-11799856.51,4655564.67,2166.44
-11799852.52,4655565.5200000005,2180.54
-11799852.76,4655565.45,2178.77
-11799853.03,4655565.4,2176.88
-11799850.24,4655565.97,2182.22
-11799850.450000001,4655565.94,2180.69
-11799850.76,4655565.87,2178.51
-11799848.5,4655566.3100000005,2180.44
-11799848.950000001,4655566.23,2177.25
-11799846.73,4655566.67,2179.04
-11799847.06,4655566.59,2176.65
-11799845.42,4655566.93,2174.11
-11799846.18,4655566.76,2168.44
-11799844.49,4655567.100000001,2166.36
-11799842.5,4655567.49,2166.32
-11799840.51,4655567.88,2166.24
-11799838.540000001,4655568.29,2166.25
-11799836.52,4655568.68,2166.24
-11799834.52,4655569.08,2166.21
-11799832.55,4655569.47,2166.11
-11799830.55,4655569.89,2165.97
-11799828.6,4655570.28,2165.73
-11799826.620000001,4655570.66,2165.61
-11799824.59,4655571.08,2165.67
-11799822.57,4655571.49,2165.69
-11799820.57,4655571.88,2165.74
-11799818.620000001,4655572.28,2165.79
-11799816.63,4655572.68,2165.8
-11799814.63,4655573.08,2165.81
-11799812.64,4655573.48,2165.78
-11799810.63,4655573.88,2165.75
-11799808.63,4655574.2700000005,2165.74
-11799806.64,4655574.69,2165.76
-11799804.65,4655575.07,2165.73
-11799802.64,4655575.49,2165.69
-11799800.63,4655575.89,2165.69
-11799798.700000001,4655576.28,2165.63
-11799796.72,4655576.67,2165.6
-11799794.73,4655577.08,2165.53
-11799792.75,4655577.47,2165.48
-11799790.74,4655577.88,2165.36
-11799788.78,4655578.2700000005,2165.32
-11799786.81,4655578.67,2165.25
-11799784.81,4655579.07,2165.32
-11799782.8,4655579.47,2165.44
-11799780.77,4655579.87,2165.5
-11799778.76,4655580.2700000005,2165.55
-11799776.8,4655580.66,2165.55
-11799774.81,4655581.08,2165.56
-11799772.83,4655581.47,2165.54
-11799770.85,4655581.88,2165.54
-11799768.86,4655582.2700000005,2165.51
-11799766.86,4655582.67,2165.53
-11799764.86,4655583.07,2165.51
-11799762.83,4655583.48,2165.55
-11799760.88,4655583.87,2165.53
-11799758.950000001,4655584.2700000005,2165.35
-11799756.040000001,4655584.87,2175.92
-11799756.26,4655584.82,2173.48
-11799757.0,4655584.66,2165.17
-11799754.97,4655585.07,2165.22
-11799751.92,4655585.69,2177.24
-11799752.97,4655585.46,2165.15
-11799750.98,4655585.87,2165.17
-11799749.02,4655586.26,2165.17
-11799747.040000001,4655586.65,2165.11
-11799745.040000001,4655587.05,2165.07
-11799743.02,4655587.47,2165.04
-11799741.07,4655587.86,2165.01
-11799739.120000001,4655588.24,2164.94
-11799737.13,4655588.63,2164.92
-11799736.99,4655587.75,2177.75
-11799739.96,4655587.13,2164.98
-11799741.93,4655586.71,2165.05
-11799743.91,4655586.32,2165.07
-11799745.89,4655585.92,2165.06
-11799747.89,4655585.5200000005,2165.11
-11799749.86,4655585.12,2165.15
-11799750.870000001,4655584.94,2176.3
-11799751.81,4655584.73,2165.19
-11799752.77,4655584.5600000005,2176.67
-11799753.76,4655584.34,2165.21
-11799755.72,4655583.94,2165.21
-11799757.73,4655583.54,2165.17
-11799759.700000001,4655583.14,2165.36
-11799761.66,4655582.75,2165.54
-11799763.65,4655582.34,2165.55
-11799765.65,4655581.94,2165.53
-11799767.63,4655581.54,2165.53
-11799769.58,4655581.15,2165.54
-11799771.55,4655580.74,2165.55
-11799773.540000001,4655580.350000001,2165.54
-11799775.49,4655579.96,2165.55
-11799777.48,4655579.54,2165.53
-11799779.450000001,4655579.16,2165.5
-11799781.48,4655578.74,2165.38
-11799783.49,4655578.33,2165.24
-11799785.46,4655577.94,2165.23
-11799787.42,4655577.54,2165.33
-11799789.41,4655577.14,2165.38
-11799791.36,4655576.74,2165.47
-11799793.32,4655576.350000001,2165.54
-11799795.31,4655575.94,2165.63
-11799797.3,4655575.55,2165.63
-11799799.27,4655575.13,2165.65
-11799801.26,4655574.75,2165.71
-11799803.24,4655574.33,2165.72
-11799805.22,4655573.94,2165.72
-11799807.21,4655573.54,2165.76
-11799809.19,4655573.15,2165.75
-11799811.200000001,4655572.74,2165.8
-11799813.19,4655572.34,2165.79
-11799815.15,4655571.94,2165.76
-11799817.14,4655571.55,2165.76
-11799819.1,4655571.14,2165.75
-11799821.09,4655570.75,2165.69
-11799823.1,4655570.34,2165.65
-11799825.11,4655569.92,2165.6
-11799827.09,4655569.53,2165.83
-11799829.06,4655569.14,2166.02
-11799831.03,4655568.74,2166.17
-11799833.01,4655568.34,2166.26
-11799834.97,4655567.94,2166.27
-11799836.96,4655567.55,2166.29
-11799838.93,4655567.14,2166.3
-11799840.950000001,4655566.74,2166.27
-11799842.91,4655566.34,2166.33
-11799843.950000001,4655566.14,2173.4
-11799844.9,4655565.94,2166.44
-11799845.1,4655565.93,2179.55
-11799845.33,4655565.88,2177.86
-11799846.63,4655565.64,2182.8
-11799848.47,4655565.2700000005,2183.92
-11799848.76,4655565.2,2181.8
-11799850.35,4655564.89,2184.49
-11799852.700000001,4655564.39,2181.86
-11799852.94,4655564.34,2180.15
-11799853.17,4655564.3100000005,2178.51
-11799853.34,4655564.2700000005,2177.33
-11799855.43,4655563.850000001,2176.74
-11799855.64,4655563.79,2175.17
-11799855.96,4655563.71,2172.96
-11799857.07,4655563.5200000005,2179.11
-11799857.22,4655563.48,2178.05
-11799857.540000001,4655563.41,2175.84
-11799859.34,4655563.0600000005,2177.07
-11799859.64,4655562.98,2174.94
-11799859.23,4655562.65,2179.42
-11799859.56,4655562.58,2177.19
-11799857.15,4655563.0600000005,2179.96
-11799855.66,4655563.34,2176.57
-11799853.200000001,4655563.850000001,2180.11
-11799853.6,4655563.78,2177.28
-11799850.58,4655564.4,2184.59
-11799848.56,4655564.8100000005,2184.57
-11799846.88,4655565.15,2182.65
-11799845.39,4655565.43,2179.23
-11799845.61,4655565.38,2177.63
-11799844.18,4655565.66,2173.4
-11799845.120000001,4655565.46,2166.4
-11799843.11,4655565.87,2166.35
-11799841.11,4655566.26,2166.28
-11799839.120000001,4655566.67,2166.31
-11799837.120000001,4655567.0600000005,2166.28
-11799835.13,4655567.47,2166.26
-11799833.16,4655567.86,2166.25
-11799831.17,4655568.25,2166.21
-11799829.19,4655568.66,2166.06
-11799827.22,4655569.05,2165.9
-11799825.23,4655569.45,2165.67
-11799823.21,4655569.87,2165.63
-11799821.19,4655570.2700000005,2165.63
-11799819.21,4655570.67,2165.69
-11799817.26,4655571.0600000005,2165.69
-11799815.27,4655571.47,2165.75
-11799813.290000001,4655571.86,2165.76
-11799811.3,4655572.2700000005,2165.75
-11799809.28,4655572.66,2165.74
-11799807.28,4655573.07,2165.75
-11799805.27,4655573.46,2165.72
-11799803.28,4655573.88,2165.71
-11799801.31,4655574.2700000005,2165.67
-11799799.33,4655574.67,2165.65
-11799797.33,4655575.07,2165.63
-11799795.34,4655575.48,2165.63
-11799793.38,4655575.87,2165.58
-11799791.4,4655576.2700000005,2165.52
-11799789.4,4655576.67,2165.42
-11799787.41,4655577.07,2165.34
-11799785.44,4655577.47,2165.25
-11799783.46,4655577.87,2165.17
-11799781.450000001,4655578.26,2165.29
-11799779.46,4655578.66,2165.42
-11799777.47,4655579.07,2165.5
-11799775.5,4655579.47,2165.53
-11799773.48,4655579.88,2165.53
-11799771.48,4655580.28,2165.52
-11799769.51,4655580.68,2165.52
-11799767.52,4655581.08,2165.52
-11799765.51,4655581.48,2165.53
-11799763.49,4655581.9,2165.54
-11799761.5,4655582.28,2165.52
-11799759.57,4655582.67,2165.33
-11799757.63,4655583.0600000005,2165.19
-11799755.66,4655583.46,2165.22
-11799753.67,4655583.87,2165.22
-11799751.69,4655584.2700000005,2165.19
-11799749.700000001,4655584.65,2165.17
-11799747.73,4655585.07,2165.1
-11799745.71,4655585.47,2165.07
-11799743.74,4655585.87,2165.05
-11799741.73,4655586.2700000005,2165.02
-11799739.75,4655586.67,2164.96
-11799737.14,4655586.33,2164.88
-11799739.13,4655585.93,2164.98
-11799741.14,4655585.5200000005,2165.02
-11799743.09,4655585.12,2165.06
-11799745.03,4655584.73,2165.08
-11799747.040000001,4655584.32,2165.13
-11799749.02,4655583.93,2165.13
-11799751.02,4655583.51,2165.19
-11799752.99,4655583.11,2165.22
-11799754.93,4655582.72,2165.23
-11799756.91,4655582.33,2165.26
-11799758.9,4655581.92,2165.22
-11799760.86,4655581.53,2165.42
-11799762.85,4655581.12,2165.54
-11799764.81,4655580.71,2165.55
-11799766.76,4655580.32,2165.54
-11799768.73,4655579.93,2165.54
-11799770.75,4655579.5200000005,2165.52
-11799772.72,4655579.100000001,2165.5
-11799774.67,4655578.71,2165.47
-11799776.66,4655578.3100000005,2165.42
-11799778.69,4655577.91,2165.32
-11799780.66,4655577.5,2165.19
-11799782.64,4655577.11,2165.23
-11799784.63,4655576.7,2165.27
-11799786.6,4655576.28,2165.36
-11799788.56,4655575.89,2165.42
-11799790.55,4655575.5,2165.51
-11799792.52,4655575.09,2165.59
-11799794.48,4655574.7,2165.61
-11799796.450000001,4655574.3,2165.63
-11799798.47,4655573.9,2165.65
-11799800.46,4655573.49,2165.67
-11799802.43,4655573.100000001,2165.69
-11799804.41,4655572.69,2165.69
-11799806.370000001,4655572.3,2165.75
-11799808.38,4655571.88,2165.74
-11799810.38,4655571.48,2165.75
-11799812.36,4655571.08,2165.72
-11799814.36,4655570.67,2165.75
-11799816.35,4655570.28,2165.67
-11799818.34,4655569.87,2165.65
-11799820.35,4655569.45,2165.63
-11799822.32,4655569.0600000005,2165.61
-11799824.25,4655568.65,2165.63
-11799826.24,4655568.26,2165.9
-11799828.21,4655567.86,2166.11
-11799830.18,4655567.47,2166.26
-11799832.16,4655567.0600000005,2166.27
-11799834.14,4655566.67,2166.3
-11799836.15,4655566.26,2166.31
-11799838.15,4655565.86,2166.34
-11799840.15,4655565.44,2166.32
-11799842.120000001,4655565.04,2166.32
-11799844.07,4655564.65,2166.4
-11799844.55,4655564.58,2177.63
-11799845.18,4655564.45,2173.1
-11799845.81,4655564.3100000005,2168.4
-11799845.97,4655564.3,2181.63
-11799846.120000001,4655564.2700000005,2180.55
-11799847.53,4655563.98,2184.47
-11799849.38,4655563.61,2185.71
-11799851.66,4655563.14,2183.46
-11799851.85,4655563.100000001,2182.09
-11799852.38,4655563.0,2178.4
-11799854.4,4655562.58,2177.86
-11799856.0,4655562.24,2166.63
-11799856.11,4655562.24,2179.73
-11799858.1,4655561.84,2179.92
-11799858.34,4655561.79,2178.26
-11799859.27,4655561.2,2178.3
-11799859.56,4655561.15,2176.26
-11799857.02,4655561.66,2179.92
-11799855.24,4655562.0200000005,2178.61
-11799853.28,4655562.41,2178.63
-11799853.71,4655562.33,2175.57
-11799853.94,4655562.2700000005,2173.94
-11799850.51,4655562.99,2184.22
-11799850.66,4655562.95,2183.17
-11799848.31,4655563.42,2185.79
-11799846.66,4655563.76,2183.44
-11799846.96,4655563.7,2181.36
-11799845.040000001,4655564.09,2180.92
-11799845.48,4655563.99,2177.79
-11799844.16,4655564.25,2172.88
-11799845.040000001,4655564.05,2166.46
-11799843.03,4655564.47,2166.36
-11799841.040000001,4655564.88,2166.3
-11799839.040000001,4655565.2700000005,2166.34
-11799837.040000001,4655565.68,2166.33
-11799835.05,4655566.08,2166.29
-11799833.06,4655566.48,2166.27
-11799831.06,4655566.9,2166.26
-11799829.07,4655567.29,2166.24
-11799827.1,4655567.7,2166.03
-11799825.120000001,4655568.09,2165.8
-11799823.14,4655568.5,2165.63
-11799821.15,4655568.89,2165.61
-11799819.13,4655569.3,2165.61
-11799817.16,4655569.69,2165.63
-11799815.17,4655570.11,2165.67
-11799813.17,4655570.49,2165.72
-11799811.18,4655570.91,2165.71
-11799809.18,4655571.32,2165.72
-11799807.22,4655571.71,2165.71
-11799805.23,4655572.12,2165.73
-11799803.25,4655572.51,2165.71
-11799801.25,4655572.92,2165.67
-11799799.24,4655573.3100000005,2165.65
-11799797.28,4655573.73,2165.63
-11799795.290000001,4655574.12,2165.6
-11799793.3,4655574.53,2165.59
-11799791.31,4655574.94,2165.55
-11799789.34,4655575.33,2165.5
-11799787.35,4655575.74,2165.42
-11799785.370000001,4655576.13,2165.31
-11799783.39,4655576.54,2165.27
-11799781.38,4655576.93,2165.19
-11799779.4,4655577.350000001,2165.15
-11799777.43,4655577.74,2165.32
-11799775.450000001,4655578.15,2165.4
-11799773.43,4655578.55,2165.46
-11799771.42,4655578.96,2165.49
-11799769.43,4655579.36,2165.5
-11799767.47,4655579.75,2165.53
-11799765.48,4655580.14,2165.53
-11799763.49,4655580.5600000005,2165.54
-11799761.49,4655580.97,2165.46
-11799759.5,4655581.37,2165.25
-11799757.540000001,4655581.7700000005,2165.22
-11799755.58,4655582.16,2165.24
-11799753.6,4655582.57,2165.21
-11799751.59,4655582.97,2165.19
-11799749.61,4655583.37,2165.15
-11799747.65,4655583.76,2165.11
-11799745.65,4655584.18,2165.08
-11799743.66,4655584.57,2165.06
-11799741.69,4655584.98,2165.02
-11799739.700000001,4655585.37,2164.98
-11799737.77,4655585.7700000005,2164.92
-11799737.42,4655585.15,2164.9
-11799739.370000001,4655584.76,2164.99
-11799741.36,4655584.36,2165.0
-11799743.35,4655583.95,2165.06
-11799745.31,4655583.5600000005,2165.11
-11799747.26,4655583.15,2165.1
-11799749.24,4655582.76,2165.13
-11799751.21,4655582.350000001,2165.19
-11799753.200000001,4655581.93,2165.23
-11799755.19,4655581.54,2165.26
-11799757.14,4655581.14,2165.24
-11799759.09,4655580.74,2165.25
-11799761.08,4655580.34,2165.36
-11799763.08,4655579.94,2165.51
-11799765.040000001,4655579.53,2165.55
-11799767.03,4655579.11,2165.54
-11799768.98,4655578.72,2165.52
-11799770.96,4655578.33,2165.49
-11799772.98,4655577.92,2165.42
-11799774.97,4655577.51,2165.36
-11799776.97,4655577.11,2165.26
-11799778.96,4655576.69,2165.13
-11799780.94,4655576.29,2165.24
-11799782.91,4655575.9,2165.3
-11799784.870000001,4655575.49,2165.36
-11799786.83,4655575.100000001,2165.46
-11799788.83,4655574.69,2165.53
-11799790.82,4655574.29,2165.58
-11799792.77,4655573.88,2165.59
-11799794.72,4655573.49,2165.63
-11799796.73,4655573.07,2165.63
-11799798.73,4655572.67,2165.67
-11799800.72,4655572.2700000005,2165.69
-11799802.71,4655571.86,2165.69
-11799804.67,4655571.47,2165.74
-11799806.65,4655571.0600000005,2165.74
-11799808.66,4655570.64,2165.73
-11799810.66,4655570.24,2165.69
-11799812.64,4655569.84,2165.71
-11799814.61,4655569.44,2165.65
-11799816.58,4655569.04,2165.63
-11799818.56,4655568.64,2165.61
-11799820.57,4655568.22,2165.61
-11799822.540000001,4655567.82,2165.67
-11799824.53,4655567.42,2165.76
-11799826.5,4655567.0200000005,2166.01
-11799828.48,4655566.62,2166.23
-11799830.46,4655566.21,2166.3
-11799832.44,4655565.79,2166.31
-11799834.39,4655565.41,2166.32
-11799836.370000001,4655565.0200000005,2166.35
-11799838.38,4655564.600000001,2166.4
-11799840.41,4655564.19,2166.34
-11799842.370000001,4655563.78,2166.36
-11799844.32,4655563.39,2166.44
-11799845.03,4655563.24,2175.97
-11799846.23,4655563.0200000005,2181.67
-11799846.41,4655562.98,2180.34
-11799846.59,4655562.94,2179.05
-11799847.86,4655562.69,2184.3
-11799849.88,4655562.28,2184.11
-11799852.32,4655561.78,2180.54
-11799852.71,4655561.7,2177.88
-11799852.89,4655561.66,2176.61
-11799854.84,4655561.26,2176.85
-11799855.0,4655561.21,2175.67
-11799855.27,4655561.16,2173.8
-11799855.51,4655561.100000001,2172.05
-11799856.42,4655560.93,2179.6
-11799856.68,4655560.87,2177.73
-11799858.74,4655560.46,2177.35
-11799858.85,4655560.45,2176.51
-11799859.16,4655560.37,2174.42
-11799858.68,4655559.89,2176.51
-11799858.870000001,4655559.86,2175.19
-11799856.43,4655560.36,2178.42
-11799854.84,4655560.67,2175.73
-11799855.16,4655560.62,2173.49
-11799852.200000001,4655561.21,2180.11
-11799852.370000001,4655561.19,2179.0
-11799849.57,4655561.76,2184.8
-11799847.85,4655562.100000001,2183.04
-11799845.98,4655562.48,2182.27
-11799846.25,4655562.42,2180.35
-11799844.89,4655562.69,2175.88
-11799845.22,4655562.62,2173.48
-11799845.46,4655562.57,2171.65
-11799843.64,4655562.94,2170.24
-11799844.16,4655562.83,2166.44
-11799842.15,4655563.25,2166.34
-11799840.15,4655563.65,2166.36
-11799838.200000001,4655564.05,2166.4
-11799836.21,4655564.44,2166.36
-11799834.200000001,4655564.86,2166.33
-11799832.18,4655565.26,2166.29
-11799830.19,4655565.67,2166.29
-11799828.22,4655566.07,2166.25
-11799826.24,4655566.47,2166.0
-11799824.27,4655566.87,2165.79
-11799822.31,4655567.2700000005,2165.69
-11799820.33,4655567.67,2165.61
-11799818.34,4655568.07,2165.57
-11799816.33,4655568.48,2165.59
-11799814.33,4655568.87,2165.63
-11799812.34,4655569.29,2165.65
-11799810.34,4655569.7,2165.67
-11799808.38,4655570.09,2165.69
-11799806.36,4655570.5,2165.69
-11799804.36,4655570.91,2165.73
-11799802.370000001,4655571.3,2165.69
-11799800.38,4655571.72,2165.67
-11799798.42,4655572.11,2165.65
-11799796.43,4655572.5200000005,2165.63
-11799794.46,4655572.93,2165.6
-11799792.450000001,4655573.33,2165.61
-11799790.46,4655573.73,2165.58
-11799788.49,4655574.12,2165.54
-11799786.52,4655574.54,2165.46
-11799784.540000001,4655574.93,2165.38
-11799782.56,4655575.34,2165.31
-11799780.58,4655575.73,2165.26
-11799778.59,4655576.14,2165.19
-11799776.59,4655576.55,2165.15
-11799774.58,4655576.95,2165.3
-11799772.61,4655577.350000001,2165.35
-11799770.61,4655577.76,2165.44
-11799768.6,4655578.17,2165.49
-11799766.65,4655578.5600000005,2165.51
-11799764.68,4655578.97,2165.51
-11799762.66,4655579.38,2165.48
-11799760.69,4655579.7700000005,2165.31
-11799758.71,4655580.16,2165.24
-11799756.700000001,4655580.58,2165.26
-11799754.73,4655580.99,2165.26
-11799752.76,4655581.38,2165.21
-11799750.78,4655581.79,2165.17
-11799748.82,4655582.18,2165.13
-11799746.85,4655582.59,2165.1
-11799744.88,4655582.98,2165.11
-11799742.91,4655583.39,2165.04
-11799740.91,4655583.78,2164.99
-11799738.92,4655584.2,2164.94
-11799736.96,4655584.600000001,2164.86
-11799737.78,4655583.7,2164.88
-11799739.75,4655583.3100000005,2164.94
-11799741.73,4655582.9,2165.0
-11799743.700000001,4655582.5,2165.07
-11799745.67,4655582.09,2165.1
-11799747.63,4655581.67,2165.11
-11799749.59,4655581.28,2165.15
-11799751.58,4655580.88,2165.21
-11799753.53,4655580.48,2165.19
-11799755.52,4655580.07,2165.24
-11799757.540000001,4655579.66,2165.28
-11799759.51,4655579.25,2165.28
-11799761.47,4655578.850000001,2165.31
-11799763.43,4655578.46,2165.48
-11799765.41,4655578.05,2165.51
-11799767.39,4655577.65,2165.49
-11799769.370000001,4655577.24,2165.44
-11799771.32,4655576.850000001,2165.34
-11799773.290000001,4655576.43,2165.27
-11799775.32,4655576.0200000005,2165.11
-11799777.32,4655575.61,2165.17
-11799779.3,4655575.21,2165.27
-11799781.26,4655574.79,2165.3
-11799783.23,4655574.39,2165.36
-11799785.22,4655574.0,2165.44
-11799787.24,4655573.58,2165.52
-11799789.19,4655573.19,2165.56
-11799791.14,4655572.78,2165.57
-11799793.1,4655572.39,2165.61
-11799795.11,4655571.97,2165.61
-11799797.1,4655571.5600000005,2165.65
-11799799.05,4655571.17,2165.67
-11799801.01,4655570.76,2165.69
-11799803.03,4655570.36,2165.71
-11799805.01,4655569.94,2165.67
-11799807.0,4655569.54,2165.67
-11799809.0,4655569.12,2165.67
-11799810.99,4655568.73,2165.63
-11799812.94,4655568.33,2165.61
-11799814.93,4655567.91,2165.57
-11799816.92,4655567.51,2165.58
-11799818.89,4655567.11,2165.61
-11799820.870000001,4655566.7,2165.72
-11799822.86,4655566.29,2165.82
-11799824.81,4655565.9,2165.9
-11799826.790000001,4655565.49,2166.11
-11799828.8,4655565.07,2166.28
-11799830.76,4655564.68,2166.32
-11799832.77,4655564.2700000005,2166.34
-11799834.76,4655563.87,2166.36
-11799836.72,4655563.46,2166.44
-11799838.700000001,4655563.04,2166.44
-11799840.69,4655562.65,2166.38
-11799842.16,4655562.350000001,2170.07
-11799843.96,4655561.97,2171.61
-11799844.46,4655561.86,2167.97
-11799844.67,4655561.84,2166.36
-11799844.99,4655561.78,2178.72
-11799845.4,4655561.69,2175.73
-11799845.73,4655561.62,2173.34
-11799846.52,4655561.46,2181.92
-11799846.98,4655561.37,2178.67
-11799848.370000001,4655561.09,2182.38
-11799850.03,4655560.75,2184.56
-11799852.59,4655560.22,2180.67
-11799853.25,4655560.09,2176.01
-11799853.42,4655560.05,2174.88
-11799855.14,4655559.69,2176.75
-11799855.55,4655559.600000001,2173.86
-11799857.21,4655559.26,2176.22
-11799857.36,4655559.25,2175.26
-11799857.620000001,4655559.19,2173.4
-11799859.41,4655558.8100000005,2174.69
-11799859.56,4655558.350000001,2174.59
-11799857.450000001,4655558.7700000005,2175.38
-11799857.69,4655558.73,2173.69
-11799855.25,4655559.23,2176.67
-11799855.4,4655559.18,2175.65
-11799853.36,4655559.61,2176.01
-11799853.51,4655559.57,2174.94
-11799850.49,4655560.19,2182.22
-11799848.57,4655560.59,2182.08
-11799846.93,4655560.93,2179.85
-11799845.040000001,4655561.3100000005,2178.97
-11799845.35,4655561.25,2176.76
-11799845.790000001,4655561.16,2173.53
-11799844.07,4655561.5,2171.54
-11799844.53,4655561.41,2168.13
-11799842.27,4655561.87,2170.07
-11799840.35,4655562.2700000005,2169.61
-11799840.78,4655562.17,2166.4
-11799838.81,4655562.57,2166.44
-11799836.790000001,4655562.99,2166.42
-11799834.790000001,4655563.39,2166.36
-11799832.8,4655563.8,2166.35
-11799830.82,4655564.21,2166.33
-11799828.85,4655564.600000001,2166.3
-11799826.88,4655565.0200000005,2166.11
-11799824.92,4655565.41,2165.92
-11799822.93,4655565.82,2165.84
-11799820.950000001,4655566.22,2165.78
-11799818.99,4655566.63,2165.67
-11799816.99,4655567.0200000005,2165.63
-11799814.96,4655567.44,2165.56
-11799813.0,4655567.850000001,2165.59
-11799811.01,4655568.26,2165.61
-11799809.02,4655568.66,2165.63
-11799807.05,4655569.0600000005,2165.65
-11799805.05,4655569.48,2165.67
-11799803.06,4655569.88,2165.69
-11799801.06,4655570.29,2165.67
-11799799.06,4655570.7,2165.65
-11799797.07,4655571.09,2165.63
-11799795.09,4655571.51,2165.61
-11799793.09,4655571.91,2165.59
-11799791.120000001,4655572.32,2165.58
-11799789.13,4655572.73,2165.53
-11799787.120000001,4655573.12,2165.53
-11799785.14,4655573.54,2165.47
-11799783.18,4655573.93,2165.4
-11799781.23,4655574.34,2165.31
-11799779.27,4655574.73,2165.3
-11799777.28,4655575.14,2165.21
-11799775.290000001,4655575.55,2165.11
-11799773.3,4655575.94,2165.19
-11799771.290000001,4655576.37,2165.28
-11799769.290000001,4655576.78,2165.4
-11799767.290000001,4655577.19,2165.47
-11799765.32,4655577.58,2165.48
-11799763.32,4655578.0,2165.44
-11799761.34,4655578.4,2165.29
-11799759.370000001,4655578.8100000005,2165.27
-11799757.370000001,4655579.22,2165.26
-11799755.38,4655579.61,2165.22
-11799753.41,4655580.03,2165.21
-11799751.42,4655580.42,2165.17
-11799749.47,4655580.83,2165.13
-11799747.48,4655581.24,2165.11
-11799745.51,4655581.64,2165.11
-11799743.51,4655582.04,2165.04
-11799741.52,4655582.46,2164.98
-11799739.57,4655582.84,2164.94
-11799737.59,4655583.25,2164.88
-11799738.91,4655581.93,2164.9
-11799740.92,4655581.53,2164.98
-11799742.88,4655581.12,2165.03
-11799744.83,4655580.73,2165.07
-11799746.78,4655580.32,2165.11
-11799748.76,4655579.9,2165.17
-11799750.76,4655579.49,2165.19
-11799752.72,4655579.100000001,2165.21
-11799754.67,4655578.7,2165.23
-11799756.65,4655578.29,2165.25
-11799758.66,4655577.87,2165.25
-11799760.64,4655577.46,2165.25
-11799762.59,4655577.0600000005,2165.32
-11799764.57,4655576.65,2165.4
-11799766.56,4655576.23,2165.4
-11799768.52,4655575.84,2165.34
-11799770.51,4655575.43,2165.22
-11799772.5,4655575.03,2165.07
-11799774.44,4655574.62,2165.17
-11799776.43,4655574.2,2165.23
-11799778.46,4655573.79,2165.34
-11799780.44,4655573.39,2165.36
-11799782.39,4655572.98,2165.42
-11799784.36,4655572.5600000005,2165.51
-11799786.33,4655572.17,2165.53
-11799788.3,4655571.76,2165.55
-11799790.3,4655571.36,2165.56
-11799792.290000001,4655570.95,2165.59
-11799794.28,4655570.53,2165.6
-11799796.24,4655570.14,2165.61
-11799798.22,4655569.73,2165.67
-11799800.21,4655569.3100000005,2165.65
-11799802.17,4655568.92,2165.63
-11799804.16,4655568.5,2165.63
-11799806.16,4655568.09,2165.63
-11799808.18,4655567.66,2165.61
-11799810.17,4655567.2700000005,2165.59
-11799812.15,4655566.86,2165.54
-11799814.120000001,4655566.45,2165.57
-11799816.1,4655566.05,2165.78
-11799818.1,4655565.63,2165.81
-11799820.05,4655565.23,2165.84
-11799821.99,4655564.83,2165.9
-11799823.96,4655564.42,2165.96
-11799825.96,4655564.01,2166.02
-11799827.94,4655563.600000001,2166.25
-11799829.9,4655563.2,2166.35
-11799831.870000001,4655562.8,2166.38
-11799833.86,4655562.39,2166.38
-11799835.83,4655561.98,2166.77
-11799837.85,4655561.5600000005,2166.52
-11799839.84,4655561.16,2166.48
-11799841.370000001,4655560.850000001,2169.84
-11799843.32,4655560.43,2169.88
-11799844.72,4655560.15,2174.13
-11799845.040000001,4655560.09,2171.75
-11799845.74,4655559.93,2166.67
-11799846.02,4655559.87,2179.07
-11799846.64,4655559.75,2174.57
-11799846.85,4655559.7,2173.13
-11799847.72,4655559.53,2181.09
-11799848.0,4655559.48,2179.04
-11799848.21,4655559.44,2177.48
-11799849.64,4655559.14,2181.5
-11799849.89,4655559.07,2179.67
-11799852.0,4655558.65,2178.96
-11799855.76,4655557.88,2166.51
-11799856.56,4655557.72,2174.75
-11799857.02,4655557.61,2171.57
-11799858.84,4655557.24,2172.71
-11799859.120000001,4655557.19,2170.79
-11799857.19,4655557.07,2175.4
-11799857.42,4655557.0200000005,2173.86
-11799858.48,4655556.8100000005,2166.47
-11799855.11,4655557.5,2176.13
-11799855.32,4655557.46,2174.67
-11799856.49,4655557.22,2166.51
-11799853.86,4655557.75,2170.9
-11799854.21,4655557.69,2168.4
-11799854.5,4655557.64,2166.42
-11799850.56,4655558.42,2179.84
-11799850.86,4655558.37,2177.84
-11799848.59,4655558.84,2179.88
-11799848.84,4655558.79,2178.07
-11799846.96,4655559.17,2177.3
-11799845.43,4655559.49,2174.19
-11799844.05,4655559.78,2169.75
-11799842.01,4655560.2,2170.1
-11799840.48,4655560.51,2166.47
-11799838.47,4655560.92,2166.57
-11799836.370000001,4655561.350000001,2167.59
-11799834.48,4655561.74,2166.61
-11799832.51,4655562.15,2166.38
-11799830.52,4655562.55,2166.36
-11799828.53,4655562.95,2166.31
-11799826.61,4655563.34,2166.13
-11799824.64,4655563.76,2165.98
-11799822.63,4655564.18,2165.94
-11799820.63,4655564.59,2165.9
-11799818.67,4655564.98,2165.82
-11799816.67,4655565.4,2165.84
-11799814.69,4655565.8100000005,2165.72
-11799812.74,4655566.21,2165.51
-11799810.71,4655566.62,2165.52
-11799808.71,4655567.04,2165.59
-11799806.75,4655567.44,2165.59
-11799804.74,4655567.850000001,2165.61
-11799802.75,4655568.24,2165.61
-11799800.76,4655568.66,2165.61
-11799798.77,4655569.08,2165.65
-11799796.81,4655569.48,2165.61
-11799794.82,4655569.88,2165.59
-11799792.86,4655570.28,2165.59
-11799790.870000001,4655570.69,2165.55
-11799788.84,4655571.11,2165.53
-11799786.84,4655571.5200000005,2165.52
-11799784.870000001,4655571.94,2165.49
-11799782.88,4655572.350000001,2165.47
-11799780.93,4655572.74,2165.38
-11799778.96,4655573.15,2165.34
-11799776.94,4655573.55,2165.32
-11799774.950000001,4655573.97,2165.21
-11799773.02,4655574.38,2165.15
-11799771.02,4655574.78,2165.07
-11799769.02,4655575.19,2165.22
-11799767.040000001,4655575.58,2165.33
-11799765.03,4655576.0200000005,2165.36
-11799763.01,4655576.42,2165.33
-11799761.02,4655576.83,2165.27
-11799759.06,4655577.22,2165.23
-11799757.09,4655577.64,2165.27
-11799755.120000001,4655578.05,2165.23
-11799753.14,4655578.46,2165.17
-11799751.15,4655578.86,2165.19
-11799749.17,4655579.26,2165.15
-11799747.22,4655579.67,2165.13
-11799745.23,4655580.08,2165.09
-11799743.27,4655580.49,2165.0
-11799741.26,4655580.89,2164.97
-11799739.28,4655581.3100000005,2164.92
-11799737.32,4655581.71,2164.9
-11799737.73,4655580.7700000005,2164.94
-11799739.69,4655580.37,2164.94
-11799741.67,4655579.97,2164.96
-11799743.63,4655579.5600000005,2165.04
-11799745.65,4655579.13,2165.08
-11799747.61,4655578.73,2165.15
-11799749.57,4655578.33,2165.17
-11799751.55,4655577.92,2165.19
-11799753.5,4655577.5200000005,2165.23
-11799755.47,4655577.100000001,2165.23
-11799757.46,4655576.69,2165.26
-11799759.43,4655576.28,2165.25
-11799761.4,4655575.86,2165.27
-11799763.39,4655575.46,2165.31
-11799765.370000001,4655575.05,2165.28
-11799767.39,4655574.62,2165.17
-11799769.39,4655574.21,2165.07
-11799771.36,4655573.8100000005,2165.17
-11799773.33,4655573.4,2165.23
-11799775.33,4655572.98,2165.32
-11799777.31,4655572.57,2165.33
-11799779.26,4655572.17,2165.4
-11799781.24,4655571.76,2165.44
-11799783.21,4655571.34,2165.48
-11799785.200000001,4655570.94,2165.5
-11799787.15,4655570.53,2165.52
-11799789.13,4655570.11,2165.55
-11799791.14,4655569.7,2165.56
-11799793.1,4655569.3,2165.58
-11799795.08,4655568.89,2165.61
-11799797.09,4655568.47,2165.61
-11799799.08,4655568.05,2165.63
-11799801.07,4655567.65,2165.63
-11799803.03,4655567.23,2165.63
-11799805.040000001,4655566.82,2165.55
-11799807.06,4655566.39,2165.55
-11799809.03,4655566.0,2165.5
-11799811.01,4655565.59,2165.53
-11799812.950000001,4655565.18,2165.71
-11799814.92,4655564.78,2165.85
-11799816.71,4655564.41,2167.65
-11799816.91,4655564.36,2165.94
-11799818.88,4655563.95,2165.92
-11799820.85,4655563.54,2165.96
-11799822.82,4655563.14,2166.0
-11799824.84,4655562.72,2166.04
-11799826.84,4655562.3100000005,2166.17
-11799828.81,4655561.89,2166.35
-11799830.790000001,4655561.47,2166.4
-11799832.75,4655561.08,2166.49
-11799834.61,4655560.69,2167.44
-11799836.55,4655560.3,2167.9
-11799838.540000001,4655559.88,2167.65
-11799840.08,4655559.55,2170.99
-11799840.68,4655559.44,2166.53
-11799842.14,4655559.13,2170.35
-11799844.22,4655558.7,2169.77
-11799845.52,4655558.43,2174.69
-11799846.18,4655558.29,2169.9
-11799847.16,4655558.09,2176.99
-11799847.85,4655557.93,2172.04
-11799848.9,4655557.72,2178.67
-11799849.15,4655557.67,2176.88
-11799851.8,4655557.13,2172.34
-11799854.450000001,4655556.57,2167.78
-11799854.63,4655556.55,2166.51
-11799856.620000001,4655556.14,2166.53
-11799858.61,4655555.72,2166.48
-11799859.19,4655554.92,2172.73
-11799858.120000001,4655555.16,2166.52
-11799856.11,4655555.57,2166.54
-11799853.92,4655556.03,2167.83
-11799851.63,4655556.49,2169.98
-11799848.65,4655557.100000001,2177.02
-11799849.28,4655556.98,2172.46
-11799847.33,4655557.38,2172.19
-11799847.6,4655557.33,2170.3
-11799845.63,4655557.73,2170.03
-11799843.64,4655558.13,2169.97
-11799841.59,4655558.57,2170.56
-11799839.52,4655558.98,2171.17
-11799838.02,4655559.3,2167.56
-11799835.97,4655559.71,2168.05
-11799834.02,4655560.13,2167.61
-11799832.11,4655560.5200000005,2166.67
-11799830.16,4655560.93,2166.46
-11799828.19,4655561.34,2166.33
-11799826.24,4655561.74,2166.1
-11799824.23,4655562.16,2166.05
-11799822.23,4655562.57,2166.01
-11799820.28,4655562.97,2165.98
-11799818.05,4655563.43,2168.25
-11799818.33,4655563.38,2165.94
-11799816.120000001,4655563.83,2167.63
-11799816.33,4655563.7700000005,2165.94
-11799814.3,4655564.21,2165.85
-11799812.33,4655564.61,2165.73
-11799810.35,4655565.0200000005,2165.63
-11799808.38,4655565.41,2165.46
-11799806.39,4655565.84,2165.51
-11799804.41,4655566.25,2165.54
-11799802.42,4655566.64,2165.56
-11799800.44,4655567.08,2165.6
-11799798.450000001,4655567.48,2165.59
-11799796.44,4655567.89,2165.6
-11799794.46,4655568.3100000005,2165.61
-11799792.48,4655568.72,2165.58
-11799790.48,4655569.13,2165.54
-11799788.51,4655569.53,2165.52
-11799786.55,4655569.95,2165.49
-11799784.55,4655570.350000001,2165.52
-11799782.56,4655570.76,2165.5
-11799780.57,4655571.17,2165.42
-11799778.59,4655571.59,2165.38
-11799776.620000001,4655571.99,2165.35
-11799774.620000001,4655572.4,2165.28
-11799772.6,4655572.82,2165.23
-11799770.63,4655573.24,2165.17
-11799768.69,4655573.63,2165.1
-11799766.72,4655574.04,2165.11
-11799764.700000001,4655574.46,2165.21
-11799762.700000001,4655574.88,2165.28
-11799760.74,4655575.28,2165.24
-11799758.78,4655575.68,2165.25
-11799756.8,4655576.09,2165.24
-11799754.81,4655576.5,2165.22
-11799752.85,4655576.91,2165.21
-11799750.86,4655577.3100000005,2165.21
-11799748.86,4655577.73,2165.13
-11799746.91,4655578.14,2165.13
-11799744.950000001,4655578.54,2165.06
-11799742.950000001,4655578.95,2165.01
-11799740.950000001,4655579.37,2164.96
-11799738.99,4655579.78,2164.94
-11799737.02,4655580.18,2165.02
-11799738.09,4655578.91,2165.06
-11799740.07,4655578.5,2164.94
-11799742.05,4655578.09,2164.98
-11799744.02,4655577.66,2165.03
-11799745.97,4655577.26,2165.1
-11799747.950000001,4655576.86,2165.13
-11799749.950000001,4655576.44,2165.17
-11799751.91,4655576.0200000005,2165.21
-11799753.870000001,4655575.61,2165.25
-11799755.870000001,4655575.19,2165.22
-11799757.86,4655574.7700000005,2165.28
-11799759.84,4655574.38,2165.27
-11799761.8,4655573.96,2165.25
-11799763.77,4655573.5600000005,2165.17
-11799765.77,4655573.14,2165.04
-11799767.72,4655572.73,2165.19
-11799769.69,4655572.32,2165.23
-11799771.67,4655571.9,2165.28
-11799773.68,4655571.49,2165.32
-11799775.65,4655571.08,2165.36
-11799777.61,4655570.66,2165.42
-11799779.59,4655570.25,2165.44
-11799781.55,4655569.850000001,2165.48
-11799783.53,4655569.42,2165.49
-11799785.53,4655569.01,2165.51
-11799787.540000001,4655568.58,2165.52
-11799789.49,4655568.18,2165.54
-11799791.44,4655567.78,2165.55
-11799793.450000001,4655567.36,2165.56
-11799795.42,4655566.94,2165.57
-11799797.4,4655566.53,2165.57
-11799799.39,4655566.13,2165.57
-11799801.35,4655565.72,2165.54
-11799803.370000001,4655565.3,2165.48
-11799805.38,4655564.86,2165.44
-11799807.370000001,4655564.46,2165.5
-11799809.33,4655564.0600000005,2165.69
-11799811.290000001,4655563.64,2165.77
-11799813.24,4655563.22,2165.84
-11799815.21,4655562.82,2165.94
-11799816.85,4655562.47,2168.84
-11799817.21,4655562.4,2165.98
-11799819.17,4655562.0,2166.05
-11799821.15,4655561.58,2166.04
-11799823.13,4655561.17,2166.1
-11799825.15,4655560.74,2166.15
-11799827.11,4655560.350000001,2166.24
-11799829.01,4655559.94,2166.86
-11799831.02,4655559.5200000005,2166.54
-11799833.01,4655559.100000001,2166.5
-11799834.86,4655558.71,2167.61
-11799836.49,4655558.37,2170.35
-11799836.83,4655558.32,2167.77
-11799838.41,4655557.98,2170.9
-11799840.36,4655557.57,2171.08
-11799842.41,4655557.15,2170.44
-11799844.43,4655556.73,2170.19
-11799846.39,4655556.3100000005,2170.53
-11799848.370000001,4655555.91,2170.79
-11799850.43,4655555.48,2170.32
-11799852.49,4655555.04,2169.72
-11799852.97,4655554.95,2166.42
-11799854.92,4655554.53,2166.55
-11799856.08,4655554.3,2172.38
-11799856.92,4655554.14,2166.55
-11799857.44,4655554.0,2176.65
-11799857.77,4655553.93,2174.31
-11799858.92,4655553.72,2166.44
-11799859.48,4655552.97,2174.8
-11799857.27,4655553.43,2176.61
-11799857.6,4655553.36,2174.34
-11799855.21,4655553.86,2177.04
-11799855.71,4655553.75,2173.65
-11799856.73,4655553.55,2166.55
-11799854.71,4655553.98,2166.55
-11799852.25,4655554.48,2169.81
-11799850.14,4655554.9,2170.38
-11799848.08,4655555.350000001,2170.92
-11799846.15,4655555.74,2170.63
-11799844.19,4655556.15,2170.31
-11799842.17,4655556.58,2170.53
-11799840.1,4655557.0,2171.13
-11799838.16,4655557.39,2170.8
-11799836.26,4655557.78,2170.23
-11799834.61,4655558.15,2167.55
-11799834.74,4655558.12,2166.63
-11799832.74,4655558.54,2166.5
-11799830.76,4655558.95,2166.47
-11799828.76,4655559.37,2166.84
-11799826.83,4655559.76,2166.21
-11799824.83,4655560.18,2166.15
-11799822.790000001,4655560.600000001,2166.09
-11799820.790000001,4655561.0200000005,2166.07
-11799818.84,4655561.42,2166.07
-11799816.58,4655561.9,2168.53
-11799816.88,4655561.84,2166.05
-11799814.74,4655562.28,2167.32
-11799814.92,4655562.24,2165.92
-11799812.92,4655562.66,2165.92
-11799810.96,4655563.08,2165.78
-11799808.97,4655563.48,2165.72
-11799807.02,4655563.88,2165.61
-11799805.03,4655564.3100000005,2165.4
-11799803.03,4655564.71,2165.51
-11799801.040000001,4655565.13,2165.49
-11799799.040000001,4655565.55,2165.56
-11799797.05,4655565.96,2165.55
-11799795.040000001,4655566.38,2165.54
-11799793.05,4655566.8,2165.52
-11799791.08,4655567.2,2165.54
-11799789.14,4655567.600000001,2165.54
-11799787.15,4655568.0200000005,2165.51
-11799785.15,4655568.44,2165.48
-11799783.16,4655568.86,2165.49
-11799781.17,4655569.26,2165.47
-11799779.200000001,4655569.68,2165.42
-11799777.24,4655570.07,2165.4
-11799775.24,4655570.51,2165.36
-11799773.25,4655570.91,2165.32
-11799771.27,4655571.32,2165.3
-11799769.27,4655571.74,2165.25
-11799767.31,4655572.14,2165.21
-11799765.35,4655572.5600000005,2165.11
-11799763.35,4655572.96,2165.19
-11799761.370000001,4655573.39,2165.19
-11799759.38,4655573.8,2165.27
-11799757.42,4655574.19,2165.27
-11799755.42,4655574.62,2165.25
-11799753.42,4655575.04,2165.22
-11799751.42,4655575.46,2165.22
-11799749.46,4655575.87,2165.15
-11799747.51,4655576.2700000005,2165.13
-11799745.57,4655576.68,2165.09
-11799743.55,4655577.100000001,2165.01
-11799741.540000001,4655577.5200000005,2164.97
-11799739.57,4655577.91,2164.98
-11799737.6,4655578.33,2165.08
-11799738.1,4655577.07,2165.13
-11799740.09,4655576.65,2165.05
-11799742.13,4655576.22,2164.94
-11799744.1,4655575.8100000005,2165.01
-11799746.05,4655575.39,2165.08
-11799748.01,4655574.98,2165.15
-11799749.98,4655574.57,2165.17
-11799751.950000001,4655574.15,2165.21
-11799753.94,4655573.74,2165.23
-11799755.92,4655573.32,2165.25
-11799757.89,4655572.9,2165.25
-11799759.84,4655572.5,2165.27
-11799761.83,4655572.0600000005,2165.23
-11799763.78,4655571.67,2165.21
-11799765.78,4655571.25,2165.22
-11799767.790000001,4655570.82,2165.26
-11799769.74,4655570.41,2165.29
-11799771.72,4655569.98,2165.35
-11799773.69,4655569.59,2165.36
-11799775.71,4655569.17,2165.4
-11799777.68,4655568.74,2165.42
-11799779.620000001,4655568.34,2165.42
-11799781.59,4655567.92,2165.44
-11799783.58,4655567.49,2165.46
-11799785.56,4655567.09,2165.48
-11799787.56,4655566.65,2165.49
-11799789.55,4655566.25,2165.5
-11799791.52,4655565.84,2165.51
-11799793.46,4655565.43,2165.5
-11799795.5,4655565.0,2165.51
-11799797.52,4655564.57,2165.5
-11799799.49,4655564.16,2165.48
-11799801.47,4655563.74,2165.44
-11799803.450000001,4655563.32,2165.42
-11799805.41,4655562.92,2165.57
-11799807.35,4655562.51,2165.96
-11799809.34,4655562.08,2165.77
-11799811.32,4655561.67,2165.83
-11799813.08,4655561.3,2167.59
-11799815.11,4655560.88,2167.36
-11799815.290000001,4655560.850000001,2165.92
-11799817.07,4655560.47,2167.48
-11799817.24,4655560.43,2166.11
-11799819.200000001,4655560.0200000005,2166.17
-11799821.17,4655559.600000001,2166.13
-11799823.19,4655559.18,2166.17
-11799825.18,4655558.7700000005,2166.22
-11799827.15,4655558.350000001,2166.26
-11799829.13,4655557.91,2166.49
-11799831.11,4655557.5200000005,2166.52
-11799833.1,4655557.100000001,2166.52
-11799834.68,4655556.76,2169.65
-11799835.09,4655556.67,2166.61
-11799836.59,4655556.36,2170.17
-11799838.51,4655555.94,2170.75
-11799840.44,4655555.55,2171.19
-11799842.48,4655555.13,2170.6
-11799844.43,4655554.71,2170.81
-11799846.39,4655554.3,2171.11
-11799848.38,4655553.88,2171.13
-11799850.47,4655553.44,2170.49
-11799852.5,4655553.0200000005,2169.86
-11799854.44,4655552.61,2170.08
-11799854.83,4655552.53,2167.33
-11799855.42,4655552.39,2177.17
-11799859.26,4655551.58,2178.17
-11799857.77,4655551.16,2178.65
-11799855.94,4655551.53,2177.52
-11799856.22,4655551.48,2175.59
-11799856.49,4655551.45,2173.75
-11799853.9,4655551.97,2178.06
-11799854.57,4655551.84,2173.51
-11799853.09,4655552.15,2169.78
-11799853.57,4655552.07,2166.44
-11799851.0,4655552.600000001,2170.34
-11799848.9,4655553.03,2170.99
-11799846.88,4655553.45,2171.42
-11799843.0,4655554.2700000005,2170.84
-11799840.96,4655554.68,2171.11
-11799839.01,4655555.100000001,2170.82
-11799837.08,4655555.51,2170.28
-11799835.17,4655555.91,2169.75
-11799833.59,4655556.25,2166.73
-11799831.63,4655556.66,2166.53
-11799829.620000001,4655557.08,2166.51
-11799827.61,4655557.49,2166.36
-11799825.68,4655557.9,2166.26
-11799823.69,4655558.32,2166.21
-11799821.69,4655558.74,2166.17
-11799819.73,4655559.15,2166.19
-11799817.42,4655559.63,2168.86
-11799817.56,4655559.59,2167.63
-11799815.65,4655559.98,2167.26
-11799815.790000001,4655559.97,2166.09
-11799813.6,4655560.43,2167.67
-11799811.83,4655560.8100000005,2165.84
-11799809.83,4655561.23,2165.8
-11799807.81,4655561.65,2165.75
-11799805.870000001,4655562.05,2165.67
-11799803.91,4655562.46,2165.49
-11799801.91,4655562.88,2165.42
-11799799.91,4655563.3,2165.4
-11799797.94,4655563.71,2165.44
-11799795.96,4655564.12,2165.46
-11799793.98,4655564.54,2165.44
-11799791.97,4655564.95,2165.47
-11799789.98,4655565.38,2165.48
-11799788.02,4655565.79,2165.5
-11799786.06,4655566.18,2165.47
-11799784.06,4655566.61,2165.46
-11799782.06,4655567.03,2165.4
-11799780.06,4655567.45,2165.4
-11799778.08,4655567.87,2165.44
-11799776.120000001,4655568.28,2165.4
-11799774.14,4655568.7,2165.38
-11799772.16,4655569.12,2165.34
-11799770.18,4655569.51,2165.32
-11799768.18,4655569.94,2165.27
-11799766.22,4655570.350000001,2165.24
-11799764.24,4655570.75,2165.25
-11799762.24,4655571.19,2165.24
-11799760.23,4655571.59,2165.25
-11799758.26,4655572.03,2165.25
-11799756.34,4655572.42,2165.22
-11799754.34,4655572.84,2165.25
-11799752.34,4655573.26,2165.19
-11799750.36,4655573.68,2165.15
-11799748.41,4655574.08,2165.13
-11799746.46,4655574.5,2165.07
-11799744.46,4655574.91,2165.02
-11799742.49,4655575.3100000005,2164.96
-11799740.47,4655575.75,2165.07
-11799737.59,4655576.33,2175.67
-11799738.46,4655576.17,2165.19
-11799737.16,4655575.26,2165.06
-11799738.22,4655574.99,2175.96
-11799739.11,4655574.83,2165.21
-11799740.08,4655574.600000001,2177.57
-11799741.11,4655574.42,2165.17
-11799743.09,4655574.0,2164.96
-11799745.02,4655573.58,2165.05
-11799747.02,4655573.16,2165.1
-11799749.0,4655572.74,2165.13
-11799751.0,4655572.32,2165.15
-11799752.98,4655571.89,2165.22
-11799754.94,4655571.48,2165.22
-11799756.93,4655571.07,2165.24
-11799758.93,4655570.65,2165.27
-11799760.89,4655570.23,2165.25
-11799762.9,4655569.8100000005,2165.22
-11799764.89,4655569.39,2165.26
-11799766.040000001,4655569.12,2173.48
-11799766.84,4655568.96,2165.3
-11799768.76,4655568.5600000005,2165.31
-11799770.74,4655568.14,2165.36
-11799772.73,4655567.73,2165.38
-11799774.700000001,4655567.3100000005,2165.4
-11799776.68,4655566.87,2165.42
-11799778.64,4655566.48,2165.38
-11799780.67,4655566.04,2165.4
-11799782.68,4655565.63,2165.44
-11799784.66,4655565.21,2165.42
-11799786.66,4655564.78,2165.44
-11799788.61,4655564.37,2165.44
-11799790.56,4655563.97,2165.44
-11799792.540000001,4655563.55,2165.42
-11799794.53,4655563.13,2165.42
-11799796.53,4655562.69,2165.38
-11799798.53,4655562.28,2165.4
-11799800.51,4655561.86,2165.47
-11799802.48,4655561.44,2165.54
-11799804.47,4655561.0200000005,2165.61
-11799806.41,4655560.61,2165.71
-11799808.370000001,4655560.19,2165.77
-11799810.31,4655559.7700000005,2166.26
-11799812.18,4655559.38,2167.28
-11799814.16,4655558.96,2167.32
-11799816.16,4655558.54,2167.17
-11799816.31,4655558.5200000005,2166.0
-11799817.93,4655558.16,2168.69
-11799818.23,4655558.11,2166.28
-11799820.25,4655557.68,2166.25
-11799822.22,4655557.25,2166.25
-11799824.17,4655556.850000001,2166.3
-11799826.19,4655556.42,2166.32
-11799828.17,4655556.0,2166.38
-11799830.15,4655555.59,2166.51
-11799831.73,4655555.24,2169.63
-11799832.14,4655555.16,2166.57
-11799833.700000001,4655554.82,2169.84
-11799833.97,4655554.76,2167.84
-11799835.620000001,4655554.42,2170.15
-11799837.540000001,4655554.01,2170.47
-11799839.450000001,4655553.61,2170.86
-11799841.4,4655553.19,2171.11
-11799843.38,4655552.78,2171.33
-11799845.34,4655552.36,2171.67
-11799847.34,4655551.94,2171.61
-11799849.43,4655551.5,2170.94
-11799851.47,4655551.08,2170.36
-11799853.55,4655550.63,2169.81
-11799854.06,4655550.54,2166.29
-11799854.44,4655550.43,2177.56
-11799854.620000001,4655550.39,2176.26
-11799854.81,4655550.36,2174.94
-11799856.36,4655550.0200000005,2177.98
-11799858.35,4655549.61,2177.96
-11799859.18,4655548.75,2178.24
-11799859.4,4655548.71,2176.69
-11799857.26,4655549.16,2177.82
-11799857.76,4655549.05,2174.42
-11799858.93,4655548.83,2166.42
-11799855.3,4655549.5600000005,2177.61
-11799853.540000001,4655549.94,2176.25
-11799854.01,4655549.84,2172.96
-11799854.46,4655549.76,2169.92
-11799854.950000001,4655549.67,2166.49
-11799852.42,4655550.18,2170.13
-11799850.34,4655550.63,2170.71
-11799848.27,4655551.0600000005,2171.31
-11799846.25,4655551.49,2171.65
-11799844.24,4655551.91,2171.71
-11799842.26,4655552.32,2171.4
-11799840.32,4655552.74,2171.15
-11799838.4,4655553.14,2170.8
-11799836.450000001,4655553.55,2170.5
-11799834.52,4655553.96,2170.24
-11799834.93,4655553.89,2167.21
-11799832.56,4655554.38,2169.92
-11799831.0,4655554.71,2166.54
-11799829.01,4655555.13,2166.48
-11799827.040000001,4655555.55,2166.35
-11799825.07,4655555.97,2166.32
-11799823.08,4655556.38,2166.3
-11799821.08,4655556.8100000005,2166.25
-11799819.08,4655557.23,2166.28
-11799817.13,4655557.62,2166.03
-11799814.91,4655558.09,2167.88
-11799815.17,4655558.05,2165.86
-11799813.05,4655558.49,2166.94
-11799811.05,4655558.92,2166.9
-11799809.17,4655559.3100000005,2165.82
-11799807.22,4655559.73,2165.73
-11799805.290000001,4655560.14,2165.63
-11799803.290000001,4655560.54,2165.63
-11799801.28,4655560.98,2165.54
-11799799.28,4655561.39,2165.44
-11799797.3,4655561.8100000005,2165.38
-11799795.36,4655562.22,2165.36
-11799793.4,4655562.64,2165.4
-11799791.4,4655563.0600000005,2165.38
-11799789.38,4655563.48,2165.42
-11799787.4,4655563.9,2165.42
-11799785.41,4655564.32,2165.42
-11799783.450000001,4655564.72,2165.44
-11799781.5,4655565.14,2165.42
-11799779.49,4655565.5600000005,2165.4
-11799777.51,4655565.99,2165.36
-11799775.52,4655566.41,2165.42
-11799773.51,4655566.83,2165.38
-11799771.56,4655567.25,2165.35
-11799769.56,4655567.67,2165.32
-11799767.53,4655568.09,2165.29
-11799765.56,4655568.5,2165.28
-11799763.63,4655568.91,2165.24
-11799761.68,4655569.32,2165.26
-11799759.67,4655569.75,2165.27
-11799757.68,4655570.17,2165.24
-11799755.69,4655570.58,2165.22
-11799753.72,4655571.01,2165.19
-11799751.74,4655571.43,2165.17
-11799749.76,4655571.850000001,2165.13
-11799747.78,4655572.26,2165.13
-11799745.82,4655572.66,2165.04
-11799743.88,4655573.08,2164.99
-11799740.85,4655573.68,2177.54
-11799741.89,4655573.5,2165.1
-11799738.91,4655574.100000001,2176.78
-11799739.88,4655573.93,2165.17
-11799736.97,4655574.51,2176.22
-11799737.13,4655574.49,2174.28
-11799737.17,4655573.45,2176.36
-11799737.28,4655573.45,2174.99
-11799737.41,4655573.42,2173.46
-11799738.09,4655573.28,2165.21
-11799739.03,4655573.0600000005,2177.29
-11799742.0,4655572.46,2165.22
-11799743.99,4655572.04,2165.01
-11799745.99,4655571.62,2165.1
-11799747.96,4655571.19,2165.11
-11799749.96,4655570.7700000005,2165.13
-11799751.92,4655570.350000001,2165.19
-11799753.870000001,4655569.93,2165.19
-11799755.86,4655569.51,2165.23
-11799757.84,4655569.09,2165.24
-11799759.82,4655568.66,2165.25
-11799761.84,4655568.24,2165.24
-11799763.8,4655567.82,2165.25
-11799765.76,4655567.4,2165.29
-11799767.74,4655566.97,2165.3
-11799769.700000001,4655566.57,2165.33
-11799771.700000001,4655566.13,2165.35
-11799773.69,4655565.71,2165.36
-11799775.66,4655565.28,2165.36
-11799777.63,4655564.88,2165.42
-11799779.6,4655564.44,2165.4
-11799781.6,4655564.0200000005,2165.42
-11799783.6,4655563.59,2165.4
-11799785.57,4655563.19,2165.38
-11799787.52,4655562.75,2165.4
-11799789.52,4655562.350000001,2165.38
-11799791.52,4655561.9,2165.35
-11799793.5,4655561.5,2165.32
-11799795.47,4655561.0600000005,2165.42
-11799797.44,4655560.66,2165.46
-11799799.44,4655560.21,2165.58
-11799801.42,4655559.8100000005,2165.63
-11799803.44,4655559.37,2165.65
-11799805.450000001,4655558.95,2165.67
-11799807.34,4655558.55,2165.77
-11799809.14,4655558.16,2167.17
-11799811.040000001,4655557.74,2167.97
-11799813.01,4655557.33,2168.42
-11799815.03,4655556.89,2168.0
-11799817.21,4655556.44,2166.06
-11799819.18,4655556.0200000005,2166.31
-11799821.200000001,4655555.59,2166.34
-11799823.18,4655555.17,2166.35
-11799825.18,4655554.75,2166.36
-11799827.16,4655554.33,2166.38
-11799829.120000001,4655553.91,2166.5
-11799831.11,4655553.48,2166.53
-11799832.63,4655553.16,2169.9
-11799834.52,4655552.75,2170.47
-11799836.46,4655552.33,2170.88
-11799838.41,4655551.91,2171.19
-11799840.35,4655551.51,2171.52
-11799842.32,4655551.09,2171.78
-11799844.34,4655550.64,2171.55
-11799846.35,4655550.22,2171.23
-11799848.38,4655549.79,2170.9
-11799850.38,4655549.37,2170.61
-11799852.42,4655548.94,2170.28
-11799853.58,4655548.67,2176.07
-11799854.4,4655548.5200000005,2170.29
-11799855.16,4655548.33,2178.63
-11799855.36,4655548.28,2177.26
-11799855.950000001,4655548.18,2173.25
-11799856.76,4655547.98,2181.31
-11799857.32,4655547.87,2177.53
-11799858.94,4655547.55,2166.53
-11799858.85,4655547.53,2180.77
-11799859.27,4655547.45,2177.92
-11799858.35,4655546.9,2180.71
-11799856.24,4655547.350000001,2181.36
-11799856.56,4655547.28,2179.19
-11799854.66,4655547.68,2178.44
-11799854.85,4655547.64,2177.11
-11799853.01,4655548.03,2176.42
-11799853.27,4655547.98,2174.56
-11799851.94,4655548.26,2170.17
-11799849.86,4655548.71,2170.46
-11799847.81,4655549.16,2170.79
-11799845.59,4655549.62,2172.55
-11799845.81,4655549.58,2171.01
-11799843.78,4655550.01,2171.32
-11799841.78,4655550.43,2171.67
-11799839.82,4655550.850000001,2171.67
-11799837.88,4655551.25,2171.36
-11799835.96,4655551.67,2170.86
-11799834.040000001,4655552.08,2170.31
-11799834.48,4655551.98,2167.07
-11799832.11,4655552.48,2169.69
-11799830.540000001,4655552.82,2166.54
-11799828.540000001,4655553.25,2166.38
-11799826.58,4655553.67,2166.38
-11799824.61,4655554.09,2166.38
-11799822.6,4655554.51,2166.34
-11799820.63,4655554.93,2166.32
-11799818.64,4655555.350000001,2166.3
-11799816.5,4655555.8100000005,2167.46
-11799816.69,4655555.75,2165.92
-11799814.43,4655556.24,2168.15
-11799812.46,4655556.66,2168.31
-11799810.56,4655557.05,2167.61
-11799810.78,4655557.0200000005,2165.9
-11799808.71,4655557.44,2166.51
-11799806.53,4655557.92,2168.15
-11799806.8,4655557.86,2165.92
-11799804.86,4655558.2700000005,2165.65
-11799802.85,4655558.7,2165.65
-11799800.86,4655559.12,2165.63
-11799798.870000001,4655559.53,2165.61
-11799796.870000001,4655559.97,2165.57
-11799794.9,4655560.39,2165.47
-11799792.950000001,4655560.8100000005,2165.33
-11799790.97,4655561.22,2165.32
-11799788.950000001,4655561.65,2165.32
-11799786.97,4655562.07,2165.34
-11799784.98,4655562.49,2165.35
-11799783.01,4655562.91,2165.36
-11799781.02,4655563.34,2165.36
-11799779.03,4655563.76,2165.38
-11799777.06,4655564.18,2165.38
-11799775.1,4655564.600000001,2165.35
-11799773.13,4655564.99,2165.34
-11799771.14,4655565.43,2165.33
-11799769.16,4655565.84,2165.32
-11799767.18,4655566.2700000005,2165.29
-11799765.23,4655566.68,2165.28
-11799763.23,4655567.11,2165.26
-11799761.24,4655567.53,2165.23
-11799759.26,4655567.95,2165.24
-11799757.28,4655568.37,2165.23
-11799755.34,4655568.79,2165.21
-11799753.370000001,4655569.21,2165.17
-11799751.370000001,4655569.61,2165.15
-11799749.34,4655570.0600000005,2165.13
-11799747.34,4655570.48,2165.08
-11799745.39,4655570.9,2165.09
-11799743.42,4655571.3,2165.06
-11799740.68,4655571.87,2174.15
-11799741.43,4655571.73,2165.23
-11799738.75,4655572.29,2173.54
-11799739.44,4655572.17,2165.21
-11799737.49,4655572.57,2165.23
-11799737.16,4655571.41,2165.19
-11799738.0,4655571.18,2178.82
-11799738.15,4655571.14,2177.05
-11799740.34,4655570.69,2174.24
-11799741.1,4655570.5600000005,2165.31
-11799743.1,4655570.13,2165.27
-11799745.08,4655569.71,2165.03
-11799747.06,4655569.29,2165.11
-11799749.03,4655568.86,2165.11
-11799751.01,4655568.44,2165.13
-11799752.98,4655568.0200000005,2165.19
-11799754.950000001,4655567.59,2165.21
-11799756.91,4655567.17,2165.23
-11799758.88,4655566.75,2165.24
-11799760.9,4655566.3,2165.27
-11799762.9,4655565.88,2165.27
-11799764.84,4655565.48,2165.29
-11799766.8,4655565.0600000005,2165.3
-11799768.8,4655564.61,2165.32
-11799770.81,4655564.19,2165.34
-11799772.77,4655563.76,2165.34
-11799774.74,4655563.36,2165.38
-11799776.74,4655562.92,2165.35
-11799778.74,4655562.49,2165.35
-11799780.73,4655562.07,2165.34
-11799782.700000001,4655561.65,2165.34
-11799784.68,4655561.22,2165.32
-11799786.63,4655560.8,2165.3
-11799788.6,4655560.38,2165.25
-11799790.59,4655559.96,2165.3
-11799792.55,4655559.53,2165.47
-11799794.540000001,4655559.11,2165.56
-11799796.51,4655558.68,2165.67
-11799798.5,4655558.25,2165.65
-11799800.46,4655557.84,2165.65
-11799802.01,4655557.5,2169.23
-11799802.43,4655557.42,2165.67
-11799804.02,4655557.07,2168.86
-11799806.07,4655556.61,2168.33
-11799808.19,4655556.17,2167.23
-11799808.33,4655556.15,2166.13
-11799810.34,4655555.72,2165.94
-11799812.1,4655555.34,2168.19
-11799814.040000001,4655554.92,2168.31
-11799816.11,4655554.48,2167.38
-11799816.3,4655554.45,2165.81
-11799818.06,4655554.0600000005,2167.61
-11799820.19,4655553.61,2166.33
-11799822.18,4655553.18,2166.36
-11799824.17,4655552.76,2166.4
-11799826.14,4655552.34,2166.42
-11799828.120000001,4655551.91,2166.42
-11799830.120000001,4655551.49,2166.56
-11799831.75,4655551.13,2169.35
-11799832.120000001,4655551.05,2166.55
-11799833.63,4655550.71,2170.03
-11799835.53,4655550.32,2170.57
-11799837.43,4655549.91,2171.15
-11799839.38,4655549.49,2171.6
-11799841.42,4655549.0600000005,2171.31
-11799843.42,4655548.63,2170.98
-11799845.42,4655548.19,2170.69
-11799847.46,4655547.76,2170.4
-11799849.51,4655547.33,2170.11
-11799851.55,4655546.87,2169.82
-11799852.620000001,4655546.64,2175.98
-11799852.98,4655546.57,2173.55
-11799854.11,4655546.32,2179.17
-11799854.39,4655546.26,2177.3
-11799854.790000001,4655546.18,2174.58
-11799855.620000001,4655545.98,2182.42
-11799855.84,4655545.94,2180.86
-11799856.25,4655545.86,2178.07
-11799856.56,4655545.8,2176.04
-11799857.42,4655545.59,2183.56
-11799857.72,4655545.5200000005,2181.6
-11799859.43,4655545.16,2183.57
-11799858.97,4655544.66,2184.65
-11799859.18,4655544.63,2183.34
-11799857.14,4655545.05,2183.42
-11799855.26,4655545.47,2182.77
-11799855.98,4655545.33,2177.92
-11799853.46,4655545.86,2181.4
-11799854.040000001,4655545.75,2177.4
-11799854.28,4655545.7,2175.77
-11799852.09,4655546.17,2177.27
-11799852.31,4655546.12,2175.8
-11799852.59,4655546.0600000005,2173.88
-11799853.01,4655546.0,2170.94
-11799851.21,4655546.37,2169.67
-11799851.49,4655546.32,2167.69
-11799851.68,4655546.29,2166.36
-11799849.16,4655546.82,2169.9
-11799847.14,4655547.24,2170.21
-11799845.13,4655547.67,2170.5
-11799843.13,4655548.09,2170.81
-11799841.08,4655548.54,2171.1
-11799839.040000001,4655548.97,2171.44
-11799837.120000001,4655549.39,2171.02
-11799835.21,4655549.78,2170.47
-11799833.32,4655550.2,2169.88
-11799831.4,4655550.600000001,2169.22
-11799831.75,4655550.54,2166.56
-11799829.74,4655550.96,2166.52
-11799827.77,4655551.39,2166.44
-11799825.83,4655551.8100000005,2166.44
-11799823.83,4655552.24,2166.4
-11799821.83,4655552.65,2166.38
-11799819.67,4655553.11,2167.63
-11799819.84,4655553.09,2166.3
-11799817.700000001,4655553.54,2167.56
-11799815.700000001,4655553.97,2167.44
-11799815.9,4655553.93,2165.86
-11799813.620000001,4655554.42,2168.38
-11799813.93,4655554.34,2165.88
-11799811.67,4655554.82,2168.11
-11799809.950000001,4655555.19,2165.92
-11799807.98,4655555.62,2165.81
-11799805.66,4655556.12,2168.44
-11799803.620000001,4655556.54,2168.98
-11799801.63,4655556.97,2169.13
-11799802.040000001,4655556.88,2165.67
-11799800.02,4655557.32,2165.65
-11799798.040000001,4655557.75,2165.63
-11799796.07,4655558.17,2165.65
-11799794.120000001,4655558.59,2165.59
-11799792.14,4655559.01,2165.49
-11799790.14,4655559.44,2165.38
-11799788.15,4655559.86,2165.19
-11799786.13,4655560.29,2165.26
-11799784.17,4655560.7,2165.26
-11799782.200000001,4655561.13,2165.29
-11799780.200000001,4655561.55,2165.34
-11799778.22,4655561.98,2165.33
-11799776.23,4655562.39,2165.34
-11799773.6,4655562.96,2171.98
-11799774.27,4655562.82,2165.32
-11799771.450000001,4655563.4,2173.54
-11799772.3,4655563.24,2165.3
-11799770.33,4655563.67,2165.31
-11799768.36,4655564.08,2165.29
-11799766.36,4655564.5200000005,2165.31
-11799764.370000001,4655564.93,2165.26
-11799762.39,4655565.36,2165.23
-11799760.42,4655565.79,2165.25
-11799758.43,4655566.21,2165.23
-11799756.46,4655566.62,2165.19
-11799754.47,4655567.07,2165.22
-11799752.48,4655567.48,2165.15
-11799750.49,4655567.92,2165.13
-11799748.53,4655568.34,2165.09
-11799746.540000001,4655568.75,2165.11
-11799744.55,4655569.19,2165.03
-11799742.58,4655569.61,2165.3
-11799739.53,4655570.22,2178.02
-11799739.71,4655570.19,2175.86
-11799737.53,4655570.65,2178.36
-11799737.23,4655569.45,2178.76
-11799739.23,4655569.03,2178.33
-11799739.35,4655569.01,2176.83
-11799740.32,4655568.82,2165.3
-11799741.370000001,4655568.58,2176.22
-11799742.3,4655568.42,2165.3
-11799744.290000001,4655567.98,2165.19
-11799746.25,4655567.57,2165.11
-11799748.24,4655567.13,2165.11
-11799750.24,4655566.69,2165.17
-11799752.22,4655566.2700000005,2165.17
-11799754.200000001,4655565.84,2165.19
-11799756.19,4655565.42,2165.23
-11799758.16,4655564.99,2165.22
-11799760.11,4655564.57,2165.22
-11799762.09,4655564.13,2165.25
-11799764.08,4655563.7,2165.25
-11799766.03,4655563.28,2165.28
-11799768.0,4655562.850000001,2165.28
-11799768.6,4655562.68,2179.09
-11799769.98,4655562.43,2165.32
-11799770.98,4655562.18,2175.19
-11799773.03,4655561.73,2174.61
-11799773.31,4655561.68,2171.82
-11799773.99,4655561.57,2165.28
-11799775.950000001,4655561.15,2165.31
-11799777.9,4655560.72,2165.3
-11799779.89,4655560.3,2165.26
-11799781.9,4655559.850000001,2165.25
-11799783.88,4655559.42,2165.24
-11799785.85,4655559.0,2165.21
-11799787.8,4655558.58,2165.4
-11799789.78,4655558.15,2165.46
-11799791.77,4655557.73,2165.54
-11799793.73,4655557.29,2165.59
-11799795.52,4655556.9,2167.29
-11799795.72,4655556.88,2165.65
-11799797.52,4655556.48,2167.36
-11799797.72,4655556.44,2165.65
-11799799.39,4655556.07,2168.38
-11799801.31,4655555.65,2168.88
-11799803.26,4655555.23,2169.17
-11799805.26,4655554.8,2168.67
-11799807.290000001,4655554.36,2168.22
-11799807.540000001,4655554.3,2166.11
-11799809.57,4655553.88,2165.75
-11799811.48,4655553.46,2166.5
-11799813.58,4655553.01,2165.76
-11799815.53,4655552.600000001,2165.9
-11799817.26,4655552.21,2167.69
-11799819.26,4655551.79,2167.38
-11799819.4,4655551.76,2166.28
-11799821.4,4655551.32,2166.38
-11799823.38,4655550.9,2166.42
-11799825.35,4655550.48,2166.44
-11799827.36,4655550.0200000005,2166.46
-11799829.36,4655549.61,2166.5
-11799830.92,4655549.26,2169.52
-11799832.86,4655548.83,2169.88
-11799834.77,4655548.43,2170.25
-11799836.66,4655548.0200000005,2170.8
-11799838.61,4655547.59,2171.08
-11799840.63,4655547.16,2170.79
-11799842.700000001,4655546.71,2170.47
-11799844.75,4655546.25,2170.15
-11799846.75,4655545.850000001,2169.85
-11799848.75,4655545.41,2169.73
-11799849.23,4655545.32,2166.36
-11799851.24,4655544.89,2166.42
-11799851.64,4655544.74,2177.11
-11799851.91,4655544.71,2175.35
-11799852.43,4655544.600000001,2171.73
-11799853.31,4655544.39,2179.11
-11799853.59,4655544.33,2177.21
-11799854.94,4655544.0200000005,2181.72
-11799856.47,4655543.69,2184.79
-11799856.89,4655543.61,2181.9
-11799857.200000001,4655543.55,2179.86
-11799858.42,4655543.2700000005,2184.92
-11799858.540000001,4655543.24,2184.13
-11799858.78,4655543.2,2182.55
-11799858.76,4655542.34,2185.0
-11799858.950000001,4655542.3,2183.78
-11799856.84,4655542.75,2184.4
-11799855.0,4655543.15,2183.55
-11799855.19,4655543.100000001,2182.19
-11799855.39,4655543.07,2180.86
-11799853.44,4655543.49,2180.77
-11799853.68,4655543.44,2179.11
-11799852.22,4655543.7700000005,2175.47
-11799852.51,4655543.72,2173.46
-11799852.68,4655543.69,2172.35
-11799850.58,4655544.14,2173.13
-11799851.53,4655543.93,2166.42
-11799849.56,4655544.38,2166.4
-11799847.1,4655544.89,2169.61
-11799847.56,4655544.79,2166.36
-11799845.1,4655545.33,2169.8
-11799843.06,4655545.76,2170.1
-11799840.99,4655546.19,2170.44
-11799838.97,4655546.64,2170.73
-11799836.98,4655547.0600000005,2170.86
-11799835.040000001,4655547.47,2170.58
-11799833.08,4655547.91,2170.28
-11799831.14,4655548.3100000005,2169.96
-11799829.23,4655548.72,2169.6
-11799829.65,4655548.65,2166.48
-11799827.65,4655549.08,2166.49
-11799825.68,4655549.5,2166.5
-11799823.71,4655549.91,2166.44
-11799821.71,4655550.350000001,2166.4
-11799819.71,4655550.78,2166.33
-11799817.72,4655551.2,2166.29
-11799815.8,4655551.63,2165.86
-11799813.81,4655552.04,2165.78
-11799811.81,4655552.49,2165.92
-11799809.85,4655552.89,2165.69
-11799807.53,4655553.39,2168.21
-11799807.76,4655553.34,2166.26
-11799805.49,4655553.84,2168.65
-11799803.49,4655554.24,2169.15
-11799801.55,4655554.68,2168.88
-11799799.620000001,4655555.08,2168.36
-11799797.66,4655555.53,2167.88
-11799797.94,4655555.47,2165.55
-11799795.69,4655555.93,2167.75
-11799793.790000001,4655556.350000001,2167.19
-11799793.99,4655556.32,2165.52
-11799791.97,4655556.75,2165.55
-11799790.0,4655557.16,2165.49
-11799788.03,4655557.59,2165.46
-11799786.07,4655558.01,2165.4
-11799784.11,4655558.44,2165.23
-11799782.13,4655558.850000001,2165.23
-11799780.13,4655559.3,2165.21
-11799778.13,4655559.73,2165.25
-11799775.13,4655560.32,2175.34
-11799776.17,4655560.15,2165.25
-11799773.23,4655560.74,2174.74
-11799774.21,4655560.57,2165.25
-11799771.26,4655561.16,2174.75
-11799771.56,4655561.11,2171.92
-11799768.8,4655561.68,2179.38
-11799768.22,4655561.86,2165.28
-11799765.49,4655562.4,2172.88
-11799766.24,4655562.28,2165.25
-11799764.28,4655562.69,2165.27
-11799762.28,4655563.13,2165.26
-11799760.31,4655563.5600000005,2165.23
-11799758.34,4655563.98,2165.21
-11799756.38,4655564.4,2165.21
-11799754.39,4655564.82,2165.19
-11799752.41,4655565.2700000005,2165.17
-11799750.42,4655565.69,2165.15
-11799748.44,4655566.12,2165.11
-11799746.47,4655566.54,2165.1
-11799744.51,4655566.96,2165.17
-11799742.52,4655567.39,2165.3
-11799739.51,4655567.97,2177.69
-11799739.68,4655567.96,2175.81
-11799740.57,4655567.8100000005,2165.24
-11799737.53,4655568.42,2177.9
-11799737.8,4655568.36,2174.71
-11799737.52,4655567.3,2173.27
-11799738.200000001,4655567.19,2165.23
-11799739.4,4655566.9,2174.42
-11799740.19,4655566.76,2165.23
-11799742.15,4655566.33,2165.3
-11799744.15,4655565.9,2165.25
-11799746.15,4655565.45,2165.08
-11799748.1,4655565.03,2165.11
-11799750.040000001,4655564.600000001,2165.17
-11799752.05,4655564.18,2165.19
-11799754.02,4655563.75,2165.19
-11799755.99,4655563.3,2165.23
-11799757.96,4655562.9,2165.22
-11799759.96,4655562.45,2165.23
-11799761.98,4655562.0200000005,2165.27
-11799763.93,4655561.600000001,2165.25
-11799765.89,4655561.17,2165.25
-11799766.38,4655561.01,2180.13
-11799768.32,4655560.58,2180.09
-11799768.540000001,4655560.55,2177.98
-11799769.02,4655560.44,2173.15
-11799770.4,4655560.13,2179.0
-11799772.700000001,4655559.65,2175.69
-11799773.77,4655559.45,2165.26
-11799774.72,4655559.2,2174.98
-11799774.950000001,4655559.17,2172.75
-11799775.74,4655559.04,2165.19
-11799777.71,4655558.600000001,2165.21
-11799779.71,4655558.17,2165.24
-11799781.73,4655557.73,2165.22
-11799783.68,4655557.3100000005,2165.32
-11799785.64,4655556.88,2165.44
-11799787.65,4655556.44,2165.47
-11799789.63,4655556.0,2165.47
-11799791.61,4655555.58,2165.53
-11799793.370000001,4655555.19,2167.21
-11799793.56,4655555.15,2165.54
-11799795.26,4655554.78,2167.84
-11799797.26,4655554.34,2167.83
-11799799.22,4655553.92,2168.15
-11799801.120000001,4655553.5,2168.65
-11799803.03,4655553.07,2169.13
-11799805.06,4655552.65,2168.88
-11799807.11,4655552.2,2168.4
-11799809.43,4655551.7,2165.72
-11799811.31,4655551.3,2166.55
-11799813.4,4655550.84,2165.75
-11799815.34,4655550.42,2166.11
-11799817.33,4655549.98,2166.27
-11799819.28,4655549.57,2166.38
-11799821.25,4655549.13,2166.42
-11799823.25,4655548.71,2166.49
-11799825.200000001,4655548.2700000005,2166.52
-11799826.77,4655547.92,2169.63
-11799827.18,4655547.850000001,2166.51
-11799828.75,4655547.49,2169.97
-11799830.66,4655547.07,2170.29
-11799832.57,4655546.65,2170.61
-11799834.49,4655546.24,2170.9
-11799836.51,4655545.8,2170.71
-11799838.53,4655545.36,2170.42
-11799840.6,4655544.91,2170.11
-11799842.65,4655544.48,2169.81
-11799845.11,4655543.95,2166.36
-11799847.09,4655543.51,2166.38
-11799849.08,4655543.09,2166.38
-11799851.07,4655542.66,2166.4
-11799851.71,4655542.48,2175.73
-11799852.05,4655542.43,2173.42
-11799852.82,4655542.21,2181.55
-11799853.27,4655542.13,2178.42
-11799853.71,4655542.04,2175.48
-11799854.65,4655541.82,2182.63
-11799854.92,4655541.7700000005,2180.78
-11799856.41,4655541.43,2184.15
-11799858.33,4655541.01,2184.57
-11799859.290000001,4655539.98,2184.27
-11799857.290000001,4655540.4,2184.46
-11799857.48,4655540.37,2183.17
-11799857.69,4655540.34,2181.81
-11799855.39,4655540.83,2183.79
-11799853.81,4655541.18,2181.0
-11799852.28,4655541.51,2177.97
-11799852.63,4655541.45,2175.67
-11799850.63,4655541.87,2175.85
-11799850.96,4655541.82,2173.59
-11799851.15,4655541.78,2172.26
-11799850.0,4655542.05,2166.38
-11799848.02,4655542.48,2166.36
-11799846.0,4655542.92,2166.38
-11799844.01,4655543.350000001,2166.36
-11799841.57,4655543.86,2169.71
-11799842.040000001,4655543.7700000005,2166.34
-11799839.53,4655544.3100000005,2169.94
-11799837.48,4655544.73,2170.3
-11799835.49,4655545.17,2170.57
-11799833.48,4655545.61,2170.9
-11799831.5,4655546.0200000005,2170.74
-11799829.540000001,4655546.46,2170.4
-11799827.59,4655546.89,2170.09
-11799825.65,4655547.3100000005,2169.78
-11799823.72,4655547.71,2169.5
-11799824.11,4655547.64,2166.48
-11799822.14,4655548.08,2166.44
-11799820.15,4655548.5,2166.38
-11799818.16,4655548.94,2166.33
-11799816.17,4655549.37,2166.09
-11799814.26,4655549.78,2165.82
-11799812.31,4655550.21,2165.69
-11799810.3,4655550.64,2165.69
-11799807.99,4655551.13,2168.21
-11799805.97,4655551.5600000005,2168.71
-11799803.94,4655551.99,2169.19
-11799802.02,4655552.43,2168.83
-11799800.07,4655552.83,2168.32
-11799798.120000001,4655553.26,2167.77
-11799798.38,4655553.22,2165.51
-11799796.15,4655553.68,2167.76
-11799794.22,4655554.11,2167.86
-11799792.48,4655554.49,2165.52
-11799790.48,4655554.91,2165.46
-11799788.5,4655555.36,2165.44
-11799786.52,4655555.79,2165.42
-11799784.55,4655556.21,2165.38
-11799782.57,4655556.64,2165.33
-11799780.59,4655557.0600000005,2165.25
-11799778.61,4655557.49,2165.19
-11799775.64,4655558.100000001,2174.73
-11799776.63,4655557.92,2165.19
-11799773.36,4655558.57,2177.53
-11799774.620000001,4655558.36,2165.29
-11799771.16,4655559.05,2179.52
-11799772.63,4655558.79,2165.22
-11799769.19,4655559.48,2180.01
-11799769.32,4655559.45,2178.73
-11799770.68,4655559.19,2165.25
-11799767.25,4655559.9,2179.67
-11799765.370000001,4655560.32,2178.9
-11799765.950000001,4655560.21,2173.05
-11799766.72,4655560.07,2165.31
-11799764.74,4655560.49,2165.24
-11799762.76,4655560.92,2165.23
-11799760.81,4655561.350000001,2165.21
-11799758.83,4655561.7700000005,2165.21
-11799756.83,4655562.2,2165.19
-11799754.870000001,4655562.62,2165.19
-11799752.91,4655563.0600000005,2165.17
-11799750.9,4655563.47,2165.17
-11799748.92,4655563.92,2165.13
-11799746.94,4655564.350000001,2165.13
-11799744.99,4655564.7700000005,2165.07
-11799743.0,4655565.2,2165.29
-11799741.0,4655565.63,2165.28
-11799739.02,4655566.05,2165.23
-11799737.07,4655566.49,2165.22
-11799738.25,4655564.98,2165.19
-11799740.24,4655564.55,2165.26
-11799742.21,4655564.12,2165.26
-11799744.21,4655563.69,2165.21
-11799746.18,4655563.26,2165.11
-11799748.13,4655562.83,2165.13
-11799750.09,4655562.41,2165.15
-11799752.08,4655561.96,2165.17
-11799754.03,4655561.54,2165.15
-11799755.98,4655561.11,2165.24
-11799757.98,4655560.67,2165.24
-11799759.98,4655560.22,2165.23
-11799761.96,4655559.8,2165.22
-11799763.94,4655559.37,2165.21
-11799765.09,4655559.09,2173.4
-11799765.9,4655558.92,2165.26
-11799766.47,4655558.75,2179.13
-11799767.88,4655558.51,2165.23
-11799768.33,4655558.350000001,2180.24
-11799770.97,4655557.79,2173.65
-11799771.84,4655557.63,2165.21
-11799772.49,4655557.44,2178.19
-11799774.6,4655557.0,2176.83
-11799774.74,4655556.96,2175.49
-11799777.8,4655556.33,2165.19
-11799779.75,4655555.91,2165.32
-11799781.73,4655555.48,2165.34
-11799783.700000001,4655555.05,2165.38
-11799785.66,4655554.62,2165.38
-11799787.64,4655554.19,2165.4
-11799789.61,4655553.75,2165.42
-11799791.63,4655553.32,2165.46
-11799793.370000001,4655552.9,2167.67
-11799795.31,4655552.5,2167.92
-11799797.32,4655552.05,2167.53
-11799799.27,4655551.64,2168.01
-11799799.57,4655551.58,2165.53
-11799801.21,4655551.2,2168.5
-11799803.120000001,4655550.7700000005,2168.99
-11799805.08,4655550.350000001,2169.06
-11799807.1,4655549.92,2168.57
-11799809.43,4655549.42,2165.69
-11799811.44,4655548.98,2165.67
-11799813.42,4655548.54,2165.79
-11799815.370000001,4655548.12,2165.9
-11799817.3,4655547.68,2166.3
-11799819.25,4655547.2700000005,2166.35
-11799821.24,4655546.83,2166.36
-11799822.78,4655546.48,2169.73
-11799824.71,4655546.05,2170.09
-11799826.67,4655545.63,2170.38
-11799828.63,4655545.2,2170.72
-11799830.61,4655544.75,2170.92
-11799832.64,4655544.3100000005,2170.65
-11799834.65,4655543.89,2170.3
-11799836.63,4655543.46,2169.98
-11799838.68,4655543.01,2169.71
-11799839.120000001,4655542.93,2166.63
-11799841.14,4655542.48,2166.42
-11799843.120000001,4655542.05,2166.4
-11799845.11,4655541.61,2166.38
-11799847.1,4655541.19,2166.38
-11799849.13,4655540.74,2166.35
-11799850.51,4655540.42,2170.6
-11799851.11,4655540.3100000005,2166.42
-11799851.57,4655540.16,2176.92
-11799851.85,4655540.11,2175.09
-11799852.98,4655539.84,2180.72
-11799853.200000001,4655539.8,2179.17
-11799854.71,4655539.45,2182.44
-11799855.26,4655539.350000001,2178.78
-11799856.5,4655539.0600000005,2183.78
-11799856.75,4655539.0,2182.07
-11799857.06,4655538.95,2180.04
-11799858.49,4655538.63,2183.59
-11799858.73,4655538.57,2181.99
-11799859.33,4655537.58,2185.58
-11799857.46,4655537.98,2184.85
-11799858.16,4655537.86,2180.21
-11799855.94,4655538.33,2181.81
-11799856.22,4655538.28,2179.9
-11799853.88,4655538.78,2182.4
-11799854.39,4655538.67,2178.94
-11799854.9,4655538.59,2175.49
-11799852.33,4655539.12,2179.61
-11799852.69,4655539.05,2177.11
-11799853.040000001,4655538.99,2174.81
-11799851.0,4655539.43,2175.13
-11799851.46,4655539.34,2172.0
-11799851.74,4655539.29,2170.05
-11799851.93,4655539.25,2168.73
-11799850.28,4655539.63,2166.4
-11799848.28,4655540.0600000005,2166.36
-11799846.3,4655540.49,2166.38
-11799844.32,4655540.92,2166.38
-11799842.33,4655541.350000001,2166.4
-11799840.31,4655541.79,2166.44
-11799837.870000001,4655542.3,2169.59
-11799838.24,4655542.23,2166.9
-11799835.870000001,4655542.75,2169.78
-11799833.85,4655543.17,2170.1
-11799831.82,4655543.62,2170.4
-11799829.790000001,4655544.0600000005,2170.72
-11799827.78,4655544.5,2170.9
-11799825.86,4655544.91,2170.54
-11799823.96,4655545.34,2169.99
-11799822.450000001,4655545.67,2166.32
-11799820.22,4655546.15,2168.01
-11799820.450000001,4655546.09,2166.29
-11799818.450000001,4655546.54,2166.31
-11799815.15,4655547.22,2176.77
-11799816.48,4655546.97,2166.26
-11799814.540000001,4655547.39,2165.86
-11799812.57,4655547.82,2165.75
-11799810.6,4655548.25,2165.65
-11799808.59,4655548.69,2165.63
-11799806.22,4655549.19,2168.83
-11799806.51,4655549.13,2166.36
-11799804.22,4655549.63,2169.22
-11799802.3,4655550.05,2168.73
-11799800.370000001,4655550.47,2168.25
-11799798.49,4655550.87,2167.19
-11799798.68,4655550.850000001,2165.48
-11799796.450000001,4655551.32,2167.65
-11799794.51,4655551.75,2167.65
-11799792.55,4655552.17,2167.36
-11799792.75,4655552.14,2165.58
-11799790.75,4655552.5600000005,2165.59
-11799788.8,4655553.01,2165.38
-11799786.78,4655553.44,2165.38
-11799784.81,4655553.86,2165.36
-11799782.86,4655554.29,2165.34
-11799780.89,4655554.72,2165.35
-11799777.82,4655555.36,2175.4
-11799778.02,4655555.32,2173.44
-11799778.89,4655555.15,2165.28
-11799775.93,4655555.76,2174.56
-11799776.91,4655555.59,2165.28
-11799773.75,4655556.22,2176.86
-11799774.01,4655556.17,2174.35
-11799771.61,4655556.69,2178.44
-11799772.98,4655556.45,2165.19
-11799769.65,4655557.11,2178.65
-11799771.03,4655556.87,2165.17
-11799767.53,4655557.57,2180.17
-11799765.61,4655557.99,2179.58
-11799766.34,4655557.86,2172.26
-11799763.92,4655558.36,2176.77
-11799765.05,4655558.18,2165.28
-11799762.03,4655558.79,2175.83
-11799763.09,4655558.58,2165.11
-11799761.1,4655559.03,2165.21
-11799759.09,4655559.47,2165.23
-11799757.11,4655559.91,2165.25
-11799755.17,4655560.32,2165.19
-11799753.21,4655560.76,2165.17
-11799751.22,4655561.19,2165.19
-11799749.25,4655561.61,2165.17
-11799747.26,4655562.05,2165.15
-11799745.3,4655562.46,2165.15
-11799743.32,4655562.9,2165.26
-11799741.32,4655563.34,2165.26
-11799739.34,4655563.75,2165.23
-11799737.370000001,4655564.2,2165.15
-11799738.55,4655562.67,2165.17
-11799740.51,4655562.24,2165.23
-11799742.5,4655561.8,2165.25
-11799744.5,4655561.38,2165.23
-11799746.48,4655560.93,2165.15
-11799748.46,4655560.5,2165.17
-11799750.43,4655560.0600000005,2165.19
-11799752.370000001,4655559.64,2165.17
-11799754.33,4655559.2,2165.19
-11799756.33,4655558.76,2165.23
-11799758.33,4655558.3100000005,2165.23
-11799760.31,4655557.88,2165.23
-11799762.25,4655557.46,2165.23
-11799762.98,4655557.25,2177.77
-11799763.32,4655557.18,2174.38
-11799764.98,4655556.79,2177.65
-11799765.56,4655556.71,2171.92
-11799766.22,4655556.57,2165.22
-11799766.92,4655556.37,2178.1
-11799767.14,4655556.33,2175.88
-11799768.83,4655555.96,2178.35
-11799770.77,4655555.5200000005,2178.4
-11799772.13,4655555.28,2165.13
-11799772.83,4655555.08,2177.48
-11799774.1,4655554.86,2165.26
-11799776.07,4655554.41,2165.32
-11799778.06,4655553.98,2165.32
-11799780.03,4655553.54,2165.32
-11799782.0,4655553.12,2165.35
-11799783.97,4655552.69,2165.33
-11799785.97,4655552.24,2165.36
-11799787.93,4655551.8100000005,2165.4
-11799789.82,4655551.39,2165.9
-11799791.82,4655550.95,2165.83
-11799793.51,4655550.5600000005,2168.49
-11799793.85,4655550.5,2165.59
-11799795.81,4655550.07,2165.98
-11799797.870000001,4655549.62,2165.54
-11799799.83,4655549.19,2165.55
-11799801.43,4655548.82,2168.38
-11799803.36,4655548.4,2168.92
-11799803.63,4655548.36,2166.76
-11799803.78,4655548.3,2165.44
-11799805.76,4655547.88,2165.61
-11799807.72,4655547.45,2165.55
-11799809.71,4655547.01,2165.63
-11799810.42,4655546.82,2175.99
-11799810.52,4655546.79,2175.24
-11799811.700000001,4655546.5600000005,2165.76
-11799812.3,4655546.4,2176.74
-11799812.540000001,4655546.36,2174.86
-11799813.66,4655546.14,2165.85
-11799814.19,4655545.98,2177.4
-11799815.61,4655545.71,2166.17
-11799816.19,4655545.54,2177.04
-11799817.39,4655545.32,2167.65
-11799819.55,4655544.850000001,2166.29
-11799821.52,4655544.42,2166.32
-11799823.08,4655544.0600000005,2169.6
-11799823.41,4655544.0,2167.05
-11799825.0,4655543.63,2170.19
-11799826.92,4655543.21,2170.75
-11799828.84,4655542.78,2170.98
-11799830.870000001,4655542.34,2170.38
-11799832.950000001,4655541.88,2169.85
-11799834.99,4655541.43,2169.61
-11799835.36,4655541.37,2166.94
-11799837.4,4655540.92,2166.79
-11799839.39,4655540.49,2166.79
-11799841.36,4655540.04,2166.42
-11799843.31,4655539.62,2166.4
-11799845.34,4655539.18,2166.36
-11799847.36,4655538.73,2166.35
-11799849.35,4655538.29,2166.36
-11799851.01,4655537.92,2168.51
-11799851.31,4655537.84,2166.4
-11799851.67,4655537.74,2177.56
-11799852.06,4655537.66,2174.86
-11799852.46,4655537.59,2172.19
-11799852.76,4655537.51,2170.06
-11799853.540000001,4655537.32,2178.32
-11799854.01,4655537.22,2175.11
-11799854.32,4655537.17,2173.01
-11799855.11,4655536.97,2181.07
-11799855.44,4655536.89,2178.79
-11799856.71,4655536.61,2183.24
-11799858.290000001,4655536.24,2185.99
-11799858.08,4655535.47,2185.78
-11799856.5,4655535.8100000005,2183.3
-11799856.76,4655535.78,2181.6
-11799854.82,4655536.2,2181.28
-11799855.09,4655536.15,2179.44
-11799855.6,4655536.07,2176.02
-11799853.620000001,4655536.49,2175.67
-11799853.83,4655536.46,2174.27
-11799854.02,4655536.42,2173.02
-11799852.32,4655536.79,2171.05
-11799852.55,4655536.75,2169.5
-11799851.040000001,4655537.100000001,2166.36
-11799849.06,4655537.54,2166.34
-11799847.05,4655537.97,2166.34
-11799845.05,4655538.4,2166.36
-11799843.06,4655538.850000001,2166.36
-11799841.08,4655539.28,2166.38
-11799839.05,4655539.72,2166.76
-11799837.06,4655540.14,2166.77
-11799835.07,4655540.59,2166.77
-11799832.65,4655541.100000001,2169.86
-11799830.6,4655541.55,2170.44
-11799828.57,4655541.99,2170.86
-11799826.6,4655542.44,2170.6
-11799824.67,4655542.84,2170.03
-11799823.16,4655543.2,2166.74
-11799821.23,4655543.62,2166.29
-11799819.22,4655544.07,2166.3
-11799815.870000001,4655544.76,2177.09
-11799817.08,4655544.53,2167.48
-11799813.870000001,4655545.19,2177.19
-11799814.11,4655545.15,2175.31
-11799815.27,4655544.92,2166.09
-11799811.99,4655545.600000001,2176.63
-11799813.34,4655545.350000001,2165.86
-11799809.78,4655546.08,2178.63
-11799810.07,4655546.03,2176.26
-11799811.370000001,4655545.78,2165.74
-11799808.120000001,4655546.46,2175.69
-11799809.36,4655546.22,2165.63
-11799807.370000001,4655546.66,2165.53
-11799805.42,4655547.09,2165.48
-11799803.43,4655547.51,2165.53
-11799801.120000001,4655548.01,2168.26
-11799801.44,4655547.96,2165.52
-11799799.46,4655548.4,2165.52
-11799797.51,4655548.82,2165.52
-11799795.49,4655549.25,2165.78
-11799793.15,4655549.75,2168.72
-11799791.21,4655550.18,2168.46
-11799791.5,4655550.14,2165.92
-11799789.53,4655550.57,2165.96
-11799787.58,4655550.99,2165.38
-11799785.59,4655551.44,2165.36
-11799783.63,4655551.87,2165.34
-11799781.64,4655552.29,2165.3
-11799779.65,4655552.73,2165.31
-11799777.68,4655553.17,2165.31
-11799775.69,4655553.59,2165.33
-11799772.52,4655554.25,2177.1
-11799773.75,4655554.03,2165.29
-11799770.43,4655554.71,2178.33
-11799771.790000001,4655554.46,2165.15
-11799768.4,4655555.14,2178.65
-11799766.48,4655555.57,2178.34
-11799766.83,4655555.49,2174.79
-11799767.8,4655555.33,2165.13
-11799764.57,4655555.99,2177.52
-11799764.78,4655555.95,2175.34
-11799762.58,4655556.42,2177.69
-11799763.82,4655556.2,2165.17
-11799761.85,4655556.62,2165.19
-11799759.88,4655557.07,2165.24
-11799757.9,4655557.5,2165.21
-11799755.9,4655557.94,2165.17
-11799753.9,4655558.36,2165.19
-11799751.950000001,4655558.8100000005,2165.19
-11799750.03,4655559.23,2165.21
-11799748.07,4655559.66,2165.15
-11799746.08,4655560.09,2165.19
-11799744.08,4655560.54,2165.28
-11799742.08,4655560.97,2165.25
-11799740.1,4655561.4,2165.22
-11799738.14,4655561.83,2165.15
-11799738.52,4655560.67,2165.13
-11799740.49,4655560.24,2165.22
-11799742.44,4655559.8100000005,2165.27
-11799744.44,4655559.36,2165.3
-11799746.42,4655558.92,2165.19
-11799748.370000001,4655558.47,2165.19
-11799750.36,4655558.0600000005,2165.15
-11799752.35,4655557.61,2165.19
-11799754.32,4655557.18,2165.19
-11799756.3,4655556.73,2165.21
-11799758.27,4655556.3,2165.25
-11799760.26,4655555.86,2165.25
-11799761.13,4655555.62,2176.55
-11799762.24,4655555.42,2165.21
-11799763.01,4655555.2,2177.11
-11799764.19,4655554.99,2165.21
-11799764.950000001,4655554.7700000005,2177.27
-11799765.1,4655554.74,2175.81
-11799766.9,4655554.32,2177.55
-11799767.46,4655554.24,2172.01
-11799767.61,4655554.2,2170.59
-11799768.16,4655554.12,2165.1
-11799768.81,4655553.9,2178.1
-11799769.07,4655553.86,2175.5
-11799770.120000001,4655553.67,2165.15
-11799770.89,4655553.46,2177.09
-11799771.27,4655553.39,2173.35
-11799772.1,4655553.24,2165.3
-11799772.950000001,4655553.0,2176.27
-11799774.1,4655552.79,2165.31
-11799774.94,4655552.55,2176.17
-11799776.09,4655552.350000001,2165.32
-11799778.040000001,4655551.92,2165.31
-11799780.01,4655551.49,2165.3
-11799781.97,4655551.05,2165.33
-11799783.92,4655550.61,2165.52
-11799785.950000001,4655550.18,2165.44
-11799787.94,4655549.73,2165.44
-11799789.540000001,4655549.37,2168.55
-11799789.81,4655549.3100000005,2166.15
-11799791.450000001,4655548.92,2168.85
-11799793.450000001,4655548.49,2168.86
-11799795.84,4655547.97,2165.61
-11799797.84,4655547.55,2165.63
-11799799.82,4655547.100000001,2165.46
-11799801.81,4655546.66,2165.46
-11799803.790000001,4655546.22,2165.44
-11799805.74,4655545.79,2165.51
-11799807.74,4655545.350000001,2165.57
-11799808.08,4655545.2,2179.09
-11799808.28,4655545.18,2177.5
-11799809.950000001,4655544.8,2179.54
-11799810.07,4655544.76,2178.61
-11799811.66,4655544.48,2165.81
-11799812.18,4655544.3100000005,2177.29
-11799813.61,4655544.05,2165.86
-11799814.17,4655543.87,2177.13
-11799814.32,4655543.84,2175.92
-11799815.55,4655543.62,2166.24
-11799817.540000001,4655543.18,2166.32
-11799817.76,4655543.0600000005,2179.9
-11799819.51,4655542.73,2166.3
-11799821.5,4655542.29,2166.3
-11799823.47,4655541.87,2166.46
-11799824.99,4655541.5,2170.0
-11799826.9,4655541.09,2170.56
-11799828.9,4655540.64,2170.36
-11799830.93,4655540.2,2170.11
-11799832.98,4655539.75,2169.78
-11799835.370000001,4655539.22,2166.77
-11799837.370000001,4655538.79,2166.72
-11799839.4,4655538.33,2166.4
-11799841.38,4655537.9,2166.38
-11799843.36,4655537.46,2166.35
-11799845.35,4655537.0200000005,2166.35
-11799847.36,4655536.58,2166.32
-11799849.35,4655536.13,2166.34
-11799851.3,4655535.7,2166.33
-11799852.77,4655535.37,2169.94
-11799853.81,4655535.100000001,2176.51
-11799854.13,4655535.04,2174.36
-11799855.370000001,4655534.75,2179.44
-11799856.88,4655534.4,2182.46
-11799858.73,4655533.97,2183.4
-11799859.1,4655532.94,2182.61
-11799857.08,4655533.38,2182.96
-11799857.52,4655533.29,2179.99
-11799857.73,4655533.26,2178.63
-11799856.55,4655533.54,2173.19
-11799856.88,4655533.46,2170.94
-11799853.98,4655534.100000001,2177.13
-11799854.4,4655534.01,2174.31
-11799852.72,4655534.39,2172.0
-11799853.0,4655534.34,2170.07
-11799853.55,4655534.23,2166.32
-11799851.55,4655534.67,2166.3
-11799849.58,4655535.11,2166.34
-11799847.58,4655535.54,2166.32
-11799845.56,4655535.98,2166.33
-11799843.58,4655536.43,2166.32
-11799841.59,4655536.86,2166.35
-11799839.61,4655537.28,2166.38
-11799837.620000001,4655537.72,2166.38
-11799835.59,4655538.18,2166.65
-11799833.59,4655538.61,2166.67
-11799831.200000001,4655539.13,2169.71
-11799831.66,4655539.05,2166.32
-11799828.93,4655539.63,2171.69
-11799829.15,4655539.59,2170.0
-11799827.120000001,4655540.03,2170.34
-11799825.16,4655540.46,2169.99
-11799823.64,4655540.8100000005,2166.4
-11799820.28,4655541.5,2177.35
-11799821.72,4655541.22,2166.28
-11799818.0,4655541.99,2180.01
-11799819.77,4655541.66,2166.3
-11799816.02,4655542.42,2180.08
-11799817.78,4655542.100000001,2166.36
-11799814.57,4655542.76,2175.81
-11799815.78,4655542.54,2166.3
-11799812.06,4655543.3,2180.06
-11799813.84,4655542.96,2165.9
-11799810.120000001,4655543.72,2180.05
-11799811.91,4655543.39,2165.73
-11799808.21,4655544.14,2179.42
-11799807.9,4655544.28,2165.59
-11799805.92,4655544.7,2165.52
-11799803.97,4655545.15,2165.44
-11799802.02,4655545.58,2165.4
-11799800.02,4655546.0,2165.4
-11799797.85,4655546.48,2166.92
-11799798.02,4655546.44,2165.5
-11799795.98,4655546.9,2166.01
-11799793.65,4655547.4,2168.86
-11799791.620000001,4655547.850000001,2169.21
-11799789.67,4655548.28,2168.94
-11799787.76,4655548.7,2168.63
-11799786.13,4655549.07,2165.57
-11799784.1,4655549.5200000005,2165.99
-11799782.19,4655549.94,2165.51
-11799780.23,4655550.37,2165.35
-11799778.27,4655550.8,2165.27
-11799775.120000001,4655551.45,2176.01
-11799776.25,4655551.24,2165.25
-11799774.25,4655551.68,2165.3
-11799772.27,4655552.12,2165.33
-11799768.99,4655552.79,2178.03
-11799767.05,4655553.22,2177.97
-11799767.33,4655553.16,2175.17
-11799767.700000001,4655553.08,2171.56
-11799765.31,4655553.61,2175.75
-11799766.38,4655553.42,2165.13
-11799763.200000001,4655554.07,2177.09
-11799763.32,4655554.04,2175.99
-11799762.43,4655554.29,2165.21
-11799760.43,4655554.71,2165.22
-11799758.450000001,4655555.16,2165.21
-11799756.450000001,4655555.600000001,2165.19
-11799754.450000001,4655556.05,2165.17
-11799752.51,4655556.45,2165.15
-11799750.53,4655556.9,2165.15
-11799748.51,4655557.36,2165.15
-11799746.56,4655557.79,2165.21
-11799744.59,4655558.22,2165.3
-11799742.6,4655558.64,2165.28
-11799740.64,4655559.08,2165.21
-11799738.68,4655559.5200000005,2165.11
-11799737.17,4655558.48,2165.06
-11799739.13,4655558.04,2165.15
-11799741.120000001,4655557.59,2165.24
-11799743.08,4655557.17,2165.28
-11799745.05,4655556.73,2165.27
-11799745.77,4655556.5,2179.26
-11799747.05,4655556.28,2165.17
-11799749.02,4655555.850000001,2165.15
-11799751.0,4655555.41,2165.17
-11799752.950000001,4655554.97,2165.15
-11799754.92,4655554.53,2165.19
-11799756.91,4655554.100000001,2165.22
-11799758.92,4655553.64,2165.22
-11799760.9,4655553.21,2165.22
-11799761.65,4655552.98,2177.42
-11799761.92,4655552.93,2174.71
-11799762.86,4655552.76,2165.23
-11799763.55,4655552.54,2177.78
-11799764.02,4655552.47,2173.07
-11799764.82,4655552.33,2165.11
-11799765.44,4655552.13,2178.38
-11799765.8,4655552.0600000005,2174.88
-11799766.77,4655551.9,2165.33
-11799767.47,4655551.67,2178.08
-11799767.870000001,4655551.61,2174.23
-11799768.76,4655551.45,2165.42
-11799769.47,4655551.24,2177.81
-11799769.6,4655551.21,2176.58
-11799770.76,4655551.01,2165.31
-11799771.41,4655550.8,2177.61
-11799771.68,4655550.74,2175.05
-11799772.700000001,4655550.57,2165.31
-11799773.51,4655550.34,2176.44
-11799774.68,4655550.12,2165.29
-11799775.540000001,4655549.89,2176.32
-11799776.71,4655549.69,2165.27
-11799778.67,4655549.24,2165.4
-11799780.63,4655548.8100000005,2165.56
-11799782.56,4655548.38,2165.83
-11799784.24,4655547.99,2168.55
-11799784.52,4655547.95,2166.02
-11799786.19,4655547.5600000005,2168.85
-11799788.13,4655547.13,2169.17
-11799789.78,4655546.75,2172.02
-11799791.790000001,4655546.3,2171.67
-11799794.09,4655545.79,2168.94
-11799796.370000001,4655545.3100000005,2166.1
-11799798.26,4655544.89,2166.92
-11799798.43,4655544.86,2165.48
-11799800.43,4655544.39,2165.4
-11799802.41,4655543.97,2165.42
-11799804.38,4655543.54,2165.48
-11799806.36,4655543.09,2165.56
-11799806.700000001,4655542.95,2178.85
-11799807.26,4655542.850000001,2174.38
-11799808.33,4655542.65,2165.65
-11799808.58,4655542.53,2179.85
-11799810.33,4655542.19,2165.69
-11799810.38,4655542.13,2180.97
-11799812.3,4655541.69,2181.17
-11799814.22,4655541.34,2165.92
-11799816.17,4655540.91,2166.36
-11799816.39,4655540.79,2180.47
-11799816.82,4655540.71,2177.11
-11799818.35,4655540.350000001,2180.32
-11799820.370000001,4655539.9,2179.65
-11799820.73,4655539.83,2176.98
-11799822.13,4655539.57,2166.24
-11799824.03,4655539.16,2166.84
-11799825.620000001,4655538.7700000005,2169.97
-11799827.65,4655538.32,2169.77
-11799830.06,4655537.8100000005,2166.42
-11799832.07,4655537.36,2166.38
-11799834.03,4655536.92,2166.4
-11799836.02,4655536.49,2166.38
-11799838.01,4655536.05,2166.36
-11799840.0,4655535.61,2166.36
-11799841.98,4655535.16,2166.36
-11799843.99,4655534.72,2166.34
-11799845.96,4655534.2700000005,2166.35
-11799847.96,4655533.84,2166.35
-11799849.96,4655533.4,2166.3
-11799851.94,4655532.95,2166.32
-11799853.91,4655532.5200000005,2166.36
-11799854.61,4655532.3100000005,2175.23
-11799854.92,4655532.25,2173.13
-11799855.57,4655532.13,2168.76
-11799856.41,4655531.91,2176.54
-11799856.83,4655531.83,2173.71
-11799857.99,4655531.53,2179.3
-11799858.96,4655531.350000001,2172.84
-11799859.27,4655531.29,2170.76
-11799857.43,4655530.92,2173.01
-11799857.84,4655530.83,2170.34
-11799855.39,4655531.36,2173.22
-11799855.69,4655531.3100000005,2171.22
-11799856.43,4655531.17,2166.25
-11799854.41,4655531.62,2166.34
-11799852.450000001,4655532.05,2166.36
-11799850.450000001,4655532.49,2166.28
-11799848.42,4655532.94,2166.31
-11799846.41,4655533.38,2166.33
-11799844.46,4655533.8,2166.34
-11799842.49,4655534.25,2166.36
-11799840.49,4655534.69,2166.36
-11799838.48,4655535.14,2166.36
-11799836.5,4655535.58,2166.38
-11799834.48,4655536.03,2166.38
-11799832.51,4655536.45,2166.36
-11799830.53,4655536.89,2166.35
-11799828.53,4655537.34,2166.44
-11799826.11,4655537.850000001,2169.71
-11799824.48,4655538.24,2166.86
-11799820.73,4655538.99,2180.29
-11799821.19,4655538.92,2176.8
-11799822.57,4655538.65,2166.23
-11799818.76,4655539.43,2180.19
-11799819.14,4655539.36,2177.25
-11799820.56,4655539.09,2166.28
-11799816.76,4655539.88,2180.38
-11799817.23,4655539.79,2176.72
-11799814.91,4655540.29,2179.61
-11799815.17,4655540.24,2177.6
-11799816.59,4655539.98,2166.44
-11799813.01,4655540.71,2179.21
-11799813.41,4655540.64,2176.13
-11799814.63,4655540.41,2166.42
-11799810.85,4655541.17,2180.94
-11799812.75,4655540.83,2165.83
-11799808.88,4655541.62,2180.76
-11799806.97,4655542.05,2180.06
-11799807.1,4655542.0200000005,2179.06
-11799807.51,4655541.95,2175.75
-11799808.76,4655541.72,2165.65
-11799806.76,4655542.17,2165.57
-11799804.78,4655542.600000001,2165.49
-11799802.85,4655543.03,2165.46
-11799800.88,4655543.46,2165.42
-11799798.86,4655543.92,2165.57
-11799796.790000001,4655544.36,2166.13
-11799794.540000001,4655544.850000001,2168.85
-11799792.24,4655545.350000001,2171.59
-11799790.14,4655545.8100000005,2172.26
-11799788.040000001,4655546.2700000005,2173.28
-11799786.540000001,4655546.62,2169.22
-11799784.59,4655547.0600000005,2168.88
-11799782.620000001,4655547.49,2168.58
-11799782.92,4655547.44,2165.88
-11799780.98,4655547.86,2165.83
-11799779.06,4655548.3,2165.54
-11799776.73,4655548.8,2168.83
-11799777.120000001,4655548.73,2165.11
-11799773.950000001,4655549.38,2176.25
-11799774.13,4655549.34,2174.53
-11799775.11,4655549.18,2165.26
-11799771.9,4655549.83,2177.19
-11799772.25,4655549.76,2173.73
-11799773.14,4655549.600000001,2165.29
-11799769.870000001,4655550.28,2177.83
-11799769.97,4655550.26,2176.86
-11799770.23,4655550.21,2174.35
-11799771.17,4655550.04,2165.26
-11799767.870000001,4655550.72,2177.98
-11799765.8,4655551.17,2178.77
-11799763.91,4655551.600000001,2178.21
-11799764.31,4655551.5200000005,2174.21
-11799765.22,4655551.37,2165.17
-11799762.540000001,4655551.91,2172.36
-11799763.26,4655551.8,2165.21
-11799761.28,4655552.24,2165.19
-11799759.31,4655552.67,2165.19
-11799757.32,4655553.12,2165.24
-11799755.33,4655553.5600000005,2165.19
-11799753.34,4655553.98,2165.17
-11799751.370000001,4655554.44,2165.17
-11799749.42,4655554.87,2165.15
-11799746.09,4655555.54,2179.99
-11799747.46,4655555.3,2165.09
-11799744.21,4655555.96,2179.21
-11799745.46,4655555.75,2165.3
-11799743.51,4655556.18,2165.28
-11799741.49,4655556.63,2165.23
-11799739.49,4655557.07,2165.15
-11799737.540000001,4655557.5,2165.08
-11799737.1,4655556.19,2165.02
-11799739.06,4655555.74,2165.13
-11799741.03,4655555.3,2165.19
-11799742.97,4655554.87,2165.26
-11799743.68,4655554.63,2179.52
-11799744.96,4655554.42,2165.3
-11799745.63,4655554.2,2179.67
-11799745.81,4655554.17,2177.82
-11799747.78,4655553.72,2177.63
-11799748.93,4655553.53,2165.17
-11799749.61,4655553.3100000005,2179.09
-11799749.73,4655553.28,2177.76
-11799752.86,4655552.65,2165.17
-11799754.86,4655552.21,2165.19
-11799756.83,4655551.75,2165.23
-11799758.81,4655551.3100000005,2165.22
-11799760.790000001,4655550.86,2165.22
-11799762.73,4655550.44,2165.19
-11799763.72,4655550.18,2174.9
-11799764.69,4655550.0,2165.15
-11799765.3,4655549.8,2178.92
-11799767.46,4655549.33,2177.15
-11799767.71,4655549.2700000005,2174.61
-11799768.68,4655549.11,2165.19
-11799769.46,4655548.88,2176.74
-11799770.040000001,4655548.7700000005,2171.06
-11799770.64,4655548.66,2165.24
-11799771.43,4655548.44,2176.75
-11799771.92,4655548.36,2172.1
-11799772.63,4655548.22,2165.25
-11799773.43,4655547.99,2176.31
-11799773.77,4655547.94,2173.28
-11799774.61,4655547.79,2165.31
-11799775.84,4655547.47,2172.17
-11799776.14,4655547.42,2169.42
-11799778.56,4655546.9,2165.63
-11799780.23,4655546.51,2168.59
-11799780.53,4655546.45,2165.86
-11799782.15,4655546.08,2168.99
-11799783.78,4655545.69,2171.86
-11799784.06,4655545.63,2169.27
-11799785.6,4655545.28,2173.11
-11799787.49,4655544.850000001,2174.06
-11799789.6,4655544.39,2172.65
-11799791.64,4655543.93,2171.97
-11799793.68,4655543.49,2171.38
-11799793.94,4655543.43,2169.11
-11799796.02,4655542.98,2168.46
-11799796.370000001,4655542.91,2165.44
-11799798.370000001,4655542.46,2165.53
-11799800.38,4655542.0200000005,2165.48
-11799802.36,4655541.57,2165.44
-11799804.28,4655541.14,2165.48
-11799805.03,4655540.91,2175.44
-11799806.24,4655540.7,2165.54
-11799808.26,4655540.24,2165.6
-11799808.4,4655540.13,2180.42
-11799810.23,4655539.79,2165.67
-11799810.36,4655539.7,2180.34
-11799812.31,4655539.2700000005,2180.4
-11799814.07,4655538.87,2182.36
-11799816.03,4655538.5,2167.0
-11799816.03,4655538.42,2182.6
-11799816.24,4655538.38,2180.92
-11799816.39,4655538.350000001,2179.82
-11799818.3,4655537.92,2180.3
-11799818.86,4655537.83,2175.96
-11799820.11,4655537.600000001,2166.29
-11799820.21,4655537.49,2180.4
-11799822.06,4655537.15,2166.26
-11799824.02,4655536.71,2166.32
-11799826.02,4655536.2700000005,2166.42
-11799828.02,4655535.8,2166.36
-11799829.75,4655535.41,2168.02
-11799829.97,4655535.38,2166.4
-11799831.93,4655534.94,2166.4
-11799833.94,4655534.49,2166.38
-11799835.93,4655534.05,2166.38
-11799837.93,4655533.600000001,2166.38
-11799839.92,4655533.16,2166.38
-11799841.870000001,4655532.71,2166.34
-11799843.56,4655532.32,2168.33
-11799843.84,4655532.28,2166.34
-11799845.870000001,4655531.8100000005,2166.35
-11799847.870000001,4655531.37,2166.34
-11799849.83,4655530.94,2166.44
-11799851.67,4655530.5200000005,2167.36
-11799853.77,4655530.0600000005,2166.44
-11799855.77,4655529.61,2166.29
-11799857.81,4655529.16,2166.22
-11799858.59,4655527.95,2166.19
-11799856.56,4655528.41,2166.21
-11799854.59,4655528.83,2166.17
-11799852.55,4655529.3,2166.23
-11799849.8,4655529.88,2171.49
-11799850.56,4655529.73,2166.21
-11799848.1,4655530.2700000005,2169.57
-11799848.370000001,4655530.22,2167.76
-11799848.6,4655530.18,2166.19
-11799846.370000001,4655530.67,2167.86
-11799844.21,4655531.14,2169.08
-11799844.58,4655531.07,2166.44
-11799842.290000001,4655531.57,2168.42
-11799842.58,4655531.51,2166.31
-11799840.35,4655532.0,2168.03
-11799840.6,4655531.96,2166.32
-11799838.63,4655532.38,2166.36
-11799836.65,4655532.82,2166.38
-11799834.66,4655533.2700000005,2166.38
-11799832.67,4655533.73,2166.36
-11799830.700000001,4655534.16,2166.33
-11799828.700000001,4655534.600000001,2166.35
-11799826.69,4655535.05,2166.33
-11799824.15,4655535.600000001,2170.44
-11799824.44,4655535.5200000005,2168.21
-11799824.69,4655535.49,2166.28
-11799822.120000001,4655536.05,2170.94
-11799822.73,4655535.91,2166.32
-11799818.99,4655536.7,2179.86
-11799819.67,4655536.57,2174.6
-11799820.76,4655536.37,2166.27
-11799816.65,4655537.21,2182.63
-11799814.67,4655537.64,2182.6
-11799814.98,4655537.59,2180.13
-11799813.01,4655538.03,2180.13
-11799814.69,4655537.72,2166.92
-11799811.01,4655538.45,2180.58
-11799811.24,4655538.42,2178.8
-11799811.57,4655538.37,2176.17
-11799812.86,4655538.11,2165.86
-11799809.06,4655538.9,2180.49
-11799809.44,4655538.83,2177.42
-11799810.91,4655538.55,2165.69
-11799808.950000001,4655539.0,2165.57
-11799805.8,4655539.65,2175.02
-11799806.97,4655539.44,2165.5
-11799803.77,4655540.11,2175.47
-11799804.0,4655540.07,2173.57
-11799805.0,4655539.88,2165.47
-11799803.01,4655540.32,2165.47
-11799801.05,4655540.75,2165.4
-11799799.06,4655541.2,2165.54
-11799796.73,4655541.7,2168.47
-11799797.07,4655541.64,2165.54
-11799794.65,4655542.16,2168.94
-11799792.36,4655542.66,2171.73
-11799790.28,4655543.11,2172.42
-11799788.16,4655543.59,2173.6
-11799786.21,4655544.01,2173.48
-11799784.44,4655544.42,2172.19
-11799782.61,4655544.83,2170.9
-11799780.85,4655545.23,2169.07
-11799779.0,4655545.64,2168.4
-11799779.28,4655545.58,2165.8
-11799777.07,4655546.08,2167.71
-11799777.3,4655546.03,2165.52
-11799774.53,4655546.62,2172.48
-11799775.08,4655546.53,2167.29
-11799775.290000001,4655546.48,2165.32
-11799773.31,4655546.93,2165.27
-11799770.120000001,4655547.58,2177.21
-11799770.34,4655547.54,2175.07
-11799771.370000001,4655547.36,2165.25
-11799768.18,4655548.0,2177.23
-11799768.75,4655547.92,2171.72
-11799769.42,4655547.79,2165.21
-11799766.25,4655548.44,2176.92
-11799767.43,4655548.22,2165.24
-11799764.16,4655548.9,2178.17
-11799764.55,4655548.83,2174.29
-11799765.46,4655548.67,2165.24
-11799762.67,4655549.26,2173.36
-11799763.48,4655549.11,2165.17
-11799760.81,4655549.68,2172.36
-11799761.51,4655549.5600000005,2165.22
-11799759.52,4655550.0,2165.19
-11799757.52,4655550.45,2165.19
-11799755.52,4655550.89,2165.19
-11799753.52,4655551.34,2165.19
-11799750.21,4655551.99,2179.42
-11799751.540000001,4655551.76,2165.15
-11799748.27,4655552.44,2179.38
-11799748.61,4655552.38,2175.69
-11799746.18,4655552.89,2180.88
-11799746.38,4655552.850000001,2178.58
-11799747.620000001,4655552.65,2165.11
-11799744.26,4655553.33,2180.44
-11799742.56,4655553.72,2177.24
-11799743.620000001,4655553.54,2165.27
-11799741.63,4655553.98,2165.21
-11799739.68,4655554.4,2165.15
-11799737.75,4655554.850000001,2165.05
-11799738.81,4655553.05,2165.09
-11799740.76,4655552.62,2165.17
-11799741.59,4655552.350000001,2177.71
-11799742.700000001,4655552.18,2165.21
-11799743.27,4655551.98,2181.17
-11799744.700000001,4655551.73,2165.29
-11799745.16,4655551.55,2181.88
-11799746.69,4655551.29,2165.13
-11799747.09,4655551.100000001,2181.9
-11799747.33,4655551.0600000005,2179.26
-11799748.65,4655550.83,2165.11
-11799749.22,4655550.63,2180.13
-11799749.32,4655550.62,2179.01
-11799750.620000001,4655550.38,2165.11
-11799752.58,4655549.95,2165.17
-11799754.57,4655549.51,2165.17
-11799756.56,4655549.0600000005,2165.19
-11799758.55,4655548.62,2165.19
-11799760.5,4655548.17,2165.22
-11799761.76,4655547.850000001,2172.34
-11799762.47,4655547.73,2165.21
-11799763.59,4655547.43,2173.92
-11799764.47,4655547.28,2165.17
-11799765.34,4655547.0200000005,2176.13
-11799765.5,4655547.0,2174.48
-11799766.450000001,4655546.84,2165.17
-11799767.290000001,4655546.58,2175.88
-11799768.38,4655546.39,2165.22
-11799769.11,4655546.17,2177.13
-11799770.35,4655545.95,2165.24
-11799771.25,4655545.7,2175.72
-11799772.35,4655545.49,2165.26
-11799774.33,4655545.05,2165.28
-11799776.28,4655544.600000001,2165.44
-11799778.22,4655544.18,2165.85
-11799779.89,4655543.79,2168.74
-11799781.76,4655543.36,2169.63
-11799783.52,4655542.96,2171.76
-11799785.42,4655542.53,2172.47
-11799787.200000001,4655542.12,2173.73
-11799789.22,4655541.66,2173.3
-11799791.34,4655541.19,2172.27
-11799793.42,4655540.72,2171.6
-11799795.73,4655540.22,2168.85
-11799798.05,4655539.71,2165.52
-11799800.02,4655539.26,2165.5
-11799802.05,4655538.82,2165.44
-11799802.85,4655538.59,2175.34
-11799803.05,4655538.54,2173.6
-11799804.05,4655538.36,2165.49
-11799804.790000001,4655538.15,2175.61
-11799806.03,4655537.92,2165.47
-11799806.290000001,4655537.8,2179.21
-11799807.98,4655537.48,2165.53
-11799808.02,4655537.39,2181.13
-11799808.4,4655537.33,2178.05
-11799809.96,4655537.04,2165.63
-11799809.67,4655537.0200000005,2183.6
-11799812.1,4655536.49,2180.05
-11799814.02,4655536.05,2180.1
-11799815.620000001,4655535.67,2182.92
-11799816.0,4655535.61,2179.96
-11799818.3,4655535.100000001,2177.46
-11799818.53,4655535.05,2175.78
-11799819.77,4655534.83,2166.23
-11799820.6,4655534.600000001,2175.23
-11799820.89,4655534.55,2172.99
-11799821.07,4655534.49,2171.67
-11799822.24,4655534.21,2178.0
-11799822.870000001,4655534.100000001,2173.27
-11799823.040000001,4655534.0600000005,2171.9
-11799823.21,4655534.03,2170.61
-11799824.42,4655533.73,2176.29
-11799824.89,4655533.64,2172.76
-11799825.1,4655533.59,2171.25
-11799825.34,4655533.5600000005,2169.38
-11799827.67,4655533.05,2166.36
-11799829.68,4655532.58,2166.36
-11799831.700000001,4655532.13,2166.35
-11799833.68,4655531.7,2166.38
-11799835.67,4655531.23,2166.36
-11799837.4,4655530.84,2168.04
-11799837.65,4655530.8100000005,2166.36
-11799839.39,4655530.41,2167.97
-11799839.6,4655530.37,2166.53
-11799841.51,4655529.94,2167.15
-11799843.620000001,4655529.46,2166.19
-11799845.32,4655529.07,2168.3
-11799845.620000001,4655529.01,2166.15
-11799847.18,4655528.64,2168.96
-11799847.61,4655528.5600000005,2166.04
-11799849.58,4655528.12,2166.15
-11799851.56,4655527.67,2166.24
-11799853.59,4655527.23,2166.15
-11799855.56,4655526.78,2166.24
-11799857.48,4655526.34,2166.42
-11799859.24,4655525.93,2167.9
-11799858.84,4655525.07,2166.44
-11799856.58,4655525.55,2167.92
-11799856.82,4655525.5200000005,2166.29
-11799854.81,4655525.97,2166.25
-11799852.81,4655526.41,2166.19
-11799850.85,4655526.850000001,2166.11
-11799848.86,4655527.29,2166.25
-11799846.9,4655527.74,2166.11
-11799844.91,4655528.18,2166.02
-11799842.92,4655528.62,2166.07
-11799840.91,4655529.07,2166.19
-11799838.73,4655529.54,2167.67
-11799838.93,4655529.51,2166.27
-11799836.91,4655529.97,2166.32
-11799834.44,4655530.5,2169.69
-11799834.88,4655530.42,2166.42
-11799832.91,4655530.86,2166.36
-11799830.950000001,4655531.3100000005,2166.36
-11799828.96,4655531.75,2166.36
-11799826.44,4655532.29,2169.94
-11799826.68,4655532.24,2168.1
-11799826.92,4655532.19,2166.3
-11799823.700000001,4655532.86,2175.72
-11799824.1,4655532.8100000005,2172.72
-11799821.06,4655533.44,2181.03
-11799821.22,4655533.41,2179.77
-11799821.48,4655533.36,2177.81
-11799820.120000001,4655533.7,2173.01
-11799820.38,4655533.64,2171.05
-11799816.97,4655534.36,2182.07
-11799817.57,4655534.24,2177.4
-11799817.78,4655534.2,2175.78
-11799818.59,4655534.03,2169.59
-11799815.06,4655534.76,2181.63
-11799813.290000001,4655535.18,2180.21
-11799813.82,4655535.09,2175.94
-11799814.1,4655535.03,2173.81
-11799810.88,4655535.71,2183.58
-11799808.98,4655536.14,2183.13
-11799809.620000001,4655536.0,2178.02
-11799811.16,4655535.72,2165.76
-11799807.55,4655536.48,2178.88
-11799807.68,4655536.45,2177.92
-11799809.22,4655536.16,2165.57
-11799805.59,4655536.91,2178.92
-11799807.25,4655536.61,2165.55
-11799804.1,4655537.2700000005,2174.82
-11799805.25,4655537.05,2165.44
-11799802.47,4655537.63,2171.94
-11799803.25,4655537.5,2165.44
-11799801.28,4655537.94,2165.42
-11799799.3,4655538.39,2165.48
-11799796.99,4655538.89,2168.49
-11799797.35,4655538.8100000005,2165.44
-11799794.66,4655539.4,2171.38
-11799794.93,4655539.34,2169.08
-11799792.56,4655539.86,2171.9
-11799790.5,4655540.32,2172.6
-11799788.41,4655540.78,2174.0
-11799786.55,4655541.19,2173.11
-11799784.72,4655541.61,2171.85
-11799782.71,4655542.07,2172.33
-11799781.06,4655542.45,2169.06
-11799779.15,4655542.88,2168.44
-11799779.43,4655542.82,2165.86
-11799777.48,4655543.2700000005,2165.6
-11799775.55,4655543.7,2165.36
-11799773.58,4655544.14,2165.27
-11799771.58,4655544.59,2165.23
-11799769.620000001,4655545.0200000005,2165.24
-11799767.66,4655545.46,2165.22
-11799764.5,4655546.11,2176.58
-11799764.83,4655546.0600000005,2173.36
-11799765.66,4655545.91,2165.15
-11799762.83,4655546.51,2173.61
-11799763.68,4655546.34,2165.06
-11799761.73,4655546.79,2165.17
-11799759.77,4655547.23,2165.17
-11799757.78,4655547.68,2165.21
-11799755.8,4655548.12,2165.21
-11799753.82,4655548.57,2165.15
-11799751.85,4655549.0,2165.17
-11799748.49,4655549.68,2180.17
-11799748.64,4655549.66,2178.67
-11799749.9,4655549.43,2165.1
-11799746.32,4655550.16,2182.32
-11799746.42,4655550.15,2181.31
-11799746.56,4655550.11,2179.69
-11799746.63,4655550.11,2178.86
-11799744.25,4655550.61,2183.28
-11799744.370000001,4655550.59,2182.05
-11799745.9,4655550.33,2165.15
-11799742.48,4655551.0200000005,2181.13
-11799742.65,4655551.0,2179.32
-11799743.91,4655550.78,2165.25
-11799740.89,4655551.4,2177.13
-11799741.120000001,4655551.36,2174.59
-11799741.950000001,4655551.22,2165.24
-11799739.97,4655551.67,2165.11
-11799737.98,4655552.11,2165.06
-11799737.71,4655550.18,2176.29
-11799738.68,4655550.01,2165.11
-11799739.61,4655549.75,2177.05
-11799740.65,4655549.57,2165.19
-11799741.21,4655549.36,2180.73
-11799741.58,4655549.3,2176.61
-11799743.24,4655548.91,2180.09
-11799743.48,4655548.86,2177.3
-11799744.58,4655548.68,2165.23
-11799745.0,4655548.51,2181.88
-11799747.01,4655548.05,2181.23
-11799747.19,4655548.01,2179.38
-11799747.33,4655548.0,2177.85
-11799749.31,4655547.55,2177.88
-11799749.43,4655547.54,2176.71
-11799750.97,4655547.16,2181.1
-11799753.02,4655546.7,2180.28
-11799756.41,4655546.01,2165.21
-11799758.39,4655545.57,2165.22
-11799760.39,4655545.100000001,2165.22
-11799762.35,4655544.66,2165.17
-11799764.32,4655544.22,2165.15
-11799766.31,4655543.75,2165.17
-11799768.3,4655543.32,2165.25
-11799770.22,4655542.88,2165.72
-11799772.24,4655542.43,2165.27
-11799774.25,4655541.97,2165.31
-11799776.21,4655541.5200000005,2165.38
-11799778.14,4655541.09,2165.44
-11799779.75,4655540.72,2168.44
-11799780.02,4655540.66,2166.01
-11799781.68,4655540.26,2169.05
-11799783.53,4655539.850000001,2170.56
-11799785.35,4655539.42,2171.79
-11799787.16,4655539.0200000005,2173.09
-11799788.99,4655538.600000001,2174.02
-11799791.13,4655538.12,2172.63
-11799793.21,4655537.66,2171.92
-11799795.51,4655537.15,2169.11
-11799797.91,4655536.62,2165.49
-11799799.9,4655536.16,2165.4
-11799801.89,4655535.72,2165.4
-11799802.82,4655535.48,2174.19
-11799803.89,4655535.2700000005,2165.47
-11799804.32,4655535.100000001,2178.17
-11799804.66,4655535.04,2175.42
-11799805.89,4655534.8100000005,2165.48
-11799806.03,4655534.71,2180.21
-11799806.24,4655534.68,2178.38
-11799807.84,4655534.37,2165.59
-11799807.78,4655534.32,2181.8
-11799809.8,4655533.94,2165.63
-11799809.540000001,4655533.91,2183.4
-11799811.950000001,4655533.36,2179.76
-11799812.290000001,4655533.3100000005,2177.11
-11799813.63,4655533.0600000005,2166.58
-11799813.86,4655532.94,2180.11
-11799816.32,4655532.4,2176.5
-11799816.58,4655532.350000001,2174.56
-11799816.88,4655532.3,2172.23
-11799817.11,4655532.25,2170.38
-11799817.89,4655532.04,2179.67
-11799818.78,4655531.88,2172.9
-11799819.05,4655531.82,2170.82
-11799819.450000001,4655531.68,2182.55
-11799819.91,4655531.58,2179.0
-11799820.05,4655531.5600000005,2177.94
-11799820.41,4655531.49,2175.25
-11799821.25,4655531.26,2183.88
-11799821.48,4655531.22,2182.15
-11799821.71,4655531.17,2180.44
-11799823.28,4655530.8,2183.19
-11799823.49,4655530.76,2181.65
-11799823.68,4655530.72,2180.19
-11799824.3,4655530.61,2175.57
-11799827.13,4655529.99,2169.11
-11799827.5,4655529.93,2166.35
-11799829.51,4655529.48,2166.31
-11799830.6,4655529.2,2172.86
-11799831.02,4655529.11,2169.78
-11799831.5,4655529.03,2166.29
-11799832.78,4655528.7,2171.36
-11799833.51,4655528.57,2166.13
-11799835.13,4655528.2,2168.94
-11799835.53,4655528.12,2165.96
-11799837.51,4655527.67,2165.98
-11799839.46,4655527.23,2166.01
-11799841.450000001,4655526.78,2166.03
-11799843.46,4655526.32,2165.96
-11799845.42,4655525.88,2166.02
-11799847.41,4655525.43,2166.07
-11799849.31,4655524.99,2166.69
-11799851.35,4655524.54,2166.38
-11799853.36,4655524.09,2166.25
-11799855.33,4655523.64,2166.33
-11799857.3,4655523.2,2166.52
-11799858.83,4655521.9,2166.49
-11799856.52,4655522.42,2168.59
-11799856.84,4655522.34,2166.51
-11799854.88,4655522.79,2166.35
-11799852.870000001,4655523.25,2166.25
-11799850.85,4655523.69,2166.42
-11799848.85,4655524.14,2166.58
-11799846.9,4655524.59,2166.11
-11799844.91,4655525.04,2166.06
-11799842.98,4655525.47,2165.96
-11799841.02,4655525.91,2165.92
-11799839.0,4655526.36,2165.97
-11799837.0,4655526.82,2166.02
-11799834.540000001,4655527.34,2169.15
-11799834.99,4655527.26,2165.94
-11799832.200000001,4655527.87,2171.77
-11799833.0,4655527.72,2165.99
-11799830.27,4655528.3,2171.26
-11799830.98,4655528.17,2166.06
-11799828.99,4655528.61,2166.15
-11799825.11,4655529.42,2180.44
-11799826.66,4655529.12,2169.0
-11799827.01,4655529.0600000005,2166.36
-11799822.43,4655529.99,2185.85
-11799822.82,4655529.92,2182.92
-11799820.51,4655530.43,2185.31
-11799820.65,4655530.41,2184.17
-11799819.13,4655530.76,2181.01
-11799817.94,4655531.05,2175.47
-11799818.13,4655531.0,2173.99
-11799818.35,4655530.97,2172.33
-11799815.57,4655531.58,2178.33
-11799815.76,4655531.54,2176.82
-11799816.78,4655531.33,2168.98
-11799813.38,4655532.0600000005,2180.02
-11799811.76,4655532.43,2177.17
-11799811.94,4655532.4,2175.86
-11799809.14,4655533.0,2182.28
-11799807.06,4655533.47,2182.9
-11799805.26,4655533.86,2181.33
-11799807.21,4655533.5,2165.55
-11799803.68,4655534.25,2178.35
-11799805.26,4655533.95,2165.49
-11799801.82,4655534.67,2177.5
-11799803.290000001,4655534.39,2165.44
-11799801.31,4655534.84,2165.4
-11799799.38,4655535.26,2165.36
-11799797.4,4655535.71,2165.38
-11799794.84,4655536.2700000005,2170.15
-11799795.4,4655536.16,2165.31
-11799792.6,4655536.7700000005,2172.15
-11799790.51,4655537.23,2173.11
-11799788.5,4655537.67,2173.9
-11799786.620000001,4655538.100000001,2173.06
-11799784.75,4655538.5200000005,2171.99
-11799782.88,4655538.95,2170.99
-11799781.040000001,4655539.37,2169.99
-11799781.18,4655539.34,2168.75
-11799779.540000001,4655539.73,2165.77
-11799777.55,4655540.18,2165.34
-11799775.56,4655540.62,2165.34
-11799773.6,4655541.07,2165.29
-11799771.63,4655541.5,2165.26
-11799769.68,4655541.94,2165.28
-11799767.700000001,4655542.39,2165.21
-11799765.74,4655542.83,2165.17
-11799763.620000001,4655543.29,2166.22
-11799761.75,4655543.72,2165.17
-11799759.790000001,4655544.17,2165.17
-11799757.81,4655544.61,2165.17
-11799755.870000001,4655545.05,2165.22
-11799752.53,4655545.73,2179.4
-11799753.89,4655545.49,2165.15
-11799750.370000001,4655546.2,2181.25
-11799748.33,4655546.66,2182.19
-11799748.61,4655546.61,2179.22
-11799746.55,4655547.05,2180.75
-11799744.540000001,4655547.51,2181.38
-11799745.03,4655547.43,2175.88
-11799746.02,4655547.2700000005,2165.21
-11799742.66,4655547.94,2180.11
-11799742.83,4655547.9,2178.23
-11799744.0,4655547.71,2165.26
-11799740.72,4655548.39,2180.01
-11799741.05,4655548.33,2176.23
-11799742.03,4655548.16,2165.24
-11799738.71,4655548.83,2180.44
-11799739.08,4655548.76,2176.22
-11799740.07,4655548.600000001,2165.11
-11799737.07,4655549.22,2176.52
-11799737.15,4655549.2,2175.63
-11799738.07,4655549.0600000005,2165.1
-11799736.94,4655547.33,2180.49
-11799738.69,4655546.92,2182.65
-11799740.25,4655546.65,2165.08
-11799740.68,4655546.48,2182.5
-11799740.85,4655546.45,2180.67
-11799741.1,4655546.41,2177.9
-11799741.26,4655546.37,2176.11
-11799742.69,4655546.0200000005,2182.15
-11799744.24,4655545.75,2165.19
-11799744.57,4655545.59,2183.07
-11799745.18,4655545.47,2176.42
-11799746.56,4655545.13,2182.24
-11799746.700000001,4655545.12,2180.74
-11799747.05,4655545.05,2176.88
-11799748.38,4655544.73,2183.49
-11799750.52,4655544.24,2181.69
-11799750.81,4655544.19,2178.53
-11799752.58,4655543.78,2181.05
-11799754.65,4655543.3100000005,2179.84
-11799756.06,4655543.05,2165.17
-11799758.040000001,4655542.61,2165.17
-11799760.0,4655542.16,2165.19
-11799762.0,4655541.7,2165.17
-11799763.83,4655541.29,2166.61
-11799765.92,4655540.82,2165.21
-11799767.88,4655540.36,2165.21
-11799769.870000001,4655539.91,2165.26
-11799771.85,4655539.47,2165.28
-11799771.88,4655539.38,2183.59
-11799773.82,4655539.01,2165.3
-11799775.82,4655538.57,2165.27
-11799777.8,4655538.12,2165.42
-11799779.59,4655537.7,2167.02
-11799781.01,4655537.350000001,2172.11
-11799782.870000001,4655536.94,2173.15
-11799784.84,4655536.48,2172.84
-11799786.86,4655536.03,2172.3
-11799788.69,4655535.59,2173.65
-11799790.68,4655535.15,2173.59
-11799790.98,4655535.100000001,2170.99
-11799793.6,4655534.5200000005,2165.33
-11799795.57,4655534.08,2165.32
-11799797.51,4655533.65,2165.82
-11799799.56,4655533.18,2165.38
-11799801.56,4655532.72,2165.42
-11799802.0,4655532.5600000005,2178.11
-11799803.55,4655532.2700000005,2165.48
-11799803.74,4655532.16,2179.9
-11799803.97,4655532.12,2178.09
-11799805.52,4655531.83,2165.51
-11799805.57,4655531.74,2180.92
-11799805.93,4655531.66,2178.05
-11799806.16,4655531.63,2176.17
-11799807.48,4655531.37,2165.55
-11799807.290000001,4655531.32,2182.78
-11799807.57,4655531.29,2180.57
-11799809.32,4655530.88,2182.34
-11799811.74,4655530.350000001,2178.77
-11799813.32,4655530.05,2166.34
-11799813.75,4655529.89,2178.54
-11799814.17,4655529.8100000005,2175.3
-11799815.01,4655529.64,2168.81
-11799815.71,4655529.45,2178.52
-11799817.83,4655528.96,2177.19
-11799818.02,4655528.94,2175.73
-11799818.44,4655528.850000001,2172.48
-11799818.99,4655528.68,2183.5
-11799819.790000001,4655528.5200000005,2177.36
-11799820.15,4655528.46,2174.67
-11799821.0,4655528.22,2183.26
-11799822.99,4655527.78,2182.88
-11799823.21,4655527.74,2181.17
-11799825.84,4655527.16,2176.29
-11799826.05,4655527.12,2174.76
-11799827.25,4655526.89,2165.88
-11799828.32,4655526.600000001,2172.67
-11799828.950000001,4655526.49,2167.98
-11799829.22,4655526.44,2166.0
-11799830.07,4655526.2,2174.09
-11799830.21,4655526.16,2173.08
-11799830.74,4655526.08,2169.34
-11799832.15,4655525.74,2173.38
-11799832.47,4655525.67,2171.11
-11799833.18,4655525.54,2165.92
-11799835.18,4655525.08,2165.9
-11799837.14,4655524.64,2166.02
-11799839.13,4655524.19,2166.19
-11799841.07,4655523.75,2166.42
-11799842.69,4655523.36,2169.02
-11799844.69,4655522.9,2168.9
-11799847.03,4655522.4,2166.19
-11799849.03,4655521.94,2166.17
-11799851.01,4655521.48,2166.49
-11799853.02,4655521.0200000005,2166.32
-11799854.55,4655520.66,2169.38
-11799856.63,4655520.2,2168.55
-11799856.98,4655520.14,2166.19
-11799858.94,4655519.69,2166.33
-11799858.96,4655518.64,2166.4
-11799856.67,4655519.14,2168.44
-11799856.98,4655519.08,2166.3
-11799854.52,4655519.62,2169.44
-11799853.0,4655519.97,2166.32
-11799851.02,4655520.42,2166.38
-11799849.08,4655520.86,2166.22
-11799847.08,4655521.3100000005,2166.15
-11799844.69,4655521.83,2168.88
-11799842.69,4655522.28,2169.03
-11799841.1,4655522.67,2166.13
-11799839.07,4655523.11,2166.27
-11799837.08,4655523.57,2166.27
-11799835.120000001,4655524.0200000005,2166.13
-11799832.02,4655524.68,2174.13
-11799832.14,4655524.64,2173.31
-11799832.44,4655524.58,2171.09
-11799833.16,4655524.45,2165.9
-11799830.040000001,4655525.12,2174.34
-11799830.35,4655525.0600000005,2171.92
-11799828.05,4655525.57,2174.31
-11799826.14,4655525.99,2173.84
-11799826.370000001,4655525.96,2172.17
-11799826.61,4655525.92,2170.36
-11799827.21,4655525.8,2165.94
-11799823.42,4655526.59,2179.4
-11799823.56,4655526.55,2178.34
-11799825.23,4655526.24,2165.84
-11799820.86,4655527.15,2183.71
-11799821.17,4655527.09,2181.4
-11799821.5,4655527.0200000005,2178.9
-11799821.69,4655527.0,2177.51
-11799819.61,4655527.46,2178.38
-11799818.03,4655527.82,2175.46
-11799818.24,4655527.78,2173.86
-11799818.790000001,4655527.67,2169.65
-11799815.83,4655528.32,2177.11
-11799816.950000001,4655528.100000001,2168.53
-11799817.24,4655528.05,2166.19
-11799813.56,4655528.8,2179.13
-11799814.94,4655528.5600000005,2168.5
-11799811.6,4655529.25,2179.07
-11799813.24,4655528.95,2166.27
-11799809.25,4655529.7700000005,2182.11
-11799809.65,4655529.69,2178.98
-11799810.200000001,4655529.58,2174.61
-11799811.35,4655529.38,2165.61
-11799807.25,4655530.21,2182.67
-11799807.46,4655530.19,2181.11
-11799805.42,4655530.64,2181.69
-11799805.870000001,4655530.54,2178.13
-11799806.16,4655530.49,2175.82
-11799805.43,4655530.7,2165.51
-11799803.46,4655531.16,2165.44
-11799801.48,4655531.600000001,2165.4
-11799799.52,4655532.05,2165.35
-11799797.46,4655532.51,2166.17
-11799795.57,4655532.94,2165.31
-11799793.56,4655533.38,2165.34
-11799791.55,4655533.84,2165.34
-11799788.67,4655534.46,2173.55
-11799788.92,4655534.41,2171.3
-11799789.620000001,4655534.2700000005,2165.23
-11799786.86,4655534.87,2172.17
-11799784.97,4655535.3,2171.42
-11799782.86,4655535.76,2172.59
-11799780.78,4655536.24,2173.35
-11799781.26,4655536.15,2168.98
-11799781.5,4655536.09,2166.86
-11799781.67,4655536.07,2165.31
-11799779.67,4655536.5200000005,2165.52
-11799777.71,4655536.97,2165.36
-11799775.75,4655537.41,2165.33
-11799771.77,4655538.23,2183.92
-11799773.76,4655537.86,2165.25
-11799769.97,4655538.63,2182.51
-11799771.8,4655538.29,2165.29
-11799768.08,4655539.07,2182.1
-11799769.83,4655538.73,2165.3
-11799767.870000001,4655539.19,2165.25
-11799765.9,4655539.64,2165.17
-11799762.370000001,4655540.37,2180.5
-11799763.77,4655540.11,2166.57
-11799761.92,4655540.53,2165.17
-11799759.96,4655540.97,2165.17
-11799757.98,4655541.42,2165.17
-11799754.39,4655542.16,2181.51
-11799755.98,4655541.87,2165.11
-11799752.51,4655542.59,2180.65
-11799753.98,4655542.32,2165.21
-11799750.72,4655542.99,2179.06
-11799752.05,4655542.76,2165.15
-11799748.35,4655543.51,2183.52
-11799748.700000001,4655543.45,2179.79
-11799749.19,4655543.34,2174.5
-11799746.34,4655543.97,2183.61
-11799747.09,4655543.83,2175.48
-11799747.28,4655543.79,2173.38
-11799744.39,4655544.41,2183.44
-11799744.52,4655544.38,2181.99
-11799742.55,4655544.83,2182.44
-11799743.15,4655544.72,2175.83
-11799740.63,4655545.26,2182.13
-11799742.15,4655545.0,2165.25
-11799738.69,4655545.7,2182.03
-11799739.08,4655545.64,2177.78
-11799740.200000001,4655545.42,2165.15
-11799737.73,4655544.16,2165.08
-11799738.33,4655543.96,2180.86
-11799740.48,4655543.48,2178.65
-11799740.69,4655543.44,2176.44
-11799741.69,4655543.26,2165.15
-11799742.09,4655543.100000001,2182.59
-11799742.39,4655543.05,2179.29
-11799744.01,4655542.66,2182.92
-11799745.77,4655542.25,2184.88
-11799745.92,4655542.2,2183.19
-11799746.33,4655542.14,2178.79
-11799746.75,4655542.0600000005,2174.21
-11799747.89,4655541.76,2183.09
-11799748.1,4655541.73,2180.79
-11799750.0,4655541.3,2181.4
-11799751.56,4655541.01,2165.11
-11799752.19,4655540.8,2179.08
-11799753.53,4655540.57,2165.15
-11799755.49,4655540.11,2165.15
-11799757.450000001,4655539.66,2165.17
-11799759.42,4655539.22,2165.15
-11799761.42,4655538.76,2165.15
-11799762.08,4655538.55,2178.11
-11799762.22,4655538.5200000005,2176.77
-11799763.3,4655538.33,2166.07
-11799763.75,4655538.16,2181.11
-11799765.38,4655537.86,2165.21
-11799766.18,4655537.62,2176.63
-11799766.44,4655537.58,2174.17
-11799767.370000001,4655537.4,2165.27
-11799767.620000001,4655537.2700000005,2181.48
-11799767.85,4655537.23,2179.26
-11799767.99,4655537.2,2177.86
-11799769.32,4655536.87,2183.71
-11799771.27,4655536.51,2165.25
-11799773.24,4655536.07,2165.28
-11799775.24,4655535.61,2165.27
-11799777.23,4655535.15,2165.36
-11799779.19,4655534.71,2165.44
-11799781.18,4655534.25,2165.33
-11799782.57,4655533.91,2170.67
-11799784.58,4655533.44,2170.15
-11799785.14,4655533.33,2165.28
-11799787.120000001,4655532.89,2165.28
-11799789.08,4655532.43,2165.31
-11799791.01,4655531.99,2165.34
-11799793.01,4655531.54,2165.35
-11799795.0,4655531.08,2165.32
-11799796.84,4655530.67,2166.36
-11799798.94,4655530.2,2165.36
-11799800.91,4655529.74,2165.38
-11799802.9,4655529.29,2165.47
-11799804.700000001,4655528.88,2167.02
-11799804.89,4655528.83,2165.48
-11799805.11,4655528.73,2179.69
-11799806.86,4655528.39,2165.59
-11799806.81,4655528.33,2181.55
-11799807.03,4655528.29,2179.86
-11799808.8,4655527.95,2165.75
-11799809.370000001,4655527.76,2176.8
-11799810.76,4655527.5,2165.83
-11799811.13,4655527.36,2178.59
-11799813.26,4655526.87,2177.28
-11799816.23,4655526.24,2169.53
-11799816.700000001,4655526.14,2165.9
-11799817.85,4655525.86,2172.08
-11799818.66,4655525.7,2165.84
-11799819.81,4655525.4,2172.36
-11799820.03,4655525.36,2170.69
-11799820.66,4655525.24,2165.86
-11799821.200000001,4655525.07,2177.22
-11799821.44,4655525.0200000005,2175.38
-11799823.92,4655524.47,2171.61
-11799824.700000001,4655524.32,2165.86
-11799825.43,4655524.11,2174.98
-11799829.120000001,4655523.26,2176.82
-11799831.42,4655522.75,2174.54
-11799833.73,4655522.22,2171.81
-11799834.5,4655522.07,2166.29
-11799836.44,4655521.64,2166.51
-11799838.51,4655521.16,2166.1
-11799840.5,4655520.7,2166.53
-11799842.13,4655520.3100000005,2168.92
-11799844.07,4655519.89,2169.08
-11799846.46,4655519.350000001,2166.17
-11799848.39,4655518.91,2166.4
-11799850.32,4655518.46,2166.69
-11799852.39,4655518.01,2166.29
-11799853.950000001,4655517.62,2169.08
-11799854.370000001,4655517.55,2166.31
-11799856.35,4655517.100000001,2166.42
-11799858.290000001,4655516.66,2166.75
-11799858.59,4655515.44,2166.36
-11799856.13,4655515.99,2169.55
-11799856.6,4655515.88,2166.36
-11799854.13,4655516.43,2169.48
-11799854.6,4655516.33,2166.35
-11799852.290000001,4655516.86,2168.31
-11799852.59,4655516.8,2166.29
-11799850.370000001,4655517.28,2167.83
-11799850.6,4655517.23,2166.32
-11799848.620000001,4655517.7,2166.42
-11799846.67,4655518.14,2166.17
-11799844.65,4655518.58,2166.11
-11799842.25,4655519.13,2168.98
-11799842.65,4655519.05,2166.09
-11799840.68,4655519.49,2166.17
-11799838.700000001,4655519.92,2166.13
-11799836.64,4655520.41,2166.46
-11799834.68,4655520.850000001,2166.61
-11799831.76,4655521.49,2173.55
-11799829.11,4655522.0600000005,2178.13
-11799829.38,4655522.0,2176.17
-11799827.21,4655522.5,2177.38
-11799825.55,4655522.88,2175.03
-11799823.89,4655523.2700000005,2172.77
-11799824.8,4655523.09,2165.97
-11799822.05,4655523.68,2171.65
-11799822.83,4655523.53,2165.88
-11799820.22,4655524.100000001,2170.67
-11799820.85,4655523.97,2165.86
-11799818.89,4655524.41,2165.86
-11799816.9,4655524.87,2165.88
-11799813.540000001,4655525.600000001,2176.53
-11799814.92,4655525.3100000005,2165.88
-11799811.41,4655526.07,2177.58
-11799809.53,4655526.49,2176.6
-11799810.9,4655526.23,2165.78
-11799808.9,4655526.69,2166.05
-11799806.77,4655527.16,2167.26
-11799806.950000001,4655527.13,2165.8
-11799804.99,4655527.58,2165.69
-11799803.0,4655528.01,2165.48
-11799801.03,4655528.48,2165.4
-11799799.08,4655528.91,2165.44
-11799796.98,4655529.38,2166.35
-11799795.08,4655529.8,2165.4
-11799793.13,4655530.26,2165.34
-11799791.17,4655530.7,2165.31
-11799789.200000001,4655531.15,2165.28
-11799787.23,4655531.59,2165.29
-11799785.23,4655532.05,2165.28
-11799783.24,4655532.5,2165.26
-11799781.27,4655532.95,2165.31
-11799779.05,4655533.44,2167.38
-11799779.28,4655533.4,2165.36
-11799777.290000001,4655533.84,2165.33
-11799775.33,4655534.3,2165.28
-11799773.34,4655534.75,2165.27
-11799771.370000001,4655535.19,2165.27
-11799768.370000001,4655535.8100000005,2174.88
-11799768.52,4655535.8,2173.42
-11799765.57,4655536.43,2182.92
-11799766.28,4655536.3,2176.11
-11799766.52,4655536.26,2173.69
-11799763.59,4655536.88,2183.23
-11799761.73,4655537.3100000005,2181.97
-11799763.44,4655536.98,2165.19
-11799759.84,4655537.73,2181.47
-11799761.47,4655537.44,2165.19
-11799759.540000001,4655537.87,2165.15
-11799757.58,4655538.32,2165.17
-11799755.58,4655538.7700000005,2165.15
-11799753.59,4655539.22,2165.19
-11799750.200000001,4655539.91,2180.07
-11799751.63,4655539.66,2165.13
-11799748.16,4655540.38,2180.99
-11799748.46,4655540.33,2177.9
-11799748.69,4655540.29,2175.55
-11799749.67,4655540.11,2165.11
-11799745.91,4655540.87,2184.52
-11799744.21,4655541.28,2181.76
-11799744.57,4655541.2,2177.82
-11799742.15,4655541.74,2182.33
-11799740.370000001,4655542.16,2179.84
-11799738.32,4655542.600000001,2181.24
-11799739.76,4655542.36,2165.13
-11799737.83,4655542.78,2164.97
-11799737.14,4655541.01,2164.97
-11799737.68,4655540.82,2180.92
-11799739.540000001,4655540.39,2181.97
-11799739.84,4655540.33,2178.69
-11799741.52,4655539.94,2181.84
-11799743.03,4655539.65,2165.19
-11799743.47,4655539.5,2181.83
-11799743.58,4655539.47,2180.61
-11799745.02,4655539.21,2164.94
-11799745.25,4655539.08,2183.47
-11799745.91,4655538.94,2176.3
-11799747.44,4655538.58,2180.88
-11799749.32,4655538.15,2181.99
-11799749.58,4655538.100000001,2179.13
-11799749.89,4655538.04,2175.94
-11799751.84,4655537.600000001,2176.44
-11799754.9,4655536.92,2165.17
-11799756.85,4655536.48,2165.21
-11799758.82,4655536.05,2165.17
-11799760.8,4655535.57,2165.17
-11799762.78,4655535.13,2165.15
-11799763.01,4655535.01,2182.17
-11799764.73,4655534.61,2184.34
-11799765.36,4655534.49,2178.29
-11799765.57,4655534.45,2176.15
-11799767.24,4655534.0600000005,2178.94
-11799767.38,4655534.03,2177.54
-11799767.76,4655533.95,2173.94
-11799768.950000001,4655533.65,2181.36
-11799769.08,4655533.61,2180.21
-11799770.67,4655533.33,2165.17
-11799770.85,4655533.22,2182.02
-11799772.63,4655532.88,2165.26
-11799774.63,4655532.42,2165.24
-11799776.59,4655531.97,2165.26
-11799778.290000001,4655531.57,2167.6
-11799778.540000001,4655531.5200000005,2165.25
-11799780.53,4655531.0600000005,2165.25
-11799782.57,4655530.600000001,2165.27
-11799784.57,4655530.13,2165.28
-11799786.51,4655529.69,2165.33
-11799788.43,4655529.26,2165.3
-11799790.39,4655528.79,2165.33
-11799792.25,4655528.37,2166.31
-11799793.870000001,4655527.99,2169.57
-11799794.35,4655527.89,2165.46
-11799795.64,4655527.58,2171.4
-11799797.67,4655527.11,2171.01
-11799798.33,4655526.98,2165.52
-11799800.09,4655526.58,2167.28
-11799800.28,4655526.54,2165.72
-11799802.290000001,4655526.08,2165.74
-11799804.18,4655525.65,2166.49
-11799805.97,4655525.23,2167.76
-11799806.22,4655525.18,2165.81
-11799807.96,4655524.7700000005,2167.83
-11799809.94,4655524.32,2167.84
-11799810.200000001,4655524.26,2165.72
-11799812.17,4655523.82,2165.79
-11799814.1,4655523.37,2165.82
-11799816.03,4655522.93,2165.88
-11799818.01,4655522.47,2165.99
-11799819.84,4655522.05,2167.61
-11799821.84,4655521.600000001,2167.67
-11799824.05,4655521.100000001,2165.97
-11799824.68,4655520.91,2175.75
-11799825.25,4655520.79,2171.46
-11799825.98,4655520.65,2166.09
-11799826.540000001,4655520.48,2176.49
-11799828.35,4655520.0600000005,2177.59
-11799830.6,4655519.55,2175.51
-11799831.06,4655519.46,2172.22
-11799833.07,4655519.0,2172.17
-11799833.93,4655518.84,2166.07
-11799835.86,4655518.39,2166.3
-11799837.89,4655517.92,2166.13
-11799839.88,4655517.45,2166.23
-11799841.85,4655517.0,2166.13
-11799843.83,4655516.5600000005,2166.13
-11799845.81,4655516.100000001,2166.15
-11799847.8,4655515.66,2166.32
-11799849.73,4655515.21,2166.74
-11799851.450000001,4655514.8100000005,2168.4
-11799851.78,4655514.74,2166.24
-11799853.23,4655514.39,2169.71
-11799853.76,4655514.28,2166.17
-11799855.14,4655513.96,2170.27
-11799855.78,4655513.83,2166.09
-11799857.26,4655513.46,2169.61
-11799857.42,4655513.44,2168.44
-11799857.75,4655513.36,2166.32
-11799857.83,4655512.25,2169.61
-11799855.85,4655512.68,2169.55
-11799856.35,4655512.600000001,2166.29
-11799854.1,4655513.100000001,2168.32
-11799854.42,4655513.0200000005,2166.23
-11799851.88,4655513.600000001,2169.9
-11799850.15,4655514.0,2168.03
-11799850.41,4655513.95,2166.26
-11799848.24,4655514.42,2167.32
-11799846.39,4655514.86,2166.23
-11799844.41,4655515.3100000005,2166.23
-11799842.46,4655515.75,2166.13
-11799840.46,4655516.21,2166.19
-11799838.46,4655516.66,2166.11
-11799836.48,4655517.11,2166.09
-11799833.77,4655517.71,2171.44
-11799834.53,4655517.5600000005,2166.07
-11799831.86,4655518.13,2171.06
-11799828.96,4655518.7700000005,2177.56
-11799829.8,4655518.61,2171.47
-11799830.540000001,4655518.46,2166.08
-11799827.31,4655519.16,2175.01
-11799827.86,4655519.0600000005,2171.01
-11799826.18,4655519.45,2168.61
-11799826.53,4655519.36,2166.05
-11799824.58,4655519.8100000005,2165.99
-11799822.47,4655520.29,2166.92
-11799822.6,4655520.25,2165.96
-11799820.41,4655520.7700000005,2167.3
-11799818.450000001,4655521.21,2166.9
-11799816.57,4655521.64,2166.07
-11799814.66,4655522.0600000005,2165.81
-11799812.69,4655522.5,2165.8
-11799810.69,4655522.97,2165.77
-11799808.11,4655523.54,2170.4
-11799808.69,4655523.43,2165.85
-11799805.97,4655524.03,2171.76
-11799806.32,4655523.96,2168.97
-11799804.36,4655524.4,2168.82
-11799804.57,4655524.36,2167.07
-11799804.69,4655524.34,2166.13
-11799802.64,4655524.8100000005,2166.67
-11799799.96,4655525.39,2172.38
-11799800.76,4655525.24,2165.83
-11799797.05,4655526.0200000005,2180.08
-11799797.32,4655525.97,2177.82
-11799797.9,4655525.86,2173.07
-11799795.11,4655526.47,2180.01
-11799795.36,4655526.41,2177.9
-11799795.73,4655526.34,2174.73
-11799793.13,4655526.91,2180.19
-11799793.86,4655526.78,2174.1
-11799794.18,4655526.71,2171.4
-11799791.73,4655527.25,2175.46
-11799792.43,4655527.11,2169.48
-11799789.41,4655527.7700000005,2178.4
-11799790.94,4655527.47,2165.34
-11799787.44,4655528.22,2178.54
-11799788.9,4655527.93,2165.85
-11799785.26,4655528.7,2180.38
-11799783.23,4655529.16,2181.02
-11799785.02,4655528.82,2165.34
-11799781.4,4655529.58,2179.75
-11799783.03,4655529.2700000005,2165.24
-11799781.03,4655529.72,2165.24
-11799779.040000001,4655530.18,2165.22
-11799777.09,4655530.61,2165.22
-11799775.14,4655531.0600000005,2165.21
-11799771.74,4655531.79,2178.22
-11799773.14,4655531.5200000005,2165.19
-11799769.39,4655532.3100000005,2181.79
-11799768.26,4655532.59,2174.0
-11799768.96,4655532.46,2167.22
-11799769.18,4655532.42,2165.19
-11799765.42,4655533.22,2182.13
-11799765.53,4655533.18,2181.05
-11799766.06,4655533.09,2176.03
-11799763.44,4655533.66,2182.44
-11799763.57,4655533.62,2181.21
-11799763.75,4655533.61,2179.55
-11799762.16,4655533.96,2176.0
-11799763.25,4655533.7700000005,2165.17
-11799761.28,4655534.21,2165.15
-11799759.3,4655534.67,2165.17
-11799757.3,4655535.11,2165.17
-11799754.42,4655535.75,2174.65
-11799755.35,4655535.57,2165.15
-11799752.47,4655536.18,2174.6
-11799753.39,4655536.01,2165.11
-11799750.0,4655536.73,2179.74
-11799750.28,4655536.68,2176.88
-11799747.77,4655537.22,2182.61
-11799747.96,4655537.19,2180.69
-11799748.08,4655537.16,2179.42
-11799749.43,4655536.92,2165.11
-11799745.81,4655537.66,2182.78
-11799744.0,4655538.09,2181.35
-11799744.35,4655538.0200000005,2177.71
-11799741.91,4655538.55,2182.53
-11799742.040000001,4655538.54,2181.21
-11799743.5,4655538.26,2165.13
-11799740.0,4655538.99,2181.54
-11799741.49,4655538.72,2165.03
-11799738.28,4655539.4,2178.46
-11799738.48,4655539.34,2176.17
-11799738.57,4655539.34,2175.23
-11799739.48,4655539.18,2165.04
-11799737.01,4655537.92,2177.9
-11799737.17,4655537.9,2176.19
-11799738.16,4655537.69,2165.06
-11799738.82,4655537.51,2180.13
-11799740.17,4655537.25,2165.15
-11799740.75,4655537.0600000005,2180.36
-11799740.89,4655537.0200000005,2178.81
-11799742.14,4655536.79,2165.09
-11799742.63,4655536.62,2180.96
-11799744.1,4655536.350000001,2165.11
-11799744.48,4655536.18,2182.22
-11799744.96,4655536.11,2177.07
-11799745.32,4655536.04,2173.15
-11799746.08,4655535.89,2165.04
-11799746.450000001,4655535.73,2181.81
-11799746.75,4655535.68,2178.75
-11799747.17,4655535.61,2174.17
-11799748.03,4655535.44,2165.08
-11799748.5,4655535.2700000005,2180.75
-11799748.65,4655535.25,2179.28
-11799750.450000001,4655534.83,2180.61
-11799750.65,4655534.7700000005,2178.67
-11799751.13,4655534.69,2173.67
-11799752.81,4655534.3,2176.17
-11799752.96,4655534.28,2174.67
-11799753.88,4655534.100000001,2165.21
-11799755.86,4655533.64,2165.17
-11799757.9,4655533.17,2165.19
-11799759.92,4655532.7,2165.19
-11799760.040000001,4655532.62,2183.01
-11799761.84,4655532.25,2165.17
-11799761.9,4655532.19,2183.4
-11799763.76,4655531.82,2165.19
-11799764.0,4655531.69,2181.77
-11799764.290000001,4655531.64,2178.94
-11799765.67,4655531.38,2165.63
-11799765.9,4655531.2700000005,2182.52
-11799769.77,4655530.37,2183.01
-11799770.02,4655530.33,2180.69
-11799771.68,4655530.01,2165.15
-11799773.67,4655529.55,2165.21
-11799775.68,4655529.09,2165.21
-11799777.66,4655528.63,2165.25
-11799779.63,4655528.17,2165.24
-11799781.59,4655527.73,2165.27
-11799781.69,4655527.64,2181.75
-11799781.870000001,4655527.600000001,2180.19
-11799783.56,4655527.26,2165.3
-11799783.67,4655527.18,2181.58
-11799783.91,4655527.14,2179.47
-11799785.49,4655526.83,2165.65
-11799785.59,4655526.75,2181.97
-11799785.76,4655526.7,2180.47
-11799787.77,4655526.25,2180.19
-11799789.94,4655525.74,2178.35
-11799790.13,4655525.73,2176.74
-11799790.98,4655525.55,2169.53
-11799791.77,4655525.34,2179.4
-11799791.99,4655525.29,2177.63
-11799793.1,4655525.01,2184.63
-11799793.44,4655524.95,2181.83
-11799793.75,4655524.88,2179.17
-11799794.870000001,4655524.600000001,2185.97
-11799795.03,4655524.57,2184.63
-11799795.35,4655524.5,2181.9
-11799797.49,4655524.0,2180.67
-11799797.68,4655523.98,2179.06
-11799800.51,4655523.36,2172.11
-11799800.84,4655523.2700000005,2169.44
-11799801.290000001,4655523.19,2165.72
-11799802.31,4655522.94,2173.57
-11799802.86,4655522.83,2169.07
-11799803.27,4655522.75,2165.85
-11799804.040000001,4655522.5200000005,2175.42
-11799806.3,4655522.0200000005,2173.49
-11799808.21,4655521.58,2173.94
-11799808.51,4655521.51,2171.48
-11799809.25,4655521.36,2165.71
-11799810.870000001,4655520.97,2168.25
-11799811.18,4655520.92,2165.79
-11799813.15,4655520.47,2165.78
-11799815.15,4655520.01,2165.88
-11799816.97,4655519.57,2167.17
-11799817.11,4655519.5600000005,2166.11
-11799819.11,4655519.100000001,2165.88
-11799821.08,4655518.65,2165.96
-11799823.040000001,4655518.2,2165.92
-11799825.01,4655517.75,2165.96
-11799827.01,4655517.2700000005,2166.01
-11799829.03,4655516.82,2166.05
-11799830.99,4655516.38,2166.1
-11799832.93,4655515.92,2166.22
-11799834.93,4655515.46,2166.08
-11799836.94,4655515.01,2166.11
-11799838.94,4655514.55,2166.11
-11799840.49,4655514.18,2168.96
-11799840.89,4655514.100000001,2166.19
-11799842.39,4655513.74,2169.21
-11799842.74,4655513.67,2166.88
-11799844.4,4655513.28,2169.08
-11799844.81,4655513.2,2166.29
-11799846.46,4655512.8100000005,2168.81
-11799846.83,4655512.73,2166.26
-11799848.83,4655512.2700000005,2166.4
-11799850.61,4655511.86,2167.61
-11799850.83,4655511.8100000005,2166.19
-11799852.21,4655511.48,2170.19
-11799852.48,4655511.42,2168.46
-11799852.83,4655511.36,2166.13
-11799854.32,4655511.01,2169.26
-11799854.78,4655510.91,2166.25
-11799856.290000001,4655510.54,2169.38
-11799856.76,4655510.45,2166.27
-11799858.48,4655510.04,2168.17
-11799858.78,4655510.0,2166.26
-11799857.8,4655509.14,2168.02
-11799858.08,4655509.08,2166.15
-11799855.620000001,4655509.63,2169.13
-11799856.06,4655509.55,2166.24
-11799853.49,4655510.13,2169.84
-11799851.68,4655510.54,2168.54
-11799852.02,4655510.48,2166.28
-11799850.02,4655510.93,2166.29
-11799848.05,4655511.38,2166.33
-11799845.72,4655511.91,2168.85
-11799843.69,4655512.37,2169.13
-11799841.68,4655512.83,2169.13
-11799839.76,4655513.26,2168.84
-11799837.96,4655513.67,2167.63
-11799836.16,4655514.09,2166.11
-11799834.200000001,4655514.5200000005,2166.07
-11799832.21,4655514.99,2166.17
-11799830.21,4655515.45,2166.04
-11799828.200000001,4655515.91,2166.04
-11799826.21,4655516.37,2165.99
-11799824.290000001,4655516.8,2165.9
-11799822.31,4655517.26,2165.88
-11799820.3,4655517.71,2166.0
-11799818.1,4655518.21,2167.53
-11799818.31,4655518.16,2165.86
-11799816.040000001,4655518.67,2167.84
-11799814.36,4655519.0600000005,2165.82
-11799812.39,4655519.5200000005,2165.8
-11799810.040000001,4655520.04,2168.44
-11799807.32,4655520.64,2174.27
-11799807.950000001,4655520.5200000005,2169.26
-11799805.3,4655521.08,2174.69
-11799805.51,4655521.0600000005,2173.03
-11799805.98,4655520.96,2169.35
-11799803.32,4655521.54,2174.75
-11799800.950000001,4655522.08,2177.97
-11799801.32,4655522.01,2174.97
-11799801.81,4655521.9,2170.92
-11799799.07,4655522.51,2177.23
-11799799.39,4655522.43,2174.61
-11799799.97,4655522.32,2169.94
-11799800.16,4655522.29,2168.44
-11799796.4,4655523.11,2182.99
-11799796.58,4655523.05,2181.6
-11799794.03,4655523.62,2186.46
-11799792.36,4655524.01,2184.24
-11799792.450000001,4655524.01,2183.5
-11799792.88,4655523.9,2179.85
-11799793.0,4655523.9,2178.85
-11799791.16,4655524.32,2177.85
-11799791.700000001,4655524.21,2173.26
-11799788.99,4655524.79,2179.44
-11799789.19,4655524.76,2177.76
-11799790.32,4655524.54,2168.15
-11799790.64,4655524.48,2165.42
-11799786.73,4655525.3,2182.06
-11799786.99,4655525.25,2179.76
-11799784.620000001,4655525.79,2183.09
-11799782.82,4655526.2,2181.71
-11799784.69,4655525.84,2165.31
-11799780.99,4655526.62,2180.42
-11799781.41,4655526.54,2176.78
-11799782.71,4655526.29,2165.23
-11799779.48,4655526.98,2176.52
-11799780.74,4655526.74,2165.28
-11799778.75,4655527.2,2165.24
-11799776.8,4655527.64,2165.25
-11799774.85,4655528.09,2165.24
-11799772.85,4655528.54,2165.22
-11799769.16,4655529.33,2181.29
-11799770.88,4655528.99,2165.19
-11799767.44,4655529.73,2178.99
-11799768.620000001,4655529.5,2167.8
-11799768.89,4655529.45,2165.28
-11799765.25,4655530.22,2181.05
-11799765.46,4655530.18,2179.02
-11799766.89,4655529.9,2165.26
-11799764.93,4655530.350000001,2165.31
-11799762.97,4655530.79,2165.19
-11799760.98,4655531.25,2165.11
-11799758.98,4655531.7,2165.19
-11799757.0,4655532.14,2165.17
-11799755.0,4655532.61,2165.17
-11799751.66,4655533.33,2179.51
-11799753.07,4655533.04,2165.07
-11799749.57,4655533.8,2181.01
-11799747.46,4655534.2700000005,2182.54
-11799745.82,4655534.66,2179.4
-11799745.93,4655534.63,2178.15
-11799746.07,4655534.61,2176.58
-11799747.15,4655534.39,2165.13
-11799743.790000001,4655535.12,2180.23
-11799744.11,4655535.0600000005,2176.78
-11799741.75,4655535.5600000005,2181.17
-11799743.23,4655535.3,2165.13
-11799740.1,4655535.97,2177.88
-11799740.3,4655535.93,2175.54
-11799741.26,4655535.74,2165.05
-11799737.88,4655536.47,2180.75
-11799738.21,4655536.4,2177.02
-11799739.28,4655536.21,2165.09
-11799737.290000001,4655536.65,2164.99
-11799737.06,4655534.7700000005,2174.88
-11799737.94,4655534.62,2165.04
-11799738.86,4655534.36,2176.69
-11799739.91,4655534.15,2165.08
-11799741.88,4655533.7,2165.05
-11799742.92,4655533.42,2174.82
-11799743.82,4655533.25,2164.99
-11799744.5,4655533.05,2179.19
-11799745.82,4655532.8,2165.04
-11799746.16,4655532.66,2182.55
-11799746.46,4655532.600000001,2179.52
-11799747.82,4655532.33,2165.09
-11799748.22,4655532.19,2181.79
-11799749.81,4655531.87,2165.11
-11799750.17,4655531.73,2181.72
-11799750.42,4655531.69,2179.08
-11799752.14,4655531.28,2181.55
-11799752.52,4655531.2,2177.65
-11799753.73,4655530.97,2165.15
-11799755.71,4655530.5,2165.19
-11799757.68,4655530.0600000005,2165.19
-11799759.67,4655529.600000001,2165.17
-11799761.620000001,4655529.15,2165.15
-11799763.58,4655528.7,2165.21
-11799765.53,4655528.25,2165.21
-11799767.53,4655527.78,2165.22
-11799769.53,4655527.32,2165.22
-11799771.48,4655526.88,2165.23
-11799773.47,4655526.41,2165.24
-11799775.43,4655525.96,2165.28
-11799776.16,4655525.76,2176.72
-11799777.42,4655525.51,2165.31
-11799777.97,4655525.33,2178.03
-11799778.18,4655525.29,2176.13
-11799779.38,4655525.05,2165.29
-11799779.89,4655524.89,2178.51
-11799781.370000001,4655524.59,2165.27
-11799781.57,4655524.5,2181.0
-11799783.34,4655524.15,2165.32
-11799783.38,4655524.0600000005,2182.26
-11799785.32,4655523.69,2165.4
-11799785.32,4655523.62,2182.54
-11799785.51,4655523.58,2180.86
-11799787.200000001,4655523.24,2166.21
-11799787.32,4655523.15,2182.11
-11799789.27,4655522.71,2182.1
-11799789.66,4655522.64,2178.78
-11799789.92,4655522.59,2176.61
-11799790.39,4655522.48,2172.58
-11799791.13,4655522.28,2182.78
-11799791.56,4655522.2,2179.1
-11799792.94,4655521.86,2184.03
-11799793.19,4655521.8100000005,2181.92
-11799793.41,4655521.75,2180.03
-11799793.75,4655521.7,2177.23
-11799795.02,4655521.39,2183.17
-11799797.42,4655520.850000001,2179.83
-11799799.61,4655520.34,2178.02
-11799801.42,4655519.92,2179.27
-11799801.59,4655519.89,2177.94
-11799803.59,4655519.42,2177.48
-11799803.88,4655519.37,2175.17
-11799805.96,4655518.9,2174.38
-11799806.57,4655518.7700000005,2169.48
-11799808.21,4655518.38,2172.15
-11799808.620000001,4655518.3,2168.9
-11799810.67,4655517.82,2168.22
-11799810.98,4655517.76,2165.75
-11799812.98,4655517.3100000005,2165.8
-11799814.700000001,4655516.9,2167.86
-11799814.950000001,4655516.850000001,2165.86
-11799816.49,4655516.47,2169.23
-11799816.65,4655516.45,2168.03
-11799818.84,4655515.95,2166.59
-11799820.88,4655515.46,2165.92
-11799822.81,4655515.0200000005,2165.96
-11799824.83,4655514.57,2165.98
-11799826.81,4655514.12,2166.05
-11799828.78,4655513.66,2166.1
-11799830.75,4655513.2,2166.11
-11799832.74,4655512.76,2166.1
-11799834.71,4655512.3,2166.21
-11799836.51,4655511.88,2167.56
-11799836.700000001,4655511.84,2166.19
-11799838.16,4655511.49,2169.88
-11799838.66,4655511.37,2166.32
-11799839.92,4655511.07,2171.26
-11799840.24,4655511.01,2168.99
-11799842.19,4655510.5600000005,2169.25
-11799844.200000001,4655510.08,2169.02
-11799846.23,4655509.63,2168.78
-11799846.6,4655509.55,2166.31
-11799848.56,4655509.100000001,2166.42
-11799850.27,4655508.7,2168.23
-11799850.57,4655508.62,2166.19
-11799852.23,4655508.23,2168.31
-11799852.55,4655508.18,2166.19
-11799854.290000001,4655507.78,2168.04
-11799854.56,4655507.72,2166.29
-11799856.58,4655507.25,2166.28
-11799858.59,4655506.79,2166.29
-11799858.14,4655505.93,2166.29
-11799856.200000001,4655506.37,2166.28
-11799854.21,4655506.84,2166.28
-11799851.77,4655507.38,2169.01
-11799852.18,4655507.3100000005,2166.25
-11799849.86,4655507.82,2168.61
-11799847.950000001,4655508.2700000005,2168.1
-11799848.21,4655508.21,2166.4
-11799845.88,4655508.73,2168.74
-11799846.22,4655508.67,2166.38
-11799843.86,4655509.2,2168.98
-11799841.81,4655509.67,2169.21
-11799839.49,4655510.19,2171.21
-11799839.82,4655510.13,2168.92
-11799837.540000001,4655510.64,2171.22
-11799835.57,4655511.08,2171.21
-11799836.27,4655510.95,2166.27
-11799834.31,4655511.41,2166.17
-11799832.370000001,4655511.850000001,2166.11
-11799830.38,4655512.29,2166.1
-11799828.39,4655512.75,2166.1
-11799826.42,4655513.21,2166.07
-11799824.450000001,4655513.65,2165.97
-11799822.43,4655514.11,2165.92
-11799820.43,4655514.58,2165.9
-11799817.97,4655515.12,2169.27
-11799818.43,4655515.04,2165.82
-11799816.02,4655515.58,2169.0
-11799816.28,4655515.51,2167.07
-11799816.43,4655515.5,2165.86
-11799814.28,4655515.97,2167.4
-11799814.48,4655515.94,2165.85
-11799812.49,4655516.4,2165.8
-11799810.24,4655516.9,2168.17
-11799810.56,4655516.850000001,2165.69
-11799808.15,4655517.37,2168.98
-11799805.46,4655517.98,2174.51
-11799803.08,4655518.5200000005,2177.88
-11799803.61,4655518.41,2173.63
-11799801.05,4655518.98,2178.47
-11799801.51,4655518.88,2174.73
-11799802.620000001,4655518.66,2165.8
-11799799.120000001,4655519.42,2178.02
-11799799.42,4655519.37,2175.53
-11799797.09,4655519.88,2178.38
-11799797.55,4655519.78,2174.61
-11799798.65,4655519.55,2165.59
-11799794.67,4655520.43,2182.27
-11799795.05,4655520.350000001,2179.03
-11799792.8,4655520.850000001,2181.58
-11799793.08,4655520.79,2179.31
-11799793.32,4655520.74,2177.22
-11799793.700000001,4655520.67,2173.99
-11799790.69,4655521.33,2182.9
-11799790.81,4655521.3100000005,2181.88
-11799791.08,4655521.24,2179.65
-11799789.0,4655521.74,2180.4
-11799787.09,4655522.17,2179.86
-11799784.9,4655522.67,2182.09
-11799785.01,4655522.64,2181.11
-11799785.32,4655522.58,2178.47
-11799786.72,4655522.3,2166.36
-11799783.01,4655523.100000001,2181.58
-11799784.89,4655522.73,2165.28
-11799781.64,4655523.43,2176.42
-11799782.02,4655523.350000001,2173.11
-11799782.13,4655523.34,2172.09
-11799782.27,4655523.3100000005,2170.83
-11799779.51,4655523.92,2177.88
-11799779.66,4655523.88,2176.58
-11799780.03,4655523.8100000005,2173.3
-11799780.27,4655523.76,2171.05
-11799777.52,4655524.38,2177.71
-11799778.9,4655524.09,2165.3
-11799775.620000001,4655524.8100000005,2176.92
-11799776.91,4655524.55,2165.29
-11799773.8,4655525.22,2176.13
-11799774.09,4655525.17,2173.42
-11799774.99,4655524.99,2165.27
-11799772.99,4655525.45,2165.25
-11799771.01,4655525.9,2165.23
-11799769.040000001,4655526.350000001,2165.24
-11799767.040000001,4655526.8,2165.21
-11799765.06,4655527.2700000005,2165.17
-11799763.1,4655527.71,2165.15
-11799761.14,4655528.17,2165.15
-11799759.14,4655528.63,2165.11
-11799757.16,4655529.07,2165.19
-11799755.200000001,4655529.53,2165.17
-11799753.26,4655529.98,2165.15
-11799749.92,4655530.69,2179.28
-11799751.290000001,4655530.42,2165.11
-11799747.72,4655531.18,2181.34
-11799749.26,4655530.89,2165.08
-11799745.67,4655531.66,2182.02
-11799745.81,4655531.62,2180.51
-11799747.26,4655531.34,2165.06
-11799745.33,4655531.79,2165.02
-11799743.35,4655532.24,2164.97
-11799740.040000001,4655532.95,2179.77
-11799741.38,4655532.68,2165.05
-11799738.36,4655533.36,2176.6
-11799739.4,4655533.14,2165.07
-11799737.44,4655533.59,2165.02
-11799737.13,4655531.88,2171.51
-11799737.3,4655531.86,2169.63
-11799737.71,4655531.76,2165.05
-11799738.08,4655531.63,2182.69
-11799740.07,4655531.17,2182.11
-11799740.25,4655531.13,2180.15
-11799743.61,4655530.4,2164.99
-11799745.57,4655529.96,2165.05
-11799747.57,4655529.49,2165.11
-11799749.540000001,4655529.0200000005,2165.15
-11799750.11,4655528.86,2179.4
-11799751.49,4655528.57,2165.19
-11799753.47,4655528.13,2165.19
-11799755.46,4655527.66,2165.17
-11799757.43,4655527.2,2165.17
-11799759.44,4655526.74,2165.15
-11799761.4,4655526.2700000005,2165.19
-11799763.33,4655525.83,2165.21
-11799765.31,4655525.37,2165.19
-11799767.31,4655524.92,2165.22
-11799769.28,4655524.47,2165.26
-11799770.19,4655524.22,2174.86
-11799771.22,4655524.01,2165.28
-11799772.1,4655523.7700000005,2175.23
-11799772.33,4655523.73,2173.15
-11799773.18,4655523.5600000005,2165.28
-11799773.96,4655523.34,2176.47
-11799775.18,4655523.09,2165.34
-11799775.97,4655522.88,2176.26
-11799777.200000001,4655522.62,2165.24
-11799777.78,4655522.45,2177.9
-11799777.93,4655522.42,2176.52
-11799779.49,4655522.05,2180.05
-11799780.14,4655521.9,2174.26
-11799780.51,4655521.84,2171.06
-11799781.14,4655521.72,2165.34
-11799781.67,4655521.55,2178.0
-11799782.23,4655521.44,2172.98
-11799783.0,4655521.22,2183.28
-11799784.93,4655520.78,2183.59
-11799785.200000001,4655520.73,2181.28
-11799787.040000001,4655520.3,2182.4
-11799787.35,4655520.22,2179.82
-11799787.59,4655520.16,2177.69
-11799788.01,4655520.09,2174.13
-11799789.06,4655519.83,2181.82
-11799790.790000001,4655519.42,2183.73
-11799791.01,4655519.38,2181.9
-11799793.24,4655518.87,2179.9
-11799793.63,4655518.79,2176.57
-11799795.32,4655518.38,2178.85
-11799796.96,4655518.0600000005,2165.44
-11799797.9,4655517.8,2173.86
-11799798.91,4655517.600000001,2165.54
-11799799.97,4655517.33,2173.06
-11799800.42,4655517.24,2169.4
-11799800.89,4655517.13,2165.61
-11799801.620000001,4655516.94,2175.84
-11799803.8,4655516.45,2174.21
-11799804.49,4655516.28,2168.77
-11799805.81,4655515.97,2173.88
-11799806.370000001,4655515.87,2169.47
-11799808.42,4655515.39,2168.88
-11799810.44,4655514.92,2168.26
-11799810.75,4655514.86,2165.78
-11799812.38,4655514.48,2168.42
-11799812.73,4655514.41,2165.82
-11799813.91,4655514.100000001,2171.94
-11799814.040000001,4655514.08,2170.94
-11799814.3,4655514.03,2168.96
-11799814.700000001,4655513.93,2165.88
-11799815.81,4655513.67,2172.33
-11799816.16,4655513.59,2169.72
-11799816.68,4655513.48,2165.78
-11799817.57,4655513.26,2173.92
-11799818.03,4655513.15,2170.51
-11799818.63,4655513.04,2165.92
-11799820.56,4655512.58,2166.22
-11799822.370000001,4655512.16,2167.51
-11799822.56,4655512.12,2166.01
-11799824.55,4655511.67,2166.06
-11799826.540000001,4655511.21,2166.09
-11799828.540000001,4655510.74,2166.13
-11799830.53,4655510.28,2166.19
-11799832.5,4655509.82,2166.21
-11799834.48,4655509.38,2166.19
-11799835.75,4655509.0600000005,2171.15
-11799836.450000001,4655508.92,2166.24
-11799837.69,4655508.61,2171.53
-11799838.08,4655508.53,2168.71
-11799839.98,4655508.09,2168.98
-11799841.92,4655507.64,2169.23
-11799843.97,4655507.17,2168.99
-11799846.02,4655506.69,2168.82
-11799846.38,4655506.62,2166.4
-11799848.120000001,4655506.19,2168.3
-11799848.4,4655506.13,2166.4
-11799849.92,4655505.78,2169.33
-11799850.36,4655505.69,2166.32
-11799852.01,4655505.3,2168.42
-11799852.33,4655505.24,2166.31
-11799854.31,4655504.79,2166.33
-11799850.620000001,4655504.51,2166.29
-11799848.35,4655505.0200000005,2167.92
-11799848.61,4655504.98,2166.25
-11799846.52,4655505.46,2166.88
-11799844.26,4655505.97,2168.88
-11799842.21,4655506.45,2169.23
-11799840.22,4655506.9,2169.08
-11799838.290000001,4655507.33,2168.79
-11799836.23,4655507.8100000005,2169.58
-11799836.71,4655507.71,2166.27
-11799834.57,4655508.2,2167.35
-11799832.76,4655508.63,2166.15
-11799830.790000001,4655509.0600000005,2166.15
-11799828.78,4655509.53,2166.34
-11799826.81,4655509.99,2166.13
-11799824.82,4655510.44,2166.11
-11799822.82,4655510.9,2166.08
-11799819.82,4655511.5600000005,2173.5
-11799820.09,4655511.51,2171.54
-11799820.82,4655511.36,2166.11
-11799817.790000001,4655512.03,2173.99
-11799818.13,4655511.97,2171.42
-11799815.38,4655512.57,2176.99
-11799815.700000001,4655512.51,2174.58
-11799815.99,4655512.45,2172.35
-11799816.26,4655512.4,2170.28
-11799813.71,4655512.96,2174.49
-11799814.03,4655512.9,2172.05
-11799812.19,4655513.3100000005,2171.25
-11799812.42,4655513.26,2169.48
-11799812.91,4655513.18,2165.76
-11799810.94,4655513.62,2165.78
-11799808.6,4655514.16,2168.61
-11799806.51,4655514.63,2169.51
-11799803.73,4655515.25,2176.09
-11799804.01,4655515.2,2173.76
-11799804.63,4655515.08,2168.96
-11799801.76,4655515.71,2176.1
-11799799.82,4655516.16,2175.67
-11799801.06,4655515.9,2165.65
-11799799.06,4655516.34,2165.5
-11799796.51,4655516.93,2170.42
-11799797.11,4655516.8,2165.49
-11799793.32,4655517.62,2180.67
-11799791.370000001,4655518.08,2180.38
-11799792.41,4655517.86,2171.71
-11799789.14,4655518.58,2182.63
-11799789.46,4655518.51,2179.86
-11799787.17,4655519.04,2182.92
-11799787.67,4655518.93,2178.61
-11799785.25,4655519.48,2182.71
-11799783.22,4655519.94,2183.21
-11799781.39,4655520.37,2182.06
-11799781.83,4655520.28,2178.13
-11799782.15,4655520.21,2175.36
-11799779.67,4655520.7700000005,2180.03
-11799779.93,4655520.72,2177.63
-11799777.75,4655521.21,2179.26
-11799775.75,4655521.68,2179.49
-11799774.17,4655522.04,2176.07
-11799772.15,4655522.51,2176.77
-11799772.42,4655522.46,2174.25
-11799770.33,4655522.91,2175.36
-11799771.4,4655522.71,2165.32
-11799768.3,4655523.39,2176.11
-11799769.44,4655523.16,2165.38
-11799766.450000001,4655523.82,2175.05
-11799767.47,4655523.61,2165.36
-11799765.51,4655524.07,2165.21
-11799763.52,4655524.53,2165.17
-11799761.51,4655524.99,2165.17
-11799759.540000001,4655525.43,2165.15
-11799757.59,4655525.89,2165.15
-11799755.64,4655526.33,2165.19
-11799753.64,4655526.78,2165.19
-11799751.66,4655527.24,2165.13
-11799749.69,4655527.71,2165.13
-11799747.700000001,4655528.16,2165.11
-11799744.91,4655528.7700000005,2173.99
-11799745.75,4655528.61,2165.07
-11799742.69,4655529.26,2176.98
-11799743.8,4655529.05,2165.06
-11799740.41,4655529.78,2180.49
-11799741.86,4655529.5,2164.82
-11799738.44,4655530.24,2180.76
-11799738.700000001,4655528.49,2182.07
-11799738.950000001,4655528.44,2179.28
-11799740.84,4655527.99,2180.06
-11799742.84,4655527.54,2179.67
-11799743.31,4655527.43,2174.57
-11799744.700000001,4655527.09,2180.19
-11799746.13,4655526.8100000005,2165.09
-11799748.08,4655526.36,2165.13
-11799750.05,4655525.91,2165.15
-11799752.0,4655525.45,2165.19
-11799754.0,4655524.99,2165.17
-11799756.0,4655524.51,2165.15
-11799757.99,4655524.0600000005,2165.13
-11799759.950000001,4655523.61,2165.15
-11799761.93,4655523.15,2165.21
-11799763.44,4655522.7700000005,2169.65
-11799763.9,4655522.69,2165.27
-11799765.39,4655522.33,2169.65
-11799765.82,4655522.25,2165.48
-11799766.64,4655522.0200000005,2176.67
-11799768.69,4655521.53,2176.27
-11799770.790000001,4655521.04,2174.65
-11799771.03,4655521.01,2172.5
-11799771.19,4655520.98,2171.03
-11799771.81,4655520.850000001,2165.29
-11799772.38,4655520.67,2177.77
-11799772.64,4655520.62,2175.42
-11799774.24,4655520.24,2178.99
-11799776.18,4655519.79,2179.38
-11799776.89,4655519.64,2172.9
-11799778.1,4655519.34,2179.67
-11799778.21,4655519.33,2178.67
-11799778.69,4655519.22,2174.46
-11799779.98,4655518.91,2180.26
-11799780.18,4655518.87,2178.54
-11799781.85,4655518.45,2181.02
-11799782.0,4655518.44,2179.71
-11799782.36,4655518.350000001,2176.53
-11799783.6,4655518.0600000005,2182.9
-11799783.88,4655518.0,2180.55
-11799784.0,4655517.96,2179.4
-11799785.67,4655517.57,2181.9
-11799785.91,4655517.53,2179.84
-11799786.09,4655517.5,2178.32
-11799787.43,4655517.16,2183.85
-11799787.84,4655517.08,2180.34
-11799789.53,4655516.66,2182.44
-11799791.61,4655516.21,2181.36
-11799792.49,4655516.0200000005,2174.11
-11799793.84,4655515.69,2179.44
-11799796.85,4655515.0200000005,2170.9
-11799797.51,4655514.87,2165.53
-11799798.44,4655514.64,2173.79
-11799799.450000001,4655514.41,2165.61
-11799800.49,4655514.17,2173.0
-11799800.71,4655514.12,2171.25
-11799801.39,4655513.97,2165.69
-11799802.1,4655513.78,2175.9
-11799804.1,4655513.33,2175.72
-11799804.92,4655513.15,2169.15
-11799806.89,4655512.68,2169.29
-11799808.96,4655512.22,2168.42
-11799811.290000001,4655511.67,2165.78
-11799812.13,4655511.45,2174.6
-11799812.34,4655511.41,2173.0
-11799813.700000001,4655511.09,2177.63
-11799814.06,4655511.0,2174.98
-11799814.42,4655510.94,2172.25
-11799814.76,4655510.86,2169.63
-11799815.51,4655510.66,2178.97
-11799815.82,4655510.59,2176.59
-11799816.17,4655510.53,2173.97
-11799817.74,4655510.15,2176.96
-11799817.96,4655510.11,2175.34
-11799818.4,4655510.01,2171.94
-11799818.61,4655509.97,2170.46
-11799820.48,4655509.53,2171.13
-11799820.84,4655509.46,2168.49
-11799821.18,4655509.39,2165.97
-11799823.13,4655508.92,2166.1
-11799825.14,4655508.47,2166.13
-11799827.13,4655508.01,2166.15
-11799829.1,4655507.55,2166.17
-11799831.08,4655507.09,2166.19
-11799833.05,4655506.62,2166.21
-11799835.03,4655506.18,2166.29
-11799837.03,4655505.71,2166.25
-11799839.02,4655505.25,2166.25
-11799840.98,4655504.78,2166.28
-11799836.8,4655504.63,2166.3
-11799834.76,4655505.100000001,2166.4
-11799832.77,4655505.5600000005,2166.27
-11799830.71,4655506.03,2166.9
-11799828.8,4655506.48,2166.19
-11799826.35,4655507.04,2169.25
-11799824.34,4655507.5,2169.22
-11799822.16,4655508.0,2170.9
-11799822.42,4655507.94,2169.07
-11799822.81,4655507.86,2166.15
-11799819.63,4655508.5600000005,2174.81
-11799819.91,4655508.51,2172.69
-11799820.120000001,4655508.47,2171.11
-11799820.8,4655508.3100000005,2166.04
-11799816.96,4655509.17,2179.67
-11799817.27,4655509.09,2177.36
-11799817.65,4655509.0200000005,2174.54
-11799817.8,4655508.98,2173.34
-11799815.0,4655509.600000001,2179.57
-11799815.6,4655509.49,2175.08
-11799813.120000001,4655510.05,2178.81
-11799813.24,4655510.03,2177.86
-11799813.69,4655509.94,2174.42
-11799813.83,4655509.91,2173.36
-11799811.74,4655510.38,2174.23
-11799811.89,4655510.350000001,2173.11
-11799812.120000001,4655510.3,2171.28
-11799812.82,4655510.16,2165.92
-11799810.17,4655510.76,2170.92
-11799810.49,4655510.69,2168.47
-11799810.84,4655510.61,2165.81
-11799808.48,4655511.15,2168.54
-11799808.82,4655511.08,2165.79
-11799806.36,4655511.62,2169.36
-11799806.81,4655511.54,2165.81
-11799804.4,4655512.09,2169.05
-11799804.82,4655512.01,2165.76
-11799801.84,4655512.67,2173.88
-11799802.540000001,4655512.5200000005,2168.27
-11799802.85,4655512.45,2165.78
-11799799.9,4655513.11,2173.42
-11799800.870000001,4655512.91,2165.65
-11799797.8,4655513.59,2173.94
-11799798.81,4655513.38,2165.69
-11799795.74,4655514.07,2174.34
-11799796.82,4655513.850000001,2165.49
-11799793.23,4655514.64,2179.1
-11799791.06,4655515.13,2180.94
-11799791.28,4655515.08,2179.17
-11799791.53,4655515.03,2177.04
-11799792.93,4655514.74,2165.32
-11799788.83,4655515.63,2183.07
-11799786.9,4655516.09,2182.69
-11799785.21,4655516.48,2180.04
-11799785.63,4655516.39,2176.38
-11799783.18,4655516.95,2180.5
-11799781.1,4655517.42,2181.42
-11799779.35,4655517.83,2179.59
-11799779.89,4655517.72,2174.79
-11799777.24,4655518.3,2180.92
-11799775.24,4655518.78,2180.88
-11799773.56,4655519.17,2178.08
-11799771.700000001,4655519.600000001,2177.29
-11799771.870000001,4655519.5600000005,2175.72
-11799772.03,4655519.5200000005,2174.28
-11799773.01,4655519.33,2165.23
-11799769.78,4655520.04,2176.59
-11799767.91,4655520.48,2175.52
-11799769.02,4655520.25,2165.21
-11799765.86,4655520.95,2176.26
-11799764.370000001,4655521.3,2171.86
-11799764.59,4655521.26,2169.86
-11799764.68,4655521.25,2169.0
-11799765.06,4655521.15,2165.32
-11799762.38,4655521.76,2172.22
-11799762.6,4655521.72,2170.06
-11799763.1,4655521.62,2165.38
-11799761.11,4655522.08,2165.31
-11799759.11,4655522.54,2165.21
-11799757.15,4655522.99,2165.13
-11799755.15,4655523.45,2165.17
-11799753.16,4655523.9,2165.19
-11799751.17,4655524.36,2165.19
-11799749.17,4655524.83,2165.15
-11799747.18,4655525.28,2165.11
-11799743.68,4655526.04,2181.32
-11799745.21,4655525.74,2165.05
-11799741.9,4655526.47,2179.71
-11799742.13,4655526.42,2177.34
-11799743.27,4655526.19,2165.0
-11799739.97,4655526.91,2179.19
-11799740.200000001,4655526.86,2176.65
-11799740.48,4655526.8100000005,2173.6
-11799738.02,4655527.36,2178.98
-11799738.18,4655525.5600000005,2179.11
-11799740.65,4655525.0,2173.24
-11799741.42,4655524.83,2165.01
-11799743.38,4655524.39,2165.05
-11799745.38,4655523.92,2165.1
-11799747.370000001,4655523.46,2165.13
-11799749.33,4655523.0,2165.15
-11799751.290000001,4655522.53,2165.21
-11799753.25,4655522.09,2165.21
-11799755.22,4655521.63,2165.15
-11799757.24,4655521.16,2165.17
-11799759.19,4655520.72,2165.25
-11799760.32,4655520.41,2173.24
-11799761.13,4655520.26,2165.38
-11799762.200000001,4655519.99,2173.9
-11799763.85,4655519.59,2176.79
-11799764.040000001,4655519.55,2174.97
-11799766.13,4655519.0600000005,2173.79
-11799767.71,4655518.7,2177.28
-11799769.84,4655518.2,2175.88
-11799769.98,4655518.16,2174.59
-11799771.85,4655517.72,2175.69
-11799772.38,4655517.62,2170.96
-11799772.99,4655517.49,2165.32
-11799773.700000001,4655517.3,2176.92
-11799773.83,4655517.26,2175.74
-11799775.450000001,4655516.9,2178.83
-11799777.47,4655516.42,2178.1
-11799777.78,4655516.36,2175.42
-11799778.02,4655516.3,2173.25
-11799779.65,4655515.91,2176.17
-11799779.97,4655515.86,2173.33
-11799780.94,4655515.600000001,2182.11
-11799781.21,4655515.55,2179.79
-11799781.69,4655515.44,2175.61
-11799782.9,4655515.13,2182.19
-11799783.03,4655515.12,2181.02
-11799785.040000001,4655514.65,2180.8
-11799785.28,4655514.61,2178.74
-11799785.97,4655514.46,2172.78
-11799786.84,4655514.28,2165.36
-11799787.28,4655514.12,2178.32
-11799788.8,4655513.83,2165.42
-11799789.24,4655513.68,2178.32
-11799789.4,4655513.65,2176.94
-11799789.55,4655513.63,2175.69
-11799790.76,4655513.37,2165.48
-11799791.39,4655513.19,2176.92
-11799793.31,4655512.72,2177.25
-11799795.48,4655512.24,2175.67
-11799796.71,4655511.98,2165.46
-11799798.0,4655511.66,2170.94
-11799798.66,4655511.54,2165.57
-11799799.63,4655511.28,2173.72
-11799800.43,4655511.100000001,2167.17
-11799800.65,4655511.07,2165.42
-11799802.34,4655510.65,2167.72
-11799804.38,4655510.19,2167.34
-11799804.58,4655510.14,2165.78
-11799806.57,4655509.69,2165.83
-11799808.57,4655509.22,2165.8
-11799809.99,4655508.89,2170.13
-11799810.55,4655508.7700000005,2165.82
-11799811.57,4655508.51,2173.29
-11799811.88,4655508.44,2170.83
-11799812.52,4655508.3,2165.9
-11799812.75,4655508.22,2179.28
-11799813.120000001,4655508.12,2176.5
-11799813.290000001,4655508.11,2175.22
-11799814.61,4655507.79,2180.15
-11799814.81,4655507.73,2178.61
-11799815.290000001,4655507.62,2175.01
-11799816.67,4655507.29,2179.1
-11799816.9,4655507.26,2177.44
-11799817.66,4655507.100000001,2171.79
-11799819.34,4655506.7,2173.97
-11799819.620000001,4655506.64,2171.81
-11799819.870000001,4655506.59,2169.99
-11799821.73,4655506.16,2170.88
-11799823.89,4655505.66,2169.61
-11799825.86,4655505.2,2169.65
-11799827.82,4655504.74,2169.74
-11799821.33,4655505.19,2170.81
-11799819.47,4655505.62,2169.97
-11799816.51,4655506.28,2177.06
-11799817.03,4655506.16,2173.17
-11799814.290000001,4655506.78,2178.92
-11799814.52,4655506.72,2177.19
-11799814.84,4655506.67,2174.8
-11799815.99,4655506.42,2166.13
-11799812.65,4655507.17,2176.82
-11799812.870000001,4655507.11,2175.19
-11799811.02,4655507.5600000005,2174.31
-11799811.24,4655507.5,2172.65
-11799812.120000001,4655507.33,2165.86
-11799810.120000001,4655507.78,2165.79
-11799808.1,4655508.25,2165.82
-11799806.11,4655508.71,2165.82
-11799803.96,4655509.18,2167.42
-11799804.17,4655509.16,2165.78
-11799801.96,4655509.66,2167.56
-11799802.22,4655509.61,2165.54
-11799800.05,4655510.09,2167.3
-11799800.27,4655510.0600000005,2165.53
-11799797.200000001,4655510.75,2174.36
-11799797.63,4655510.65,2170.85
-11799798.290000001,4655510.5200000005,2165.46
-11799795.06,4655511.23,2175.74
-11799796.3,4655510.97,2165.5
-11799792.93,4655511.72,2177.21
-11799790.89,4655512.19,2177.53
-11799791.09,4655512.15,2175.78
-11799788.99,4655512.63,2177.06
-11799786.81,4655513.12,2178.61
-11799787.47,4655512.99,2172.96
-11799788.35,4655512.8,2165.42
-11799785.4,4655513.45,2173.86
-11799785.540000001,4655513.44,2172.65
-11799785.77,4655513.4,2170.73
-11799786.38,4655513.26,2165.4
-11799782.68,4655514.07,2180.69
-11799780.66,4655514.54,2181.42
-11799781.31,4655514.41,2175.74
-11799779.46,4655514.84,2174.63
-11799779.67,4655514.8,2172.83
-11799779.93,4655514.74,2170.42
-11799777.32,4655515.32,2175.96
-11799777.78,4655515.23,2171.97
-11799775.13,4655515.83,2177.75
-11799775.41,4655515.75,2175.23
-11799773.26,4655516.25,2177.19
-11799773.56,4655516.2,2174.38
-11799773.89,4655516.13,2171.35
-11799771.47,4655516.68,2175.44
-11799771.65,4655516.64,2173.92
-11799771.92,4655516.59,2171.38
-11799772.58,4655516.45,2165.32
-11799769.52,4655517.13,2175.42
-11799769.790000001,4655517.07,2172.92
-11799770.05,4655517.0200000005,2170.52
-11799770.620000001,4655516.91,2165.29
-11799767.370000001,4655517.62,2176.9
-11799767.51,4655517.600000001,2175.61
-11799765.370000001,4655518.08,2177.08
-11799765.6,4655518.04,2174.9
-11799765.73,4655518.01,2173.69
-11799763.41,4655518.54,2177.1
-11799763.59,4655518.5,2175.4
-11799761.88,4655518.89,2173.07
-11799762.36,4655518.8100000005,2168.42
-11799762.69,4655518.74,2165.28
-11799760.25,4655519.28,2169.79
-11799760.71,4655519.2,2165.33
-11799758.76,4655519.64,2165.23
-11799756.81,4655520.100000001,2165.17
-11799754.83,4655520.54,2165.13
-11799752.86,4655521.0,2165.17
-11799750.88,4655521.46,2165.17
-11799748.88,4655521.92,2165.17
-11799746.9,4655522.39,2165.11
-11799744.93,4655522.82,2165.08
-11799742.22,4655523.44,2173.33
-11799743.0,4655523.26,2165.0
-11799740.07,4655523.94,2175.52
-11799740.3,4655523.88,2172.97
-11799741.05,4655523.73,2164.9
-11799737.81,4655524.45,2178.61
-11799738.74,4655522.5200000005,2177.69
-11799739.03,4655522.45,2174.57
-11799739.09,4655522.45,2173.77
-11799740.76,4655522.04,2177.33
-11799741.22,4655521.95,2172.46
-11799743.13,4655521.51,2173.29
-11799743.91,4655521.33,2165.09
-11799745.88,4655520.89,2165.13
-11799747.81,4655520.43,2165.13
-11799749.77,4655519.97,2165.19
-11799751.76,4655519.51,2165.19
-11799753.71,4655519.0600000005,2165.15
-11799755.68,4655518.59,2165.13
-11799757.66,4655518.14,2165.19
-11799759.63,4655517.68,2165.25
-11799760.55,4655517.43,2175.22
-11799760.74,4655517.39,2173.3
-11799762.370000001,4655517.0,2176.76
-11799764.36,4655516.54,2176.94
-11799766.290000001,4655516.08,2176.94
-11799767.56,4655515.83,2165.19
-11799768.4,4655515.600000001,2175.36
-11799768.61,4655515.5600000005,2173.35
-11799769.48,4655515.38,2165.36
-11799770.55,4655515.100000001,2173.92
-11799771.48,4655514.91,2165.33
-11799772.68,4655514.600000001,2172.61
-11799773.47,4655514.45,2165.36
-11799774.41,4655514.2,2174.61
-11799775.44,4655513.98,2165.33
-11799777.44,4655513.53,2165.33
-11799778.55,4655513.24,2173.04
-11799779.42,4655513.0600000005,2165.34
-11799780.17,4655512.86,2176.07
-11799782.17,4655512.4,2175.86
-11799782.36,4655512.36,2174.15
-11799783.38,4655512.14,2165.32
-11799784.13,4655511.94,2175.82
-11799784.44,4655511.86,2173.13
-11799786.4,4655511.42,2173.09
-11799787.3,4655511.23,2165.4
-11799788.02,4655511.01,2175.8
-11799788.16,4655511.0,2174.65
-11799789.24,4655510.7700000005,2165.48
-11799789.91,4655510.57,2176.51
-11799790.11,4655510.54,2174.97
-11799791.23,4655510.3100000005,2165.55
-11799792.09,4655510.08,2175.04
-11799792.47,4655510.0,2171.86
-11799793.25,4655509.84,2165.47
-11799793.93,4655509.65,2175.79
-11799795.19,4655509.38,2165.49
-11799796.09,4655509.15,2173.98
-11799797.13,4655508.93,2165.51
-11799799.16,4655508.44,2165.54
-11799801.15,4655507.98,2165.57
-11799802.68,4655507.62,2168.97
-11799803.07,4655507.54,2165.86
-11799804.67,4655507.15,2168.94
-11799805.05,4655507.08,2165.88
-11799806.65,4655506.71,2168.92
-11799807.040000001,4655506.62,2165.9
-11799808.67,4655506.23,2168.65
-11799809.02,4655506.14,2165.84
-11799810.99,4655505.7,2165.84
-11799812.120000001,4655505.41,2172.36
-11799812.59,4655505.32,2168.72
-11799812.950000001,4655505.24,2165.98
-11799813.71,4655505.04,2175.38
-11799813.870000001,4655505.01,2174.29
-11799814.290000001,4655504.9,2171.1
-11799809.34,4655505.0600000005,2165.8
-11799806.99,4655505.600000001,2168.65
-11799805.01,4655506.0600000005,2168.72
-11799803.040000001,4655506.51,2168.81
-11799801.47,4655506.89,2165.6
-11799799.5,4655507.350000001,2165.52
-11799797.55,4655507.79,2165.5
-11799794.31,4655508.5200000005,2175.86
-11799794.59,4655508.47,2173.57
-11799794.85,4655508.41,2171.47
-11799795.59,4655508.25,2165.44
-11799792.34,4655508.98,2175.9
-11799793.6,4655508.71,2165.47
-11799790.27,4655509.45,2176.75
-11799788.42,4655509.88,2175.72
-11799786.68,4655510.28,2173.69
-11799786.92,4655510.23,2171.61
-11799784.49,4655510.79,2175.6
-11799785.67,4655510.55,2165.47
-11799782.49,4655511.24,2176.11
-11799782.82,4655511.18,2173.15
-11799783.72,4655511.0,2165.38
-11799780.63,4655511.68,2174.99
-11799781.01,4655511.62,2171.61
-11799778.61,4655512.15,2175.36
-11799779.74,4655511.91,2165.38
-11799777.77,4655512.38,2165.36
-11799775.8,4655512.84,2165.33
-11799773.85,4655513.28,2165.33
-11799770.6,4655514.01,2176.72
-11799771.86,4655513.74,2165.27
-11799768.73,4655514.43,2175.63
-11799768.92,4655514.4,2173.86
-11799769.84,4655514.21,2165.4
-11799766.57,4655514.94,2177.34
-11799764.82,4655515.36,2175.76
-11799765.93,4655515.13,2165.32
-11799762.75,4655515.83,2176.99
-11799762.98,4655515.7700000005,2174.73
-11799763.28,4655515.72,2171.94
-11799760.92,4655516.26,2175.8
-11799759.3,4655516.62,2172.42
-11799760.040000001,4655516.49,2165.27
-11799756.93,4655517.17,2176.22
-11799758.05,4655516.94,2165.23
-11799756.08,4655517.4,2165.19
-11799754.15,4655517.850000001,2165.15
-11799752.19,4655518.3,2165.17
-11799750.19,4655518.7700000005,2165.19
-11799748.19,4655519.23,2165.15
-11799746.22,4655519.69,2165.15
-11799742.92,4655520.42,2179.47
-11799743.09,4655520.38,2177.58
-11799744.28,4655520.13,2165.04
-11799740.85,4655520.89,2180.53
-11799741.13,4655520.82,2177.59
-11799739.09,4655521.3100000005,2178.67
-11799739.32,4655521.25,2176.13
-11799737.27,4655520.2700000005,2165.03
-11799738.11,4655520.03,2177.69
-11799738.42,4655519.98,2174.28
-11799739.91,4655519.62,2179.44
-11799741.700000001,4655519.19,2181.19
-11799743.700000001,4655518.72,2180.47
-11799745.17,4655518.43,2165.11
-11799747.120000001,4655517.97,2165.17
-11799749.1,4655517.5,2165.17
-11799751.1,4655517.03,2165.21
-11799753.09,4655516.58,2165.26
-11799754.35,4655516.25,2172.22
-11799754.950000001,4655516.13,2166.29
-11799755.07,4655516.12,2165.23
-11799756.16,4655515.84,2173.75
-11799757.03,4655515.66,2165.23
-11799757.82,4655515.43,2176.65
-11799758.040000001,4655515.39,2174.51
-11799758.99,4655515.18,2165.21
-11799760.05,4655514.92,2174.13
-11799760.97,4655514.73,2165.31
-11799761.82,4655514.5,2175.99
-11799763.73,4655514.0600000005,2176.67
-11799764.93,4655513.8,2165.35
-11799765.68,4655513.600000001,2176.88
-11799766.92,4655513.33,2165.38
-11799767.69,4655513.13,2176.52
-11799767.88,4655513.09,2174.71
-11799769.72,4655512.66,2175.77
-11799770.84,4655512.43,2165.42
-11799771.57,4655512.23,2176.86
-11799771.73,4655512.19,2175.32
-11799772.01,4655512.14,2172.73
-11799772.83,4655511.96,2165.36
-11799774.83,4655511.5,2165.4
-11799775.73,4655511.26,2174.81
-11799776.790000001,4655511.03,2165.36
-11799778.76,4655510.58,2165.38
-11799779.73,4655510.3100000005,2174.22
-11799780.27,4655510.21,2169.52
-11799781.78,4655509.850000001,2173.58
-11799782.290000001,4655509.74,2169.15
-11799783.49,4655509.45,2176.01
-11799785.64,4655508.95,2174.1
-11799785.81,4655508.91,2172.67
-11799786.25,4655508.8100000005,2168.98
-11799787.43,4655508.5200000005,2175.35
-11799787.71,4655508.45,2172.99
-11799788.18,4655508.37,2169.02
-11799789.58,4655508.03,2174.13
-11799789.82,4655507.98,2172.08
-11799790.19,4655507.9,2168.92
-11799791.31,4655507.62,2176.13
-11799791.53,4655507.5600000005,2174.31
-11799791.69,4655507.54,2172.94
-11799792.200000001,4655507.43,2168.74
-11799793.39,4655507.13,2175.23
-11799793.53,4655507.11,2174.06
-11799793.8,4655507.05,2171.88
-11799794.17,4655506.97,2168.8
-11799796.13,4655506.51,2168.9
-11799796.540000001,4655506.42,2165.53
-11799798.1,4655506.04,2168.88
-11799798.51,4655505.96,2165.57
-11799800.08,4655505.58,2168.9
-11799800.51,4655505.5,2165.51
-11799802.07,4655505.13,2168.83
-11799797.19,4655505.26,2168.94
-11799795.25,4655505.7,2168.96
-11799792.700000001,4655506.2700000005,2173.63
-11799793.28,4655506.17,2168.97
-11799790.58,4655506.7700000005,2175.01
-11799791.3,4655506.63,2168.94
-11799788.59,4655507.24,2175.22
-11799789.33,4655507.09,2168.98
-11799786.61,4655507.69,2175.03
-11799787.33,4655507.54,2169.0
-11799784.870000001,4655508.11,2173.1
-11799785.36,4655508.0,2168.92
-11799782.66,4655508.61,2175.54
-11799780.94,4655509.01,2173.49
-11799781.44,4655508.92,2169.15
-11799779.39,4655509.39,2169.63
-11799776.83,4655509.97,2174.55
-11799777.07,4655509.91,2172.35
-11799777.86,4655509.74,2165.34
-11799774.84,4655510.41,2174.6
-11799775.86,4655510.22,2165.44
-11799773.9,4655510.67,2165.42
-11799770.700000001,4655511.37,2176.73
-11799770.92,4655511.34,2174.77
-11799771.950000001,4655511.12,2165.36
-11799768.870000001,4655511.8100000005,2175.52
-11799769.07,4655511.76,2173.57
-11799769.96,4655511.58,2165.42
-11799766.81,4655512.28,2176.26
-11799764.89,4655512.74,2175.98
-11799766.01,4655512.48,2165.42
-11799762.99,4655513.18,2175.63
-11799764.08,4655512.95,2165.32
-11799761.040000001,4655513.63,2175.46
-11799759.18,4655514.0600000005,2174.54
-11799760.14,4655513.87,2165.27
-11799757.040000001,4655514.5600000005,2175.99
-11799757.16,4655514.53,2174.83
-11799754.93,4655515.04,2177.51
-11799755.040000001,4655515.01,2176.36
-11799755.28,4655514.97,2173.94
-11799755.44,4655514.93,2172.46
-11799753.05,4655515.49,2176.88
-11799753.27,4655515.43,2174.73
-11799750.99,4655515.96,2177.65
-11799752.24,4655515.69,2165.15
-11799750.27,4655516.16,2165.17
-11799748.290000001,4655516.61,2165.17
-11799746.3,4655517.07,2165.17
-11799742.94,4655517.8100000005,2179.86
-11799740.950000001,4655518.28,2180.51
-11799741.26,4655518.2,2177.31
-11799739.18,4655518.7,2178.57
-11799739.58,4655518.62,2174.38
-11799737.23,4655519.15,2178.15
-11799738.450000001,4655518.9,2164.96
-11799737.370000001,4655517.58,2164.88
-11799738.11,4655517.37,2178.44
-11799738.23,4655517.33,2177.04
-11799739.9,4655516.94,2180.07
-11799740.21,4655516.88,2176.75
-11799741.88,4655516.48,2179.73
-11799742.35,4655516.38,2174.8
-11799743.27,4655516.19,2165.13
-11799745.27,4655515.72,2165.17
-11799747.22,4655515.28,2165.22
-11799749.19,4655514.8100000005,2165.19
-11799749.870000001,4655514.62,2178.36
-11799750.17,4655514.55,2175.24
-11799751.17,4655514.350000001,2165.22
-11799751.88,4655514.14,2177.94
-11799753.99,4655513.65,2176.32
-11799754.5,4655513.55,2171.26
-11799756.040000001,4655513.18,2175.55
-11799758.08,4655512.7,2174.9
-11799759.06,4655512.5,2165.34
-11799759.870000001,4655512.28,2176.58
-11799760.01,4655512.25,2175.34
-11799762.1,4655511.7700000005,2174.4
-11799763.040000001,4655511.55,2165.4
-11799764.11,4655511.3,2174.06
-11799764.39,4655511.22,2171.38
-11799765.03,4655511.11,2165.44
-11799765.69,4655510.92,2177.4
-11799766.3,4655510.78,2171.76
-11799768.35,4655510.32,2171.13
-11799768.96,4655510.18,2165.48
-11799769.8,4655509.95,2176.0
-11799770.08,4655509.9,2173.36
-11799770.950000001,4655509.71,2165.52
-11799771.47,4655509.5600000005,2178.69
-11799772.93,4655509.25,2165.48
-11799773.69,4655509.04,2176.56
-11799773.91,4655509.0,2174.67
-11799774.93,4655508.78,2165.52
-11799775.59,4655508.61,2176.92
-11799775.94,4655508.53,2173.69
-11799777.73,4655508.11,2174.96
-11799778.06,4655508.03,2172.06
-11799778.38,4655507.98,2169.33
-11799780.4,4655507.49,2169.13
-11799781.84,4655507.13,2173.98
-11799782.42,4655507.0200000005,2169.11
-11799784.42,4655506.5600000005,2169.1
-11799786.39,4655506.09,2169.11
-11799787.91,4655505.73,2172.88
-11799788.35,4655505.64,2169.13
-11799790.3,4655505.17,2169.07
-11799786.1,4655505.26,2169.15
-11799784.11,4655505.75,2169.15
-11799782.15,4655506.2,2169.13
-11799780.200000001,4655506.65,2169.13
-11799777.53,4655507.25,2175.31
-11799775.31,4655507.7700000005,2177.38
-11799775.72,4655507.68,2173.72
-11799773.41,4655508.21,2176.72
-11799773.68,4655508.16,2174.35
-11799774.67,4655507.95,2165.46
-11799771.26,4655508.71,2178.61
-11799769.46,4655509.12,2177.44
-11799769.74,4655509.07,2174.88
-11799768.0,4655509.47,2172.63
-11799768.77,4655509.32,2165.49
-11799765.55,4655510.04,2177.19
-11799766.19,4655509.9,2171.26
-11799766.83,4655509.78,2165.36
-11799763.74,4655510.47,2176.0
-11799764.86,4655510.23,2165.47
-11799761.83,4655510.91,2175.53
-11799762.14,4655510.850000001,2172.54
-11799762.88,4655510.7,2165.54
-11799759.75,4655511.39,2176.38
-11799757.83,4655511.83,2175.65
-11799757.97,4655511.82,2174.38
-11799755.88,4655512.3,2175.63
-11799753.8,4655512.7700000005,2177.01
-11799751.75,4655513.26,2177.96
-11799751.88,4655513.23,2176.69
-11799749.790000001,4655513.71,2177.96
-11799749.94,4655513.67,2176.38
-11799751.05,4655513.44,2165.19
-11799749.08,4655513.9,2165.19
-11799747.1,4655514.37,2165.19
-11799745.17,4655514.8,2165.21
-11799743.18,4655515.29,2165.13
-11799740.4,4655515.91,2173.75
-11799741.21,4655515.74,2165.08
-11799738.120000001,4655516.43,2177.21
-11799739.24,4655516.2,2165.03
-11799737.28,4655516.64,2165.01
-11799738.05,4655514.88,2165.07
-11799740.040000001,4655514.42,2165.11
-11799742.040000001,4655513.96,2165.13
-11799744.03,4655513.49,2165.19
-11799745.99,4655513.0200000005,2165.22
-11799747.98,4655512.57,2165.19
-11799749.950000001,4655512.11,2165.19
-11799750.65,4655511.91,2177.94
-11799750.82,4655511.88,2176.28
-11799751.21,4655511.79,2172.29
-11799752.64,4655511.44,2177.69
-11799752.790000001,4655511.4,2176.27
-11799752.96,4655511.38,2174.58
-11799755.23,4655510.84,2171.54
-11799756.950000001,4655510.44,2173.86
-11799757.09,4655510.41,2172.4
-11799758.85,4655510.0,2174.25
-11799761.09,4655509.49,2171.59
-11799761.790000001,4655509.32,2164.83
-11799762.69,4655509.100000001,2175.32
-11799763.0,4655509.03,2172.35
-11799764.48,4655508.65,2177.17
-11799765.73,4655508.41,2165.47
-11799766.32,4655508.24,2178.36
-11799767.700000001,4655507.93,2165.59
-11799768.290000001,4655507.7700000005,2178.36
-11799768.9,4655507.64,2172.84
-11799769.69,4655507.48,2165.58
-11799770.16,4655507.33,2179.19
-11799772.18,4655506.850000001,2178.72
-11799774.13,4655506.41,2178.85
-11799776.63,4655505.83,2174.19
-11799777.19,4655505.71,2169.27
-11799779.17,4655505.24,2169.24
-11799774.16,4655505.51,2178.88
-11799774.790000001,4655505.37,2173.38
-11799772.25,4655505.95,2178.46
-11799770.26,4655506.42,2179.13
-11799768.51,4655506.83,2177.25
-11799768.620000001,4655506.8100000005,2176.13
-11799768.99,4655506.73,2172.76
-11799769.78,4655506.57,2165.55
-11799766.35,4655507.34,2178.5
-11799766.76,4655507.24,2174.77
-11799767.75,4655507.04,2165.6
-11799764.450000001,4655507.7700000005,2177.81
-11799765.78,4655507.5,2165.47
-11799762.73,4655508.18,2175.73
-11799761.92,4655508.4,2164.77
-11799759.05,4655509.03,2173.26
-11799757.27,4655509.46,2171.83
-11799757.93,4655509.3100000005,2165.33
-11799755.01,4655509.99,2174.86
-11799755.23,4655509.93,2172.65
-11799752.8,4655510.5,2177.63
-11799753.26,4655510.4,2173.07
-11799750.83,4655510.94,2177.74
-11799751.59,4655510.79,2170.27
-11799752.1,4655510.69,2165.17
-11799748.82,4655511.41,2177.77
-11799750.07,4655511.16,2165.19
-11799748.11,4655511.61,2165.21
-11799746.15,4655512.0600000005,2165.19
-11799744.15,4655512.54,2165.19
-11799742.21,4655513.0,2165.15
-11799740.25,4655513.46,2165.08
-11799738.290000001,4655513.92,2165.11
-11799737.13,4655512.9,2165.06
-11799739.1,4655512.43,2165.13
-11799741.06,4655511.96,2165.13
-11799743.02,4655511.5,2165.17
-11799745.0,4655511.05,2165.21
-11799746.99,4655510.59,2165.22
-11799748.950000001,4655510.11,2165.21
-11799749.81,4655509.89,2176.69
-11799750.96,4655509.65,2165.21
-11799751.790000001,4655509.42,2176.79
-11799752.02,4655509.38,2174.55
-11799753.98,4655508.91,2174.4
-11799755.700000001,4655508.51,2176.61
-11799755.89,4655508.46,2174.76
-11799756.07,4655508.42,2173.05
-11799757.74,4655508.0200000005,2175.63
-11799759.700000001,4655507.5600000005,2175.72
-11799759.9,4655507.5200000005,2173.75
-11799761.620000001,4655507.12,2176.36
-11799761.8,4655507.08,2174.65
-11799762.77,4655506.88,2165.56
-11799763.5,4655506.66,2177.23
-11799763.74,4655506.62,2175.04
-11799765.47,4655506.21,2177.33
-11799767.290000001,4655505.78,2178.58
-11799769.18,4655505.33,2178.94
-11799764.61,4655505.42,2177.69
-11799762.63,4655505.88,2177.61
-11799760.81,4655506.3,2176.42
-11799760.950000001,4655506.28,2175.15
-11799761.09,4655506.25,2173.82
-11799761.98,4655506.0600000005,2165.44
-11799758.92,4655506.74,2175.79
-11799756.9,4655507.22,2176.42
-11799757.13,4655507.18,2174.23
-11799757.27,4655507.15,2172.78
-11799755.040000001,4655507.67,2175.31
-11799755.49,4655507.57,2170.86
-11799753.24,4655508.08,2173.59
-11799754.08,4655507.92,2165.33
-11799751.27,4655508.55,2173.76
-11799751.700000001,4655508.46,2169.36
-11799752.120000001,4655508.36,2165.22
-11799748.98,4655509.08,2177.36
-11799750.19,4655508.8100000005,2165.17
-11799748.21,4655509.28,2165.19
-11799746.22,4655509.75,2165.21
-11799744.25,4655510.21,2165.22
-11799742.26,4655510.67,2165.17
-11799740.290000001,4655511.14,2165.15
-11799738.32,4655511.59,2165.09
-11799737.23,4655510.53,2165.11
-11799739.23,4655510.0600000005,2165.13
-11799741.200000001,4655509.600000001,2165.19
-11799743.16,4655509.13,2165.21
-11799745.15,4655508.67,2165.23
-11799747.08,4655508.2,2165.23
-11799749.05,4655507.74,2165.17
-11799750.22,4655507.45,2173.42
-11799750.36,4655507.42,2172.1
-11799750.67,4655507.350000001,2169.05
-11799751.9,4655507.03,2176.63
-11799752.03,4655507.0200000005,2175.29
-11799753.8,4655506.600000001,2177.26
-11799754.3,4655506.49,2172.44
-11799755.01,4655506.350000001,2165.42
-11799755.6,4655506.17,2178.61
-11799755.74,4655506.13,2177.31
-11799755.870000001,4655506.12,2176.0
-11799757.88,4655505.65,2175.67
-11799758.11,4655505.59,2173.4
-11799755.07,4655505.67,2178.6
-11799755.21,4655505.64,2177.36
-11799753.53,4655506.04,2174.73
-11799753.72,4655506.0,2172.86
-11799751.4,4655506.54,2176.49
-11799751.64,4655506.48,2174.06
-11799749.73,4655506.93,2173.61
-11799749.91,4655506.89,2171.83
-11799750.040000001,4655506.87,2170.58
-11799750.57,4655506.7700000005,2165.29
-11799748.58,4655507.22,2165.15
-11799746.58,4655507.69,2165.25
-11799744.6,4655508.16,2165.22
-11799742.64,4655508.62,2165.24
-11799740.69,4655509.08,2165.19
-11799738.71,4655509.5200000005,2165.15
-11799737.46,4655508.47,2165.13
-11799739.41,4655508.0200000005,2165.17
-11799741.38,4655507.5600000005,2165.19
-11799743.370000001,4655507.09,2165.25
-11799745.35,4655506.62,2165.25
-11799747.31,4655506.16,2165.19
-11799749.28,4655505.7,2165.28
-11799745.68,4655505.78,2165.23
-11799743.75,4655506.24,2165.23
-11799741.8,4655506.69,2165.21
-11799739.8,4655507.17,2165.17
-11799737.78,4655507.64,2165.13
-11799737.67,4655506.53,2165.15
-11799739.63,4655506.0600000005,2165.19
-11799738.03,4655505.79,2165.17
-11799737.65,4655505.94,2165.24
-11799743.540000001,4655505.62,2165.3
-11799742.02,4655506.37,2165.3
-11799740.450000001,4655507.16,2165.28
-11799738.91,4655507.92,2165.25
-11799737.370000001,4655508.68,2165.19
-11799738.120000001,4655508.8100000005,2165.19
-11799739.64,4655508.0600000005,2165.22
-11799741.15,4655507.3,2165.25
-11799742.64,4655506.57,2165.27
-11799744.11,4655505.84,2165.28
-11799750.07,4655505.600000001,2165.42
-11799747.01,4655507.14,2165.28
-11799745.51,4655507.89,2165.3
-11799744.0,4655508.63,2165.3
-11799742.48,4655509.38,2165.27
-11799740.93,4655510.17,2165.26
-11799739.42,4655510.9,2165.21
-11799737.92,4655511.67,2165.17
-11799737.38,4655512.4,2165.13
-11799738.89,4655511.66,2165.15
-11799740.39,4655510.89,2165.21
-11799741.86,4655510.18,2165.24
-11799743.36,4655509.42,2165.29
-11799744.86,4655508.69,2165.28
-11799746.36,4655507.94,2165.29
-11799747.86,4655507.22,2165.24
-11799755.91,4655505.8100000005,2165.51
-11799754.07,4655506.18,2171.02
-11799752.790000001,4655507.38,2165.33
-11799753.1,4655506.43,2173.3
-11799752.74,4655506.75,2171.74
-11799751.290000001,4655508.100000001,2165.33
-11799752.23,4655506.59,2176.07
-11799750.950000001,4655507.13,2177.15
-11799750.540000001,4655507.51,2175.36
-11799750.14,4655507.89,2173.6
-11799748.23,4655509.66,2165.22
-11799746.700000001,4655510.4,2165.27
-11799745.18,4655511.16,2165.29
-11799743.620000001,4655511.93,2165.31
-11799742.07,4655512.72,2165.25
-11799740.540000001,4655513.48,2165.21
-11799739.0,4655514.23,2165.17
-11799737.44,4655515.03,2165.11
-11799737.68,4655515.41,2165.06
-11799739.19,4655514.65,2165.13
-11799740.69,4655513.89,2165.15
-11799742.19,4655513.17,2165.22
-11799743.69,4655512.41,2165.23
-11799745.16,4655511.69,2165.24
-11799746.66,4655510.94,2165.25
-11799750.02,4655508.48,2173.4
-11799748.16,4655510.2,2165.25
-11799752.290000001,4655507.0200000005,2176.83
-11799753.290000001,4655506.74,2174.65
-11799752.23,4655507.72,2169.96
-11799751.17,4655508.7,2165.28
-11799755.16,4655505.64,2176.42
-11799754.31,4655506.42,2172.65
-11799755.86,4655505.63,2172.9
-11799760.19,4655505.92,2175.1
-11799759.76,4655506.33,2173.13
-11799758.68,4655506.66,2175.11
-11799758.31,4655507.01,2173.48
-11799757.25,4655507.350000001,2175.52
-11799755.99,4655507.86,2176.58
-11799753.99,4655509.0600000005,2174.44
-11799753.78,4655509.26,2173.48
-11799752.950000001,4655510.05,2169.79
-11799751.92,4655511.01,2165.23
-11799752.44,4655509.86,2174.3
-11799750.370000001,4655511.78,2165.19
-11799751.48,4655510.08,2176.88
-11799748.82,4655512.5600000005,2165.24
-11799749.91,4655510.88,2176.69
-11799747.28,4655513.3,2165.27
-11799748.71,4655511.34,2178.07
-11799745.75,4655514.08,2165.26
-11799744.200000001,4655514.850000001,2165.26
-11799742.65,4655515.62,2165.21
-11799741.120000001,4655516.4,2165.15
-11799739.56,4655517.16,2165.11
-11799738.01,4655517.95,2165.06
-11799737.870000001,4655516.8100000005,2177.36
-11799737.620000001,4655517.55,2175.78
-11799739.120000001,4655516.79,2175.94
-11799739.84,4655516.7700000005,2172.67
-11799738.03,4655518.41,2165.01
-11799741.31,4655516.05,2172.61
-11799739.540000001,4655517.67,2165.08
-11799741.05,4655516.91,2165.13
-11799742.55,4655516.16,2165.15
-11799744.02,4655515.43,2165.19
-11799748.41,4655512.03,2177.67
-11799745.52,4655514.68,2165.24
-11799749.93,4655511.25,2177.88
-11799749.68,4655511.48,2176.8
-11799747.02,4655513.95,2165.22
-11799751.16,4655510.75,2176.8
-11799748.52,4655513.2,2165.24
-11799752.73,4655509.91,2177.24
-11799750.0,4655512.48,2165.22
-11799753.450000001,4655509.89,2173.94
-11799752.92,4655510.38,2171.58
-11799755.28,4655508.84,2175.36
-11799756.98,4655507.91,2176.32
-11799758.17,4655507.47,2174.97
-11799757.72,4655507.87,2173.01
-11799759.18,4655507.16,2172.9
-11799758.69,4655507.600000001,2170.72
-11799757.52,4655508.73,2165.4
-11799761.39,4655505.75,2176.13
-11799762.47,4655505.39,2174.31
-11799761.96,4655505.88,2171.94
-11799761.55,4655506.26,2170.13
-11799767.6,4655505.63,2172.21
-11799764.65,4655507.78,2165.53
-11799765.99,4655505.8,2178.59
-11799764.33,4655506.71,2177.97
-11799762.73,4655507.54,2177.58
-11799762.21,4655508.04,2175.25
-11799759.98,4655510.13,2165.25
-11799760.32,4655509.13,2173.61
-11799759.040000001,4655510.34,2167.9
-11799758.48,4655510.86,2165.4
-11799759.25,4655509.47,2175.69
-11799758.73,4655509.95,2173.38
-11799758.34,4655510.32,2171.59
-11799756.93,4655511.65,2165.32
-11799757.42,4655510.53,2174.17
-11799756.99,4655510.93,2172.3
-11799756.07,4655511.8,2168.17
-11799755.63,4655511.53,2172.98
-11799755.33,4655511.83,2171.61
-11799754.47,4655511.96,2174.58
-11799753.8,4655512.57,2171.63
-11799752.35,4655513.94,2165.21
-11799753.66,4655512.05,2177.73
-11799753.44,4655512.25,2176.76
-11799753.0,4655512.66,2174.81
-11799752.61,4655513.03,2173.11
-11799751.83,4655513.100000001,2176.42
-11799751.09,4655513.76,2173.27
-11799750.200000001,4655513.94,2176.01
-11799747.75,4655516.21,2165.31
-11799746.23,4655516.98,2165.26
-11799744.69,4655517.74,2165.22
-11799743.13,4655518.53,2165.22
-11799741.61,4655519.29,2165.15
-11799740.06,4655520.08,2165.08
-11799742.0,4655517.65,2179.86
-11799741.42,4655518.18,2177.4
-11799740.53,4655518.37,2180.06
-11799739.09,4655519.68,2174.0
-11799738.64,4655519.45,2178.59
-11799737.08,4655520.25,2178.36
-11799738.64,4655519.8100000005,2179.86
-11799738.21,4655520.2,2178.04
-11799740.14,4655519.05,2179.99
-11799739.790000001,4655519.37,2178.51
-11799739.23,4655519.88,2176.17
-11799738.790000001,4655520.28,2174.3
-11799740.93,4655518.95,2177.06
-11799740.31,4655519.5,2174.44
-11799742.77,4655517.87,2178.53
-11799742.56,4655518.09,2177.6
-11799741.07,4655520.07,2165.04
-11799742.53,4655519.32,2165.11
-11799744.05,4655518.58,2165.15
-11799745.57,4655517.82,2165.22
-11799750.02,4655514.350000001,2178.02
-11799749.08,4655515.22,2173.94
-11799747.07,4655517.08,2165.19
-11799751.0,4655514.07,2175.9
-11799748.57,4655516.33,2165.28
-11799752.61,4655513.21,2176.48
-11799751.86,4655513.91,2173.19
-11799754.02,4655512.55,2176.15
-11799754.52,4655512.74,2171.76
-11799753.9,4655513.3100000005,2168.99
-11799756.31,4655511.72,2173.07
-11799755.53,4655512.44,2169.61
-11799758.040000001,4655510.75,2174.15
-11799760.1,4655509.47,2176.72
-11799759.55,4655509.99,2174.22
-11799758.950000001,4655510.53,2171.55
-11799760.58,4655509.68,2172.17
-11799759.64,4655510.57,2167.97
-11799759.06,4655511.11,2165.36
-11799763.27,4655507.82,2177.55
-11799762.96,4655508.11,2176.15
-11799760.48,4655510.44,2164.96
-11799764.73,4655507.100000001,2177.44
-11799764.11,4655507.7,2174.61
-11799766.540000001,4655506.07,2178.9
-11799767.69,4655505.63,2177.38
-11799767.38,4655505.93,2175.99
-11799766.97,4655506.32,2174.09
-11799766.16,4655507.08,2170.4
-11799768.540000001,4655505.49,2174.57
-11799774.09,4655506.19,2165.6
-11799774.16,4655505.43,2172.9
-11799772.58,4655506.95,2165.55
-11799772.26,4655506.57,2171.1
-11799772.540000001,4655505.600000001,2179.4
-11799771.290000001,4655506.8,2173.65
-11799769.540000001,4655508.47,2165.54
-11799770.9,4655506.47,2178.92
-11799770.64,4655506.71,2177.71
-11799770.14,4655507.19,2175.4
-11799767.99,4655509.23,2165.55
-11799769.43,4655507.16,2179.17
-11799767.75,4655508.09,2178.36
-11799764.950000001,4655510.74,2165.58
-11799766.290000001,4655508.8,2178.53
-11799764.75,4655509.59,2178.42
-11799763.69,4655510.59,2173.61
-11799763.35,4655510.91,2172.02
-11799762.65,4655510.89,2175.85
-11799761.38,4655511.42,2176.94
-11799760.21,4655512.5200000005,2171.69
-11799759.91,4655512.79,2170.35
-11799759.59,4655513.09,2168.92
-11799759.790000001,4655512.23,2176.53
-11799757.950000001,4655513.32,2175.07
-11799757.56,4655513.68,2173.33
-11799755.700000001,4655515.42,2165.09
-11799756.56,4655513.95,2175.63
-11799755.05,4655514.69,2175.67
-11799753.89,4655515.12,2177.22
-11799753.59,4655515.4,2175.88
-11799752.28,4655515.97,2176.77
-11799749.64,4655518.42,2165.26
-11799750.97,4655516.5200000005,2177.8
-11799748.09,4655519.19,2165.29
-11799746.55,4655519.97,2165.23
-11799745.0,4655520.73,2165.19
-11799743.450000001,4655521.5200000005,2165.17
-11799741.89,4655522.3,2165.11
-11799743.98,4655519.75,2180.44
-11799743.39,4655520.3,2177.92
-11799740.36,4655523.0600000005,2165.1
-11799741.72,4655521.18,2177.35
-11799741.36,4655521.51,2175.79
-11799740.96,4655521.23,2180.63
-11799740.46,4655521.69,2178.54
-11799738.17,4655523.15,2175.32
-11799737.9,4655523.4,2174.17
-11799737.25,4655523.38,2177.67
-11799737.02,4655523.59,2176.73
-11799737.74,4655523.21,2181.86
-11799737.56,4655523.38,2181.13
-11799737.8,4655523.74,2175.99
-11799738.950000001,4655523.33,2174.6
-11799738.33,4655523.89,2172.0
-11799738.09,4655524.100000001,2171.03
-11799741.83,4655521.3,2180.55
-11799739.97,4655523.0200000005,2172.67
-11799738.97,4655523.92,2168.48
-11799743.44,4655520.45,2181.1
-11799743.06,4655520.8,2179.52
-11799742.540000001,4655521.28,2177.29
-11799742.1,4655521.67,2175.42
-11799744.77,4655519.850000001,2180.5
-11799741.14,4655523.18,2165.05
-11799742.620000001,4655522.45,2165.07
-11799744.1,4655521.7,2165.13
-11799745.6,4655520.97,2165.13
-11799747.120000001,4655520.21,2165.19
-11799751.47,4655516.8,2177.67
-11799748.6,4655519.46,2165.22
-11799752.82,4655516.18,2177.15
-11799750.1,4655518.7,2165.26
-11799754.36,4655515.39,2177.38
-11799753.99,4655515.72,2175.81
-11799753.76,4655515.94,2174.82
-11799755.65,4655514.84,2176.53
-11799757.06,4655514.17,2176.23
-11799756.700000001,4655514.51,2174.57
-11799758.35,4655513.62,2175.29
-11799757.96,4655513.98,2173.56
-11799756.07,4655515.75,2165.15
-11799760.13,4655512.600000001,2176.54
-11799759.82,4655512.9,2175.22
-11799760.78,4655512.66,2172.84
-11799760.26,4655513.14,2170.55
-11799759.9,4655513.49,2168.9
-11799759.11,4655514.21,2165.36
-11799762.950000001,4655511.29,2175.86
-11799764.98,4655510.03,2178.3
-11799764.76,4655510.24,2177.3
-11799763.620000001,4655511.3,2172.19
-11799766.5,4655509.26,2178.46
-11799767.950000001,4655508.55,2178.32
-11799765.14,4655511.21,2165.5
-11799769.61,4655507.64,2179.17
-11799766.63,4655510.48,2165.49
-11799770.9,4655507.100000001,2178.33
-11799770.25,4655507.71,2175.36
-11799772.43,4655506.3,2178.58
-11799769.65,4655508.96,2165.69
-11799774.01,4655505.48,2178.88
-11799773.36,4655506.11,2175.86
-11799771.870000001,4655507.53,2168.97
-11799771.15,4655508.21,2165.61
-11799774.96,4655505.26,2176.44
-11799772.65,4655507.47,2165.61
-11799775.48,4655505.46,2171.84
-11799775.1,4655505.82,2170.03
-11799775.66,4655505.99,2165.5
-11799781.450000001,4655505.26,2169.31
-11799779.950000001,4655506.01,2169.34
-11799778.44,4655506.78,2169.27
-11799777.06,4655507.4,2169.76
-11799776.16,4655508.28,2165.52
-11799776.38,4655507.38,2173.57
-11799774.66,4655509.03,2165.53
-11799775.540000001,4655507.51,2176.63
-11799775.27,4655507.74,2175.38
-11799774.98,4655508.03,2174.05
-11799774.39,4655507.89,2178.38
-11799774.05,4655508.23,2176.76
-11799773.53,4655508.72,2174.36
-11799771.65,4655510.5200000005,2165.59
-11799772.84,4655508.7,2178.1
-11799772.370000001,4655509.14,2175.92
-11799770.14,4655511.28,2165.56
-11799771.51,4655509.29,2178.85
-11799769.74,4655510.3,2177.57
-11799769.47,4655510.57,2176.28
-11799768.33,4655511.65,2171.05
-11799767.1,4655512.82,2165.44
-11799767.49,4655511.78,2173.94
-11799767.03,4655512.2,2171.88
-11799765.61,4655513.57,2165.4
-11799766.52,4655512.03,2176.32
-11799766.0,4655512.5200000005,2173.96
-11799764.13,4655514.3,2165.44
-11799765.120000001,4655512.69,2176.82
-11799763.25,4655513.8,2175.03
-11799761.11,4655515.82,2165.36
-11799761.93,4655514.38,2175.81
-11799759.61,4655516.57,2165.34
-11799760.38,4655515.19,2175.4
-11799759.32,4655516.19,2170.67
-11799758.120000001,4655517.32,2165.3
-11799758.81,4655516.03,2174.96
-11799756.63,4655518.0600000005,2165.28
-11799757.71,4655516.4,2176.74
-11799755.11,4655518.82,2165.26
-11799756.24,4655517.12,2176.88
-11799753.6,4655519.57,2165.23
-11799752.1,4655520.33,2165.27
-11799750.61,4655521.07,2165.28
-11799749.1,4655521.8100000005,2165.24
-11799747.56,4655522.600000001,2165.23
-11799746.05,4655523.33,2165.23
-11799744.55,4655524.11,2165.17
-11799743.05,4655524.850000001,2165.13
-11799743.540000001,4655523.78,2173.58
-11799741.53,4655525.63,2165.05
-11799743.17,4655523.48,2178.44
-11799741.91,4655524.65,2173.08
-11799740.02,4655526.39,2165.05
-11799740.49,4655525.32,2173.28
-11799738.57,4655527.100000001,2165.19
-11799739.11,4655525.97,2173.69
-11799738.63,4655526.42,2171.69
-11799738.07,4655526.93,2169.34
-11799738.950000001,4655525.5,2179.34
-11799738.43,4655525.98,2177.17
-11799737.47,4655526.850000001,2173.17
-11799736.96,4655527.32,2171.03
-11799737.370000001,4655526.3100000005,2179.07
-11799737.15,4655526.84,2179.67
-11799738.57,4655526.15,2179.49
-11799738.53,4655526.79,2173.15
-11799737.9,4655527.39,2170.48
-11799739.620000001,4655526.4,2171.57
-11799741.450000001,4655525.36,2173.01
-11799739.58,4655527.09,2165.07
-11799741.05,4655526.350000001,2165.03
-11799744.55,4655523.76,2173.61
-11799742.540000001,4655525.600000001,2165.04
-11799744.040000001,4655524.86,2165.11
-11799745.5,4655524.12,2165.13
-11799747.01,4655523.37,2165.17
-11799748.51,4655522.61,2165.19
-11799750.01,4655521.88,2165.24
-11799751.49,4655521.13,2165.23
-11799752.98,4655520.4,2165.22
-11799757.07,4655517.22,2176.75
-11799754.44,4655519.66,2165.13
-11799758.51,4655516.54,2176.46
-11799755.98,4655518.9,2165.25
-11799757.48,4655518.16,2165.25
-11799761.32,4655515.22,2175.73
-11799758.96,4655517.42,2165.22
-11799762.84,4655514.43,2176.02
-11799764.06,4655513.94,2174.77
-11799761.96,4655515.93,2165.28
-11799765.98,4655512.8100000005,2176.67
-11799763.46,4655515.18,2165.29
-11799767.32,4655512.19,2176.07
-11799766.88,4655512.62,2174.04
-11799765.0,4655514.41,2165.44
-11799768.47,4655511.76,2174.63
-11799767.93,4655512.28,2172.15
-11799770.6,4655510.41,2177.65
-11799770.26,4655510.73,2176.11
-11799767.93,4655512.94,2165.42
-11799772.35,4655509.41,2178.83
-11799771.24,4655510.48,2173.71
-11799769.46,4655512.18,2165.44
-11799773.31,4655509.2,2176.25
-11799770.99,4655511.42,2165.51
-11799775.0,4655508.2700000005,2177.13
-11799774.34,4655508.9,2174.06
-11799772.49,4655510.66,2165.5
-11799775.77,4655508.21,2173.74
-11799774.02,4655509.91,2165.54
-11799777.53,4655507.23,2174.94
-11799776.65,4655508.05,2170.86
-11799775.49,4655509.17,2165.38
-11799777.81,4655507.65,2169.32
-11799779.26,4655506.93,2169.22
-11799781.0,4655505.96,2170.33
-11799780.82,4655506.13,2169.51
-11799782.27,4655505.42,2169.27
-11799787.46,4655505.39,2169.26
-11799785.94,4655506.15,2169.22
-11799784.41,4655506.92,2169.17
-11799782.9,4655507.68,2169.15
-11799782.28,4655507.55,2173.5
-11799781.370000001,4655508.44,2169.15
-11799779.89,4655509.16,2169.3
-11799778.89,4655509.43,2171.74
-11799777.56,4655510.7,2165.46
-11799778.01,4655509.58,2174.6
-11799777.41,4655510.17,2171.74
-11799776.07,4655511.45,2165.44
-11799776.64,4655510.2,2175.25
-11799776.26,4655510.5600000005,2173.52
-11799775.99,4655510.82,2172.25
-11799774.53,4655512.22,2165.42
-11799775.15,4655510.92,2175.54
-11799772.99,4655513.0,2165.42
-11799771.48,4655513.76,2165.42
-11799771.55,4655513.0,2172.72
-11799769.97,4655514.51,2165.44
-11799770.91,4655512.92,2176.76
-11799770.55,4655513.24,2175.13
-11799769.97,4655513.8100000005,2172.46
-11799768.44,4655515.28,2165.42
-11799769.13,4655513.92,2175.59
-11799768.09,4655514.91,2170.84
-11799767.8,4655514.5200000005,2176.32
-11799766.85,4655515.41,2171.99
-11799765.38,4655516.8100000005,2165.36
-11799766.61,4655514.97,2177.78
-11799764.51,4655516.3,2175.05
-11799763.75,4655517.0,2171.63
-11799762.35,4655518.32,2165.34
-11799763.46,4655516.600000001,2177.19
-11799761.71,4655517.5600000005,2176.22
-11799759.370000001,4655519.100000001,2172.63
-11799757.71,4655520.64,2165.27
-11799756.16,4655521.44,2165.19
-11799754.65,4655522.18,2165.23
-11799753.15,4655522.94,2165.26
-11799751.61,4655523.71,2165.27
-11799750.06,4655524.47,2165.23
-11799748.540000001,4655525.23,2165.23
-11799747.0,4655526.0,2165.17
-11799745.5,4655526.76,2165.17
-11799743.950000001,4655527.55,2165.1
-11799742.39,4655528.34,2165.06
-11799743.77,4655526.41,2177.51
-11799740.84,4655529.11,2165.06
-11799743.3,4655526.2,2181.96
-11799742.74,4655526.72,2179.58
-11799742.15,4655527.26,2177.07
-11799741.38,4655527.350000001,2180.15
-11799739.38,4655528.54,2178.13
-11799738.8,4655528.44,2182.15
-11799738.0,4655529.17,2178.81
-11799737.450000001,4655529.67,2176.51
-11799737.06,4655530.01,2174.88
-11799737.31,4655529.76,2180.36
-11799739.200000001,4655528.65,2182.13
-11799737.14,4655530.54,2173.5
-11799740.26,4655528.3100000005,2180.36
-11799739.72,4655528.79,2178.15
-11799741.59,4655527.69,2179.82
-11799743.46,4655526.59,2181.56
-11799742.99,4655527.01,2179.58
-11799744.89,4655525.89,2181.48
-11799741.02,4655529.43,2165.08
-11799742.51,4655528.69,2165.05
-11799744.01,4655527.95,2165.1
-11799745.51,4655527.19,2165.15
-11799746.98,4655526.47,2165.17
-11799748.47,4655525.72,2165.17
-11799749.99,4655524.96,2165.23
-11799751.48,4655524.22,2165.24
-11799752.98,4655523.48,2165.23
-11799754.47,4655522.72,2165.23
-11799755.96,4655521.99,2165.19
-11799759.15,4655519.66,2172.67
-11799757.47,4655521.23,2165.24
-11799761.41,4655518.19,2176.17
-11799760.82,4655518.74,2173.56
-11799758.96,4655520.47,2165.27
-11799762.97,4655517.38,2176.51
-11799762.3,4655518.01,2173.49
-11799760.48,4655519.73,2165.32
-11799764.36,4655516.72,2176.05
-11799766.17,4655515.69,2177.44
-11799765.73,4655516.100000001,2175.47
-11799767.55,4655515.03,2177.08
-11799764.98,4655517.47,2165.38
-11799768.82,4655514.49,2176.17
-11799770.44,4655513.62,2176.81
-11799770.0,4655514.04,2174.79
-11799771.55,4655513.23,2175.11
-11799771.1,4655513.69,2172.98
-11799769.44,4655515.26,2165.4
-11799772.51,4655513.0,2172.63
-11799770.950000001,4655514.51,2165.42
-11799774.26,4655512.0200000005,2173.78
-11799772.450000001,4655513.75,2165.4
-11799775.82,4655511.22,2174.08
-11799775.33,4655511.69,2171.81
-11799773.96,4655512.99,2165.44
-11799777.47,4655510.3100000005,2174.9
-11799776.89,4655510.86,2172.19
-11799775.450000001,4655512.2700000005,2165.4
-11799776.96,4655511.51,2165.4
-11799779.42,4655509.82,2169.84
-11799779.22,4655510.04,2168.86
-11799781.82,4655508.23,2174.1
-11799780.790000001,4655509.22,2169.23
-11799783.23,4655507.54,2173.81
-11799782.24,4655508.51,2169.1
-11799783.75,4655507.75,2169.11
-11799785.24,4655507.0200000005,2169.15
-11799786.73,4655506.2700000005,2169.19
-11799788.24,4655505.51,2169.22
-11799793.370000001,4655505.44,2169.13
-11799791.86,4655506.2,2169.1
-11799791.07,4655506.25,2172.65
-11799790.35,4655506.96,2169.09
-11799789.52,4655507.05,2172.5
-11799788.82,4655507.72,2169.1
-11799788.39,4655507.4,2174.52
-11799788.15,4655507.64,2173.36
-11799787.58,4655508.2,2170.59
-11799787.26,4655508.51,2169.07
-11799786.85,4655508.2,2174.23
-11799786.56,4655508.49,2172.84
-11799785.76,4655509.25,2169.03
-11799785.53,4655508.78,2175.08
-11799785.08,4655509.21,2172.96
-11799784.26,4655510.01,2169.04
-11799783.98,4655509.57,2174.9
-11799783.52,4655510.0200000005,2172.72
-11799783.120000001,4655510.41,2170.82
-11799782.790000001,4655510.74,2169.19
-11799782.64,4655510.17,2175.69
-11799781.33,4655511.43,2169.47
-11799780.97,4655511.08,2174.94
-11799779.33,4655511.97,2174.29
-11799777.42,4655513.8,2165.35
-11799775.93,4655514.54,2165.4
-11799774.41,4655515.3,2165.4
-11799772.88,4655516.0600000005,2165.42
-11799771.370000001,4655516.8100000005,2165.42
-11799771.67,4655515.850000001,2173.8
-11799771.200000001,4655516.2700000005,2171.65
-11799769.85,4655517.57,2165.44
-11799770.27,4655516.5,2174.21
-11799769.68,4655517.0600000005,2171.51
-11799768.34,4655518.350000001,2165.36
-11799769.15,4655516.89,2175.98
-11799768.9,4655517.13,2174.82
-11799767.8,4655518.18,2169.8
-11799767.790000001,4655517.49,2176.8
-11799766.22,4655518.29,2176.6
-11799765.53,4655518.94,2173.5
-11799764.89,4655518.86,2177.52
-11799763.34,4655519.66,2177.4
-11799762.42,4655520.53,2173.27
-11799761.1,4655521.09,2174.07
-11799759.13,4655522.97,2165.26
-11799757.59,4655523.73,2165.22
-11799756.03,4655524.51,2165.25
-11799754.5,4655525.28,2165.28
-11799752.99,4655526.03,2165.28
-11799751.47,4655526.8,2165.27
-11799749.93,4655527.57,2165.24
-11799748.4,4655528.34,2165.22
-11799746.88,4655529.100000001,2165.19
-11799745.36,4655529.87,2165.13
-11799745.790000001,4655528.8100000005,2173.56
-11799743.81,4655530.66,2165.06
-11799744.39,4655529.44,2174.13
-11799742.26,4655531.43,2165.04
-11799744.21,4655528.97,2179.88
-11799743.370000001,4655529.75,2176.36
-11799740.71,4655532.2,2165.1
-11799739.21,4655532.95,2165.11
-11799741.290000001,4655530.41,2180.19
-11799740.620000001,4655531.0200000005,2177.42
-11799737.700000001,4655533.68,2165.17
-11799739.72,4655531.2,2180.11
-11799738.82,4655531.38,2182.77
-11799737.48,4655532.62,2177.19
-11799737.19,4655532.25,2182.36
-11799737.38,4655532.57,2182.54
-11799738.91,4655531.79,2182.82
-11799740.120000001,4655531.3,2181.69
-11799739.77,4655531.61,2180.25
-11799738.92,4655532.39,2176.69
-11799741.34,4655530.76,2180.81
-11799740.55,4655531.5,2177.5
-11799739.06,4655533.46,2165.11
-11799743.38,4655530.13,2177.01
-11799740.56,4655532.73,2165.07
-11799745.66,4655528.67,2180.34
-11799744.57,4655529.66,2175.73
-11799742.06,4655531.98,2165.06
-11799745.66,4655529.28,2174.11
-11799743.52,4655531.25,2165.03
-11799745.0,4655530.51,2165.09
-11799746.49,4655529.7700000005,2165.11
-11799748.0,4655529.01,2165.15
-11799749.5,4655528.26,2165.17
-11799751.0,4655527.51,2165.21
-11799752.47,4655526.78,2165.25
-11799753.97,4655526.0200000005,2165.25
-11799755.51,4655525.26,2165.26
-11799756.98,4655524.54,2165.19
-11799758.47,4655523.79,2165.17
-11799762.59,4655520.58,2176.94
-11799761.94,4655521.17,2174.07
-11799759.97,4655523.03,2165.25
-11799764.28,4655519.63,2177.88
-11799765.59,4655519.07,2177.01
-11799765.09,4655519.54,2174.76
-11799764.56,4655520.04,2172.38
-11799766.97,4655518.41,2176.61
-11799766.34,4655519.0200000005,2173.76
-11799768.49,4655517.64,2176.86
-11799767.790000001,4655518.29,2173.65
-11799769.68,4655517.18,2175.5
-11799770.86,4655516.73,2174.1
-11799770.1,4655517.45,2170.63
-11799768.94,4655518.54,2165.32
-11799772.35,4655515.99,2173.97
-11799771.8,4655516.51,2171.51
-11799770.48,4655517.78,2165.38
-11799771.99,4655517.04,2165.38
-11799773.47,4655516.29,2165.38
-11799774.96,4655515.54,2165.36
-11799778.67,4655512.67,2175.69
-11799776.47,4655514.8100000005,2165.36
-11799779.99,4655512.100000001,2174.81
-11799779.72,4655512.37,2173.5
-11799777.98,4655514.05,2165.32
-11799781.52,4655511.33,2174.92
-11799780.82,4655512.0,2171.63
-11799783.26,4655510.350000001,2176.11
-11799784.53,4655509.8100000005,2175.15
-11799784.11,4655510.21,2173.15
-11799783.92,4655510.4,2172.27
-11799783.290000001,4655511.01,2169.23
-11799785.98,4655509.100000001,2174.99
-11799785.53,4655509.54,2172.86
-11799785.09,4655509.97,2170.74
-11799784.74,4655510.3,2169.0
-11799787.53,4655508.3,2175.31
-11799787.27,4655508.55,2174.13
-11799787.03,4655508.78,2172.94
-11799786.200000001,4655509.600000001,2168.94
-11799788.950000001,4655507.62,2175.03
-11799788.6,4655507.97,2173.31
-11799787.71,4655508.84,2169.01
-11799790.35,4655506.97,2174.5
-11799789.83,4655507.47,2172.0
-11799789.22,4655508.0600000005,2169.06
-11799791.39,4655506.65,2172.38
-11799790.700000001,4655507.34,2169.03
-11799792.21,4655506.59,2169.03
-11799793.73,4655505.82,2169.07
-11799795.26,4655505.0600000005,2169.11
-11799799.790000001,4655505.09,2169.09
-11799798.290000001,4655505.850000001,2169.05
-11799796.790000001,4655506.59,2169.02
-11799795.290000001,4655507.36,2168.99
-11799794.6,4655508.04,2165.54
-11799794.34,4655507.57,2171.59
-11799793.8,4655508.100000001,2168.9
-11799793.13,4655508.78,2165.57
-11799793.36,4655507.8100000005,2174.1
-11799791.63,4655509.5200000005,2165.55
-11799791.4,4655509.0,2171.82
-11799790.8,4655509.600000001,2168.86
-11799790.34,4655510.0600000005,2166.59
-11799790.13,4655510.2700000005,2165.57
-11799790.74,4655508.96,2175.88
-11799790.450000001,4655509.23,2174.5
-11799789.290000001,4655510.38,2168.83
-11799788.6,4655511.0600000005,2165.49
-11799789.38,4655509.5600000005,2176.57
-11799787.55,4655510.67,2174.69
-11799787.31,4655510.89,2173.59
-11799785.74,4655511.73,2173.15
-11799785.21,4655512.25,2170.59
-11799784.13,4655513.3,2165.44
-11799784.77,4655511.96,2175.67
-11799784.290000001,4655512.44,2173.36
-11799783.32,4655512.67,2175.9
-11799782.950000001,4655513.0200000005,2174.15
-11799782.31,4655513.64,2171.09
-11799781.120000001,4655514.8100000005,2165.42
-11799781.81,4655513.43,2175.8
-11799780.33,4655514.15,2175.86
-11799778.6,4655515.16,2174.71
-11799778.22,4655515.51,2172.92
-11799777.34,4655515.68,2175.76
-11799776.67,4655516.33,2172.63
-11799776.31,4655515.99,2177.94
-11799775.71,4655516.55,2175.21
-11799774.94,4655517.29,2171.63
-11799773.59,4655518.58,2165.36
-11799774.64,4655516.88,2177.11
-11799774.3,4655517.23,2175.54
-11799772.73,4655518.03,2175.25
-11799771.700000001,4655519.0,2170.55
-11799770.6,4655520.08,2165.44
-11799771.28,4655518.74,2175.47
-11799769.05,4655520.88,2165.24
-11799769.92,4655519.37,2176.04
-11799768.8,4655519.76,2177.78
-11799768.200000001,4655520.32,2175.07
-11799767.48,4655521.01,2171.82
-11799766.91,4655520.89,2175.99
-11799766.24,4655521.51,2172.94
-11799765.5,4655521.5600000005,2176.3
-11799765.32,4655521.73,2175.52
-11799764.55,4655522.47,2172.02
-11799764.18,4655522.8,2170.36
-11799763.18,4655523.08,2172.65
-11799761.51,4655524.65,2165.21
-11799759.98,4655525.41,2165.26
-11799758.47,4655526.17,2165.23
-11799756.97,4655526.91,2165.27
-11799755.450000001,4655527.67,2165.3
-11799753.91,4655528.45,2165.28
-11799752.42,4655529.2,2165.24
-11799750.91,4655529.96,2165.23
-11799749.38,4655530.74,2165.22
-11799747.85,4655531.5,2165.19
-11799746.31,4655532.26,2165.15
-11799744.76,4655533.0600000005,2165.08
-11799743.24,4655533.82,2165.08
-11799741.77,4655534.55,2165.11
-11799740.24,4655535.3100000005,2165.15
-11799738.68,4655536.09,2165.13
-11799740.75,4655533.57,2180.19
-11799739.73,4655534.5,2175.98
-11799737.13,4655536.87,2165.11
-11799738.44,4655535.0600000005,2176.86
-11799737.24,4655536.100000001,2177.04
-11799738.700000001,4655535.38,2176.94
-11799738.120000001,4655535.92,2174.5
-11799739.94,4655534.84,2176.01
-11799737.31,4655537.25,2165.05
-11799738.8,4655536.51,2165.1
-11799740.27,4655535.7700000005,2165.13
-11799745.290000001,4655531.78,2180.11
-11799741.75,4655535.04,2165.11
-11799746.81,4655531.01,2180.31
-11799743.22,4655534.3,2165.07
-11799744.72,4655533.5600000005,2165.05
-11799749.63,4655529.66,2179.77
-11799749.34,4655529.92,2178.53
-11799746.200000001,4655532.8,2165.11
-11799747.69,4655532.08,2165.13
-11799749.19,4655531.32,2165.17
-11799750.68,4655530.58,2165.19
-11799752.18,4655529.83,2165.22
-11799753.67,4655529.09,2165.23
-11799755.15,4655528.34,2165.25
-11799756.65,4655527.59,2165.25
-11799758.16,4655526.84,2165.21
-11799759.66,4655526.100000001,2165.19
-11799761.17,4655525.34,2165.22
-11799764.24,4655523.11,2172.25
-11799763.63,4655523.68,2169.52
-11799762.68,4655524.59,2165.26
-11799766.71,4655521.43,2176.78
-11799767.92,4655520.94,2175.65
-11799767.15,4655521.67,2172.15
-11799769.43,4655520.18,2175.72
-11799767.17,4655522.33,2165.42
-11799771.120000001,4655519.25,2176.61
-11799772.41,4655518.67,2175.81
-11799771.950000001,4655519.13,2173.65
-11799774.56,4655517.32,2178.77
-11799774.27,4655517.600000001,2177.42
-11799773.84,4655518.0,2175.44
-11799776.03,4655516.59,2178.69
-11799776.91,4655516.43,2175.9
-11799776.23,4655517.08,2172.69
-11799774.66,4655518.600000001,2165.38
-11799778.38,4655515.71,2175.8
-11799777.66,4655516.37,2172.47
-11799776.15,4655517.86,2165.35
-11799779.69,4655515.12,2175.03
-11799779.23,4655515.57,2172.84
-11799781.36,4655514.21,2175.83
-11799783.06,4655513.26,2176.88
-11799782.53,4655513.78,2174.34
-11799784.33,4655512.73,2175.81
-11799783.74,4655513.3,2172.92
-11799782.14,4655514.86,2165.38
-11799785.200000001,4655512.600000001,2172.81
-11799784.700000001,4655513.08,2170.46
-11799783.66,4655514.11,2165.4
-11799786.73,4655511.8100000005,2173.03
-11799785.15,4655513.350000001,2165.42
-11799788.83,4655510.48,2175.88
-11799790.49,4655509.57,2176.63
-11799791.85,4655508.94,2176.04
-11799789.69,4655511.08,2165.49
-11799793.17,4655508.38,2175.28
-11799792.67,4655508.87,2172.78
-11799791.18,4655510.34,2165.47
-11799794.39,4655507.89,2173.94
-11799794.03,4655508.2700000005,2172.11
-11799792.69,4655509.58,2165.55
-11799795.4,4655507.65,2171.46
-11799794.21,4655508.82,2165.55
-11799796.38,4655507.39,2168.94
-11799795.71,4655508.08,2165.55
-11799797.89,4655506.63,2168.97
-11799797.200000001,4655507.33,2165.5
-11799799.39,4655505.9,2168.98
-11799800.89,4655505.14,2169.01
-11799805.07,4655505.4,2168.81
-11799803.58,4655506.14,2168.86
-11799802.11,4655506.86,2168.92
-11799801.44,4655507.54,2165.57
-11799799.92,4655508.3100000005,2165.6
-11799798.4,4655509.07,2165.59
-11799796.88,4655509.83,2165.57
-11799795.34,4655510.600000001,2165.55
-11799795.540000001,4655509.67,2173.94
-11799793.84,4655511.350000001,2165.55
-11799794.51,4655509.97,2176.22
-11799792.34,4655512.09,2165.59
-11799792.99,4655510.73,2176.22
-11799790.790000001,4655512.89,2165.44
-11799791.39,4655511.57,2175.67
-11799791.13,4655511.84,2174.4
-11799789.31,4655513.63,2165.51
-11799790.03,4655512.17,2176.38
-11799789.65,4655512.55,2174.52
-11799787.78,4655514.39,2165.48
-11799788.6,4655512.88,2176.61
-11799787.83,4655513.64,2172.9
-11799786.28,4655515.15,2165.48
-11799786.34,4655514.38,2172.97
-11799785.47,4655515.21,2168.82
-11799785.14,4655514.8100000005,2174.6
-11799784.69,4655515.26,2172.44
-11799784.450000001,4655515.49,2171.26
-11799783.22,4655516.68,2165.44
-11799784.08,4655515.15,2176.69
-11799783.66,4655515.55,2174.71
-11799783.040000001,4655516.15,2171.81
-11799781.700000001,4655517.44,2165.4
-11799783.52,4655514.97,2181.23
-11799782.200000001,4655515.55,2182.08
-11799780.99,4655516.71,2176.38
-11799780.55,4655516.44,2181.38
-11799779.49,4655517.47,2176.44
-11799777.76,4655518.45,2175.38
-11799777.31,4655518.88,2173.29
-11799775.61,4655520.51,2165.4
-11799777.07,4655518.4,2179.31
-11799776.82,4655518.62,2178.13
-11799776.47,4655518.97,2176.54
-11799775.38,4655520.03,2171.46
-11799775.84,4655518.89,2180.6
-11799774.99,4655519.7,2176.71
-11799774.49,4655519.5,2181.22
-11799773.82,4655520.15,2178.09
-11799772.36,4655520.850000001,2178.32
-11799771.68,4655521.5200000005,2175.17
-11799770.0,4655522.42,2174.48
-11799768.42,4655523.92,2167.26
-11799768.03,4655524.3,2165.44
-11799768.91,4655522.79,2176.35
-11799766.47,4655525.100000001,2165.32
-11799767.21,4655523.72,2175.51
-11799764.93,4655525.86,2165.26
-11799763.43,4655526.62,2165.3
-11799761.88,4655527.41,2165.26
-11799760.34,4655528.18,2165.24
-11799758.82,4655528.94,2165.23
-11799757.3,4655529.7,2165.28
-11799755.78,4655530.45,2165.28
-11799754.26,4655531.21,2165.3
-11799752.72,4655531.99,2165.25
-11799751.16,4655532.78,2165.22
-11799749.620000001,4655533.55,2165.19
-11799751.55,4655531.12,2180.02
-11799751.13,4655531.51,2178.21
-11799748.1,4655534.33,2165.15
-11799750.27,4655531.66,2181.07
-11799749.790000001,4655532.100000001,2179.06
-11799746.540000001,4655535.11,2165.11
-11799748.78,4655532.38,2181.26
-11799745.0,4655535.89,2165.11
-11799747.48,4655532.94,2182.19
-11799743.49,4655536.62,2165.25
-11799746.07,4655533.59,2182.63
-11799745.4,4655534.23,2179.79
-11799742.9,4655535.9,2175.56
-11799740.44,4655538.14,2165.15
-11799742.61,4655535.54,2180.67
-11799738.91,4655538.92,2165.17
-11799741.22,4655536.16,2181.32
-11799739.42,4655537.18,2180.19
-11799738.950000001,4655537.61,2178.23
-11799738.13,4655537.75,2181.07
-11799737.3,4655538.74,2179.38
-11799736.94,4655539.07,2177.92
-11799739.120000001,4655537.68,2180.75
-11799738.36,4655538.38,2177.63
-11799737.950000001,4655538.75,2175.96
-11799739.97,4655537.51,2178.28
-11799742.13,4655536.15,2181.17
-11799738.28,4655539.67,2165.11
-11799743.36,4655535.64,2180.15
-11799739.8,4655538.91,2165.17
-11799743.870000001,4655535.78,2176.09
-11799741.27,4655538.19,2165.07
-11799746.88,4655533.64,2182.57
-11799746.27,4655534.18,2180.0
-11799748.16,4655533.07,2181.81
-11799747.86,4655533.36,2180.48
-11799744.24,4655536.69,2165.15
-11799749.53,4655532.43,2181.4
-11799748.700000001,4655533.19,2177.88
-11799745.700000001,4655535.96,2165.05
-11799750.88,4655531.78,2181.02
-11799750.43,4655532.21,2179.04
-11799751.700000001,4655531.67,2178.19
-11799748.68,4655534.48,2165.17
-11799750.17,4655533.72,2165.19
-11799751.66,4655532.98,2165.21
-11799753.16,4655532.23,2165.23
-11799754.63,4655531.47,2165.24
-11799756.14,4655530.74,2165.24
-11799757.64,4655529.99,2165.25
-11799759.13,4655529.26,2165.22
-11799760.63,4655528.51,2165.19
-11799762.120000001,4655527.75,2165.25
-11799763.6,4655527.0200000005,2165.26
-11799767.35,4655524.13,2175.47
-11799765.08,4655526.2700000005,2165.25
-11799769.07,4655523.19,2176.4
-11799766.6,4655525.5200000005,2165.22
-11799770.3,4655522.67,2175.23
-11799768.14,4655524.73,2165.36
-11799772.48,4655521.26,2178.49
-11799772.040000001,4655521.67,2176.51
-11799773.88,4655520.61,2178.04
-11799776.0,4655519.26,2180.92
-11799774.870000001,4655520.350000001,2175.69
-11799777.34,4655518.66,2180.33
-11799778.620000001,4655518.12,2179.35
-11799777.69,4655518.99,2175.07
-11799777.09,4655519.58,2172.23
-11799775.61,4655521.01,2165.33
-11799780.49,4655516.98,2181.22
-11799778.950000001,4655518.49,2173.97
-11799782.27,4655515.99,2182.44
-11799781.71,4655516.5200000005,2179.83
-11799783.48,4655515.5,2181.23
-11799784.55,4655515.15,2179.33
-11799785.09,4655515.33,2174.81
-11799787.39,4655513.79,2178.75
-11799786.18,4655514.98,2172.9
-11799784.6,4655516.5,2165.35
-11799787.69,4655514.21,2172.96
-11799786.14,4655515.74,2165.44
-11799789.85,4655512.8100000005,2176.11
-11799787.64,4655514.98,2165.44
-11799791.32,4655512.09,2176.06
-11799792.78,4655511.38,2175.9
-11799792.51,4655511.66,2174.55
-11799791.8,4655512.36,2171.07
-11799794.36,4655510.5600000005,2176.33
-11799793.540000001,4655511.36,2172.33
-11799792.16,4655512.72,2165.53
-11799795.33,4655510.32,2173.86
-11799794.870000001,4655510.76,2171.61
-11799793.65,4655511.99,2165.53
-11799796.85,4655509.53,2173.92
-11799795.16,4655511.23,2165.53
-11799796.66,4655510.48,2165.53
-11799798.17,4655509.72,2165.55
-11799799.67,4655508.96,2165.54
-11799801.85,4655507.54,2169.01
-11799801.18,4655508.2,2165.59
-11799803.32,4655506.82,2168.84
-11799804.83,4655506.07,2168.81
-11799806.31,4655505.34,2168.74
-11799812.28,4655504.9,2167.59
-11799810.18,4655505.49,2172.19
-11799808.950000001,4655506.73,2165.85
-11799808.0,4655506.93,2168.76
-11799806.540000001,4655507.63,2169.06
-11799805.93,4655508.25,2165.9
-11799804.43,4655509.0,2165.88
-11799803.24,4655509.46,2167.38
-11799802.92,4655509.7700000005,2165.81
-11799801.77,4655510.17,2167.58
-11799801.36,4655510.59,2165.51
-11799800.23,4655510.96,2167.53
-11799799.83,4655511.350000001,2165.53
-11799798.32,4655512.11,2165.57
-11799797.9,4655511.76,2171.08
-11799796.77,4655512.89,2165.49
-11799797.11,4655511.8100000005,2174.74
-11799795.24,4655513.67,2165.47
-11799795.870000001,4655512.3100000005,2175.9
-11799795.43,4655512.75,2173.73
-11799793.74,4655514.41,2165.42
-11799794.450000001,4655512.98,2176.22
-11799793.78,4655513.66,2172.94
-11799792.26,4655515.13,2165.5
-11799793.15,4655513.55,2177.19
-11799792.73,4655513.95,2175.19
-11799791.67,4655514.28,2177.36
-11799791.44,4655514.5,2176.28
-11799791.08,4655514.850000001,2174.55
-11799790.46,4655514.73,2178.88
-11799790.07,4655515.11,2176.97
-11799787.66,4655517.48,2165.35
-11799789.74,4655514.73,2182.59
-11799789.0,4655515.44,2179.0
-11799786.16,4655518.2,2165.42
-11799788.23,4655515.5,2182.35
-11799787.66,4655516.04,2179.63
-11799786.78,4655516.22,2182.51
-11799786.1,4655516.88,2179.26
-11799785.78,4655517.19,2177.75
-11799783.18,4655519.72,2165.32
-11799784.76,4655517.46,2180.24
-11799784.450000001,4655517.76,2178.73
-11799784.09,4655518.11,2177.06
-11799783.65,4655518.54,2174.98
-11799783.370000001,4655518.09,2180.9
-11799782.44,4655518.99,2176.56
-11799781.93,4655518.7700000005,2181.15
-11799780.81,4655519.86,2175.86
-11799780.200000001,4655519.75,2180.17
-11799779.84,4655520.08,2178.51
-11799778.950000001,4655520.26,2181.4
-11799778.68,4655520.53,2180.11
-11799777.19,4655521.24,2180.24
-11799775.450000001,4655522.22,2179.17
-11799775.06,4655522.59,2177.38
-11799773.02,4655523.89,2174.8
-11799770.950000001,4655525.850000001,2165.32
-11799771.57,4655524.58,2175.09
-11799769.42,4655526.63,2165.26
-11799767.88,4655527.4,2165.29
-11799766.35,4655528.18,2165.28
-11799764.84,4655528.94,2165.27
-11799763.31,4655529.7,2165.28
-11799761.76,4655530.49,2165.22
-11799760.26,4655531.23,2165.24
-11799758.76,4655531.97,2165.27
-11799757.23,4655532.75,2165.27
-11799755.65,4655533.54,2165.24
-11799754.11,4655534.3100000005,2165.23
-11799752.6,4655535.07,2165.22
-11799751.05,4655535.86,2165.22
-11799751.41,4655534.86,2173.46
-11799751.16,4655535.09,2172.36
-11799749.48,4655536.66,2165.11
-11799751.43,4655534.21,2179.86
-11799750.24,4655535.32,2174.74
-11799750.32,4655534.62,2181.46
-11799746.48,4655538.17,2165.05
-11799748.65,4655535.51,2180.88
-11799748.08,4655536.03,2178.47
-11799746.63,4655536.73,2178.86
-11799746.16,4655537.16,2176.88
-11799745.43,4655537.83,2173.8
-11799743.41,4655539.7,2165.21
-11799745.8,4655536.84,2181.84
-11799744.75,4655537.8100000005,2177.44
-11799741.870000001,4655540.46,2165.28
-11799744.44,4655537.46,2182.48
-11799740.32,4655541.25,2165.19
-11799742.93,4655538.23,2182.4
-11799742.540000001,4655538.58,2180.79
-11799741.94,4655539.13,2178.3
-11799741.24,4655539.78,2175.36
-11799741.540000001,4655538.88,2182.94
-11799739.76,4655540.5,2175.54
-11799739.700000001,4655539.92,2181.72
-11799738.17,4655540.68,2181.67
-11799737.72,4655541.100000001,2179.85
-11799737.370000001,4655541.5,2181.25
-11799738.96,4655540.67,2181.65
-11799738.52,4655541.08,2179.83
-11799740.46,4655539.91,2181.83
-11799742.07,4655539.0200000005,2182.56
-11799740.48,4655540.49,2175.9
-11799743.28,4655538.5200000005,2181.56
-11799741.790000001,4655539.89,2175.32
-11799739.33,4655542.12,2165.09
-11799744.93,4655537.62,2182.35
-11799740.86,4655541.350000001,2165.19
-11799746.450000001,4655536.850000001,2182.51
-11799745.31,4655537.89,2177.71
-11799742.36,4655540.61,2165.21
-11799747.120000001,4655536.84,2179.17
-11799746.55,4655537.36,2176.79
-11799745.86,4655537.98,2173.88
-11799743.82,4655539.88,2165.22
-11799748.92,4655535.78,2180.75
-11799748.57,4655536.12,2179.21
-11799750.61,4655534.83,2181.69
-11799750.32,4655535.100000001,2180.48
-11799746.71,4655538.45,2165.08
-11799751.42,4655534.72,2178.76
-11799750.48,4655535.58,2174.71
-11799748.25,4655537.66,2165.17
-11799752.18,4655534.66,2175.57
-11799751.73,4655535.08,2173.67
-11799749.76,4655536.91,2165.17
-11799751.24,4655536.17,2165.19
-11799752.72,4655535.43,2165.17
-11799754.21,4655534.67,2165.24
-11799755.71,4655533.92,2165.23
-11799757.21,4655533.18,2165.23
-11799758.72,4655532.42,2165.28
-11799760.200000001,4655531.68,2165.23
-11799761.69,4655530.94,2165.23
-11799763.21,4655530.17,2165.23
-11799764.71,4655529.43,2165.26
-11799766.21,4655528.68,2165.27
-11799767.700000001,4655527.93,2165.29
-11799769.17,4655527.19,2165.28
-11799772.81,4655524.41,2174.92
-11799772.4,4655524.8,2173.09
-11799770.700000001,4655526.44,2165.25
-11799775.28,4655522.72,2179.51
-11799774.47,4655523.51,2175.74
-11799773.9,4655524.04,2173.15
-11799772.200000001,4655525.68,2165.31
-11799776.72,4655522.0200000005,2179.36
-11799773.69,4655524.9,2165.4
-11799778.200000001,4655521.28,2179.36
-11799777.71,4655521.76,2177.07
-11799775.18,4655524.18,2165.31
-11799779.9,4655520.34,2180.38
-11799778.51,4655521.67,2173.9
-11799776.67,4655523.44,2165.33
-11799781.0,4655519.96,2178.54
-11799780.78,4655520.17,2177.56
-11799780.47,4655520.47,2176.1
-11799783.42,4655518.3100000005,2182.92
-11799782.78,4655518.93,2179.86
-11799782.09,4655519.61,2176.65
-11799784.75,4655517.72,2182.17
-11799784.32,4655518.13,2180.15
-11799783.98,4655518.48,2178.5
-11799783.49,4655518.95,2176.17
-11799786.23,4655516.97,2182.22
-11799785.8,4655517.4,2180.17
-11799787.84,4655516.12,2182.83
-11799786.24,4655517.66,2175.15
-11799789.370000001,4655515.33,2182.94
-11799789.99,4655515.43,2178.8
-11799787.21,4655518.17,2165.4
-11799791.26,4655514.91,2177.67
-11799788.72,4655517.42,2165.35
-11799792.64,4655514.28,2177.06
-11799792.4,4655514.53,2175.86
-11799792.040000001,4655514.87,2174.17
-11799790.24,4655516.66,2165.36
-11799794.16,4655513.5,2177.32
-11799793.88,4655513.78,2175.94
-11799791.73,4655515.9,2165.44
-11799795.32,4655513.07,2175.72
-11799793.23,4655515.12,2165.47
-11799796.540000001,4655512.600000001,2174.4
-11799794.72,4655514.4,2165.44
-11799797.66,4655512.23,2172.54
-11799797.27,4655512.62,2170.61
-11799796.22,4655513.65,2165.44
-11799799.3,4655511.33,2173.3
-11799798.83,4655511.8100000005,2170.97
-11799797.73,4655512.88,2165.54
-11799799.24,4655512.12,2165.57
-11799801.11,4655511.01,2167.38
-11799800.73,4655511.39,2165.48
-11799802.68,4655510.2,2167.76
-11799802.25,4655510.63,2165.58
-11799803.790000001,4655509.83,2165.84
-11799805.3,4655509.07,2165.88
-11799807.42,4655507.7,2169.04
-11799806.81,4655508.3100000005,2165.88
-11799808.83,4655507.03,2168.6
-11799808.31,4655507.5600000005,2165.92
-11799811.19,4655505.41,2173.05
-11799813.290000001,4655504.84,2168.23
-11799813.06,4655505.07,2166.99
-11799817.31,4655504.95,2171.09
-11799816.92,4655505.34,2169.06
-11799816.38,4655505.89,2166.19
-11799816.64,4655504.83,2175.5
-11799816.02,4655505.47,2172.22
-11799815.69,4655505.8,2170.48
-11799815.51,4655505.99,2169.53
-11799814.98,4655505.74,2174.75
-11799814.34,4655506.4,2171.4
-11799813.58,4655507.18,2167.4
-11799813.6,4655506.39,2175.31
-11799813.32,4655506.67,2173.84
-11799811.790000001,4655508.23,2165.86
-11799811.92,4655507.33,2174.28
-11799810.91,4655508.350000001,2169.06
-11799810.32,4655508.96,2165.92
-11799808.790000001,4655509.72,2165.88
-11799807.28,4655510.48,2165.86
-11799805.78,4655511.24,2165.88
-11799804.25,4655512.0200000005,2165.83
-11799802.76,4655512.78,2165.82
-11799801.24,4655513.54,2165.74
-11799800.96,4655513.05,2172.1
-11799799.700000001,4655514.3100000005,2165.73
-11799799.82,4655513.45,2173.85
-11799798.15,4655515.11,2165.56
-11799798.39,4655514.13,2174.19
-11799796.200000001,4655515.55,2170.88
-11799795.11,4655516.64,2165.51
-11799795.5,4655515.51,2174.98
-11799795.06,4655515.94,2172.81
-11799794.83,4655516.17,2171.65
-11799793.56,4655517.42,2165.47
-11799794.67,4655515.600000001,2178.29
-11799794.14,4655516.13,2175.65
-11799793.4,4655516.14,2179.38
-11799792.13,4655516.68,2180.36
-11799789.05,4655519.68,2165.52
-11799790.74,4655517.32,2180.88
-11799790.02,4655518.0200000005,2177.44
-11799787.52,4655520.46,2165.42
-11799789.620000001,4655517.68,2182.84
-11799788.9,4655518.38,2179.42
-11799788.370000001,4655518.18,2184.13
-11799786.76,4655519.04,2183.54
-11799785.99,4655519.79,2179.92
-11799785.15,4655519.91,2183.06
-11799784.09,4655520.94,2178.02
-11799783.700000001,4655520.61,2183.3
-11799782.11,4655521.45,2182.8
-11799781.18,4655522.36,2178.42
-11799778.370000001,4655525.0600000005,2165.31
-11799780.06,4655522.74,2180.17
-11799779.41,4655523.37,2177.15
-11799776.88,4655525.8100000005,2165.35
-11799778.200000001,4655523.84,2178.5
-11799776.34,4655524.93,2176.98
-11799773.82,4655527.350000001,2165.33
-11799774.68,4655525.83,2176.36
-11799772.26,4655528.13,2165.29
-11799770.74,4655528.9,2165.28
-11799769.21,4655529.66,2165.31
-11799768.84,4655529.33,2170.51
-11799768.47,4655529.67,2168.84
-11799767.71,4655530.41,2165.38
-11799766.21,4655531.16,2165.5
-11799764.69,4655531.93,2165.4
-11799766.22,4655529.8,2179.11
-11799763.13,4655532.71,2165.26
-11799765.27,4655530.0200000005,2181.63
-11799764.78,4655530.49,2179.44
-11799761.59,4655533.5,2165.25
-11799760.08,4655534.25,2165.28
-11799758.55,4655535.01,2165.28
-11799760.85,4655532.2,2182.03
-11799757.03,4655535.78,2165.26
-11799755.49,4655536.54,2165.26
-11799753.97,4655537.33,2165.22
-11799754.620000001,4655536.07,2174.74
-11799752.43,4655538.09,2165.26
-11799753.040000001,4655536.86,2174.5
-11799752.700000001,4655537.19,2173.02
-11799750.89,4655538.86,2165.23
-11799751.82,4655537.37,2175.72
-11799750.93,4655537.54,2178.5
-11799750.68,4655537.78,2177.44
-11799749.65,4655538.08,2179.46
-11799749.040000001,4655538.64,2176.88
-11799746.27,4655541.18,2165.11
-11799748.48,4655538.54,2180.73
-11799747.38,4655539.5600000005,2176.11
-11799747.120000001,4655539.17,2181.33
-11799745.99,4655540.21,2176.58
-11799746.16,4655539.42,2183.78
-11799744.64,4655540.18,2183.76
-11799744.14,4655540.62,2181.72
-11799740.200000001,4655544.24,2165.17
-11799742.72,4655541.2700000005,2182.19
-11799742.33,4655541.65,2180.54
-11799741.120000001,4655542.100000001,2181.97
-11799740.69,4655542.51,2180.15
-11799739.46,4655543.0200000005,2181.32
-11799737.870000001,4655543.83,2181.11
-11799737.51,4655544.16,2179.63
-11799737.15,4655544.49,2178.13
-11799737.11,4655544.49,2181.8
-11799738.370000001,4655543.94,2180.98
-11799737.63,4655544.61,2177.98
-11799739.870000001,4655543.18,2181.17
-11799739.370000001,4655543.63,2179.11
-11799738.59,4655544.350000001,2175.88
-11799741.540000001,4655542.25,2182.05
-11799741.08,4655542.69,2180.06
-11799743.05,4655541.49,2182.21
-11799742.68,4655541.84,2180.61
-11799744.93,4655540.38,2183.88
-11799740.47,4655544.45,2165.24
-11799746.370000001,4655539.67,2183.83
-11799743.86,4655541.95,2173.3
-11799741.94,4655543.73,2165.23
-11799747.16,4655539.5200000005,2181.13
-11799746.11,4655540.49,2176.65
-11799748.77,4655538.68,2181.67
-11799748.3,4655539.11,2179.71
-11799747.46,4655539.89,2176.13
-11799749.68,4655538.47,2179.25
-11799746.38,4655541.5,2165.17
-11799750.97,4655537.87,2178.51
-11799750.68,4655538.15,2177.31
-11799750.39,4655538.42,2176.05
-11799747.84,4655540.78,2165.13
-11799751.85,4655537.69,2176.05
-11799751.59,4655537.95,2174.86
-11799749.32,4655540.03,2165.19
-11799752.68,4655537.5600000005,2173.15
-11799750.83,4655539.26,2165.21
-11799752.33,4655538.53,2165.19
-11799753.81,4655537.79,2165.21
-11799755.31,4655537.05,2165.23
-11799756.790000001,4655536.3,2165.25
-11799758.27,4655535.55,2165.25
-11799759.78,4655534.8,2165.26
-11799764.89,4655530.64,2181.31
-11799761.26,4655534.0600000005,2165.24
-11799765.84,4655530.42,2178.97
-11799762.76,4655533.3100000005,2165.25
-11799764.26,4655532.55,2165.28
-11799769.0,4655528.73,2179.96
-11799765.8,4655531.76,2165.57
-11799767.25,4655531.04,2165.46
-11799769.68,4655529.39,2169.65
-11799769.200000001,4655529.87,2167.44
-11799768.73,4655530.3100000005,2165.34
-11799770.19,4655529.59,2165.27
-11799771.68,4655528.83,2165.28
-11799775.72,4655525.65,2176.98
-11799773.17,4655528.100000001,2165.24
-11799777.32,4655524.8100000005,2177.44
-11799779.06,4655523.83,2178.58
-11799778.83,4655524.04,2177.54
-11799778.620000001,4655524.25,2176.55
-11799776.200000001,4655526.57,2165.35
-11799780.620000001,4655523.0200000005,2178.9
-11799780.08,4655523.54,2176.38
-11799777.700000001,4655525.82,2165.3
-11799782.93,4655521.48,2182.77
-11799782.68,4655521.72,2181.58
-11799782.450000001,4655521.95,2180.5
-11799781.91,4655522.46,2178.0
-11799784.47,4655520.67,2183.15
-11799785.92,4655519.96,2182.94
-11799787.450000001,4655519.18,2183.19
-11799786.85,4655519.76,2180.31
-11799783.71,4655522.8100000005,2165.38
-11799788.790000001,4655518.57,2182.5
-11799788.38,4655518.97,2180.53
-11799787.98,4655519.350000001,2178.63
-11799790.11,4655517.99,2181.69
-11799789.620000001,4655518.47,2179.34
-11799791.46,4655517.39,2180.88
-11799790.98,4655517.87,2178.59
-11799790.47,4655518.36,2176.15
-11799792.77,4655516.82,2180.05
-11799791.35,4655518.2,2173.19
-11799789.76,4655519.7700000005,2165.47
-11799794.1,4655516.22,2179.4
-11799795.38,4655515.66,2178.47
-11799795.120000001,4655515.94,2177.13
-11799794.700000001,4655516.34,2175.09
-11799794.13,4655516.91,2172.33
-11799795.52,4655516.25,2171.88
-11799794.22,4655517.55,2165.48
-11799797.31,4655515.22,2173.36
-11799796.790000001,4655515.73,2170.84
-11799795.72,4655516.79,2165.5
-11799798.92,4655514.34,2173.97
-11799797.23,4655516.03,2165.55
-11799800.370000001,4655513.66,2173.6
-11799798.75,4655515.26,2165.58
-11799801.55,4655513.21,2172.1
-11799800.28,4655514.48,2165.73
-11799801.78,4655513.72,2165.8
-11799803.3,4655512.96,2165.88
-11799804.8,4655512.21,2165.82
-11799806.3,4655511.45,2165.86
-11799807.81,4655510.69,2165.86
-11799811.0,4655508.24,2174.63
-11799810.5,4655508.74,2172.02
-11799809.3,4655509.96,2165.83
-11799813.13,4655506.84,2177.92
-11799812.69,4655507.29,2175.63
-11799812.4,4655507.59,2174.11
-11799811.73,4655508.25,2170.67
-11799814.14,4655506.600000001,2175.33
-11799812.33,4655508.44,2165.9
-11799815.52,4655505.95,2174.8
-11799815.14,4655506.34,2172.8
-11799814.870000001,4655506.63,2171.31
-11799814.05,4655507.47,2166.99
-11799817.17,4655505.04,2175.56
-11799816.870000001,4655505.36,2173.97
-11799816.57,4655505.66,2172.4
-11799815.38,4655506.87,2166.13
-11799818.1,4655504.86,2172.74
-11799817.83,4655505.16,2171.23
-11799817.41,4655505.5600000005,2169.07
-11799822.97,4655504.86,2171.35
-11799822.72,4655505.12,2170.0
-11799821.4,4655505.71,2170.84
-11799819.76,4655506.600000001,2170.05
-11799818.98,4655506.62,2173.92
-11799818.59,4655507.0,2171.86
-11799818.09,4655507.5200000005,2169.27
-11799817.72,4655507.11,2175.25
-11799817.38,4655507.46,2173.47
-11799817.15,4655507.69,2172.27
-11799816.85,4655508.0200000005,2170.61
-11799816.61,4655507.48,2177.28
-11799815.49,4655507.83,2179.33
-11799814.97,4655508.36,2176.65
-11799813.46,4655509.13,2176.57
-11799813.21,4655509.38,2175.28
-11799812.13,4655509.71,2177.46
-11799811.56,4655510.28,2174.51
-11799810.88,4655510.98,2170.96
-11799809.88,4655511.99,2165.84
-11799808.91,4655512.21,2168.51
-11799807.540000001,4655512.84,2169.09
-11799806.15,4655513.5,2169.61
-11799804.5,4655514.39,2168.96
-11799804.040000001,4655514.100000001,2174.24
-11799802.88,4655515.26,2168.36
-11799802.36,4655515.78,2165.76
-11799802.81,4655514.58,2175.57
-11799801.18,4655515.46,2175.01
-11799800.57,4655516.0600000005,2171.97
-11799799.3,4655517.34,2165.59
-11799799.66,4655516.23,2174.86
-11799797.790000001,4655518.100000001,2165.57
-11799797.290000001,4655517.850000001,2170.55
-11799796.26,4655518.87,2165.5
-11799794.75,4655519.63,2165.44
-11799795.13,4655518.51,2174.82
-11799793.23,4655520.4,2165.46
-11799794.9,4655518.03,2180.98
-11799794.61,4655518.32,2179.58
-11799794.23,4655518.68,2177.74
-11799793.21,4655518.96,2180.11
-11799792.620000001,4655519.54,2177.27
-11799792.08,4655519.34,2181.94
-11799791.57,4655519.84,2179.53
-11799791.38,4655520.03,2178.58
-11799788.68,4655522.66,2165.58
-11799790.88,4655519.8100000005,2183.4
-11799790.28,4655520.4,2180.49
-11799789.09,4655520.84,2181.9
-11799787.73,4655521.47,2182.61
-11799787.32,4655521.87,2180.63
-11799784.09,4655525.01,2165.29
-11799786.3,4655522.15,2182.97
-11799785.74,4655522.7,2180.31
-11799782.57,4655525.7700000005,2165.29
-11799784.92,4655522.79,2183.51
-11799784.43,4655523.2700000005,2181.15
-11799784.03,4655523.66,2179.25
-11799781.06,4655526.53,2165.29
-11799783.01,4655523.94,2181.58
-11799779.540000001,4655527.29,2165.36
-11799781.38,4655524.82,2180.97
-11799778.03,4655528.05,2165.35
-11799779.290000001,4655526.13,2178.4
-11799776.47,4655528.84,2165.32
-11799774.93,4655529.600000001,2165.3
-11799773.41,4655530.38,2165.28
-11799771.88,4655531.14,2165.25
-11799771.33,4655530.97,2169.67
-11799770.950000001,4655531.350000001,2167.96
-11799770.39,4655531.89,2165.36
-11799770.24,4655531.34,2171.6
-11799770.88,4655530.07,2181.34
-11799768.36,4655532.45,2169.94
-11799767.34,4655533.43,2165.36
-11799766.31,4655533.73,2167.42
-11799765.89,4655534.13,2165.56
-11799767.06,4655532.350000001,2177.54
-11799766.66,4655532.0600000005,2182.63
-11799765.620000001,4655533.05,2177.97
-11799764.84,4655533.09,2181.4
-11799761.200000001,4655536.5200000005,2165.25
-11799763.61,4655533.59,2182.59
-11799759.68,4655537.28,2165.25
-11799758.19,4655538.03,2165.29
-11799756.67,4655538.8,2165.24
-11799755.120000001,4655539.57,2165.24
-11799753.58,4655540.350000001,2165.26
-11799752.040000001,4655541.12,2165.23
-11799750.52,4655541.88,2165.19
-11799748.97,4655542.68,2165.15
-11799749.58,4655541.44,2174.44
-11799747.42,4655543.45,2165.19
-11799749.14,4655541.2,2179.02
-11799748.61,4655541.7,2176.8
-11799746.540000001,4655543.62,2168.01
-11799745.91,4655544.2,2165.31
-11799748.16,4655541.48,2181.27
-11799747.71,4655541.91,2179.33
-11799747.08,4655542.48,2176.67
-11799747.23,4655541.71,2183.58
-11799745.99,4655542.24,2184.72
-11799745.6,4655542.600000001,2183.06
-11799744.03,4655543.4,2182.9
-11799742.34,4655544.32,2182.27
-11799740.78,4655545.09,2182.13
-11799740.540000001,4655545.34,2181.09
-11799740.24,4655545.61,2179.86
-11799739.35,4655545.8,2182.36
-11799739.02,4655546.100000001,2181.06
-11799737.84,4655547.18,2176.19
-11799737.77,4655546.62,2182.19
-11799737.27,4655547.08,2180.15
-11799737.97,4655546.88,2182.13
-11799737.43,4655547.36,2179.97
-11799739.19,4655546.37,2181.17
-11799737.93,4655547.51,2175.98
-11799740.9,4655545.41,2182.22
-11799740.08,4655546.15,2178.86
-11799742.31,4655544.7,2182.02
-11799738.25,4655548.41,2165.19
-11799744.05,4655543.75,2183.02
-11799745.97,4655542.600000001,2184.92
-11799745.5,4655543.01,2182.94
-11799747.1,4655542.16,2183.6
-11799745.34,4655543.76,2176.24
-11799742.75,4655546.16,2165.32
-11799747.96,4655541.97,2181.13
-11799747.61,4655542.3,2179.65
-11799749.19,4655541.47,2179.96
-11799748.57,4655542.0600000005,2177.33
-11799747.83,4655542.72,2174.23
-11799750.700000001,4655540.71,2180.1
-11799749.34,4655541.95,2174.38
-11799748.98,4655542.28,2172.82
-11799747.18,4655543.96,2165.13
-11799750.63,4655541.38,2173.65
-11799748.64,4655543.22,2165.13
-11799750.13,4655542.48,2165.15
-11799751.64,4655541.72,2165.19
-11799753.13,4655540.97,2165.19
-11799754.63,4655540.22,2165.21
-11799756.11,4655539.47,2165.23
-11799757.6,4655538.71,2165.25
-11799762.790000001,4655534.51,2181.53
-11799759.08,4655537.98,2165.23
-11799764.5,4655533.5600000005,2182.54
-11799763.88,4655534.13,2179.8
-11799760.6,4655537.22,2165.31
-11799765.88,4655532.89,2182.23
-11799766.27,4655533.17,2177.48
-11799769.05,4655531.2,2183.28
-11799767.61,4655532.5600000005,2176.81
-11799765.540000001,4655534.54,2167.49
-11799770.06,4655530.92,2181.09
-11799767.98,4655532.88,2171.77
-11799767.73,4655533.11,2170.63
-11799766.58,4655534.2,2165.44
-11799769.540000001,4655532.05,2172.02
-11799769.040000001,4655532.55,2169.75
-11799768.040000001,4655533.49,2165.26
-11799770.78,4655531.57,2170.77
-11799770.47,4655531.87,2169.4
-11799769.56,4655532.72,2165.29
-11799771.66,4655531.39,2168.07
-11799771.040000001,4655531.99,2165.26
-11799772.51,4655531.25,2165.24
-11799774.02,4655530.49,2165.26
-11799775.540000001,4655529.73,2165.27
-11799780.28,4655525.87,2180.27
-11799777.06,4655528.97,2165.29
-11799782.24,4655524.66,2182.49
-11799781.950000001,4655524.96,2181.15
-11799783.55,4655524.100000001,2181.67
-11799783.03,4655524.600000001,2179.28
-11799780.06,4655527.45,2165.31
-11799785.13,4655523.25,2182.19
-11799781.56,4655526.72,2165.3
-11799786.76,4655522.36,2182.82
-11799786.28,4655522.84,2180.56
-11799785.870000001,4655523.22,2178.63
-11799783.06,4655525.97,2165.3
-11799787.78,4655522.08,2180.65
-11799787.370000001,4655522.46,2178.69
-11799784.57,4655525.21,2165.36
-11799789.540000001,4655521.05,2181.99
-11799789.120000001,4655521.47,2179.99
-11799791.290000001,4655520.0600000005,2183.22
-11799790.97,4655520.38,2181.63
-11799791.96,4655520.11,2179.35
-11799791.540000001,4655520.53,2177.31
-11799793.620000001,4655519.19,2180.19
-11799793.370000001,4655519.44,2178.99
-11799793.03,4655519.78,2177.31
-11799794.99,4655518.57,2179.6
-11799794.450000001,4655519.11,2176.9
-11799796.13,4655518.17,2177.88
-11799795.48,4655518.79,2174.78
-11799793.59,4655520.67,2165.48
-11799796.56,4655518.45,2172.81
-11799795.82,4655519.2,2169.11
-11799795.07,4655519.91,2165.47
-11799798.14,4655517.62,2173.24
-11799797.620000001,4655518.13,2170.69
-11799796.57,4655519.18,2165.5
-11799799.97,4655516.54,2174.9
-11799798.1,4655518.39,2165.61
-11799801.540000001,4655515.7,2175.38
-11799800.9,4655516.350000001,2172.17
-11799799.58,4655517.66,2165.57
-11799803.09,4655514.9,2175.69
-11799804.450000001,4655514.3,2174.96
-11799803.15,4655515.59,2168.42
-11799802.61,4655516.12,2165.67
-11799804.790000001,4655514.7,2169.07
-11799806.4,4655513.850000001,2169.57
-11799807.77,4655513.21,2169.01
-11799809.15,4655512.58,2168.44
-11799812.78,4655509.68,2179.38
-11799812.3,4655510.16,2176.9
-11799811.790000001,4655510.65,2174.33
-11799811.17,4655511.3,2171.08
-11799814.540000001,4655508.65,2180.88
-11799813.75,4655509.45,2176.75
-11799813.43,4655509.7700000005,2175.09
-11799813.27,4655509.94,2174.25
-11799815.73,4655508.22,2179.24
-11799815.55,4655508.39,2178.34
-11799815.17,4655508.7700000005,2176.38
-11799816.88,4655507.8100000005,2177.42
-11799816.56,4655508.16,2175.65
-11799818.02,4655507.43,2175.54
-11799817.74,4655507.7,2174.11
-11799817.35,4655508.11,2172.03
-11799816.25,4655509.24,2166.22
-11799819.200000001,4655506.99,2173.9
-11799818.81,4655507.39,2171.85
-11799818.33,4655507.9,2169.27
-11799820.27,4655506.68,2171.69
-11799819.97,4655506.98,2170.06
-11799821.6,4655506.09,2170.88
-11799823.17,4655505.2700000005,2171.35
-11799822.9,4655505.54,2169.9
-11799824.4,4655504.78,2170.0
-11799829.06,4655505.01,2166.25
-11799827.58,4655505.7700000005,2166.25
-11799826.69,4655505.88,2169.69
-11799825.16,4655506.66,2169.61
-11799823.64,4655507.44,2169.47
-11799822.47,4655507.850000001,2171.19
-11799820.83,4655508.76,2170.42
-11799820.02,4655509.59,2166.13
-11799820.0,4655508.82,2174.06
-11799819.75,4655509.0600000005,2172.71
-11799819.040000001,4655509.8,2168.92
-11799818.51,4655510.350000001,2166.11
-11799819.11,4655508.95,2177.23
-11799818.93,4655509.14,2176.27
-11799818.64,4655509.43,2174.77
-11799817.01,4655511.11,2166.13
-11799817.85,4655509.46,2178.55
-11799817.59,4655509.72,2177.23
-11799817.040000001,4655510.2700000005,2174.31
-11799816.9,4655510.43,2173.56
-11799816.55,4655510.01,2179.53
-11799816.200000001,4655510.37,2177.71
-11799815.81,4655510.76,2175.65
-11799815.34,4655510.48,2180.92
-11799815.1,4655510.72,2179.69
-11799814.67,4655511.16,2177.44
-11799814.22,4655511.62,2175.08
-11799813.28,4655511.8100000005,2177.92
-11799812.72,4655512.38,2175.07
-11799812.26,4655512.84,2172.69
-11799810.77,4655513.57,2172.86
-11799809.88,4655514.47,2168.27
-11799809.41,4655514.95,2165.92
-11799808.48,4655515.12,2168.84
-11799807.1,4655515.7700000005,2169.42
-11799805.540000001,4655516.57,2169.25
-11799804.76,4655516.59,2172.96
-11799803.88,4655517.47,2168.56
-11799803.5,4655517.100000001,2174.08
-11799802.31,4655517.54,2175.67
-11799802.0,4655517.86,2174.08
-11799800.25,4655518.88,2172.82
-11799799.19,4655519.18,2175.0
-11799797.67,4655520.69,2167.48
-11799797.33,4655521.0200000005,2165.83
-11799797.6,4655520.0,2174.69
-11799797.38,4655520.25,2173.55
-11799796.790000001,4655520.8100000005,2170.71
-11799796.5,4655521.100000001,2169.3
-11799796.72,4655520.16,2177.75
-11799796.36,4655520.53,2175.98
-11799795.39,4655520.76,2178.5
-11799794.59,4655521.5200000005,2174.63
-11799794.75,4655520.67,2182.58
-11799794.09,4655521.32,2179.42
-11799793.65,4655521.75,2177.23
-11799793.41,4655522.0,2176.1
-11799792.98,4655521.68,2181.4
-11799792.4,4655522.25,2178.57
-11799791.81,4655522.83,2175.75
-11799791.14,4655523.48,2172.47
-11799791.59,4655522.3100000005,2181.94
-11799790.97,4655522.93,2178.96
-11799790.700000001,4655523.21,2177.65
-11799789.69,4655524.19,2172.81
-11799788.99,4655524.15,2176.69
-11799786.71,4655526.37,2165.79
-11799788.63,4655523.78,2182.22
-11799787.1,4655524.58,2182.05
-11799786.47,4655525.19,2179.05
-11799783.56,4655528.0,2165.31
-11799785.86,4655525.08,2183.26
-11799785.31,4655525.61,2180.67
-11799784.120000001,4655526.07,2182.13
-11799783.75,4655526.42,2180.42
-11799783.55,4655526.62,2179.51
-11799783.17,4655526.98,2177.71
-11799782.5,4655526.92,2181.65
-11799779.0,4655530.3,2165.32
-11799780.65,4655528.01,2180.11
-11799777.450000001,4655531.08,2165.29
-11799775.950000001,4655531.83,2165.32
-11799774.450000001,4655532.59,2165.29
-11799772.93,4655533.36,2165.3
-11799771.41,4655534.13,2165.31
-11799772.85,4655532.07,2178.78
-11799769.89,4655534.89,2165.32
-11799771.92,4655532.2700000005,2181.4
-11799769.13,4655534.93,2168.78
-11799768.370000001,4655535.65,2165.36
-11799770.68,4655532.79,2182.59
-11799768.92,4655533.7700000005,2181.51
-11799768.65,4655534.04,2180.24
-11799766.91,4655535.01,2179.29
-11799765.98,4655535.88,2175.17
-11799765.5,4655536.33,2173.02
-11799765.8,4655535.4,2180.94
-11799765.1,4655536.05,2177.88
-11799764.85,4655536.2700000005,2176.79
-11799765.01,4655535.48,2184.1
-11799764.59,4655535.88,2182.26
-11799764.19,4655536.26,2180.48
-11799763.950000001,4655536.49,2179.4
-11799763.5,4655536.24,2184.11
-11799761.35,4655537.59,2181.28
-11799757.69,4655541.03,2165.25
-11799760.07,4655538.13,2182.4
-11799756.14,4655541.8100000005,2165.27
-11799754.59,4655542.58,2165.27
-11799753.06,4655543.350000001,2165.25
-11799754.78,4655541.12,2179.15
-11799751.540000001,4655544.11,2165.23
-11799753.24,4655541.89,2179.13
-11799749.99,4655544.89,2165.21
-11799751.89,4655542.51,2179.86
-11799751.64,4655542.73,2178.79
-11799748.44,4655545.69,2165.19
-11799750.76,4655542.9,2181.61
-11799750.040000001,4655543.55,2178.59
-11799749.41,4655544.14,2175.88
-11799749.01,4655544.51,2174.21
-11799748.92,4655543.96,2180.22
-11799748.11,4655544.69,2176.79
-11799747.82,4655544.96,2175.56
-11799748.22,4655543.97,2183.63
-11799746.790000001,4655544.65,2183.94
-11799746.35,4655545.07,2182.09
-11799745.01,4655546.3,2176.46
-11799744.72,4655546.55,2175.29
-11799745.07,4655545.61,2183.09
-11799740.8,4655549.5200000005,2165.29
-11799743.290000001,4655546.62,2182.0
-11799742.81,4655547.04,2180.0
-11799742.16,4655547.64,2177.36
-11799741.700000001,4655547.43,2181.67
-11799740.51,4655548.5200000005,2176.73
-11799737.72,4655551.09,2165.15
-11799740.15,4655548.24,2181.6
-11799738.91,4655549.36,2176.51
-11799738.3,4655549.29,2180.28
-11799737.51,4655549.99,2177.07
-11799738.26,4655549.66,2180.42
-11799737.44,4655550.41,2177.04
-11799738.75,4655549.82,2176.42
-11799741.540000001,4655547.89,2181.83
-11799740.21,4655549.100000001,2176.36
-11799737.49,4655551.57,2165.13
-11799743.1,4655547.07,2182.17
-11799744.790000001,4655546.11,2183.19
-11799743.94,4655546.88,2179.67
-11799740.450000001,4655550.08,2165.11
-11799746.28,4655545.350000001,2183.38
-11799746.040000001,4655545.57,2182.4
-11799744.620000001,4655546.87,2176.49
-11799747.78,4655544.59,2183.58
-11799743.42,4655548.58,2165.28
-11799749.06,4655544.03,2182.77
-11799748.83,4655544.25,2181.78
-11799749.82,4655543.93,2179.86
-11799748.74,4655544.93,2175.28
-11799751.1,4655543.36,2179.15
-11799749.870000001,4655544.49,2173.92
-11799747.82,4655546.39,2165.17
-11799752.950000001,4655542.29,2180.69
-11799752.49,4655542.71,2178.76
-11799749.28,4655545.67,2165.06
-11799754.13,4655541.82,2179.42
-11799750.82,4655544.88,2165.21
-11799752.290000001,4655544.14,2165.19
-11799753.78,4655543.4,2165.24
-11799755.26,4655542.64,2165.25
-11799756.78,4655541.9,2165.22
-11799762.22,4655537.43,2182.57
-11799761.96,4655537.7,2181.36
-11799758.28,4655541.14,2165.23
-11799764.1,4655536.350000001,2184.28
-11799765.13,4655536.01,2182.4
-11799764.43,4655536.65,2179.38
-11799765.26,4655536.53,2176.47
-11799762.92,4655538.73,2166.07
-11799767.36,4655535.21,2179.19
-11799765.94,4655536.5600000005,2172.84
-11799769.36,4655533.98,2181.5
-11799769.040000001,4655534.25,2180.13
-11799770.97,4655533.12,2182.08
-11799768.52,4655535.44,2171.04
-11799769.53,4655535.15,2168.83
-11799768.76,4655535.89,2165.34
-11799773.21,4655532.3100000005,2178.84
-11799770.24,4655535.14,2165.31
-11799771.73,4655534.39,2165.29
-11799773.23,4655533.64,2165.3
-11799774.71,4655532.91,2165.28
-11799776.21,4655532.15,2165.31
-11799780.86,4655528.38,2179.92
-11799777.700000001,4655531.4,2165.29
-11799782.72,4655527.24,2181.83
-11799784.36,4655526.34,2182.54
-11799783.34,4655527.34,2177.77
-11799780.68,4655529.91,2165.33
-11799785.99,4655525.46,2183.21
-11799787.18,4655525.0,2181.92
-11799786.59,4655525.57,2179.13
-11799786.02,4655526.13,2176.42
-11799783.67,4655528.4,2165.34
-11799788.71,4655524.23,2182.07
-11799785.18,4655527.65,2165.31
-11799789.57,4655524.09,2179.06
-11799789.07,4655524.58,2176.67
-11799786.790000001,4655526.8,2165.76
-11799791.72,4655522.68,2182.31
-11799791.34,4655523.0600000005,2180.49
-11799791.02,4655523.38,2178.94
-11799788.33,4655526.0,2166.03
-11799793.01,4655522.13,2181.42
-11799792.43,4655522.7,2178.61
-11799789.72,4655525.36,2165.5
-11799794.65,4655521.23,2182.19
-11799794.290000001,4655521.600000001,2180.38
-11799795.52,4655521.09,2179.23
-11799796.64,4655520.69,2177.58
-11799796.1,4655521.24,2174.9
-11799795.84,4655521.48,2173.65
-11799797.540000001,4655520.53,2174.67
-11799797.1,4655520.97,2172.48
-11799796.75,4655521.32,2170.74
-11799799.75,4655519.09,2178.0
-11799799.120000001,4655519.72,2174.88
-11799797.65,4655521.17,2167.63
-11799800.8,4655518.79,2175.84
-11799801.98,4655518.34,2174.38
-11799801.76,4655518.54,2173.3
-11799801.450000001,4655518.87,2171.69
-11799803.43,4655517.63,2174.17
-11799802.4,4655518.65,2169.06
-11799804.69,4655517.12,2173.03
-11799803.790000001,4655518.0,2168.55
-11799806.34,4655516.21,2173.79
-11799805.4,4655517.13,2169.08
-11799806.99,4655516.3100000005,2169.52
-11799808.39,4655515.66,2168.92
-11799809.76,4655515.03,2168.35
-11799812.6,4655512.91,2175.36
-11799812.120000001,4655513.4,2172.86
-11799811.790000001,4655513.73,2171.19
-11799814.93,4655511.3100000005,2179.74
-11799814.75,4655511.48,2178.81
-11799814.17,4655512.09,2175.78
-11799813.31,4655512.96,2171.34
-11799816.450000001,4655510.54,2179.83
-11799816.15,4655510.850000001,2178.25
-11799815.82,4655511.18,2176.55
-11799815.58,4655511.43,2175.26
-11799817.55,4655510.19,2177.73
-11799817.28,4655510.46,2176.36
-11799817.13,4655510.62,2175.55
-11799816.82,4655510.94,2173.9
-11799818.93,4655509.5600000005,2177.17
-11799818.76,4655509.74,2176.19
-11799818.42,4655510.09,2174.42
-11799816.84,4655511.71,2166.09
-11799819.98,4655509.25,2174.94
-11799819.64,4655509.600000001,2173.15
-11799819.27,4655509.98,2171.21
-11799818.99,4655510.28,2169.67
-11799821.06,4655508.92,2172.84
-11799820.71,4655509.2700000005,2170.99
-11799820.450000001,4655509.54,2169.59
-11799820.26,4655509.74,2168.6
-11799822.21,4655508.51,2171.05
-11799821.28,4655509.47,2166.11
-11799823.38,4655508.100000001,2169.34
-11799824.89,4655507.34,2169.42
-11799826.4,4655506.57,2169.51
-11799827.92,4655505.8100000005,2169.51
-11799827.33,4655506.42,2166.3
-11799828.85,4655505.66,2166.28
-11799830.35,4655504.89,2166.28
-11799834.32,4655505.100000001,2166.36
-11799832.8,4655505.86,2166.28
-11799831.28,4655506.63,2166.27
-11799829.75,4655507.4,2166.24
-11799828.26,4655508.16,2166.22
-11799827.3,4655508.34,2169.19
-11799826.76,4655508.91,2166.19
-11799825.25,4655509.67,2166.19
-11799823.76,4655510.42,2166.17
-11799822.26,4655511.18,2166.23
-11799820.76,4655511.93,2166.22
-11799820.3,4655511.62,2171.74
-11799819.790000001,4655512.14,2169.01
-11799819.21,4655512.74,2165.94
-11799819.42,4655511.75,2175.01
-11799818.75,4655512.42,2171.48
-11799818.13,4655513.04,2168.24
-11799817.700000001,4655513.5,2165.94
-11799818.35,4655512.05,2177.25
-11799818.06,4655512.350000001,2175.75
-11799817.73,4655512.69,2174.03
-11799817.34,4655513.09,2171.97
-11799816.75,4655512.89,2176.75
-11799816.34,4655513.33,2174.61
-11799815.93,4655513.76,2172.42
-11799814.68,4655515.01,2165.92
-11799815.34,4655513.59,2177.1
-11799814.86,4655514.08,2174.57
-11799814.370000001,4655514.57,2172.02
-11799813.76,4655515.19,2168.9
-11799811.65,4655516.55,2165.86
-11799810.58,4655516.86,2168.17
-11799810.14,4655517.3,2165.88
-11799809.19,4655517.51,2168.71
-11799807.78,4655518.16,2169.31
-11799807.36,4655517.83,2174.81
-11799806.55,4655518.62,2170.73
-11799806.31,4655518.88,2169.47
-11799805.83,4655518.63,2174.54
-11799805.41,4655519.04,2172.42
-11799804.16,4655519.5600000005,2173.69
-11799802.6,4655521.11,2165.85
-11799803.43,4655519.53,2177.69
-11799803.06,4655519.9,2175.8
-11799802.23,4655519.99,2179.09
-11799801.35,4655520.87,2174.72
-11799800.47,4655521.01,2177.72
-11799800.18,4655521.3100000005,2176.25
-11799799.98,4655521.5,2175.25
-11799798.790000001,4655521.94,2176.94
-11799798.18,4655522.55,2173.92
-11799797.57,4655523.14,2170.96
-11799797.94,4655522.05,2180.15
-11799796.31,4655522.93,2179.53
-11799795.48,4655523.04,2182.74
-11799795.11,4655523.39,2180.98
-11799794.13,4655523.62,2183.51
-11799792.63,4655524.38,2183.51
-11799791.71,4655525.3,2179.06
-11799788.950000001,4655527.98,2165.86
-11799790.07,4655526.18,2178.42
-11799789.73,4655526.5,2176.78
-11799787.49,4655528.69,2166.1
-11799788.67,4655526.83,2179.01
-11799785.8,4655529.62,2165.36
-11799787.46,4655527.29,2180.46
-11799786.34,4655527.69,2182.13
-11799784.74,4655528.53,2181.61
-11799783.040000001,4655529.48,2180.81
-11799780.11,4655532.3100000005,2167.11
-11799779.73,4655532.67,2165.35
-11799778.88,4655532.8,2168.49
-11799776.68,4655534.21,2165.35
-11799775.17,4655534.97,2165.36
-11799773.65,4655535.74,2165.34
-11799772.120000001,4655536.5,2165.35
-11799770.6,4655537.28,2165.33
-11799769.07,4655538.04,2165.34
-11799769.33,4655537.14,2173.24
-11799767.56,4655538.8100000005,2165.32
-11799768.36,4655537.36,2175.77
-11799768.06,4655537.66,2174.4
-11799766.01,4655539.58,2165.27
-11799767.23,4655537.75,2177.6
-11799763.23,4655540.86,2166.59
-11799764.11,4655539.39,2177.11
-11799761.43,4655541.9,2165.25
-11799763.540000001,4655539.26,2181.17
-11799762.76,4655539.99,2177.77
-11799759.9,4655542.68,2165.17
-11799761.63,4655540.4,2179.49
-11799758.36,4655543.45,2165.23
-11799756.85,4655544.2,2165.27
-11799755.34,4655544.96,2165.26
-11799753.78,4655545.74,2165.24
-11799752.25,4655546.5200000005,2165.23
-11799754.28,4655543.98,2180.44
-11799750.73,4655547.28,2165.23
-11799752.950000001,4655544.59,2181.21
-11799749.18,4655548.0600000005,2165.17
-11799751.52,4655545.24,2181.69
-11799750.040000001,4655545.99,2181.9
-11799749.36,4655546.600000001,2179.01
-11799748.94,4655546.37,2183.55
-11799747.15,4655547.39,2182.4
-11799746.76,4655547.76,2180.74
-11799745.58,4655548.19,2182.17
-11799743.870000001,4655549.15,2181.33
-11799739.98,4655552.69,2165.19
-11799742.09,4655550.14,2180.34
-11799740.700000001,4655550.8,2180.86
-11799739.700000001,4655551.71,2176.74
-11799741.620000001,4655550.75,2180.5
-11799737.88,4655554.15,2165.07
-11799743.44,4655549.72,2181.97
-11799743.02,4655550.08,2180.27
-11799744.86,4655549.0,2181.9
-11799743.8,4655549.97,2177.5
-11799746.38,4655548.21,2182.21
-11799747.92,4655547.41,2182.44
-11799746.86,4655548.39,2177.98
-11799743.84,4655551.15,2165.32
-11799749.47,4655546.600000001,2182.82
-11799748.64,4655547.350000001,2179.33
-11799745.31,4655550.42,2165.32
-11799750.700000001,4655546.09,2181.85
-11799752.03,4655545.47,2181.27
-11799750.75,4655546.64,2175.84
-11799753.46,4655544.7700000005,2181.07
-11799749.73,4655548.23,2165.15
-11799754.72,4655544.25,2180.06
-11799751.24,4655547.44,2165.17
-11799755.92,4655543.75,2178.86
-11799752.74,4655546.7,2165.21
-11799754.24,4655545.96,2165.23
-11799755.71,4655545.2,2165.27
-11799757.17,4655544.48,2165.25
-11799762.0,4655540.61,2179.88
-11799763.75,4655539.61,2181.08
-11799763.0,4655540.3100000005,2177.78
-11799760.15,4655542.98,2165.25
-11799764.370000001,4655539.7,2177.09
-11799761.68,4655542.22,2165.25
-11799763.47,4655541.18,2166.63
-11799768.3,4655537.29,2181.59
-11799767.540000001,4655537.99,2178.25
-11799768.790000001,4655537.46,2177.25
-11799768.48,4655537.74,2175.92
-11799766.11,4655539.99,2165.27
-11799770.3,4655536.7,2177.38
-11799767.620000001,4655539.23,2165.34
-11799769.1,4655538.47,2165.34
-11799770.61,4655537.71,2165.34
-11799772.13,4655536.98,2165.33
-11799773.63,4655536.22,2165.34
-11799775.120000001,4655535.47,2165.34
-11799776.620000001,4655534.71,2165.34
-11799778.65,4655533.46,2167.85
-11799778.11,4655533.98,2165.32
-11799780.040000001,4655532.8,2167.35
-11799779.61,4655533.21,2165.32
-11799784.57,4655529.12,2181.42
-11799781.13,4655532.45,2165.33
-11799786.17,4655528.28,2181.98
-11799785.82,4655528.62,2180.32
-11799787.42,4655527.76,2180.92
-11799787.040000001,4655528.13,2179.1
-11799784.120000001,4655530.96,2165.3
-11799788.700000001,4655527.2,2179.97
-11799788.35,4655527.55,2178.33
-11799785.85,4655529.98,2166.44
-11799785.63,4655530.17,2165.42
-11799789.96,4655526.68,2178.97
-11799787.120000001,4655529.45,2165.4
-11799792.57,4655524.83,2184.4
-11799792.370000001,4655525.0200000005,2183.46
-11799791.51,4655525.86,2179.34
-11799788.72,4655528.59,2165.9
-11799794.16,4655523.99,2184.8
-11799795.32,4655523.55,2183.26
-11799796.82,4655522.8100000005,2183.38
-11799796.08,4655523.53,2179.78
-11799795.75,4655523.84,2178.24
-11799795.53,4655524.0600000005,2177.13
-11799797.53,4655522.8100000005,2179.63
-11799796.82,4655523.51,2176.19
-11799796.58,4655523.74,2175.01
-11799798.83,4655522.26,2178.65
-11799797.91,4655523.17,2174.13
-11799800.200000001,4655521.63,2178.11
-11799799.88,4655521.94,2176.56
-11799799.56,4655522.26,2174.94
-11799797.67,4655524.13,2165.61
-11799801.93,4655520.65,2179.26
-11799801.65,4655520.92,2177.9
-11799803.13,4655520.17,2177.88
-11799804.09,4655519.97,2175.19
-11799805.24,4655519.5600000005,2173.48
-11799804.22,4655520.57,2168.38
-11799806.82,4655518.71,2174.01
-11799806.23,4655519.3,2170.98
-11799807.42,4655518.86,2169.53
-11799808.82,4655518.21,2168.97
-11799810.200000001,4655517.58,2168.36
-11799811.19,4655517.33,2165.84
-11799813.27,4655516.01,2168.71
-11799812.700000001,4655516.57,2165.82
-11799815.49,4655514.53,2172.32
-11799815.19,4655514.83,2170.77
-11799814.83,4655515.2,2168.92
-11799814.25,4655515.79,2165.88
-11799816.89,4655513.850000001,2171.92
-11799816.44,4655514.32,2169.61
-11799818.78,4655512.7,2174.1
-11799818.32,4655513.17,2171.65
-11799817.99,4655513.51,2169.94
-11799817.24,4655514.28,2165.94
-11799820.17,4655512.05,2173.57
-11799818.73,4655513.51,2165.94
-11799820.32,4655512.69,2166.42
-11799822.040000001,4655511.72,2167.57
-11799821.75,4655512.0,2166.05
-11799823.28,4655511.22,2166.13
-11799824.790000001,4655510.46,2166.17
-11799826.290000001,4655509.72,2166.17
-11799827.790000001,4655508.96,2166.17
-11799829.28,4655508.22,2166.21
-11799830.75,4655507.46,2166.26
-11799832.39,4655506.58,2166.97
-11799833.790000001,4655505.92,2166.32
-11799835.790000001,4655504.66,2169.1
-11799835.49,4655504.98,2167.42
-11799839.6,4655505.22,2166.32
-11799838.11,4655505.98,2166.32
-11799836.61,4655506.72,2166.29
-11799835.11,4655507.48,2166.28
-11799833.58,4655508.26,2166.23
-11799832.03,4655509.04,2166.22
-11799830.55,4655509.79,2166.27
-11799829.07,4655510.51,2166.27
-11799827.55,4655511.3,2166.19
-11799826.040000001,4655512.07,2166.17
-11799824.53,4655512.83,2166.11
-11799823.01,4655513.59,2166.11
-11799821.49,4655514.38,2166.02
-11799819.99,4655515.14,2165.97
-11799818.5,4655515.89,2165.94
-11799817.620000001,4655515.99,2169.27
-11799817.02,4655516.62,2166.07
-11799816.19,4655516.69,2169.53
-11799815.870000001,4655517.0200000005,2167.86
-11799814.39,4655517.75,2168.04
-11799813.97,4655518.17,2165.88
-11799812.42,4655518.95,2165.86
-11799810.91,4655519.71,2165.86
-11799809.94,4655519.94,2168.61
-11799808.57,4655520.57,2169.19
-11799807.65,4655520.74,2172.03
-11799807.18,4655521.23,2169.63
-11799806.620000001,4655521.0200000005,2174.52
-11799803.59,4655522.54,2174.57
-11799802.77,4655522.64,2177.83
-11799802.11,4655523.3,2174.57
-11799801.5,4655523.9,2171.58
-11799801.07,4655524.32,2169.44
-11799800.1,4655524.54,2172.11
-11799799.040000001,4655525.59,2166.86
-11799798.83,4655525.8100000005,2165.8
-11799799.200000001,4655524.72,2175.06
-11799798.57,4655525.33,2171.94
-11799798.450000001,4655524.72,2178.76
-11799797.74,4655525.41,2175.33
-11799797.11,4655525.33,2179.48
-11799796.71,4655525.72,2177.53
-11799796.450000001,4655525.98,2176.29
-11799796.450000001,4655525.25,2183.53
-11799796.18,4655525.5200000005,2182.21
-11799795.71,4655525.97,2179.99
-11799795.51,4655526.19,2178.96
-11799795.21,4655525.75,2184.9
-11799794.59,4655526.36,2181.9
-11799794.3,4655526.64,2180.51
-11799793.46,4655526.75,2183.67
-11799793.040000001,4655527.16,2181.65
-11799792.75,4655527.43,2180.3
-11799792.24,4655527.96,2177.77
-11799790.76,4655528.67,2178.06
-11799788.44,4655530.93,2166.96
-11799786.96,4655531.65,2167.17
-11799785.35,4655532.5200000005,2166.57
-11799785.08,4655532.78,2165.31
-11799783.58,4655533.53,2165.35
-11799782.35,4655534.01,2166.82
-11799782.07,4655534.28,2165.51
-11799781.6,4655534.04,2170.4
-11799780.56,4655535.03,2165.61
-11799779.05,4655535.8,2165.51
-11799777.53,4655536.57,2165.44
-11799775.98,4655537.36,2165.36
-11799774.44,4655538.13,2165.4
-11799772.9,4655538.92,2165.34
-11799771.39,4655539.68,2165.36
-11799769.870000001,4655540.44,2165.34
-11799768.34,4655541.21,2165.3
-11799770.91,4655538.11,2183.73
-11799770.65,4655538.350000001,2182.54
-11799766.790000001,4655541.97,2165.32
-11799769.43,4655538.83,2183.86
-11799769.06,4655539.18,2182.25
-11799765.25,4655542.7700000005,2165.27
-11799767.61,4655539.89,2182.4
-11799764.0,4655543.29,2166.35
-11799762.24,4655544.2700000005,2165.26
-11799760.73,4655545.04,2165.28
-11799759.18,4655545.83,2165.28
-11799757.63,4655546.600000001,2165.3
-11799756.09,4655547.37,2165.29
-11799754.57,4655548.15,2165.28
-11799753.02,4655548.93,2165.26
-11799751.48,4655549.71,2165.24
-11799753.5,4655547.2,2180.34
-11799749.97,4655550.47,2165.27
-11799751.93,4655548.0200000005,2180.06
-11799751.66,4655548.26,2178.96
-11799748.42,4655551.25,2165.21
-11799750.41,4655548.78,2180.04
-11799749.67,4655549.47,2176.86
-11799746.9,4655552.01,2165.19
-11799748.31,4655550.09,2177.53
-11799747.75,4655550.61,2175.19
-11799745.41,4655552.74,2165.35
-11799747.120000001,4655550.55,2178.94
-11799743.89,4655553.5,2165.38
-11799746.18,4655550.78,2181.4
-11799742.32,4655554.3100000005,2165.33
-11799744.8,4655551.41,2182.11
-11799740.76,4655555.08,2165.32
-11799743.370000001,4655552.100000001,2182.34
-11799742.21,4655553.14,2177.56
-11799739.21,4655555.88,2165.17
-11799737.700000001,4655556.65,2165.13
-11799738.370000001,4655556.66,2165.17
-11799744.06,4655552.0600000005,2182.67
-11799739.84,4655555.93,2165.17
-11799745.52,4655551.34,2182.72
-11799741.32,4655555.17,2165.28
-11799746.63,4655550.93,2181.19
-11799742.82,4655554.41,2165.33
-11799747.540000001,4655550.71,2178.86
-11799744.31,4655553.66,2165.36
-11799745.77,4655552.94,2165.29
-11799750.71,4655549.01,2179.96
-11799747.21,4655552.23,2165.15
-11799752.18,4655548.25,2180.06
-11799748.68,4655551.47,2165.17
-11799753.73,4655547.45,2180.36
-11799750.18,4655550.71,2165.22
-11799751.69,4655549.97,2165.19
-11799753.19,4655549.23,2165.22
-11799754.66,4655548.47,2165.26
-11799756.15,4655547.73,2165.27
-11799757.620000001,4655546.99,2165.29
-11799759.120000001,4655546.22,2165.28
-11799760.61,4655545.49,2165.28
-11799762.08,4655544.76,2165.25
-11799763.8,4655543.78,2166.28
-11799769.27,4655539.3,2183.94
-11799768.89,4655539.65,2182.22
-11799768.47,4655540.03,2180.4
-11799765.24,4655543.08,2166.06
-11799770.69,4655538.600000001,2183.77
-11799770.49,4655538.8,2182.82
-11799766.57,4655542.5,2165.31
-11799772.07,4655537.95,2183.38
-11799768.040000001,4655541.75,2165.31
-11799769.56,4655540.98,2165.32
-11799771.08,4655540.22,2165.35
-11799772.55,4655539.5,2165.31
-11799774.040000001,4655538.74,2165.32
-11799775.55,4655537.98,2165.4
-11799777.05,4655537.22,2165.44
-11799778.6,4655536.44,2165.5
-11799780.1,4655535.68,2165.57
-11799782.52,4655534.0,2170.06
-11799783.03,4655534.22,2165.46
-11799784.53,4655533.48,2165.34
-11799786.43,4655532.350000001,2167.21
-11799786.0,4655532.73,2165.21
-11799790.28,4655529.29,2178.54
-11799787.870000001,4655531.62,2167.09
-11799789.24,4655530.99,2166.48
-11799789.05,4655531.19,2165.53
-11799794.1,4655526.96,2182.63
-11799793.85,4655527.2,2181.42
-11799795.8,4655526.0,2183.72
-11799795.4,4655526.4,2181.77
-11799795.01,4655526.76,2179.92
-11799796.83,4655525.7,2181.47
-11799796.32,4655526.21,2178.92
-11799795.73,4655526.79,2176.1
-11799795.43,4655527.08,2174.65
-11799798.21,4655525.07,2180.92
-11799797.83,4655525.44,2179.11
-11799797.46,4655525.8,2177.34
-11799796.39,4655526.850000001,2172.1
-11799799.1,4655524.9,2178.11
-11799798.61,4655525.39,2175.71
-11799798.06,4655525.92,2173.07
-11799799.99,4655524.75,2175.17
-11799799.32,4655525.41,2171.86
-11799798.08,4655526.61,2165.79
-11799800.86,4655524.61,2172.02
-11799799.76,4655525.71,2166.6
-11799802.950000001,4655523.29,2174.9
-11799804.44,4655522.53,2174.96
-11799805.94,4655521.7700000005,2175.07
-11799805.53,4655522.16,2173.07
-11799807.040000001,4655521.41,2173.13
-11799806.32,4655522.12,2169.51
-11799807.84,4655521.36,2169.58
-11799809.19,4655520.72,2168.94
-11799810.61,4655520.09,2168.36
-11799811.620000001,4655519.82,2165.86
-11799813.1,4655519.08,2165.86
-11799815.03,4655517.89,2168.01
-11799814.620000001,4655518.3100000005,2165.9
-11799816.790000001,4655516.88,2169.44
-11799816.450000001,4655517.22,2167.67
-11799818.24,4655516.17,2169.23
-11799817.85,4655516.57,2167.13
-11799817.63,4655516.78,2165.99
-11799819.14,4655516.0200000005,2166.0
-11799820.64,4655515.29,2165.96
-11799822.42,4655514.23,2167.56
-11799822.13,4655514.54,2165.99
-11799823.63,4655513.78,2166.05
-11799825.14,4655513.01,2166.13
-11799826.65,4655512.25,2166.17
-11799828.16,4655511.49,2166.19
-11799829.65,4655510.73,2166.23
-11799831.16,4655509.98,2166.26
-11799832.66,4655509.23,2166.25
-11799834.4,4655508.2,2167.74
-11799834.13,4655508.48,2166.23
-11799835.65,4655507.72,2166.26
-11799837.46,4655506.63,2168.08
-11799837.13,4655506.98,2166.25
-11799838.66,4655506.21,2166.31
-11799840.14,4655505.45,2166.32
-11799841.63,4655504.71,2166.32
-11799846.0,4655504.8100000005,2166.44
-11799844.51,4655505.57,2166.34
-11799843.46,4655505.850000001,2168.9
-11799843.03,4655506.32,2166.42
-11799842.01,4655506.55,2169.32
-11799840.48,4655507.32,2169.21
-11799838.950000001,4655508.11,2168.97
-11799837.620000001,4655508.71,2169.83
-11799836.99,4655509.36,2166.3
-11799836.19,4655509.4,2170.19
-11799835.48,4655510.12,2166.27
-11799833.98,4655510.9,2166.27
-11799832.47,4655511.66,2166.23
-11799830.98,4655512.42,2166.21
-11799829.5,4655513.16,2166.17
-11799827.97,4655513.94,2166.17
-11799826.46,4655514.7,2166.17
-11799824.92,4655515.48,2166.04
-11799823.41,4655516.24,2166.01
-11799821.93,4655517.0,2166.01
-11799820.4,4655517.78,2165.98
-11799818.88,4655518.54,2165.96
-11799817.68,4655518.97,2167.58
-11799816.22,4655519.68,2167.9
-11799814.34,4655520.83,2165.9
-11799812.83,4655521.59,2165.86
-11799811.32,4655522.37,2165.86
-11799810.23,4655522.71,2167.9
-11799809.83,4655523.100000001,2165.92
-11799808.32,4655523.86,2165.94
-11799807.8,4655523.62,2170.96
-11799807.35,4655524.0600000005,2168.72
-11799806.83,4655523.88,2173.55
-11799805.290000001,4655525.41,2165.8
-11799805.0,4655524.93,2171.94
-11799803.950000001,4655526.0,2166.69
-11799804.06,4655525.15,2174.8
-11799802.25,4655526.94,2165.82
-11799801.07,4655527.38,2167.4
-11799800.73,4655527.71,2165.72
-11799799.16,4655528.53,2165.53
-11799798.790000001,4655528.16,2171.15
-11799798.16,4655528.79,2168.02
-11799797.83,4655529.100000001,2166.44
-11799797.24,4655528.96,2170.94
-11799796.36,4655529.84,2166.6
-11799796.14,4655530.05,2165.55
-11799794.59,4655530.82,2165.47
-11799793.08,4655531.59,2165.5
-11799791.58,4655532.350000001,2165.44
-11799790.31,4655532.89,2166.56
-11799788.52,4655533.91,2165.36
-11799787.01,4655534.65,2165.4
-11799785.89,4655535.0600000005,2167.17
-11799785.51,4655535.41,2165.4
-11799785.13,4655535.08,2170.77
-11799783.75,4655535.7,2171.56
-11799782.44,4655536.25,2172.57
-11799781.14,4655536.8100000005,2173.51
-11799779.76,4655538.15,2167.1
-11799777.92,4655539.22,2165.6
-11799776.36,4655540.03,2165.36
-11799774.85,4655540.8,2165.4
-11799773.31,4655541.57,2165.36
-11799771.790000001,4655542.34,2165.38
-11799770.31,4655543.05,2165.65
-11799772.82,4655540.01,2183.72
-11799768.73,4655543.88,2165.36
-11799770.34,4655541.7,2179.26
-11799767.22,4655544.65,2165.3
-11799765.68,4655545.44,2165.3
-11799764.1,4655546.22,2165.25
-11799762.6,4655546.98,2165.27
-11799763.57,4655545.42,2176.13
-11799761.11,4655547.73,2165.29
-11799759.57,4655548.5,2165.29
-11799758.03,4655549.28,2165.29
-11799756.47,4655550.05,2165.29
-11799754.96,4655550.84,2165.28
-11799753.47,4655551.58,2165.28
-11799751.93,4655552.34,2165.23
-11799750.38,4655553.14,2165.23
-11799748.83,4655553.92,2165.26
-11799750.72,4655551.55,2179.76
-11799747.28,4655554.69,2165.25
-11799749.4,4655552.13,2180.51
-11799745.8,4655555.45,2165.35
-11799747.44,4655553.3,2178.54
-11799744.3,4655556.2,2165.38
-11799746.540000001,4655553.51,2181.25
-11799745.77,4655554.21,2178.03
-11799744.8,4655554.45,2180.4
-11799741.16,4655557.78,2165.3
-11799743.03,4655555.47,2179.28
-11799739.64,4655558.5600000005,2165.25
-11799738.09,4655559.33,2165.17
-11799738.4,4655559.57,2165.15
-11799743.31,4655555.72,2179.25
-11799739.91,4655558.8100000005,2165.17
-11799744.99,4655554.7700000005,2180.23
-11799741.370000001,4655558.08,2165.25
-11799746.57,4655553.9,2180.94
-11799746.17,4655554.28,2179.23
-11799745.89,4655554.54,2178.07
-11799747.57,4655553.62,2178.8
-11799744.35,4655556.54,2165.36
-11799749.41,4655552.55,2180.26
-11799745.85,4655555.82,2165.3
-11799750.72,4655551.96,2179.65
-11799749.94,4655552.66,2176.42
-11799747.3,4655555.100000001,2165.26
-11799748.76,4655554.350000001,2165.23
-11799750.22,4655553.63,2165.19
-11799751.72,4655552.87,2165.22
-11799753.22,4655552.11,2165.25
-11799754.72,4655551.350000001,2165.28
-11799756.22,4655550.62,2165.27
-11799757.71,4655549.87,2165.26
-11799759.17,4655549.14,2165.24
-11799762.55,4655546.62,2173.42
-11799760.68,4655548.38,2165.26
-11799762.19,4655547.62,2165.27
-11799763.65,4655546.89,2165.21
-11799765.15,4655546.13,2165.23
-11799770.48,4655541.7700000005,2182.32
-11799766.66,4655545.37,2165.26
-11799768.17,4655544.61,2165.29
-11799769.68,4655543.84,2165.32
-11799771.32,4655542.96,2165.97
-11799772.67,4655542.350000001,2165.35
-11799774.19,4655541.57,2165.36
-11799775.69,4655540.8100000005,2165.36
-11799777.19,4655540.08,2165.34
-11799779.02,4655539.01,2166.86
-11799778.700000001,4655539.3,2165.42
-11799781.92,4655536.9,2173.46
-11799783.22,4655536.33,2172.52
-11799784.52,4655535.78,2171.53
-11799785.99,4655535.07,2171.3
-11799787.200000001,4655534.58,2169.99
-11799786.67,4655535.100000001,2167.47
-11799786.21,4655535.54,2165.33
-11799787.72,4655534.78,2165.42
-11799789.200000001,4655534.03,2165.35
-11799790.91,4655533.09,2166.26
-11799792.26,4655532.5,2165.36
-11799793.77,4655531.74,2165.4
-11799795.28,4655530.98,2165.44
-11799797.94,4655529.08,2171.09
-11799796.790000001,4655530.22,2165.42
-11799799.48,4655528.29,2171.26
-11799798.31,4655529.45,2165.5
-11799799.82,4655528.69,2165.47
-11799801.73,4655527.54,2167.44
-11799801.39,4655527.89,2165.69
-11799802.92,4655527.100000001,2165.82
-11799805.6,4655525.17,2171.75
-11799804.57,4655526.21,2166.54
-11799807.47,4655524.05,2173.53
-11799807.11,4655524.41,2171.74
-11799806.36,4655525.16,2167.92
-11799805.94,4655525.59,2165.81
-11799808.450000001,4655523.83,2170.85
-11799807.89,4655524.38,2168.05
-11799808.99,4655524.04,2165.86
-11799810.83,4655522.95,2167.58
-11799810.5,4655523.2700000005,2165.9
-11799812.01,4655522.54,2165.85
-11799813.540000001,4655521.75,2165.85
-11799815.07,4655520.98,2165.88
-11799816.93,4655519.89,2167.58
-11799818.36,4655519.21,2167.17
-11799818.15,4655519.43,2166.06
-11799819.63,4655518.68,2165.92
-11799821.15,4655517.92,2165.96
-11799822.67,4655517.16,2165.98
-11799824.19,4655516.39,2165.98
-11799825.72,4655515.62,2166.06
-11799827.27,4655514.84,2166.11
-11799828.82,4655514.04,2166.13
-11799830.35,4655513.28,2166.15
-11799831.89,4655512.51,2166.15
-11799833.43,4655511.72,2166.29
-11799834.94,4655510.98,2166.25
-11799837.39,4655509.22,2171.49
-11799837.16,4655509.46,2170.17
-11799836.450000001,4655510.2,2166.28
-11799838.43,4655508.96,2168.81
-11799839.99,4655508.15,2169.04
-11799841.540000001,4655507.34,2169.3
-11799843.02,4655506.63,2169.15
-11799844.540000001,4655505.86,2169.15
-11799844.06,4655506.37,2166.36
-11799845.65,4655505.55,2166.63
-11799847.120000001,4655504.8100000005,2166.4
-11799852.51,4655504.43,2166.35
-11799851.01,4655505.18,2166.38
-11799849.47,4655505.97,2166.34
-11799848.57,4655506.08,2169.76
-11799848.31,4655506.350000001,2168.32
-11799847.99,4655506.7,2166.38
-11799846.51,4655507.44,2166.52
-11799845.42,4655507.7700000005,2168.86
-11799843.97,4655508.48,2169.06
-11799842.51,4655509.19,2169.27
-11799840.98,4655509.96,2169.17
-11799839.81,4655510.38,2170.99
-11799839.46,4655510.76,2169.02
-11799838.47,4655510.98,2171.81
-11799837.950000001,4655511.53,2168.86
-11799837.48,4655512.0200000005,2166.23
-11799836.99,4655511.71,2171.96
-11799836.64,4655512.07,2170.01
-11799836.23,4655512.51,2167.72
-11799834.48,4655513.55,2166.19
-11799832.97,4655514.3100000005,2166.15
-11799831.49,4655515.07,2166.17
-11799829.97,4655515.83,2166.13
-11799828.44,4655516.600000001,2166.13
-11799826.93,4655517.37,2166.09
-11799825.41,4655518.15,2166.05
-11799823.9,4655518.91,2166.0
-11799822.39,4655519.65,2166.05
-11799820.99,4655520.32,2166.54
-11799819.61,4655520.97,2167.09
-11799817.89,4655521.93,2166.06
-11799816.39,4655522.68,2166.07
-11799814.88,4655523.47,2165.92
-11799813.38,4655524.23,2165.88
-11799811.83,4655525.0,2165.9
-11799810.31,4655525.7700000005,2165.94
-11799809.19,4655526.15,2167.88
-11799808.77,4655526.5600000005,2165.75
-11799807.34,4655527.24,2166.15
-11799806.08,4655527.76,2167.33
-11799805.78,4655528.08,2165.78
-11799804.23,4655528.88,2165.59
-11799802.98,4655529.37,2167.0
-11799802.69,4655529.65,2165.55
-11799801.16,4655530.43,2165.48
-11799799.65,4655531.2,2165.42
-11799798.32,4655531.78,2166.36
-11799796.81,4655532.55,2166.3
-11799795.120000001,4655533.48,2165.42
-11799793.620000001,4655534.24,2165.42
-11799792.44,4655534.68,2167.01
-11799792.16,4655534.96,2165.63
-11799790.6,4655535.76,2165.51
-11799790.36,4655535.28,2171.65
-11799789.97,4655535.65,2169.78
-11799789.34,4655535.5600000005,2173.97
-11799788.9,4655535.99,2171.88
-11799787.58,4655536.55,2172.86
-11799786.040000001,4655537.350000001,2172.72
-11799784.69,4655537.96,2173.44
-11799782.75,4655539.12,2171.57
-11799780.9,4655540.2,2170.03
-11799780.620000001,4655540.48,2168.69
-11799778.450000001,4655541.87,2165.6
-11799776.93,4655542.64,2165.56
-11799775.39,4655543.43,2165.46
-11799773.84,4655544.23,2165.38
-11799772.32,4655545.0,2165.36
-11799770.8,4655545.76,2165.33
-11799769.27,4655546.54,2165.35
-11799767.73,4655547.3100000005,2165.32
-11799766.21,4655548.07,2165.28
-11799767.08,4655546.600000001,2175.9
-11799764.68,4655548.86,2165.26
-11799765.950000001,4655547.0,2177.61
-11799764.28,4655547.91,2176.94
-11799763.57,4655548.57,2173.85
-11799761.620000001,4655550.39,2165.3
-11799761.82,4655549.5600000005,2172.83
-11799760.08,4655551.18,2165.23
-11799758.56,4655551.95,2165.28
-11799757.03,4655552.71,2165.31
-11799755.51,4655553.48,2165.28
-11799753.99,4655554.25,2165.28
-11799752.42,4655555.04,2165.24
-11799750.870000001,4655555.82,2165.24
-11799749.35,4655556.59,2165.23
-11799747.82,4655557.36,2165.24
-11799746.31,4655558.11,2165.31
-11799744.790000001,4655558.87,2165.38
-11799746.64,4655556.5600000005,2179.46
-11799743.26,4655559.65,2165.4
-11799745.23,4655557.21,2180.0
-11799741.700000001,4655560.45,2165.33
-11799740.16,4655561.22,2165.32
-11799738.63,4655561.99,2165.26
-11799737.08,4655562.79,2165.19
-11799737.17,4655563.19,2165.19
-11799738.64,4655562.43,2165.25
-11799740.120000001,4655561.69,2165.31
-11799741.6,4655560.95,2165.33
-11799746.51,4655557.07,2179.61
-11799743.08,4655560.19,2165.36
-11799744.56,4655559.45,2165.38
-11799746.06,4655558.71,2165.33
-11799747.52,4655557.98,2165.25
-11799748.97,4655557.24,2165.22
-11799750.46,4655556.5,2165.24
-11799751.93,4655555.7700000005,2165.21
-11799753.44,4655555.0,2165.25
-11799754.94,4655554.23,2165.27
-11799756.42,4655553.51,2165.28
-11799757.9,4655552.7700000005,2165.28
-11799761.02,4655550.49,2172.4
-11799759.39,4655552.0200000005,2165.27
-11799762.67,4655549.600000001,2173.03
-11799764.56,4655548.46,2174.85
-11799764.21,4655548.79,2173.3
-11799762.370000001,4655550.5200000005,2165.23
-11799766.57,4655547.25,2177.06
-11799763.89,4655549.75,2165.25
-11799767.790000001,4655546.75,2175.88
-11799765.39,4655549.0200000005,2165.25
-11799766.870000001,4655548.26,2165.27
-11799768.38,4655547.5,2165.3
-11799769.870000001,4655546.75,2165.32
-11799771.36,4655545.99,2165.32
-11799772.84,4655545.25,2165.36
-11799774.33,4655544.51,2165.38
-11799775.84,4655543.73,2165.44
-11799777.36,4655542.95,2165.61
-11799779.48,4655541.600000001,2168.55
-11799778.89,4655542.16,2165.79
-11799781.06,4655540.78,2168.86
-11799783.02,4655539.55,2171.13
-11799784.9,4655538.42,2173.01
-11799786.38,4655537.71,2172.98
-11799787.94,4655536.91,2173.13
-11799789.700000001,4655535.9,2174.19
-11799790.620000001,4655535.71,2171.5
-11799791.27,4655535.7700000005,2167.61
-11799790.83,4655536.21,2165.48
-11799792.34,4655535.44,2165.59
-11799793.8,4655534.71,2165.4
-11799795.31,4655533.97,2165.4
-11799796.98,4655533.04,2166.21
-11799798.48,4655532.28,2166.24
-11799799.8,4655531.7,2165.4
-11799801.31,4655530.94,2165.47
-11799803.15,4655529.850000001,2167.17
-11799802.81,4655530.18,2165.51
-11799804.32,4655529.42,2165.57
-11799805.86,4655528.62,2165.74
-11799807.48,4655527.74,2166.31
-11799808.92,4655527.09,2165.86
-11799810.41,4655526.33,2165.9
-11799811.88,4655525.58,2165.9
-11799813.38,4655524.83,2165.96
-11799814.88,4655524.08,2165.92
-11799816.4,4655523.3100000005,2165.94
-11799817.950000001,4655522.49,2166.33
-11799819.6,4655521.57,2167.23
-11799821.06,4655520.86,2167.04
-11799822.46,4655520.2,2166.36
-11799823.91,4655519.53,2166.01
-11799825.41,4655518.7700000005,2166.05
-11799826.92,4655518.01,2166.06
-11799828.42,4655517.25,2166.1
-11799829.9,4655516.49,2166.11
-11799831.43,4655515.73,2166.15
-11799832.93,4655514.99,2166.13
-11799834.4,4655514.24,2166.19
-11799835.98,4655513.4,2166.69
-11799838.46,4655511.59,2172.21
-11799837.99,4655512.100000001,2169.57
-11799839.73,4655511.09,2170.97
-11799839.4,4655511.44,2169.11
-11799840.9,4655510.68,2169.15
-11799842.4,4655509.89,2169.32
-11799843.85,4655509.2,2169.09
-11799845.32,4655508.46,2168.88
-11799846.46,4655508.13,2166.65
-11799848.33,4655506.97,2168.84
-11799847.9,4655507.42,2166.35
-11799849.67,4655506.38,2168.11
-11799849.370000001,4655506.7,2166.33
-11799850.88,4655505.94,2166.38
-11799852.4,4655505.18,2166.35
-11799853.89,4655504.42,2166.36
-11799857.24,4655504.91,2166.42
-11799855.77,4655505.66,2166.42
-11799854.27,4655506.42,2166.4
-11799853.290000001,4655506.62,2169.4
-11799853.120000001,4655506.8,2168.42
-11799852.77,4655507.18,2166.38
-11799851.72,4655507.43,2169.15
-11799851.26,4655507.92,2166.36
-11799850.21,4655508.2,2169.01
-11799848.84,4655508.84,2169.65
-11799848.59,4655509.12,2168.13
-11799848.31,4655509.42,2166.52
-11799847.11,4655509.84,2168.27
-11799846.81,4655510.17,2166.5
-11799845.73,4655510.49,2168.9
-11799844.25,4655511.21,2169.1
-11799842.790000001,4655511.92,2169.31
-11799841.24,4655512.71,2169.15
-11799839.73,4655513.5,2168.9
-11799838.040000001,4655514.47,2167.84
-11799836.53,4655515.23,2167.88
-11799836.22,4655515.55,2166.17
-11799834.72,4655516.3100000005,2166.17
-11799833.23,4655517.05,2166.24
-11799831.72,4655517.8100000005,2166.19
-11799831.05,4655517.71,2170.74
-11799830.21,4655518.59,2166.13
-11799829.11,4655518.93,2168.35
-11799828.700000001,4655519.34,2166.13
-11799828.06,4655519.23,2170.65
-11799827.82,4655519.49,2169.35
-11799826.23,4655520.33,2168.83
-11799825.72,4655520.86,2166.08
-11799825.35,4655520.44,2172.22
-11799825.13,4655520.66,2171.05
-11799824.200000001,4655521.63,2166.07
-11799823.66,4655521.37,2171.31
-11799822.86,4655522.21,2167.07
-11799821.44,4655522.87,2167.65
-11799819.950000001,4655523.600000001,2167.69
-11799819.64,4655523.93,2166.07
-11799818.13,4655524.71,2165.94
-11799816.63,4655525.45,2166.01
-11799815.16,4655526.21,2165.97
-11799814.290000001,4655526.33,2169.17
-11799813.67,4655526.97,2165.94
-11799812.71,4655527.15,2168.94
-11799812.13,4655527.74,2165.92
-11799812.89,4655526.22,2177.46
-11799812.5,4655526.61,2175.51
-11799810.61,4655528.5200000005,2165.85
-11799811.46,4655526.9,2177.71
-11799809.08,4655529.3,2165.65
-11799809.67,4655527.97,2176.23
-11799807.56,4655530.08,2165.61
-11799808.44,4655528.42,2177.72
-11799806.02,4655530.86,2165.6
-11799807.38,4655528.76,2179.92
-11799807.03,4655529.12,2178.13
-11799804.51,4655531.62,2165.58
-11799806.21,4655529.19,2181.5
-11799805.89,4655529.5200000005,2179.88
-11799803.0,4655532.38,2165.55
-11799804.44,4655530.22,2180.17
-11799801.47,4655533.16,2165.5
-11799799.96,4655533.92,2165.47
-11799798.44,4655534.7,2165.47
-11799796.93,4655535.48,2165.4
-11799795.42,4655536.21,2165.4
-11799793.94,4655536.96,2165.56
-11799793.58,4655536.59,2171.15
-11799793.13,4655537.03,2169.02
-11799792.27,4655537.14,2172.29
-11799790.92,4655537.75,2173.03
-11799789.63,4655538.33,2173.88
-11799788.09,4655539.11,2173.74
-11799786.33,4655540.11,2172.58
-11799784.59,4655541.09,2171.52
-11799783.02,4655541.9,2171.4
-11799781.03,4655543.13,2169.13
-11799779.42,4655543.98,2168.63
-11799778.84,4655544.55,2165.97
-11799777.25,4655545.37,2165.65
-11799775.71,4655546.17,2165.46
-11799774.15,4655546.97,2165.38
-11799772.63,4655547.73,2165.35
-11799771.1,4655548.51,2165.33
-11799771.88,4655547.09,2175.81
-11799769.55,4655549.29,2165.35
-11799770.66,4655547.55,2177.21
-11799770.23,4655547.98,2175.3
-11799767.99,4655550.08,2165.33
-11799769.25,4655548.23,2177.65
-11799768.94,4655548.53,2176.29
-11799768.02,4655549.39,2172.22
-11799767.69,4655549.7,2170.73
-11799767.6,4655549.12,2177.04
-11799764.94,4655551.61,2165.26
-11799766.3,4655549.7,2177.88
-11799766.03,4655549.95,2176.71
-11799765.81,4655550.17,2175.69
-11799763.44,4655552.39,2165.28
-11799765.27,4655550.01,2179.98
-11799764.98,4655550.28,2178.73
-11799760.38,4655553.93,2165.3
-11799758.86,4655554.69,2165.33
-11799757.33,4655555.47,2165.31
-11799755.82,4655556.23,2165.28
-11799754.28,4655557.0,2165.27
-11799752.72,4655557.79,2165.26
-11799751.18,4655558.57,2165.28
-11799749.66,4655559.32,2165.27
-11799748.120000001,4655560.12,2165.23
-11799746.57,4655560.89,2165.26
-11799745.05,4655561.65,2165.34
-11799743.540000001,4655562.41,2165.36
-11799742.02,4655563.19,2165.36
-11799740.46,4655563.96,2165.34
-11799738.9,4655564.76,2165.33
-11799737.34,4655565.55,2165.29
-11799737.21,4655566.01,2165.24
-11799738.69,4655565.26,2165.26
-11799740.16,4655564.53,2165.3
-11799741.65,4655563.78,2165.31
-11799743.120000001,4655563.0200000005,2165.33
-11799744.58,4655562.3,2165.31
-11799746.01,4655561.59,2165.25
-11799747.5,4655560.83,2165.23
-11799749.0,4655560.07,2165.23
-11799750.46,4655559.350000001,2165.24
-11799751.950000001,4655558.600000001,2165.23
-11799753.44,4655557.86,2165.23
-11799754.94,4655557.09,2165.26
-11799756.43,4655556.350000001,2165.25
-11799757.93,4655555.59,2165.27
-11799759.43,4655554.83,2165.29
-11799763.89,4655551.3,2178.22
-11799760.93,4655554.09,2165.27
-11799765.53,4655550.43,2178.92
-11799766.71,4655549.96,2177.61
-11799766.28,4655550.37,2175.71
-11799765.81,4655550.8100000005,2173.63
-11799765.13,4655551.44,2170.65
-11799768.08,4655549.32,2177.13
-11799765.39,4655551.850000001,2165.21
-11799769.63,4655548.51,2177.51
-11799768.41,4655549.65,2172.08
-11799768.120000001,4655549.92,2170.78
-11799766.88,4655551.100000001,2165.27
-11799771.02,4655547.83,2177.23
-11799770.58,4655548.24,2175.23
-11799768.34,4655550.37,2165.25
-11799772.200000001,4655547.36,2175.88
-11799769.84,4655549.61,2165.28
-11799771.35,4655548.850000001,2165.29
-11799772.86,4655548.09,2165.32
-11799774.35,4655547.33,2165.35
-11799775.85,4655546.57,2165.42
-11799777.39,4655545.76,2165.63
-11799779.53,4655544.4,2168.63
-11799778.94,4655544.94,2165.94
-11799781.13,4655543.55,2169.1
-11799783.22,4655542.23,2171.84
-11799784.63,4655541.5600000005,2171.48
-11799786.36,4655540.58,2172.55
-11799788.11,4655539.59,2173.71
-11799789.64,4655538.79,2173.83
-11799790.97,4655538.22,2173.02
-11799792.31,4655537.600000001,2172.42
-11799793.57,4655537.08,2171.27
-11799794.83,4655536.58,2170.05
-11799794.290000001,4655537.08,2167.44
-11799793.86,4655537.51,2165.38
-11799795.33,4655536.78,2165.36
-11799796.83,4655536.03,2165.38
-11799798.32,4655535.2700000005,2165.38
-11799799.83,4655534.51,2165.42
-11799801.3,4655533.7700000005,2165.44
-11799806.16,4655529.68,2182.09
-11799805.81,4655530.0,2180.36
-11799802.81,4655533.01,2165.46
-11799807.61,4655528.97,2181.86
-11799807.28,4655529.3,2180.23
-11799808.23,4655529.09,2177.6
-11799807.870000001,4655529.43,2175.86
-11799805.82,4655531.48,2165.58
-11799809.55,4655528.49,2176.83
-11799807.32,4655530.73,2165.57
-11799811.370000001,4655527.42,2178.42
-11799808.84,4655529.97,2165.58
-11799812.68,4655526.850000001,2177.49
-11799812.18,4655527.36,2174.92
-11799810.370000001,4655529.16,2165.75
-11799813.98,4655526.29,2176.52
-11799812.5,4655527.79,2168.98
-11799811.88,4655528.39,2165.84
-11799814.01,4655527.0,2169.19
-11799813.4,4655527.63,2166.0
-11799815.450000001,4655526.32,2168.8
-11799814.89,4655526.87,2165.94
-11799816.39,4655526.13,2165.96
-11799819.290000001,4655523.96,2173.23
-11799817.89,4655525.37,2165.92
-11799819.43,4655524.600000001,2165.92
-11799821.290000001,4655523.47,2167.73
-11799822.76,4655522.7700000005,2167.57
-11799824.91,4655521.34,2171.03
-11799823.98,4655522.3,2166.07
-11799827.14,4655519.83,2175.02
-11799826.27,4655520.7,2170.38
-11799825.46,4655521.5600000005,2166.02
-11799828.72,4655518.96,2175.71
-11799827.81,4655519.92,2170.76
-11799827.42,4655520.32,2168.67
-11799826.92,4655520.82,2166.0
-11799829.32,4655519.12,2171.05
-11799828.81,4655519.65,2168.33
-11799828.41,4655520.0600000005,2166.13
-11799830.76,4655518.41,2170.76
-11799830.290000001,4655518.93,2168.15
-11799829.91,4655519.32,2166.09
-11799831.41,4655518.55,2166.13
-11799832.92,4655517.79,2166.17
-11799834.39,4655517.0600000005,2166.11
-11799835.88,4655516.3,2166.15
-11799837.67,4655515.25,2167.65
-11799837.4,4655515.54,2166.17
-11799839.370000001,4655514.29,2168.8
-11799840.89,4655513.49,2169.04
-11799842.43,4655512.7,2169.25
-11799843.93,4655511.95,2169.13
-11799845.370000001,4655511.25,2168.94
-11799846.81,4655510.54,2168.73
-11799846.56,4655510.8100000005,2167.22
-11799848.48,4655509.61,2169.65
-11799848.16,4655509.97,2167.78
-11799847.91,4655510.23,2166.35
-11799850.05,4655508.7700000005,2170.19
-11799849.69,4655509.17,2168.04
-11799849.41,4655509.48,2166.35
-11799851.35,4655508.24,2168.97
-11799850.89,4655508.72,2166.3
-11799852.78,4655507.54,2168.72
-11799852.38,4655507.99,2166.34
-11799853.85,4655507.24,2166.36
-11799855.35,4655506.48,2166.35
-11799856.85,4655505.72,2166.42
-11799858.34,4655504.99,2166.32
-11799858.99,4655507.01,2166.32
-11799857.44,4655507.78,2166.32
-11799855.950000001,4655508.51,2166.35
-11799854.75,4655508.98,2168.01
-11799854.46,4655509.2700000005,2166.32
-11799853.42,4655509.54,2169.01
-11799852.97,4655510.05,2166.3
-11799851.97,4655510.25,2169.26
-11799851.76,4655510.48,2168.02
-11799851.47,4655510.8100000005,2166.27
-11799849.98,4655511.54,2166.38
-11799848.9,4655511.850000001,2168.67
-11799848.51,4655512.28,2166.4
-11799847.03,4655513.0200000005,2166.44
-11799845.950000001,4655513.33,2168.94
-11799844.49,4655514.04,2169.19
-11799844.03,4655514.5200000005,2166.61
-11799842.61,4655515.17,2167.21
-11799840.950000001,4655516.100000001,2166.28
-11799839.5,4655516.850000001,2166.35
-11799837.99,4655517.62,2166.17
-11799836.49,4655518.37,2166.22
-11799835.02,4655519.09,2166.42
-11799834.48,4655518.84,2171.65
-11799833.790000001,4655519.57,2167.9
-11799833.49,4655519.89,2166.25
-11799833.08,4655519.5,2172.26
-11799831.61,4655520.23,2172.36
-11799830.66,4655520.42,2175.34
-11799830.33,4655520.76,2173.5
-11799829.370000001,4655520.98,2176.35
-11799828.16,4655521.42,2178.02
-11799826.67,4655522.17,2177.98
-11799826.35,4655522.5,2176.31
-11799824.22,4655523.92,2172.86
-11799822.91,4655525.2700000005,2165.9
-11799822.5,4655524.9,2171.79
-11799821.41,4655525.99,2166.07
-11799821.57,4655525.07,2174.74
-11799821.14,4655525.5200000005,2172.49
-11799820.120000001,4655525.8,2174.81
-11799819.92,4655526.0,2173.79
-11799819.63,4655526.28,2172.28
-11799819.44,4655526.5,2171.25
-11799818.35,4655526.82,2173.49
-11799818.08,4655527.100000001,2172.06
-11799816.94,4655528.2700000005,2166.11
-11799816.1,4655528.33,2169.67
-11799815.9,4655528.55,2168.61
-11799815.48,4655528.96,2166.47
-11799815.56,4655528.12,2174.61
-11799814.41,4655529.2700000005,2168.71
-11799814.83,4655528.11,2178.44
-11799814.41,4655528.53,2176.32
-11799814.09,4655528.850000001,2174.65
-11799812.35,4655530.600000001,2165.8
-11799813.48,4655528.72,2179.23
-11799812.01,4655529.45,2179.22
-11799811.64,4655529.84,2177.3
-11799811.13,4655530.36,2174.67
-11799809.36,4655532.13,2165.73
-11799810.51,4655530.22,2179.07
-11799809.53,4655531.2,2174.15
-11799807.85,4655532.89,2165.65
-11799809.43,4655530.5600000005,2181.11
-11799809.19,4655530.8100000005,2179.9
-11799808.46,4655531.55,2176.17
-11799806.35,4655533.65,2165.65
-11799808.28,4655530.99,2182.74
-11799807.97,4655531.3,2181.17
-11799806.85,4655531.7,2182.92
-11799803.32,4655535.2,2165.47
-11799804.89,4655532.9,2180.63
-11799801.81,4655535.96,2165.42
-11799802.92,4655534.13,2178.42
-11799800.290000001,4655536.73,2165.47
-11799798.81,4655537.46,2165.57
-11799797.870000001,4655537.67,2168.38
-11799797.3,4655538.23,2165.59
-11799796.46,4655538.33,2168.88
-11799795.11,4655538.95,2169.42
-11799794.08,4655539.26,2171.61
-11799792.65,4655539.93,2172.05
-11799791.27,4655540.59,2172.51
-11799789.91,4655541.22,2173.13
-11799788.6,4655541.79,2174.0
-11799787.03,4655542.61,2173.61
-11799785.3,4655543.59,2172.58
-11799783.51,4655544.62,2171.38
-11799781.790000001,4655545.59,2170.36
-11799781.56,4655545.8100000005,2169.28
-11799779.96,4655546.68,2168.73
-11799777.76,4655548.09,2165.61
-11799777.11,4655548.05,2169.38
-11799776.13,4655548.3100000005,2171.73
-11799775.61,4655548.8,2169.4
-11799775.05,4655548.67,2173.54
-11799773.24,4655550.39,2165.36
-11799774.200000001,4655548.84,2176.22
-11799773.86,4655549.17,2174.67
-11799771.77,4655551.15,2165.27
-11799772.63,4655549.66,2175.86
-11799772.09,4655550.19,2173.42
-11799770.3,4655551.87,2165.36
-11799771.51,4655550.07,2177.61
-11799770.77,4655550.75,2174.31
-11799768.8,4655552.63,2165.51
-11799770.09,4655550.75,2178.01
-11799769.76,4655551.05,2176.58
-11799769.16,4655551.62,2173.86
-11799768.49,4655551.57,2177.6
-11799767.73,4655552.3100000005,2174.19
-11799767.23,4655552.15,2178.4
-11799766.42,4655552.9,2174.86
-11799764.25,4655554.95,2165.27
-11799765.82,4655552.83,2178.67
-11799764.15,4655553.75,2177.98
-11799763.64,4655554.22,2175.8
-11799761.25,4655556.46,2165.36
-11799762.32,4655554.8,2176.67
-11799759.700000001,4655557.24,2165.33
-11799760.77,4655555.61,2176.42
-11799758.21,4655557.98,2165.35
-11799756.73,4655558.74,2165.31
-11799755.200000001,4655559.5200000005,2165.3
-11799753.71,4655560.28,2165.27
-11799752.19,4655561.04,2165.26
-11799750.66,4655561.8100000005,2165.26
-11799749.18,4655562.5600000005,2165.25
-11799747.68,4655563.32,2165.19
-11799746.19,4655564.08,2165.19
-11799744.69,4655564.82,2165.21
-11799743.24,4655565.53,2165.36
-11799741.74,4655566.29,2165.38
-11799740.200000001,4655567.08,2165.36
-11799738.68,4655567.850000001,2165.33
-11799737.17,4655568.61,2165.31
-11799737.64,4655567.59,2173.25
-11799737.78,4655567.86,2173.32
-11799737.26,4655568.91,2165.29
-11799738.75,4655568.17,2165.31
-11799740.21,4655567.44,2165.34
-11799741.68,4655566.69,2165.36
-11799743.15,4655565.96,2165.36
-11799744.6,4655565.24,2165.19
-11799746.06,4655564.49,2165.15
-11799747.540000001,4655563.75,2165.19
-11799749.02,4655563.01,2165.24
-11799750.51,4655562.25,2165.26
-11799751.99,4655561.51,2165.24
-11799753.48,4655560.7700000005,2165.25
-11799754.950000001,4655560.03,2165.26
-11799756.44,4655559.2700000005,2165.29
-11799760.57,4655556.07,2176.63
-11799757.94,4655558.5200000005,2165.3
-11799761.96,4655555.42,2176.23
-11799759.43,4655557.76,2165.3
-11799763.85,4655554.28,2178.06
-11799764.18,4655554.600000001,2173.11
-11799762.39,4655556.28,2165.28
-11799766.11,4655553.45,2175.02
-11799765.68,4655553.850000001,2173.11
-11799765.11,4655554.38,2170.65
-11799763.88,4655555.5200000005,2165.21
-11799768.23,4655552.100000001,2177.82
-11799767.39,4655552.89,2174.13
-11799765.36,4655554.8,2165.15
-11799769.73,4655551.34,2177.9
-11799768.89,4655552.11,2174.22
-11799771.19,4655550.61,2177.86
-11799770.42,4655551.350000001,2174.38
-11799772.41,4655550.09,2176.77
-11799771.790000001,4655550.69,2174.01
-11799769.86,4655552.51,2165.38
-11799773.790000001,4655549.44,2176.34
-11799773.28,4655549.94,2173.97
-11799771.35,4655551.76,2165.34
-11799774.47,4655549.47,2172.65
-11799772.85,4655551.01,2165.36
-11799775.0,4655549.63,2168.29
-11799774.34,4655550.2700000005,2165.34
-11799776.8,4655548.600000001,2169.77
-11799777.870000001,4655548.24,2167.9
-11799777.36,4655548.72,2165.59
-11799779.51,4655547.34,2168.63
-11799778.86,4655547.96,2165.69
-11799781.08,4655546.51,2169.07
-11799783.01,4655545.32,2171.08
-11799784.72,4655544.37,2172.15
-11799786.450000001,4655543.39,2173.25
-11799788.14,4655542.43,2174.19
-11799789.46,4655541.850000001,2173.4
-11799790.81,4655541.24,2172.65
-11799792.23,4655540.58,2172.22
-11799793.620000001,4655539.92,2171.78
-11799795.01,4655539.25,2171.4
-11799794.6,4655539.67,2169.4
-11799796.02,4655538.99,2169.09
-11799797.43,4655538.33,2168.55
-11799796.82,4655538.93,2165.61
-11799798.31,4655538.18,2165.55
-11799802.3,4655534.97,2177.73
-11799799.81,4655537.43,2165.5
-11799803.97,4655534.04,2178.67
-11799801.3,4655536.68,2165.48
-11799806.22,4655532.51,2182.48
-11799805.790000001,4655532.94,2180.35
-11799802.790000001,4655535.94,2165.5
-11799807.790000001,4655531.68,2182.99
-11799807.3,4655532.18,2180.48
-11799804.290000001,4655535.18,2165.52
-11799809.120000001,4655531.100000001,2182.17
-11799808.76,4655531.46,2180.38
-11799810.0,4655530.96,2179.1
-11799809.540000001,4655531.41,2176.81
-11799809.38,4655531.57,2175.98
-11799807.290000001,4655533.66,2165.54
-11799811.48,4655530.2,2179.17
-11799808.8,4655532.88,2165.65
-11799812.99,4655529.44,2179.27
-11799814.34,4655528.83,2178.54
-11799811.84,4655531.350000001,2165.78
-11799815.120000001,4655528.79,2175.03
-11799813.91,4655530.01,2168.8
-11799813.44,4655530.49,2166.36
-11799815.38,4655529.28,2168.69
-11799818.31,4655527.0600000005,2176.17
-11799817.91,4655527.46,2174.15
-11799817.52,4655527.850000001,2172.09
-11799816.42,4655528.98,2166.38
-11799819.26,4655526.86,2173.42
-11799818.97,4655527.14,2171.9
-11799821.13,4655525.72,2175.42
-11799822.06,4655525.54,2172.47
-11799823.43,4655524.93,2171.73
-11799822.36,4655526.03,2166.03
-11799825.83,4655523.2700000005,2176.36
-11799825.540000001,4655523.57,2174.82
-11799825.16,4655523.95,2172.85
-11799827.53,4655522.28,2177.69
-11799829.05,4655521.47,2178.01
-11799830.17,4655521.12,2175.98
-11799829.6,4655521.7,2172.9
-11799831.19,4655520.84,2173.53
-11799832.4,4655520.39,2171.94
-11799833.85,4655519.68,2171.78
-11799833.59,4655519.95,2170.36
-11799833.25,4655520.29,2168.55
-11799832.82,4655520.73,2166.17
-11799835.11,4655519.16,2170.47
-11799834.370000001,4655519.95,2166.4
-11799835.870000001,4655519.19,2166.38
-11799837.36,4655518.46,2166.21
-11799838.86,4655517.7,2166.19
-11799840.34,4655516.96,2166.27
-11799841.86,4655516.2,2166.22
-11799843.49,4655515.3100000005,2166.86
-11799845.35,4655514.16,2169.1
-11799844.9,4655514.62,2166.6
-11799846.78,4655513.46,2168.83
-11799846.35,4655513.9,2166.36
-11799847.86,4655513.14,2166.4
-11799849.63,4655512.100000001,2168.06
-11799849.34,4655512.42,2166.35
-11799851.040000001,4655511.43,2167.69
-11799850.81,4655511.67,2166.34
-11799852.82,4655510.36,2169.44
-11799852.27,4655510.94,2166.28
-11799854.28,4655509.65,2169.15
-11799853.81,4655510.17,2166.38
-11799855.56,4655509.13,2167.82
-11799855.31,4655509.42,2166.29
-11799856.83,4655508.65,2166.34
-11799858.34,4655507.89,2166.34
-11799858.09,4655510.13,2167.9
-11799857.81,4655510.42,2166.29
-11799856.78,4655510.69,2168.94
-11799856.35,4655511.16,2166.34
-11799855.44,4655511.26,2169.88
-11799854.85,4655511.91,2166.36
-11799853.790000001,4655512.19,2168.94
-11799853.35,4655512.69,2166.31
-11799852.5,4655512.72,2170.17
-11799852.09,4655513.17,2167.76
-11799851.83,4655513.46,2166.19
-11799851.02,4655513.47,2170.22
-11799850.8,4655513.7,2168.9
-11799850.35,4655514.18,2166.33
-11799849.08,4655514.72,2167.53
-11799847.57,4655515.48,2167.46
-11799847.370000001,4655515.71,2166.26
-11799845.84,4655516.47,2166.25
-11799844.32,4655517.25,2166.21
-11799842.82,4655518.01,2166.21
-11799841.33,4655518.7700000005,2166.21
-11799839.84,4655519.51,2166.31
-11799838.3,4655520.3,2166.24
-11799836.85,4655521.0,2166.58
-11799835.41,4655521.7,2166.76
-11799834.28,4655522.09,2168.72
-11799833.85,4655522.53,2166.38
-11799833.290000001,4655522.32,2171.48
-11799832.34,4655523.3,2166.34
-11799832.02,4655522.83,2172.63
-11799830.870000001,4655523.24,2174.52
-11799829.84,4655523.5,2177.02
-11799828.32,4655524.3,2176.81
-11799826.61,4655525.26,2175.8
-11799826.43,4655525.46,2174.78
-11799826.16,4655525.74,2173.34
-11799824.77,4655527.17,2165.96
-11799824.65,4655526.49,2173.35
-11799824.22,4655526.94,2171.06
-11799823.27,4655527.92,2166.0
-11799823.19,4655527.2,2173.56
-11799823.0,4655527.41,2172.55
-11799822.74,4655526.91,2179.04
-11799821.49,4655527.41,2180.24
-11799821.28,4655527.64,2179.09
-11799820.99,4655527.94,2177.56
-11799820.35,4655527.8100000005,2182.11
-11799819.73,4655528.42,2178.92
-11799819.44,4655528.73,2177.42
-11799819.07,4655529.100000001,2175.49
-11799818.34,4655529.07,2179.49
-11799817.94,4655529.5,2177.38
-11799816.76,4655530.69,2171.32
-11799816.290000001,4655531.16,2168.9
-11799816.540000001,4655530.14,2177.94
-11799816.06,4655530.64,2175.44
-11799814.82,4655531.88,2169.08
-11799815.15,4655530.79,2178.52
-11799812.700000001,4655533.26,2165.96
-11799813.69,4655531.5200000005,2178.53
-11799813.48,4655531.74,2177.4
-11799813.17,4655532.05,2175.9
-11799812.18,4655532.3,2178.42
-11799811.93,4655532.55,2177.13
-11799811.65,4655532.83,2175.71
-11799809.67,4655534.82,2165.67
-11799810.67,4655533.0600000005,2178.44
-11799810.21,4655533.5200000005,2176.17
-11799809.89,4655533.850000001,2174.54
-11799808.120000001,4655535.600000001,2165.63
-11799809.94,4655533.05,2182.36
-11799809.66,4655533.34,2180.94
-11799809.07,4655533.92,2177.99
-11799806.59,4655536.4,2165.6
-11799808.64,4655533.62,2183.28
-11799807.950000001,4655534.3,2179.8
-11799807.1,4655534.43,2182.97
-11799806.74,4655534.78,2181.22
-11799806.11,4655535.4,2178.06
-11799804.18,4655536.59,2175.94
-11799803.84,4655536.93,2174.24
-11799800.56,4655539.45,2165.54
-11799799.07,4655540.18,2165.69
-11799797.540000001,4655540.97,2165.65
-11799796.620000001,4655541.15,2168.56
-11799796.01,4655541.73,2165.65
-11799795.19,4655541.82,2169.01
-11799794.200000001,4655542.08,2171.44
-11799793.78,4655542.49,2169.42
-11799792.75,4655542.78,2171.78
-11799791.33,4655543.45,2172.22
-11799789.94,4655544.11,2172.67
-11799788.6,4655544.71,2173.42
-11799787.24,4655545.33,2174.23
-11799785.49,4655546.3100000005,2173.17
-11799783.040000001,4655547.99,2168.78
-11799780.86,4655549.39,2165.69
-11799779.31,4655550.17,2165.52
-11799777.73,4655551.0,2165.36
-11799776.200000001,4655551.78,2165.36
-11799774.68,4655552.54,2165.4
-11799775.66,4655550.94,2176.57
-11799773.18,4655553.29,2165.4
-11799774.21,4655551.65,2176.77
-11799771.67,4655554.05,2165.36
-11799772.59,4655552.53,2176.26
-11799770.15,4655554.84,2165.35
-11799771.25,4655553.100000001,2177.17
-11799770.47,4655553.850000001,2173.69
-11799769.67,4655554.600000001,2170.13
-11799768.56,4655555.64,2165.22
-11799769.58,4655554.0200000005,2176.55
-11799769.36,4655554.23,2175.57
-11799768.49,4655555.05,2171.73
-11799768.42,4655554.46,2178.07
-11799767.48,4655555.33,2173.99
-11799765.540000001,4655557.17,2165.36
-11799766.9,4655555.23,2177.97
-11799766.19,4655555.91,2174.85
-11799765.77,4655556.28,2173.04
-11799764.01,4655557.93,2165.31
-11799765.19,4655556.18,2177.15
-11799764.84,4655556.51,2175.58
-11799762.49,4655558.72,2165.29
-11799763.83,4655556.79,2177.85
-11799762.26,4655557.62,2177.59
-11799759.43,4655560.2700000005,2165.3
-11799757.9,4655561.03,2165.35
-11799756.35,4655561.8100000005,2165.32
-11799754.8,4655562.600000001,2165.26
-11799753.28,4655563.37,2165.24
-11799751.75,4655564.14,2165.26
-11799750.23,4655564.91,2165.25
-11799748.69,4655565.69,2165.19
-11799747.13,4655566.48,2165.19
-11799745.59,4655567.26,2165.17
-11799744.09,4655568.0,2165.34
-11799742.6,4655568.75,2165.4
-11799741.06,4655569.53,2165.4
-11799739.48,4655570.33,2165.36
-11799737.93,4655571.12,2165.34
-11799739.48,4655569.100000001,2177.85
-11799739.18,4655569.37,2176.6
-11799738.11,4655569.73,2178.49
-11799736.97,4655570.7700000005,2173.86
-11799737.58,4655570.4,2178.59
-11799737.33,4655570.64,2177.6
-11799738.9,4655569.8,2178.03
-11799738.63,4655570.0600000005,2176.88
-11799738.07,4655570.55,2174.65
-11799740.14,4655569.29,2177.06
-11799739.200000001,4655570.12,2173.26
-11799737.25,4655571.9,2165.32
-11799738.71,4655571.16,2165.32
-11799740.19,4655570.41,2165.34
-11799741.67,4655569.67,2165.38
-11799743.16,4655568.92,2165.38
-11799744.61,4655568.21,2165.25
-11799746.040000001,4655567.48,2165.15
-11799747.5,4655566.76,2165.17
-11799748.99,4655566.01,2165.21
-11799750.52,4655565.24,2165.24
-11799752.01,4655564.48,2165.24
-11799753.5,4655563.74,2165.23
-11799754.97,4655562.99,2165.24
-11799756.46,4655562.23,2165.28
-11799757.950000001,4655561.47,2165.3
-11799762.3,4655558.08,2177.61
-11799759.450000001,4655560.74,2165.26
-11799763.8,4655557.29,2177.77
-11799763.03,4655558.03,2174.4
-11799760.94,4655559.98,2165.32
-11799765.26,4655556.58,2177.69
-11799764.76,4655557.05,2175.47
-11799766.9,4655555.69,2178.34
-11799766.27,4655556.28,2175.61
-11799765.540000001,4655556.95,2172.38
-11799763.92,4655558.48,2165.31
-11799768.4,4655554.93,2178.4
-11799767.78,4655555.51,2175.67
-11799765.42,4655557.74,2165.28
-11799769.8,4655554.28,2177.96
-11799769.27,4655554.7700000005,2175.61
-11799768.71,4655555.3,2173.13
-11799766.93,4655556.98,2165.25
-11799771.06,4655553.73,2177.1
-11799770.59,4655554.17,2175.04
-11799772.4,4655553.08,2176.59
-11799771.68,4655553.78,2173.36
-11799769.85,4655555.51,2165.17
-11799774.05,4655552.19,2177.29
-11799771.39,4655554.72,2165.33
-11799775.09,4655551.87,2175.28
-11799772.870000001,4655553.98,2165.34
-11799776.81,4655550.88,2176.47
-11799774.36,4655553.22,2165.38
-11799775.85,4655552.48,2165.36
-11799777.33,4655551.73,2165.35
-11799778.82,4655550.99,2165.36
-11799780.35,4655550.19,2165.53
-11799781.9,4655549.39,2165.78
-11799784.05,4655548.0,2168.82
-11799786.63,4655546.19,2173.94
-11799788.11,4655545.47,2173.75
-11799789.44,4655544.88,2172.88
-11799790.81,4655544.25,2172.36
-11799792.21,4655543.59,2171.94
-11799793.6,4655542.91,2171.51
-11799794.59,4655542.66,2169.17
-11799796.0,4655542.0,2168.74
-11799797.450000001,4655541.29,2168.44
-11799796.86,4655541.86,2165.61
-11799798.34,4655541.13,2165.6
-11799799.85,4655540.37,2165.65
-11799801.34,4655539.62,2165.49
-11799805.49,4655536.24,2178.57
-11799804.870000001,4655536.86,2175.46
-11799807.86,4655534.63,2182.86
-11799807.64,4655534.850000001,2181.74
-11799807.4,4655535.09,2180.55
-11799809.24,4655533.98,2182.42
-11799808.69,4655534.51,2179.69
-11799805.85,4655537.37,2165.49
-11799810.44,4655533.48,2181.15
-11799809.94,4655534.0,2178.61
-11799807.34,4655536.61,2165.56
-11799811.450000001,4655533.23,2178.8
-11799810.88,4655533.78,2175.97
-11799810.53,4655534.15,2174.15
-11799808.85,4655535.83,2165.67
-11799813.15,4655532.2700000005,2179.72
-11799814.44,4655531.73,2178.67
-11799814.07,4655532.09,2176.8
-11799813.67,4655532.51,2174.69
-11799811.92,4655534.26,2165.88
-11799815.9,4655531.0,2178.65
-11799815.57,4655531.32,2177.02
-11799815.19,4655531.71,2175.06
-11799817.1,4655530.5200000005,2177.4
-11799816.69,4655530.92,2175.32
-11799815.49,4655532.14,2169.1
-11799819.77,4655528.57,2183.46
-11799818.96,4655529.39,2179.29
-11799818.5,4655529.87,2176.92
-11799817.66,4655530.71,2172.6
-11799821.3,4655527.78,2183.63
-11799821.01,4655528.08,2182.11
-11799820.370000001,4655528.73,2178.78
-11799821.85,4655527.98,2178.8
-11799823.450000001,4655527.09,2179.46
-11799823.78,4655527.5600000005,2173.28
-11799823.49,4655527.86,2171.72
-11799825.43,4655526.64,2174.09
-11799823.91,4655528.2,2166.03
-11799827.19,4655525.63,2175.47
-11799828.81,4655524.75,2176.15
-11799830.42,4655523.86,2176.84
-11799830.200000001,4655524.100000001,2175.63
-11799831.49,4655523.53,2174.63
-11799832.540000001,4655523.24,2172.35
-11799831.84,4655523.98,2168.5
-11799833.88,4655522.64,2171.46
-11799833.48,4655523.09,2169.23
-11799833.07,4655523.5,2167.07
-11799834.44,4655522.88,2166.32
-11799835.99,4655522.07,2166.59
-11799837.48,4655521.350000001,2166.4
-11799838.92,4655520.64,2166.21
-11799840.43,4655519.850000001,2166.27
-11799841.91,4655519.13,2166.19
-11799843.4,4655518.37,2166.19
-11799844.9,4655517.61,2166.19
-11799846.4,4655516.88,2166.22
-11799847.96,4655516.07,2166.38
-11799849.65,4655515.100000001,2167.47
-11799849.5,4655515.2700000005,2166.58
-11799851.42,4655514.01,2169.44
-11799850.89,4655514.600000001,2166.3
-11799853.02,4655513.14,2170.11
-11799854.27,4655512.68,2168.58
-11799853.88,4655513.100000001,2166.22
-11799856.0,4655511.67,2169.88
-11799855.620000001,4655512.08,2167.65
-11799855.39,4655512.34,2166.28
-11799857.38,4655511.04,2169.28
-11799856.89,4655511.58,2166.33
-11799858.63,4655510.55,2167.88
-11799858.38,4655510.83,2166.34
-11799858.83,4655512.68,2168.5
-11799858.48,4655513.07,2166.36
-11799857.620000001,4655513.11,2170.22
-11799855.81,4655514.22,2168.29
-11799855.47,4655514.59,2166.29
-11799854.540000001,4655514.75,2169.5
-11799854.38,4655514.92,2168.6
-11799854.01,4655515.32,2166.36
-11799853.14,4655515.41,2170.04
-11799852.49,4655516.11,2166.24
-11799851.55,4655516.26,2169.42
-11799851.21,4655516.63,2167.44
-11799851.02,4655516.84,2166.3
-11799849.65,4655517.46,2167.02
-11799848.05,4655518.32,2166.51
-11799846.5,4655519.13,2166.25
-11799845.0,4655519.89,2166.24
-11799844.01,4655520.11,2169.13
-11799843.53,4655520.62,2166.44
-11799842.49,4655520.88,2169.07
-11799840.6,4655522.0600000005,2166.84
-11799838.99,4655522.94,2166.24
-11799837.57,4655523.62,2166.61
-11799835.99,4655524.44,2166.24
-11799834.72,4655524.97,2167.49
-11799834.48,4655525.2,2166.17
-11799832.96,4655526.01,2165.98
-11799832.38,4655525.8,2171.0
-11799831.48,4655526.74,2166.13
-11799831.15,4655526.29,2172.44
-11799829.99,4655526.7,2174.15
-11799829.64,4655527.0600000005,2172.26
-11799828.49,4655528.26,2166.07
-11799828.39,4655527.57,2173.56
-11799828.24,4655527.72,2172.76
-11799827.0,4655529.0200000005,2166.1
-11799826.65,4655528.57,2172.35
-11799825.55,4655529.69,2166.53
-11799826.15,4655528.3,2177.74
-11799824.96,4655529.51,2171.44
-11799824.68,4655529.8,2170.0
-11799824.21,4655529.48,2175.42
-11799823.98,4655529.73,2174.22
-11799823.450000001,4655529.49,2179.19
-11799823.21,4655529.75,2177.98
-11799822.74,4655529.45,2183.31
-11799821.66,4655529.8100000005,2185.46
-11799820.11,4655530.61,2185.28
-11799819.74,4655530.98,2183.36
-11799819.3,4655531.41,2181.11
-11799816.89,4655533.09,2176.35
-11799816.57,4655533.41,2174.73
-11799814.98,4655535.03,2166.55
-11799815.51,4655533.75,2176.85
-11799814.55,4655533.97,2179.57
-11799813.16,4655534.62,2180.15
-11799812.71,4655535.0600000005,2177.85
-11799810.3,4655537.5,2165.65
-11799812.06,4655534.96,2182.15
-11799811.46,4655535.59,2179.11
-11799811.03,4655535.99,2177.01
-11799810.86,4655535.44,2183.6
-11799807.290000001,4655539.0200000005,2165.67
-11799809.34,4655536.22,2183.38
-11799809.01,4655536.55,2181.75
-11799805.76,4655539.79,2165.6
-11799807.0,4655537.83,2179.17
-11799804.26,4655540.55,2165.59
-11799805.51,4655538.5600000005,2179.23
-11799804.82,4655539.26,2175.81
-11799802.74,4655541.3100000005,2165.57
-11799803.31,4655540.0200000005,2175.81
-11799801.200000001,4655542.11,2165.47
-11799799.700000001,4655542.850000001,2165.63
-11799798.200000001,4655543.61,2165.63
-11799796.84,4655544.21,2166.38
-11799795.76,4655544.54,2168.55
-11799795.28,4655545.04,2166.19
-11799794.34,4655545.24,2169.0
-11799793.34,4655545.48,2171.42
-11799792.93,4655545.91,2169.4
-11799791.92,4655546.19,2171.79
-11799790.5,4655546.84,2172.22
-11799789.08,4655547.54,2172.61
-11799788.32,4655548.28,2169.04
-11799786.72,4655549.12,2168.73
-11799784.67,4655550.38,2166.21
-11799783.01,4655551.3,2165.56
-11799781.450000001,4655552.11,2165.4
-11799779.94,4655552.87,2165.4
-11799778.39,4655553.66,2165.4
-11799776.85,4655554.42,2165.42
-11799775.34,4655555.19,2165.42
-11799776.200000001,4655553.71,2176.01
-11799773.84,4655555.95,2165.34
-11799774.91,4655554.29,2176.84
-11799772.32,4655556.74,2165.22
-11799773.370000001,4655555.05,2176.86
-11799770.78,4655557.51,2165.29
-11799772.02,4655555.65,2177.74
-11799769.23,4655558.3,2165.3
-11799770.73,4655556.23,2178.61
-11799769.16,4655557.0200000005,2178.42
-11799768.52,4655557.64,2175.56
-11799767.65,4655558.46,2171.73
-11799766.19,4655559.82,2165.34
-11799767.89,4655557.57,2179.5
-11799767.39,4655558.05,2177.26
-11799766.03,4655559.32,2171.33
-11799766.36,4655558.36,2179.38
-11799765.9,4655558.78,2177.42
-11799763.13,4655561.37,2165.34
-11799764.27,4655559.66,2176.9
-11799761.61,4655562.13,2165.33
-11799760.08,4655562.91,2165.31
-11799758.540000001,4655563.69,2165.33
-11799757.0,4655564.47,2165.32
-11799755.46,4655565.26,2165.31
-11799753.93,4655566.01,2165.28
-11799752.43,4655566.7700000005,2165.27
-11799750.9,4655567.57,2165.25
-11799749.35,4655568.350000001,2165.24
-11799747.77,4655569.15,2165.19
-11799746.25,4655569.91,2165.21
-11799744.72,4655570.7,2165.13
-11799743.24,4655571.43,2165.26
-11799741.71,4655572.19,2165.36
-11799740.15,4655572.99,2165.35
-11799741.51,4655571.11,2177.22
-11799740.76,4655571.79,2174.19
-11799738.58,4655573.79,2165.27
-11799739.92,4655571.93,2177.02
-11799739.4,4655572.41,2174.92
-11799739.040000001,4655572.74,2173.42
-11799737.03,4655574.57,2165.28
-11799738.44,4655572.69,2177.1
-11799738.040000001,4655573.04,2175.56
-11799737.450000001,4655573.7,2176.28
-11799737.11,4655573.99,2174.92
-11799739.1,4655572.79,2177.08
-11799738.71,4655573.14,2175.5
-11799740.02,4655572.55,2174.79
-11799739.65,4655572.88,2173.3
-11799737.67,4655574.67,2165.23
-11799741.35,4655571.94,2174.17
-11799739.18,4655573.91,2165.26
-11799740.65,4655573.18,2165.3
-11799742.120000001,4655572.43,2165.31
-11799743.57,4655571.72,2165.17
-11799745.03,4655570.99,2165.1
-11799746.52,4655570.23,2165.15
-11799747.97,4655569.51,2165.17
-11799749.450000001,4655568.76,2165.21
-11799750.950000001,4655568.0,2165.22
-11799752.43,4655567.25,2165.23
-11799753.9,4655566.51,2165.25
-11799755.39,4655565.76,2165.28
-11799756.870000001,4655565.01,2165.28
-11799758.370000001,4655564.2700000005,2165.28
-11799759.86,4655563.51,2165.27
-11799761.34,4655562.76,2165.29
-11799766.11,4655558.95,2179.57
-11799762.83,4655562.0200000005,2165.27
-11799767.68,4655558.11,2180.03
-11799767.09,4655558.67,2177.4
-11799768.94,4655557.5600000005,2179.05
-11799768.43,4655558.04,2176.81
-11799767.790000001,4655558.66,2173.97
-11799770.22,4655557.01,2178.19
-11799767.3,4655559.7700000005,2165.3
-11799771.61,4655556.37,2177.71
-11799771.18,4655556.78,2175.81
-11799770.65,4655557.2700000005,2173.48
-11799768.8,4655559.0200000005,2165.26
-11799772.97,4655555.72,2177.29
-11799772.36,4655556.29,2174.59
-11799770.28,4655558.2700000005,2165.26
-11799774.34,4655555.07,2176.84
-11799774.06,4655555.350000001,2175.56
-11799771.75,4655557.53,2165.26
-11799773.26,4655556.7700000005,2165.22
-11799774.8,4655555.99,2165.32
-11799776.27,4655555.23,2165.36
-11799777.74,4655554.5,2165.4
-11799779.24,4655553.74,2165.4
-11799780.76,4655552.98,2165.38
-11799782.290000001,4655552.22,2165.38
-11799783.8,4655551.43,2165.54
-11799785.39,4655550.59,2166.01
-11799787.46,4655549.29,2168.67
-11799789.69,4655547.82,2172.17
-11799789.02,4655548.46,2169.04
-11799791.18,4655547.08,2172.01
-11799792.55,4655546.44,2171.53
-11799793.540000001,4655546.17,2169.22
-11799794.97,4655545.5,2168.81
-11799796.38,4655544.83,2168.4
-11799795.91,4655545.2700000005,2166.19
-11799797.56,4655544.37,2166.9
-11799798.78,4655543.87,2165.61
-11799800.25,4655543.16,2165.53
-11799803.86,4655540.3100000005,2175.85
-11799801.74,4655542.4,2165.46
-11799806.02,4655538.92,2179.06
-11799805.450000001,4655539.47,2176.28
-11799807.46,4655538.21,2178.85
-11799806.75,4655538.92,2175.31
-11799804.78,4655540.87,2165.53
-11799809.83,4655536.59,2183.19
-11799808.8,4655537.600000001,2178.11
-11799808.18,4655538.21,2175.01
-11799806.290000001,4655540.11,2165.57
-11799811.34,4655535.8100000005,2183.35
-11799807.790000001,4655539.36,2165.57
-11799812.02,4655535.88,2179.32
-11799811.59,4655536.29,2177.21
-11799809.290000001,4655538.600000001,2165.61
-11799813.620000001,4655535.0,2179.9
-11799812.98,4655535.63,2176.76
-11799812.5,4655536.11,2174.33
-11799815.08,4655534.29,2179.75
-11799814.68,4655534.67,2177.78
-11799815.870000001,4655534.23,2176.17
-11799815.55,4655534.55,2174.57
-11799815.46,4655535.4,2166.52
-11799820.8,4655530.75,2186.34
-11799820.65,4655530.91,2185.52
-11799820.27,4655531.3,2183.57
-11799819.790000001,4655531.78,2181.13
-11799822.040000001,4655530.25,2185.05
-11799821.69,4655530.61,2183.22
-11799823.06,4655529.97,2182.73
-11799824.21,4655529.57,2180.94
-11799823.89,4655529.88,2179.3
-11799824.51,4655530.0200000005,2174.77
-11799825.75,4655529.5200000005,2173.47
-11799825.370000001,4655529.92,2171.47
-11799825.06,4655530.24,2169.79
-11799827.06,4655528.98,2172.44
-11799825.94,4655530.13,2166.49
-11799828.790000001,4655527.97,2173.75
-11799827.43,4655529.38,2166.42
-11799830.33,4655527.17,2174.06
-11799830.01,4655527.5,2172.36
-11799828.86,4655528.69,2166.15
-11799831.4,4655526.84,2171.79
-11799830.32,4655527.98,2165.94
-11799832.76,4655526.24,2171.17
-11799831.83,4655527.19,2166.15
-11799833.290000001,4655526.47,2166.02
-11799835.19,4655525.3100000005,2168.17
-11799834.78,4655525.73,2165.94
-11799836.38,4655524.86,2166.38
-11799837.89,4655524.100000001,2166.38
-11799839.370000001,4655523.39,2166.3
-11799841.290000001,4655522.17,2168.84
-11799840.93,4655522.54,2166.82
-11799842.86,4655521.350000001,2169.09
-11799844.34,4655520.61,2169.08
-11799845.78,4655519.9,2168.81
-11799845.34,4655520.39,2166.27
-11799846.82,4655519.64,2166.23
-11799848.36,4655518.84,2166.48
-11799849.950000001,4655517.98,2166.98
-11799851.85,4655516.79,2169.38
-11799851.33,4655517.36,2166.33
-11799853.51,4655515.86,2170.33
-11799855.0,4655515.12,2170.34
-11799854.31,4655515.86,2166.24
-11799856.36,4655514.5,2169.61
-11799856.17,4655514.69,2168.56
-11799855.8,4655515.11,2166.32
-11799857.81,4655513.78,2169.42
-11799857.290000001,4655514.36,2166.3
-11799859.09,4655513.28,2168.07
-11799858.8,4655513.600000001,2166.33
-11799857.700000001,4655516.42,2166.51
-11799856.73,4655516.61,2169.58
-11799856.21,4655517.17,2166.48
-11799855.23,4655517.36,2169.69
-11799854.89,4655517.73,2167.65
-11799854.65,4655517.98,2166.24
-11799853.17,4655518.73,2166.38
-11799851.69,4655519.46,2166.35
-11799850.24,4655520.21,2166.44
-11799848.72,4655520.99,2166.26
-11799847.19,4655521.76,2166.25
-11799845.68,4655522.5200000005,2166.25
-11799844.66,4655522.7700000005,2168.99
-11799843.24,4655523.45,2169.23
-11799841.700000001,4655524.29,2168.86
-11799841.28,4655524.73,2166.54
-11799840.0,4655525.26,2167.72
-11799839.68,4655525.58,2166.01
-11799838.16,4655526.34,2166.01
-11799836.66,4655527.100000001,2166.09
-11799835.15,4655527.88,2166.06
-11799834.13,4655528.12,2168.83
-11799833.620000001,4655528.64,2166.06
-11799832.14,4655529.38,2166.17
-11799831.68,4655529.08,2171.69
-11799831.4,4655529.350000001,2170.24
-11799830.69,4655530.11,2166.36
-11799829.200000001,4655530.850000001,2166.44
-11799827.700000001,4655531.59,2166.48
-11799826.85,4655531.7,2169.86
-11799826.700000001,4655531.850000001,2169.03
-11799825.86,4655531.93,2172.61
-11799825.55,4655532.23,2171.07
-11799825.33,4655532.47,2169.84
-11799825.01,4655532.01,2176.04
-11799824.41,4655532.64,2172.86
-11799824.18,4655532.86,2171.69
-11799824.39,4655531.89,2180.44
-11799823.48,4655532.83,2175.67
-11799823.200000001,4655533.11,2174.26
-11799823.49,4655532.04,2183.52
-11799823.01,4655532.54,2181.02
-11799822.69,4655532.87,2179.32
-11799822.4,4655533.17,2177.76
-11799821.69,4655533.11,2181.94
-11799818.69,4655536.17,2166.38
-11799820.03,4655534.0200000005,2181.25
-11799818.88,4655535.18,2175.34
-11799817.15,4655536.93,2166.44
-11799817.81,4655535.49,2177.65
-11799815.71,4655537.62,2166.94
-11799817.06,4655535.5,2181.5
-11799815.92,4655536.63,2175.75
-11799815.73,4655536.09,2182.29
-11799815.28,4655536.53,2179.97
-11799814.21,4655536.9,2181.92
-11799813.93,4655537.18,2180.52
-11799811.01,4655540.11,2165.79
-11799812.57,4655537.79,2181.17
-11799811.98,4655538.39,2178.23
-11799811.55,4655538.82,2176.07
-11799809.46,4655540.92,2165.57
-11799811.200000001,4655538.42,2181.88
-11799810.540000001,4655539.08,2178.6
-11799807.950000001,4655541.67,2165.67
-11799809.84,4655539.04,2182.54
-11799806.450000001,4655542.44,2165.65
-11799807.85,4655540.29,2180.09
-11799804.92,4655543.21,2165.59
-11799803.39,4655543.98,2165.53
-11799801.88,4655544.75,2165.51
-11799800.34,4655545.53,2165.47
-11799798.86,4655546.28,2165.6
-11799797.49,4655546.91,2166.26
-11799795.92,4655547.7,2166.07
-11799794.93,4655547.98,2168.53
-11799794.36,4655548.53,2165.8
-11799793.49,4655548.66,2168.99
-11799792.01,4655549.39,2169.08
-11799790.47,4655550.22,2168.67
-11799789.93,4655550.74,2166.11
-11799788.28,4655551.63,2165.48
-11799786.73,4655552.43,2165.46
-11799785.18,4655553.21,2165.42
-11799783.65,4655553.97,2165.42
-11799782.15,4655554.75,2165.4
-11799780.620000001,4655555.51,2165.42
-11799779.08,4655556.29,2165.4
-11799777.56,4655557.08,2165.33
-11799777.84,4655556.11,2173.56
-11799776.01,4655557.850000001,2165.27
-11799776.57,4655556.64,2174.78
-11799774.46,4655558.65,2165.27
-11799775.14,4655557.32,2175.19
-11799774.4,4655558.04,2171.82
-11799772.96,4655559.39,2165.4
-11799774.05,4655557.69,2176.96
-11799773.35,4655558.36,2173.86
-11799771.42,4655560.19,2165.25
-11799772.790000001,4655558.21,2178.11
-11799772.27,4655558.71,2175.79
-11799771.92,4655559.05,2174.23
-11799769.92,4655560.93,2165.38
-11799771.370000001,4655558.9,2178.56
-11799768.38,4655561.71,2165.36
-11799769.88,4655559.63,2178.6
-11799769.46,4655560.04,2176.76
-11799768.69,4655560.7700000005,2173.36
-11799768.57,4655560.22,2179.47
-11799768.1,4655560.66,2177.38
-11799767.14,4655560.91,2179.88
-11799766.15,4655561.83,2175.57
-11799763.790000001,4655564.03,2165.27
-11799765.700000001,4655561.59,2180.19
-11799762.27,4655564.79,2165.33
-11799760.75,4655565.57,2165.32
-11799759.21,4655566.350000001,2165.3
-11799757.68,4655567.12,2165.3
-11799756.15,4655567.89,2165.3
-11799754.6,4655568.67,2165.28
-11799753.08,4655569.45,2165.27
-11799751.55,4655570.23,2165.23
-11799750.03,4655571.0,2165.22
-11799748.47,4655571.8,2165.19
-11799746.93,4655572.57,2165.19
-11799745.39,4655573.350000001,2165.13
-11799743.870000001,4655574.13,2165.07
-11799742.33,4655574.89,2165.08
-11799740.83,4655575.65,2165.22
-11799739.28,4655576.43,2165.25
-11799740.78,4655574.46,2177.49
-11799737.77,4655577.19,2165.27
-11799738.91,4655575.55,2176.07
-11799737.33,4655576.37,2175.83
-11799737.02,4655576.64,2174.61
-11799738.11,4655576.38,2176.48
-11799739.48,4655575.72,2176.11
-11799741.26,4655574.71,2177.38
-11799738.26,4655577.43,2165.22
-11799739.72,4655576.68,2165.23
-11799741.18,4655575.96,2165.15
-11799742.620000001,4655575.25,2165.05
-11799744.1,4655574.5,2165.08
-11799745.57,4655573.75,2165.13
-11799747.06,4655573.01,2165.15
-11799748.56,4655572.23,2165.19
-11799750.03,4655571.5,2165.22
-11799751.51,4655570.75,2165.24
-11799753.01,4655570.01,2165.26
-11799754.51,4655569.24,2165.27
-11799755.98,4655568.5,2165.28
-11799757.46,4655567.75,2165.29
-11799758.950000001,4655567.0,2165.28
-11799760.450000001,4655566.24,2165.31
-11799761.950000001,4655565.48,2165.3
-11799766.86,4655561.53,2180.23
-11799763.42,4655564.76,2165.27
-11799768.27,4655560.850000001,2180.0
-11799767.86,4655561.25,2178.17
-11799767.31,4655561.74,2175.84
-11799769.47,4655560.36,2178.86
-11799768.97,4655560.8100000005,2176.71
-11799768.41,4655561.36,2174.23
-11799766.370000001,4655563.2700000005,2165.3
-11799771.08,4655559.48,2179.52
-11799770.55,4655559.99,2177.13
-11799769.69,4655560.8100000005,2173.36
-11799767.870000001,4655562.51,2165.36
-11799771.28,4655559.96,2173.8
-11799769.39,4655561.75,2165.4
-11799773.61,4655558.42,2177.56
-11799774.91,4655557.8100000005,2176.88
-11799774.620000001,4655558.09,2175.58
-11799775.86,4655557.57,2174.55
-11799775.56,4655557.86,2173.17
-11799773.83,4655559.51,2165.38
-11799777.450000001,4655556.73,2174.98
-11799775.290000001,4655558.7700000005,2165.25
-11799776.8,4655558.0200000005,2165.27
-11799778.31,4655557.26,2165.31
-11799779.8,4655556.5,2165.36
-11799781.31,4655555.74,2165.42
-11799782.82,4655554.98,2165.4
-11799784.33,4655554.22,2165.42
-11799785.84,4655553.46,2165.42
-11799787.34,4655552.7,2165.44
-11799788.82,4655551.94,2165.48
-11799790.99,4655550.5600000005,2168.61
-11799790.44,4655551.0600000005,2166.09
-11799792.56,4655549.71,2169.0
-11799794.0,4655549.03,2168.79
-11799795.370000001,4655548.37,2168.38
-11799794.8,4655548.93,2165.65
-11799796.35,4655548.11,2165.9
-11799797.82,4655547.41,2165.73
-11799799.3,4655546.68,2165.51
-11799800.77,4655545.94,2165.44
-11799802.28,4655545.16,2165.49
-11799806.66,4655541.5600000005,2179.71
-11799803.78,4655544.4,2165.51
-11799808.26,4655540.69,2180.38
-11799807.92,4655541.0200000005,2178.71
-11799805.28,4655543.64,2165.6
-11799809.76,4655539.93,2180.42
-11799809.51,4655540.17,2179.15
-11799806.790000001,4655542.9,2165.63
-11799811.31,4655539.14,2180.61
-11799810.92,4655539.5200000005,2178.65
-11799808.33,4655542.11,2165.71
-11799812.83,4655538.32,2180.94
-11799812.51,4655538.67,2179.29
-11799814.71,4655537.18,2182.97
-11799814.120000001,4655537.78,2179.96
-11799813.3,4655538.61,2175.86
-11799813.02,4655538.88,2174.44
-11799816.19,4655536.45,2182.9
-11799817.46,4655535.92,2181.76
-11799817.1,4655536.28,2179.96
-11799818.120000001,4655536.0,2177.59
-11799816.0,4655538.13,2166.75
-11799819.22,4655535.66,2175.61
-11799818.85,4655536.01,2173.79
-11799817.44,4655537.46,2166.44
-11799821.88,4655533.7,2181.69
-11799821.55,4655534.05,2179.94
-11799818.92,4655536.71,2166.36
-11799823.0,4655533.33,2179.73
-11799822.64,4655533.69,2177.92
-11799821.75,4655534.59,2173.27
-11799824.69,4655532.39,2180.74
-11799823.74,4655533.36,2175.76
-11799823.44,4655533.66,2174.19
-11799824.66,4655533.17,2172.86
-11799824.35,4655533.5,2171.22
-11799823.51,4655534.350000001,2166.81
-11799826.120000001,4655532.46,2172.72
-11799825.85,4655532.72,2171.32
-11799825.540000001,4655533.05,2169.67
-11799824.97,4655533.64,2166.63
-11799827.09,4655532.23,2169.92
-11799826.75,4655532.61,2168.08
-11799827.94,4655532.17,2166.44
-11799830.69,4655530.11,2173.11
-11799829.450000001,4655531.4,2166.44
-11799831.49,4655530.07,2169.51
-11799830.93,4655530.67,2166.4
-11799833.16,4655529.14,2170.48
-11799832.4,4655529.93,2166.36
-11799834.44,4655528.61,2169.29
-11799833.85,4655529.22,2166.11
-11799835.33,4655528.48,2166.03
-11799836.86,4655527.72,2166.1
-11799838.35,4655526.97,2166.03
-11799839.83,4655526.22,2166.0
-11799841.81,4655524.94,2168.86
-11799841.42,4655525.350000001,2166.63
-11799843.370000001,4655524.12,2169.21
-11799844.85,4655523.41,2168.96
-11799845.85,4655523.16,2166.22
-11799847.35,4655522.42,2166.25
-11799848.85,4655521.66,2166.25
-11799850.41,4655520.850000001,2166.55
-11799851.85,4655520.14,2166.34
-11799853.78,4655518.9,2169.0
-11799853.33,4655519.39,2166.36
-11799855.14,4655518.3,2168.19
-11799854.82,4655518.62,2166.36
-11799856.84,4655517.32,2169.34
-11799856.35,4655517.86,2166.44
-11799857.83,4655517.100000001,2166.54
-11799858.68,4655519.22,2166.51
-11799857.17,4655519.99,2166.44
-11799856.22,4655520.18,2169.54
-11799854.73,4655520.94,2169.54
-11799852.69,4655522.29,2166.38
-11799851.46,4655522.75,2167.92
-11799851.19,4655523.03,2166.38
-11799849.68,4655523.8100000005,2166.27
-11799848.17,4655524.58,2166.25
-11799846.67,4655525.34,2166.19
-11799845.16,4655526.100000001,2166.11
-11799843.66,4655526.87,2166.04
-11799842.15,4655527.63,2166.11
-11799840.63,4655528.39,2166.07
-11799839.17,4655529.13,2166.28
-11799837.93,4655529.600000001,2167.69
-11799837.66,4655529.88,2166.24
-11799837.19,4655529.5600000005,2171.88
-11799836.200000001,4655530.62,2166.42
-11799835.43,4655530.59,2170.48
-11799835.27,4655530.7700000005,2169.56
-11799834.700000001,4655531.37,2166.48
-11799833.59,4655531.72,2168.65
-11799833.19,4655532.14,2166.42
-11799832.88,4655531.66,2172.81
-11799831.700000001,4655532.88,2166.42
-11799830.22,4655533.64,2166.42
-11799828.69,4655534.41,2166.44
-11799827.19,4655535.17,2166.46
-11799826.18,4655535.43,2169.01
-11799825.68,4655535.93,2166.36
-11799824.99,4655535.86,2170.63
-11799824.18,4655536.69,2166.4
-11799823.99,4655536.12,2173.27
-11799823.540000001,4655536.54,2170.97
-11799822.67,4655537.46,2166.38
-11799821.15,4655538.22,2166.36
-11799819.64,4655538.99,2166.44
-11799820.16,4655537.68,2176.96
-11799818.11,4655539.76,2166.4
-11799819.25,4655537.850000001,2179.94
-11799818.48,4655538.61,2176.05
-11799816.61,4655540.5200000005,2166.46
-11799817.83,4655538.53,2180.22
-11799817.17,4655539.2,2176.85
-11799815.16,4655541.24,2166.59
-11799816.8,4655538.84,2182.4
-11799816.55,4655539.08,2181.13
-11799816.28,4655539.36,2179.77
-11799815.38,4655539.5200000005,2182.81
-11799814.96,4655539.95,2180.69
-11799813.42,4655540.75,2180.47
-11799812.59,4655541.58,2176.31
-11799812.1,4655542.07,2173.83
-11799812.05,4655541.36,2181.19
-11799810.47,4655542.19,2180.78
-11799809.5,4655543.16,2175.9
-11799808.86,4655543.07,2180.21
-11799808.08,4655543.86,2176.32
-11799805.91,4655546.01,2165.57
-11799807.16,4655544.0200000005,2179.24
-11799804.38,4655546.8,2165.53
-11799802.870000001,4655547.5600000005,2165.54
-11799801.36,4655548.32,2165.6
-11799800.34,4655548.58,2168.01
-11799799.870000001,4655549.0600000005,2165.69
-11799798.33,4655549.84,2165.6
-11799796.84,4655550.600000001,2165.67
-11799795.53,4655551.16,2166.61
-11799794.22,4655551.73,2167.58
-11799793.81,4655552.13,2165.6
-11799792.72,4655552.48,2167.65
-11799792.3,4655552.87,2165.69
-11799790.75,4655553.69,2165.53
-11799789.21,4655554.45,2165.51
-11799787.66,4655555.25,2165.49
-11799786.17,4655556.01,2165.49
-11799784.65,4655556.7700000005,2165.47
-11799783.1,4655557.5600000005,2165.42
-11799781.55,4655558.36,2165.35
-11799780.02,4655559.13,2165.31
-11799778.51,4655559.89,2165.32
-11799777.03,4655560.62,2165.36
-11799775.49,4655561.41,2165.38
-11799773.96,4655562.18,2165.4
-11799774.700000001,4655560.8,2175.52
-11799772.43,4655562.96,2165.42
-11799773.08,4655561.67,2175.09
-11799772.53,4655562.19,2172.65
-11799770.88,4655563.73,2165.33
-11799771.57,4655562.43,2175.08
-11799770.83,4655563.14,2171.73
-11799769.38,4655564.49,2165.38
-11799769.88,4655563.36,2174.35
-11799767.85,4655565.26,2165.38
-11799769.5,4655563.05,2179.32
-11799766.31,4655566.05,2165.38
-11799764.77,4655566.82,2165.34
-11799763.25,4655567.61,2165.33
-11799761.72,4655568.37,2165.32
-11799760.200000001,4655569.14,2165.33
-11799758.68,4655569.9,2165.32
-11799757.11,4655570.7,2165.3
-11799755.58,4655571.48,2165.32
-11799754.08,4655572.24,2165.3
-11799752.540000001,4655573.01,2165.27
-11799750.98,4655573.8100000005,2165.26
-11799749.42,4655574.600000001,2165.23
-11799747.88,4655575.37,2165.21
-11799746.34,4655576.16,2165.17
-11799744.78,4655576.96,2165.11
-11799743.22,4655577.74,2165.07
-11799741.71,4655578.5200000005,2165.07
-11799740.17,4655579.29,2165.02
-11799738.66,4655580.05,2165.07
-11799737.120000001,4655580.82,2165.11
-11799737.26,4655581.14,2165.07
-11799738.72,4655580.42,2165.03
-11799740.17,4655579.67,2165.02
-11799741.65,4655578.94,2165.05
-11799743.120000001,4655578.19,2165.04
-11799744.61,4655577.43,2165.09
-11799746.1,4655576.67,2165.13
-11799747.59,4655575.94,2165.19
-11799749.08,4655575.18,2165.23
-11799750.58,4655574.43,2165.23
-11799752.05,4655573.68,2165.25
-11799753.52,4655572.94,2165.27
-11799755.02,4655572.19,2165.29
-11799756.48,4655571.45,2165.3
-11799757.97,4655570.71,2165.3
-11799759.46,4655569.95,2165.31
-11799760.92,4655569.21,2165.3
-11799762.42,4655568.47,2165.3
-11799763.91,4655567.71,2165.3
-11799765.41,4655566.95,2165.33
-11799770.040000001,4655563.25,2179.08
-11799766.91,4655566.19,2165.36
-11799770.66,4655563.3100000005,2175.3
-11799768.41,4655565.44,2165.38
-11799772.08,4655562.63,2175.08
-11799769.870000001,4655564.7,2165.29
-11799773.48,4655561.95,2174.76
-11799773.01,4655562.37,2172.69
-11799775.11,4655561.07,2175.4
-11799772.86,4655563.2,2165.38
-11799774.36,4655562.44,2165.36
-11799775.870000001,4655561.69,2165.36
-11799777.370000001,4655560.93,2165.34
-11799778.85,4655560.19,2165.32
-11799780.34,4655559.45,2165.28
-11799781.83,4655558.7,2165.28
-11799783.32,4655557.93,2165.4
-11799784.84,4655557.15,2165.47
-11799786.34,4655556.41,2165.48
-11799787.82,4655555.65,2165.48
-11799789.33,4655554.9,2165.48
-11799790.83,4655554.14,2165.49
-11799792.85,4655552.89,2167.9
-11799792.36,4655553.350000001,2165.59
-11799794.290000001,4655552.19,2167.65
-11799795.73,4655551.48,2167.38
-11799795.3,4655551.9,2165.36
-11799796.92,4655551.03,2165.88
-11799798.34,4655550.34,2165.58
-11799800.370000001,4655549.08,2168.1
-11799799.84,4655549.58,2165.56
-11799801.41,4655548.76,2165.86
-11799802.86,4655548.07,2165.54
-11799807.09,4655544.61,2178.96
-11799804.36,4655547.32,2165.51
-11799808.77,4655543.66,2179.9
-11799805.86,4655546.5600000005,2165.57
-11799810.450000001,4655542.7,2181.03
-11799809.97,4655543.19,2178.6
-11799811.99,4655541.9,2181.38
-11799813.02,4655541.600000001,2179.17
-11799812.5,4655542.12,2176.54
-11799811.950000001,4655542.69,2173.72
-11799810.36,4655544.28,2165.74
-11799815.200000001,4655540.15,2182.69
-11799814.77,4655540.59,2180.49
-11799813.92,4655541.45,2176.15
-11799811.86,4655543.5200000005,2165.77
-11799816.61,4655539.48,2182.3
-11799816.39,4655539.7,2181.19
-11799816.05,4655540.05,2179.42
-11799815.52,4655540.58,2176.77
-11799818.14,4655538.69,2182.44
-11799817.71,4655539.12,2180.27
-11799817.05,4655539.8,2176.9
-11799819.31,4655538.28,2180.75
-11799818.59,4655539.01,2177.04
-11799820.47,4655537.86,2179.08
-11799820.06,4655538.28,2177.0
-11799818.02,4655540.350000001,2166.4
-11799819.52,4655539.600000001,2166.38
-11799820.99,4655538.87,2166.34
-11799823.42,4655537.16,2171.17
-11799822.49,4655538.11,2166.33
-11799824.82,4655536.5,2170.67
-11799824.4,4655536.93,2168.49
-11799823.99,4655537.350000001,2166.32
-11799825.5,4655536.57,2166.36
-11799827.02,4655535.8100000005,2166.4
-11799828.55,4655535.05,2166.44
-11799830.01,4655534.32,2166.42
-11799831.47,4655533.57,2166.4
-11799833.93,4655531.83,2171.58
-11799832.98,4655532.8100000005,2166.42
-11799835.07,4655531.43,2169.69
-11799834.83,4655531.69,2168.35
-11799834.48,4655532.0600000005,2166.42
-11799836.0,4655531.28,2166.46
-11799838.46,4655529.53,2171.77
-11799837.74,4655530.2700000005,2167.86
-11799837.48,4655530.5600000005,2166.33
-11799838.93,4655529.850000001,2166.19
-11799840.450000001,4655529.09,2166.15
-11799841.91,4655528.350000001,2166.07
-11799843.41,4655527.59,2166.08
-11799844.92,4655526.850000001,2166.03
-11799846.47,4655526.0200000005,2166.35
-11799847.94,4655525.3,2166.19
-11799849.44,4655524.54,2166.26
-11799850.97,4655523.74,2166.47
-11799852.44,4655523.0200000005,2166.35
-11799854.42,4655521.73,2169.24
-11799855.91,4655520.97,2169.25
-11799857.25,4655520.4,2168.36
-11799856.98,4655520.69,2166.69
-11799858.42,4655519.98,2166.42
-11799858.25,4655522.62,2166.53
-11799857.08,4655523.03,2168.42
-11799856.76,4655523.38,2166.52
-11799855.25,4655524.16,2166.4
-11799853.76,4655524.92,2166.35
-11799852.27,4655525.68,2166.3
-11799850.83,4655526.350000001,2166.85
-11799849.22,4655527.24,2166.13
-11799847.74,4655527.98,2166.17
-11799846.23,4655528.74,2166.17
-11799844.72,4655529.5,2166.15
-11799843.63,4655529.8100000005,2168.58
-11799843.22,4655530.24,2166.29
-11799842.72,4655529.96,2171.77
-11799841.86,4655530.88,2166.92
-11799840.63,4655531.37,2168.25
-11799840.3,4655531.72,2166.42
-11799839.08,4655532.16,2168.06
-11799838.790000001,4655532.48,2166.44
-11799837.26,4655533.24,2166.48
-11799835.78,4655534.0,2166.48
-11799834.28,4655534.76,2166.46
-11799832.78,4655535.5200000005,2166.46
-11799831.28,4655536.28,2166.44
-11799830.17,4655536.61,2168.69
-11799829.76,4655537.05,2166.42
-11799828.26,4655537.8,2166.51
-11799827.06,4655538.25,2168.07
-11799826.77,4655538.55,2166.49
-11799825.92,4655538.65,2169.85
-11799824.39,4655539.42,2169.78
-11799823.76,4655540.07,2166.48
-11799822.22,4655540.87,2166.36
-11799820.72,4655541.63,2166.36
-11799821.34,4655540.22,2177.4
-11799819.200000001,4655542.4,2166.36
-11799820.34,4655540.47,2179.96
-11799819.870000001,4655540.94,2177.55
-11799818.91,4655541.17,2180.17
-11799816.200000001,4655543.9,2166.38
-11799817.31,4655542.04,2179.67
-11799816.72,4655542.61,2176.75
-11799814.620000001,4655544.75,2166.03
-11799815.950000001,4655542.64,2180.38
-11799815.620000001,4655542.98,2178.73
-11799813.08,4655545.53,2165.86
-11799813.78,4655544.08,2177.06
-11799813.58,4655544.2700000005,2176.06
-11799811.540000001,4655546.32,2165.81
-11799812.3,4655544.8100000005,2177.17
-11799810.03,4655547.09,2165.75
-11799811.27,4655545.100000001,2179.42
-11799808.52,4655547.87,2165.69
-11799809.6,4655546.05,2178.49
-11799809.19,4655546.45,2176.52
-11799807.01,4655548.64,2165.63
-11799808.21,4655546.69,2179.11
-11799805.63,4655549.24,2166.4
-11799804.68,4655549.47,2169.07
-11799804.21,4655549.94,2166.78
-11799803.14,4655550.26,2169.0
-11799801.55,4655551.100000001,2168.61
-11799799.97,4655551.92,2168.22
-11799798.200000001,4655552.94,2167.13
-11799797.89,4655553.23,2165.67
-11799796.8,4655553.5600000005,2167.81
-11799795.32,4655554.32,2167.9
-11799793.790000001,4655555.09,2167.79
-11799793.31,4655555.59,2165.44
-11799791.81,4655556.32,2165.58
-11799790.290000001,4655557.09,2165.56
-11799788.78,4655557.87,2165.55
-11799787.27,4655558.63,2165.53
-11799785.73,4655559.43,2165.35
-11799784.21,4655560.2,2165.29
-11799782.64,4655560.99,2165.33
-11799781.120000001,4655561.75,2165.38
-11799779.620000001,4655562.51,2165.4
-11799778.11,4655563.2700000005,2165.42
-11799776.57,4655564.04,2165.42
-11799775.05,4655564.8100000005,2165.44
-11799773.5,4655565.600000001,2165.42
-11799771.98,4655566.36,2165.42
-11799770.46,4655567.13,2165.42
-11799768.94,4655567.91,2165.42
-11799767.4,4655568.68,2165.38
-11799765.870000001,4655569.45,2165.36
-11799764.38,4655570.21,2165.33
-11799762.83,4655571.0,2165.31
-11799761.26,4655571.79,2165.35
-11799759.71,4655572.5600000005,2165.33
-11799758.19,4655573.33,2165.34
-11799756.67,4655574.12,2165.32
-11799755.13,4655574.89,2165.29
-11799753.6,4655575.67,2165.31
-11799752.08,4655576.44,2165.29
-11799750.56,4655577.21,2165.26
-11799749.040000001,4655577.97,2165.24
-11799747.49,4655578.76,2165.22
-11799745.93,4655579.5600000005,2165.17
-11799744.36,4655580.36,2165.15
-11799742.83,4655581.13,2165.11
-11799741.31,4655581.91,2165.07
-11799739.75,4655582.71,2165.02
-11799738.18,4655583.49,2164.98
-11799738.120000001,4655583.97,2164.92
-11799739.6,4655583.23,2164.99
-11799741.1,4655582.47,2165.01
-11799742.58,4655581.73,2165.05
-11799744.06,4655580.97,2165.09
-11799745.540000001,4655580.23,2165.13
-11799747.040000001,4655579.47,2165.19
-11799748.540000001,4655578.71,2165.21
-11799750.03,4655577.96,2165.19
-11799751.48,4655577.23,2165.25
-11799752.96,4655576.48,2165.26
-11799754.450000001,4655575.72,2165.28
-11799755.93,4655574.96,2165.28
-11799757.41,4655574.23,2165.31
-11799758.91,4655573.48,2165.3
-11799760.39,4655572.72,2165.3
-11799761.870000001,4655571.99,2165.3
-11799763.35,4655571.24,2165.27
-11799764.84,4655570.48,2165.3
-11799766.32,4655569.74,2165.32
-11799767.81,4655569.0,2165.36
-11799769.3,4655568.24,2165.36
-11799770.8,4655567.48,2165.4
-11799772.3,4655566.74,2165.38
-11799773.77,4655566.0,2165.4
-11799775.26,4655565.24,2165.4
-11799776.77,4655564.47,2165.42
-11799778.27,4655563.73,2165.4
-11799779.76,4655562.98,2165.38
-11799781.24,4655562.23,2165.36
-11799782.72,4655561.49,2165.34
-11799784.24,4655560.74,2165.29
-11799785.74,4655559.99,2165.25
-11799787.27,4655559.19,2165.42
-11799788.77,4655558.43,2165.53
-11799790.26,4655557.68,2165.55
-11799791.76,4655556.92,2165.58
-11799793.66,4655555.7700000005,2167.4
-11799793.27,4655556.16,2165.55
-11799795.26,4655554.94,2167.8
-11799796.76,4655554.18,2167.85
-11799798.18,4655553.49,2167.55
-11799799.790000001,4655552.62,2168.19
-11799801.36,4655551.79,2168.54
-11799802.94,4655550.95,2168.92
-11799804.49,4655550.14,2169.29
-11799805.46,4655549.91,2166.63
-11799809.41,4655546.73,2178.69
-11799808.97,4655547.17,2176.51
-11799808.77,4655547.36,2175.51
-11799806.9,4655549.23,2166.23
-11799810.85,4655546.03,2178.42
-11799810.46,4655546.42,2176.49
-11799808.27,4655548.61,2165.6
-11799812.11,4655545.49,2177.38
-11799809.77,4655547.84,2165.69
-11799813.52,4655544.82,2176.97
-11799811.28,4655547.08,2165.73
-11799814.81,4655544.2700000005,2175.99
-11799812.81,4655546.28,2165.83
-11799817.18,4655542.63,2180.46
-11799814.34,4655545.51,2166.02
-11799818.58,4655541.95,2180.1
-11799815.9,4655544.68,2166.42
-11799820.07,4655541.21,2180.07
-11799819.72,4655541.59,2178.23
-11799819.450000001,4655541.850000001,2176.9
-11799817.4,4655543.93,2166.36
-11799821.040000001,4655541.0,2177.38
-11799818.9,4655543.17,2166.38
-11799820.38,4655542.43,2166.35
-11799821.89,4655541.68,2166.34
-11799823.41,4655540.91,2166.36
-11799825.57,4655539.46,2169.92
-11799827.03,4655538.74,2169.79
-11799827.91,4655538.63,2166.47
-11799829.41,4655537.88,2166.47
-11799830.92,4655537.11,2166.4
-11799832.42,4655536.34,2166.44
-11799833.88,4655535.62,2166.44
-11799835.39,4655534.86,2166.44
-11799836.89,4655534.100000001,2166.42
-11799838.38,4655533.34,2166.44
-11799840.15,4655532.3100000005,2168.01
-11799839.88,4655532.61,2166.42
-11799841.36,4655531.86,2166.4
-11799843.790000001,4655530.100000001,2171.76
-11799843.21,4655530.71,2168.54
-11799842.85,4655531.100000001,2166.48
-11799844.8,4655529.87,2168.92
-11799844.32,4655530.39,2166.21
-11799845.85,4655529.62,2166.17
-11799847.32,4655528.88,2166.15
-11799848.82,4655528.12,2166.32
-11799850.24,4655527.42,2166.15
-11799851.82,4655526.57,2166.65
-11799853.3,4655525.86,2166.24
-11799854.84,4655525.07,2166.38
-11799856.35,4655524.2700000005,2166.61
-11799857.85,4655523.54,2166.61
-11799858.05,4655525.69,2166.49
-11799856.790000001,4655526.18,2167.97
-11799856.51,4655526.46,2166.33
-11799855.03,4655527.22,2166.34
-11799853.53,4655528.01,2166.19
-11799852.06,4655528.74,2166.27
-11799850.53,4655529.5200000005,2166.17
-11799849.26,4655530.04,2167.46
-11799849.05,4655530.28,2166.19
-11799848.1,4655530.43,2169.4
-11799847.85,4655530.7,2167.98
-11799846.64,4655531.14,2169.74
-11799846.33,4655531.49,2167.9
-11799844.98,4655532.07,2168.82
-11799844.75,4655532.3100000005,2167.51
-11799844.55,4655532.5200000005,2166.4
-11799843.4,4655532.92,2168.38
-11799843.05,4655533.28,2166.4
-11799841.540000001,4655534.04,2166.44
-11799840.040000001,4655534.8,2166.44
-11799838.55,4655535.55,2166.42
-11799837.07,4655536.29,2166.44
-11799835.56,4655537.05,2166.46
-11799834.06,4655537.83,2166.46
-11799832.540000001,4655538.59,2166.44
-11799831.03,4655539.350000001,2166.5
-11799830.15,4655539.47,2169.74
-11799829.03,4655539.84,2171.63
-11799828.72,4655540.17,2169.96
-11799827.290000001,4655540.84,2170.42
-11799825.76,4655541.65,2170.23
-11799824.18,4655542.48,2169.82
-11799823.51,4655543.18,2166.3
-11799821.99,4655543.94,2166.4
-11799820.450000001,4655544.71,2166.4
-11799818.950000001,4655545.47,2166.36
-11799817.71,4655545.98,2167.57
-11799816.31,4655546.64,2168.08
-11799815.94,4655547.0,2166.25
-11799814.370000001,4655547.82,2165.92
-11799815.1,4655546.33,2177.27
-11799814.540000001,4655546.9,2174.36
-11799812.83,4655548.61,2165.83
-11799813.44,4655547.26,2176.4
-11799811.31,4655549.4,2165.74
-11799809.82,4655550.15,2165.75
-11799808.76,4655550.44,2168.13
-11799808.31,4655550.91,2165.83
-11799807.33,4655551.12,2168.56
-11799805.85,4655551.850000001,2168.85
-11799804.4,4655552.54,2169.17
-11799802.91,4655553.29,2169.15
-11799801.31,4655554.15,2168.76
-11799799.71,4655554.98,2168.38
-11799798.07,4655555.89,2167.69
-11799797.64,4655556.3100000005,2165.67
-11799796.58,4655556.61,2167.82
-11799795.01,4655557.45,2167.49
-11799794.6,4655557.850000001,2165.59
-11799793.120000001,4655558.600000001,2165.63
-11799791.58,4655559.39,2165.57
-11799790.02,4655560.19,2165.44
-11799788.52,4655560.96,2165.3
-11799787.02,4655561.71,2165.34
-11799785.49,4655562.48,2165.4
-11799783.96,4655563.24,2165.42
-11799782.43,4655564.0200000005,2165.47
-11799780.91,4655564.78,2165.46
-11799779.38,4655565.55,2165.49
-11799777.86,4655566.32,2165.47
-11799776.34,4655567.08,2165.48
-11799774.8,4655567.86,2165.46
-11799773.290000001,4655568.64,2165.46
-11799771.76,4655569.39,2165.42
-11799770.25,4655570.18,2165.4
-11799768.71,4655570.96,2165.34
-11799767.16,4655571.74,2165.33
-11799765.61,4655572.5200000005,2165.29
-11799764.09,4655573.3100000005,2165.23
-11799762.58,4655574.0600000005,2165.32
-11799761.040000001,4655574.83,2165.34
-11799759.5,4655575.600000001,2165.35
-11799757.98,4655576.38,2165.35
-11799756.47,4655577.15,2165.35
-11799754.93,4655577.91,2165.32
-11799753.370000001,4655578.71,2165.29
-11799751.83,4655579.5,2165.28
-11799750.31,4655580.26,2165.24
-11799748.8,4655581.0200000005,2165.22
-11799747.26,4655581.79,2165.17
-11799745.68,4655582.600000001,2165.17
-11799744.120000001,4655583.39,2165.19
-11799742.6,4655584.18,2165.1
-11799741.09,4655584.94,2165.07
-11799739.52,4655585.72,2165.05
-11799737.97,4655586.5200000005,2165.02
-11799737.61,4655587.100000001,2165.0
-11799739.08,4655586.36,2165.02
-11799740.540000001,4655585.62,2165.06
-11799742.03,4655584.87,2165.08
-11799743.53,4655584.11,2165.11
-11799745.01,4655583.37,2165.15
-11799746.48,4655582.62,2165.17
-11799747.96,4655581.87,2165.19
-11799749.450000001,4655581.12,2165.21
-11799750.9,4655580.39,2165.24
-11799752.370000001,4655579.64,2165.27
-11799753.870000001,4655578.88,2165.3
-11799755.370000001,4655578.14,2165.31
-11799756.84,4655577.39,2165.32
-11799758.33,4655576.64,2165.36
-11799759.8,4655575.88,2165.32
-11799761.27,4655575.16,2165.32
-11799762.76,4655574.4,2165.32
-11799764.200000001,4655573.69,2165.15
-11799765.73,4655572.93,2165.21
-11799767.26,4655572.16,2165.29
-11799768.74,4655571.4,2165.3
-11799770.24,4655570.64,2165.35
-11799771.74,4655569.89,2165.4
-11799773.22,4655569.14,2165.42
-11799774.700000001,4655568.4,2165.44
-11799776.200000001,4655567.64,2165.48
-11799777.700000001,4655566.86,2165.46
-11799779.19,4655566.14,2165.44
-11799780.66,4655565.39,2165.48
-11799782.18,4655564.62,2165.47
-11799783.700000001,4655563.86,2165.42
-11799785.18,4655563.13,2165.42
-11799786.66,4655562.38,2165.4
-11799788.13,4655561.64,2165.38
-11799789.59,4655560.91,2165.3
-11799791.14,4655560.12,2165.51
-11799792.68,4655559.33,2165.61
-11799794.23,4655558.55,2165.65
-11799796.08,4655557.44,2167.42
-11799795.700000001,4655557.8,2165.63
-11799797.67,4655556.59,2167.94
-11799797.21,4655557.03,2165.75
-11799799.25,4655555.75,2168.31
-11799800.84,4655554.91,2168.65
-11799802.4,4655554.09,2169.04
-11799803.92,4655553.32,2169.25
-11799805.36,4655552.62,2168.9
-11799806.8,4655551.92,2168.61
-11799808.22,4655551.24,2168.3
-11799809.290000001,4655550.92,2166.09
-11799810.69,4655550.25,2165.69
-11799814.53,4655547.15,2177.51
-11799814.35,4655547.33,2176.6
-11799813.98,4655547.69,2174.77
-11799812.18,4655549.49,2165.71
-11799815.870000001,4655546.54,2176.82
-11799813.71,4655548.72,2165.88
-11799815.25,4655547.91,2166.07
-11799817.15,4655546.7700000005,2168.06
-11799816.81,4655547.100000001,2166.31
-11799818.35,4655546.32,2166.49
-11799819.82,4655545.600000001,2166.34
-11799821.32,4655544.84,2166.36
-11799823.46,4655543.42,2169.69
-11799822.83,4655544.07,2166.4
-11799825.05,4655542.59,2170.05
-11799826.63,4655541.76,2170.47
-11799828.11,4655541.0200000005,2170.42
-11799829.55,4655540.33,2170.06
-11799830.97,4655539.64,2169.75
-11799830.56,4655540.07,2167.51
-11799831.870000001,4655539.53,2166.42
-11799833.38,4655538.76,2166.5
-11799834.84,4655538.0200000005,2166.47
-11799836.32,4655537.26,2166.44
-11799837.84,4655536.5200000005,2166.42
-11799839.31,4655535.78,2166.42
-11799840.8,4655535.0200000005,2166.44
-11799842.32,4655534.26,2166.42
-11799844.22,4655533.09,2168.63
-11799843.83,4655533.49,2166.38
-11799845.33,4655532.75,2166.36
-11799847.33,4655531.42,2169.38
-11799847.01,4655531.8,2167.52
-11799846.8,4655532.01,2166.36
-11799849.17,4655530.3,2171.52
-11799848.540000001,4655530.99,2167.88
-11799849.75,4655530.54,2166.27
-11799851.25,4655529.78,2166.17
-11799852.790000001,4655529.0,2166.38
-11799854.27,4655528.24,2166.34
-11799855.76,4655527.51,2166.29
-11799857.540000001,4655526.45,2167.98
-11799857.27,4655526.72,2166.44
-11799858.74,4655525.99,2166.44
-11799857.790000001,4655528.850000001,2166.32
-11799856.32,4655529.59,2166.36
-11799854.82,4655530.33,2166.36
-11799853.38,4655531.04,2166.63
-11799852.73,4655530.88,2171.57
-11799852.0,4655531.67,2167.35
-11799850.35,4655532.61,2166.42
-11799848.84,4655533.37,2166.38
-11799847.36,4655534.12,2166.4
-11799845.86,4655534.86,2166.4
-11799844.370000001,4655535.62,2166.42
-11799842.85,4655536.38,2166.42
-11799841.370000001,4655537.14,2166.42
-11799839.86,4655537.91,2166.44
-11799838.36,4655538.65,2166.47
-11799836.91,4655539.36,2166.74
-11799835.42,4655540.11,2166.86
-11799833.92,4655540.86,2166.86
-11799832.99,4655541.0200000005,2169.94
-11799831.56,4655541.72,2170.3
-11799830.15,4655542.4,2170.67
-11799828.72,4655543.07,2171.04
-11799827.21,4655543.850000001,2170.9
-11799825.61,4655544.7,2170.47
-11799824.02,4655545.5600000005,2170.02
-11799822.47,4655546.37,2169.74
-11799821.83,4655547.0200000005,2166.44
-11799820.31,4655547.79,2166.42
-11799818.78,4655548.55,2166.44
-11799817.26,4655549.34,2166.36
-11799815.700000001,4655550.15,2165.97
-11799814.17,4655550.92,2165.9
-11799812.61,4655551.73,2165.8
-11799811.26,4655552.34,2166.61
-11799809.6,4655553.2700000005,2165.79
-11799808.23,4655553.87,2166.52
-11799807.120000001,4655554.26,2168.38
-11799805.67,4655554.96,2168.67
-11799804.21,4655555.66,2169.03
-11799802.76,4655556.37,2169.34
-11799801.16,4655557.19,2169.02
-11799798.97,4655558.64,2165.73
-11799797.48,4655559.39,2165.74
-11799795.98,4655560.15,2165.67
-11799794.43,4655560.95,2165.55
-11799792.86,4655561.76,2165.36
-11799791.33,4655562.53,2165.4
-11799789.82,4655563.28,2165.47
-11799788.3,4655564.05,2165.49
-11799786.78,4655564.8100000005,2165.52
-11799785.290000001,4655565.57,2165.53
-11799783.77,4655566.32,2165.53
-11799782.22,4655567.12,2165.53
-11799780.700000001,4655567.88,2165.52
-11799779.200000001,4655568.64,2165.53
-11799777.68,4655569.42,2165.53
-11799776.13,4655570.2,2165.47
-11799774.56,4655570.99,2165.44
-11799773.040000001,4655571.76,2165.4
-11799771.52,4655572.55,2165.36
-11799769.99,4655573.3100000005,2165.29
-11799768.450000001,4655574.11,2165.19
-11799766.92,4655574.88,2165.23
-11799765.39,4655575.64,2165.35
-11799763.91,4655576.36,2165.42
-11799762.38,4655577.14,2165.42
-11799760.81,4655577.95,2165.36
-11799759.26,4655578.73,2165.38
-11799757.72,4655579.51,2165.36
-11799756.21,4655580.28,2165.35
-11799754.65,4655581.07,2165.34
-11799753.11,4655581.850000001,2165.29
-11799751.58,4655582.61,2165.28
-11799750.06,4655583.39,2165.26
-11799748.55,4655584.16,2165.22
-11799746.97,4655584.96,2165.19
-11799745.41,4655585.75,2165.17
-11799743.89,4655586.51,2165.15
-11799742.35,4655587.29,2165.13
-11799740.8,4655588.08,2165.07
-11799739.26,4655588.87,2165.05
-11799737.73,4655589.64,2165.03
-11799737.9,4655588.25,2178.08
-11799737.35,4655588.95,2177.86
-11799738.870000001,4655588.15,2178.15
-11799737.040000001,4655590.39,2164.98
-11799738.53,4655589.63,2165.01
-11799740.02,4655588.9,2165.02
-11799741.49,4655588.15,2165.05
-11799742.950000001,4655587.42,2165.1
-11799744.44,4655586.67,2165.13
-11799745.92,4655585.92,2165.15
-11799747.41,4655585.15,2165.13
-11799748.92,4655584.39,2165.19
-11799750.370000001,4655583.68,2165.22
-11799751.870000001,4655582.91,2165.26
-11799753.370000001,4655582.15,2165.27
-11799754.870000001,4655581.41,2165.28
-11799756.35,4655580.65,2165.31
-11799757.81,4655579.9,2165.32
-11799759.31,4655579.17,2165.32
-11799760.8,4655578.41,2165.33
-11799762.3,4655577.66,2165.36
-11799763.8,4655576.9,2165.4
-11799765.26,4655576.17,2165.38
-11799766.72,4655575.45,2165.3
-11799768.17,4655574.74,2165.11
-11799769.69,4655573.95,2165.22
-11799771.22,4655573.18,2165.29
-11799772.71,4655572.42,2165.36
-11799774.19,4655571.66,2165.4
-11799775.700000001,4655570.9,2165.47
-11799777.200000001,4655570.15,2165.44
-11799778.71,4655569.39,2165.49
-11799780.200000001,4655568.64,2165.5
-11799781.72,4655567.88,2165.5
-11799783.25,4655567.11,2165.51
-11799784.73,4655566.36,2165.52
-11799786.22,4655565.62,2165.51
-11799787.73,4655564.86,2165.48
-11799789.22,4655564.11,2165.48
-11799790.69,4655563.36,2165.46
-11799792.19,4655562.63,2165.4
-11799793.69,4655561.87,2165.36
-11799795.22,4655561.07,2165.54
-11799796.75,4655560.29,2165.65
-11799798.27,4655559.53,2165.69
-11799799.81,4655558.76,2165.71
-11799802.05,4655557.2700000005,2169.23
-11799803.53,4655556.54,2169.17
-11799804.950000001,4655555.86,2168.82
-11799806.39,4655555.16,2168.48
-11799807.85,4655554.47,2168.17
-11799807.42,4655554.89,2166.08
-11799808.870000001,4655554.19,2165.84
-11799810.33,4655553.46,2165.73
-11799811.88,4655552.65,2165.98
-11799813.38,4655551.92,2165.8
-11799814.93,4655551.12,2165.92
-11799816.51,4655550.3100000005,2166.22
-11799818.05,4655549.51,2166.38
-11799819.55,4655548.75,2166.42
-11799821.07,4655547.96,2166.46
-11799823.26,4655546.54,2169.86
-11799824.86,4655545.67,2170.27
-11799826.43,4655544.850000001,2170.69
-11799828.03,4655544.01,2171.13
-11799829.48,4655543.3,2170.86
-11799830.92,4655542.63,2170.46
-11799832.35,4655541.94,2170.08
-11799833.77,4655541.2700000005,2169.65
-11799833.26,4655541.8100000005,2166.84
-11799834.77,4655541.05,2166.82
-11799836.290000001,4655540.28,2166.82
-11799837.8,4655539.53,2166.73
-11799839.290000001,4655538.82,2166.44
-11799840.790000001,4655538.0600000005,2166.42
-11799842.3,4655537.3,2166.4
-11799843.84,4655536.53,2166.38
-11799845.36,4655535.75,2166.4
-11799846.870000001,4655535.01,2166.38
-11799848.39,4655534.25,2166.4
-11799849.89,4655533.49,2166.35
-11799851.42,4655532.71,2166.4
-11799853.11,4655531.7700000005,2167.33
-11799852.950000001,4655531.95,2166.35
-11799854.52,4655531.13,2166.57
-11799855.97,4655530.42,2166.34
-11799857.46,4655529.68,2166.28
-11799859.01,4655528.91,2166.25
-11799859.040000001,4655531.24,2166.36
-11799858.23,4655531.25,2170.36
-11799857.56,4655531.99,2166.42
-11799857.21,4655531.51,2173.04
-11799856.83,4655531.91,2170.78
-11799855.78,4655532.19,2173.36
-11799855.34,4655532.67,2170.85
-11799854.99,4655533.05,2168.78
-11799854.59,4655533.49,2166.4
-11799854.64,4655532.58,2175.38
-11799853.09,4655534.25,2166.42
-11799851.59,4655535.01,2166.38
-11799850.1,4655535.7700000005,2166.4
-11799848.6,4655536.53,2166.38
-11799847.09,4655537.29,2166.38
-11799845.57,4655538.05,2166.42
-11799844.09,4655538.78,2166.44
-11799842.63,4655539.53,2166.46
-11799841.120000001,4655540.3,2166.48
-11799839.66,4655541.0,2166.84
-11799838.14,4655541.7700000005,2166.85
-11799836.65,4655542.49,2167.02
-11799835.63,4655542.76,2169.61
-11799835.17,4655543.23,2167.17
-11799834.22,4655543.43,2169.99
-11799832.78,4655544.11,2170.35
-11799831.33,4655544.82,2170.71
-11799829.89,4655545.5,2171.01
-11799828.32,4655546.33,2170.63
-11799826.75,4655547.18,2170.24
-11799825.17,4655548.0200000005,2169.84
-11799823.01,4655549.43,2166.55
-11799821.49,4655550.2,2166.51
-11799820.0,4655550.96,2166.44
-11799818.46,4655551.76,2166.38
-11799817.14,4655552.32,2167.38
-11799815.36,4655553.36,2165.96
-11799813.85,4655554.13,2165.86
-11799812.44,4655554.79,2166.36
-11799811.23,4655555.26,2167.81
-11799810.94,4655555.55,2166.36
-11799809.31,4655556.42,2165.9
-11799808.05,4655556.91,2167.24
-11799806.74,4655557.49,2168.22
-11799806.26,4655557.97,2165.84
-11799805.32,4655558.17,2168.58
-11799803.24,4655559.5,2165.71
-11799801.73,4655560.28,2165.73
-11799800.18,4655561.0600000005,2165.69
-11799798.63,4655561.850000001,2165.54
-11799797.11,4655562.62,2165.47
-11799795.58,4655563.4,2165.47
-11799794.040000001,4655564.17,2165.51
-11799792.53,4655564.93,2165.55
-11799791.03,4655565.69,2165.57
-11799789.540000001,4655566.44,2165.59
-11799788.01,4655567.21,2165.59
-11799786.49,4655567.99,2165.58
-11799784.950000001,4655568.76,2165.57
-11799783.42,4655569.53,2165.57
-11799781.93,4655570.28,2165.56
-11799780.4,4655571.05,2165.52
-11799778.86,4655571.83,2165.48
-11799777.33,4655572.61,2165.44
-11799775.78,4655573.41,2165.38
-11799774.25,4655574.17,2165.35
-11799772.700000001,4655574.98,2165.23
-11799771.15,4655575.76,2165.19
-11799769.67,4655576.49,2165.38
-11799768.17,4655577.23,2165.49
-11799766.67,4655577.99,2165.58
-11799765.15,4655578.76,2165.58
-11799763.620000001,4655579.5200000005,2165.59
-11799762.06,4655580.32,2165.51
-11799760.51,4655581.11,2165.38
-11799758.96,4655581.91,2165.35
-11799757.43,4655582.68,2165.34
-11799755.92,4655583.44,2165.32
-11799754.35,4655584.24,2165.32
-11799752.790000001,4655585.03,2165.31
-11799751.26,4655585.8,2165.29
-11799749.72,4655586.57,2165.25
-11799748.21,4655587.33,2165.23
-11799746.64,4655588.13,2165.19
-11799745.07,4655588.92,2165.15
-11799743.55,4655589.71,2165.15
-11799742.03,4655590.48,2165.1
-11799740.51,4655591.24,2165.11
-11799738.94,4655592.03,2165.07
-11799737.38,4655592.82,2165.03
-11799738.03,4655592.89,2165.02
-11799739.48,4655592.17,2165.04
-11799740.950000001,4655591.43,2165.09
-11799742.450000001,4655590.65,2165.1
-11799743.92,4655589.92,2165.13
-11799745.4,4655589.18,2165.15
-11799746.9,4655588.41,2165.17
-11799751.1,4655585.19,2176.38
-11799748.38,4655587.68,2165.17
-11799749.86,4655586.93,2165.22
-11799751.33,4655586.2,2165.25
-11799752.78,4655585.46,2165.26
-11799754.28,4655584.7,2165.3
-11799755.76,4655583.94,2165.3
-11799757.24,4655583.21,2165.3
-11799758.71,4655582.46,2165.31
-11799760.200000001,4655581.7,2165.34
-11799761.72,4655580.94,2165.5
-11799763.23,4655580.17,2165.55
-11799764.73,4655579.41,2165.57
-11799766.22,4655578.67,2165.56
-11799767.69,4655577.92,2165.54
-11799769.15,4655577.2,2165.46
-11799770.64,4655576.46,2165.34
-11799772.09,4655575.75,2165.13
-11799773.59,4655575.0,2165.21
-11799775.1,4655574.24,2165.31
-11799776.58,4655573.48,2165.38
-11799778.07,4655572.72,2165.44
-11799779.59,4655571.95,2165.5
-11799781.11,4655571.19,2165.53
-11799782.59,4655570.44,2165.55
-11799784.09,4655569.68,2165.54
-11799785.6,4655568.92,2165.56
-11799787.13,4655568.16,2165.57
-11799788.63,4655567.38,2165.55
-11799790.1,4655566.66,2165.57
-11799791.57,4655565.92,2165.54
-11799793.07,4655565.17,2165.54
-11799794.58,4655564.41,2165.5
-11799796.06,4655563.67,2165.47
-11799797.52,4655562.94,2165.42
-11799799.02,4655562.18,2165.49
-11799800.55,4655561.38,2165.61
-11799802.09,4655560.61,2165.69
-11799803.59,4655559.850000001,2165.69
-11799805.63,4655558.54,2168.44
-11799805.06,4655559.13,2165.63
-11799807.08,4655557.86,2168.13
-11799806.63,4655558.3,2165.94
-11799808.28,4655557.4,2166.59
-11799809.65,4655556.79,2165.92
-11799811.56,4655555.59,2168.1
-11799813.1,4655554.82,2168.31
-11799814.16,4655554.5,2166.0
-11799816.0,4655553.4,2167.79
-11799815.63,4655553.78,2165.9
-11799817.49,4655552.68,2167.69
-11799818.72,4655552.18,2166.36
-11799820.22,4655551.42,2166.4
-11799821.72,4655550.66,2166.47
-11799823.22,4655549.91,2166.5
-11799825.32,4655548.53,2169.61
-11799824.73,4655549.15,2166.51
-11799826.92,4655547.68,2170.03
-11799828.48,4655546.87,2170.42
-11799830.05,4655546.04,2170.84
-11799831.53,4655545.28,2170.85
-11799832.97,4655544.600000001,2170.52
-11799834.4,4655543.9,2170.19
-11799835.81,4655543.23,2169.81
-11799836.82,4655542.98,2167.17
-11799838.28,4655542.3,2166.86
-11799839.77,4655541.55,2166.76
-11799841.200000001,4655540.87,2166.47
-11799842.66,4655540.12,2166.47
-11799844.16,4655539.37,2166.44
-11799845.67,4655538.600000001,2166.42
-11799847.19,4655537.84,2166.38
-11799848.700000001,4655537.08,2166.36
-11799850.18,4655536.36,2166.36
-11799852.72,4655534.46,2172.51
-11799851.65,4655535.62,2166.36
-11799854.67,4655533.22,2175.15
-11799854.13,4655533.8,2172.03
-11799853.120000001,4655534.89,2166.22
-11799855.83,4655532.8100000005,2173.33
-11799857.22,4655532.18,2172.77
-11799856.89,4655532.53,2170.83
-11799858.71,4655531.4,2172.75
-11799858.39,4655531.78,2170.83
-11799859.14,4655531.83,2166.44
-11799859.3,4655532.68,2177.98
-11799857.99,4655533.23,2179.05
-11799857.700000001,4655533.54,2177.38
-11799856.44,4655534.0600000005,2178.65
-11799855.99,4655534.54,2176.03
-11799855.53,4655535.03,2173.4
-11799855.01,4655534.74,2179.0
-11799854.65,4655535.13,2176.92
-11799851.91,4655537.25,2169.63
-11799851.74,4655537.42,2168.63
-11799851.35,4655537.84,2166.4
-11799849.86,4655538.59,2166.42
-11799848.35,4655539.36,2166.4
-11799846.85,4655540.12,2166.44
-11799845.35,4655540.87,2166.44
-11799843.870000001,4655541.62,2166.48
-11799842.370000001,4655542.38,2166.48
-11799840.84,4655543.14,2166.5
-11799839.370000001,4655543.86,2166.69
-11799838.450000001,4655544.03,2169.83
-11799837.02,4655544.71,2170.15
-11799835.61,4655545.39,2170.51
-11799834.18,4655546.07,2170.85
-11799832.67,4655546.83,2170.85
-11799831.1,4655547.67,2170.42
-11799829.48,4655548.51,2170.02
-11799827.9,4655549.37,2169.63
-11799827.32,4655549.97,2166.54
-11799825.83,4655550.73,2166.54
-11799824.33,4655551.48,2166.5
-11799822.82,4655552.25,2166.46
-11799821.3,4655553.0200000005,2166.42
-11799819.81,4655553.7700000005,2166.38
-11799818.56,4655554.28,2167.65
-11799817.040000001,4655555.03,2167.74
-11799816.67,4655555.41,2165.86
-11799815.540000001,4655555.7700000005,2167.9
-11799814.13,4655556.45,2168.36
-11799812.63,4655557.18,2168.38
-11799811.040000001,4655558.05,2167.94
-11799810.61,4655558.48,2165.84
-11799809.38,4655558.96,2167.17
-11799809.13,4655559.2,2165.94
-11799807.59,4655560.01,2165.82
-11799806.07,4655560.78,2165.77
-11799804.55,4655561.54,2165.69
-11799803.03,4655562.32,2165.63
-11799801.47,4655563.13,2165.51
-11799799.92,4655563.9,2165.48
-11799798.43,4655564.65,2165.54
-11799796.96,4655565.4,2165.56
-11799795.43,4655566.17,2165.59
-11799793.91,4655566.93,2165.6
-11799792.4,4655567.69,2165.61
-11799790.870000001,4655568.46,2165.63
-11799789.36,4655569.22,2165.63
-11799787.84,4655570.0,2165.58
-11799786.32,4655570.76,2165.59
-11799784.78,4655571.54,2165.59
-11799783.25,4655572.3,2165.56
-11799781.75,4655573.08,2165.52
-11799780.21,4655573.84,2165.44
-11799778.65,4655574.65,2165.38
-11799777.09,4655575.45,2165.32
-11799775.540000001,4655576.24,2165.22
-11799774.07,4655576.97,2165.31
-11799772.540000001,4655577.72,2165.42
-11799771.02,4655578.48,2165.54
-11799769.49,4655579.25,2165.6
-11799767.97,4655580.01,2165.63
-11799766.46,4655580.7700000005,2165.63
-11799764.93,4655581.55,2165.63
-11799763.41,4655582.3100000005,2165.63
-11799761.870000001,4655583.11,2165.61
-11799760.32,4655583.89,2165.51
-11799758.73,4655584.7,2165.3
-11799757.200000001,4655585.49,2165.28
-11799757.61,4655584.47,2173.4
-11799755.69,4655586.24,2165.32
-11799756.120000001,4655585.19,2173.6
-11799754.15,4655587.0200000005,2165.29
-11799752.59,4655587.8100000005,2165.28
-11799753.76,4655586.09,2176.49
-11799753.01,4655586.79,2173.36
-11799751.06,4655588.58,2165.28
-11799752.38,4655586.74,2177.11
-11799752.03,4655587.0600000005,2175.65
-11799751.620000001,4655587.44,2173.94
-11799749.52,4655589.37,2165.26
-11799750.9,4655587.47,2177.32
-11799750.26,4655588.04,2174.75
-11799747.96,4655590.16,2165.22
-11799746.4,4655590.93,2165.19
-11799744.88,4655591.72,2165.17
-11799743.36,4655592.46,2165.15
-11799741.83,4655593.26,2165.13
-11799740.25,4655594.05,2165.11
-11799738.69,4655594.84,2165.11
-11799737.14,4655595.64,2165.05
-11799737.6,4655595.82,2165.05
-11799739.1,4655595.0600000005,2165.05
-11799740.57,4655594.32,2165.09
-11799742.05,4655593.58,2165.13
-11799743.52,4655592.83,2165.13
-11799744.99,4655592.100000001,2165.13
-11799746.47,4655591.350000001,2165.19
-11799750.27,4655588.46,2174.84
-11799750.05,4655588.67,2173.92
-11799747.93,4655590.62,2165.17
-11799752.27,4655587.24,2177.0
-11799749.41,4655589.87,2165.21
-11799753.94,4655586.33,2177.77
-11799753.63,4655586.62,2176.51
-11799753.28,4655586.93,2175.09
-11799754.49,4655586.43,2174.0
-11799752.4,4655588.350000001,2165.27
-11799755.83,4655585.83,2173.38
-11799753.89,4655587.62,2165.24
-11799757.28,4655585.09,2173.33
-11799755.370000001,4655586.87,2165.27
-11799756.85,4655586.14,2165.25
-11799758.33,4655585.38,2165.27
-11799759.870000001,4655584.59,2165.46
-11799761.370000001,4655583.83,2165.57
-11799762.870000001,4655583.0600000005,2165.61
-11799764.39,4655582.3,2165.61
-11799765.870000001,4655581.5600000005,2165.61
-11799767.3,4655580.84,2165.61
-11799768.790000001,4655580.09,2165.6
-11799770.27,4655579.350000001,2165.58
-11799771.75,4655578.61,2165.52
-11799773.23,4655577.89,2165.42
-11799774.69,4655577.16,2165.32
-11799776.18,4655576.42,2165.19
-11799777.69,4655575.65,2165.29
-11799779.19,4655574.89,2165.36
-11799780.72,4655574.13,2165.42
-11799782.21,4655573.37,2165.47
-11799783.73,4655572.61,2165.54
-11799785.24,4655571.83,2165.57
-11799786.76,4655571.0600000005,2165.58
-11799788.24,4655570.33,2165.59
-11799789.72,4655569.57,2165.61
-11799791.22,4655568.83,2165.61
-11799792.72,4655568.07,2165.61
-11799794.22,4655567.3100000005,2165.61
-11799795.72,4655566.5600000005,2165.6
-11799797.22,4655565.82,2165.57
-11799798.73,4655565.0600000005,2165.54
-11799800.22,4655564.32,2165.49
-11799801.700000001,4655563.5600000005,2165.44
-11799803.24,4655562.79,2165.54
-11799804.75,4655562.03,2165.65
-11799806.25,4655561.25,2165.78
-11799807.75,4655560.49,2165.81
-11799809.27,4655559.73,2165.83
-11799811.24,4655558.5200000005,2168.11
-11799810.8,4655558.95,2165.92
-11799812.790000001,4655557.71,2168.4
-11799814.26,4655556.97,2168.28
-11799815.65,4655556.33,2167.78
-11799817.120000001,4655555.62,2167.54
-11799816.82,4655555.91,2165.99
-11799818.620000001,4655554.86,2167.51
-11799819.89,4655554.33,2166.38
-11799821.39,4655553.59,2166.42
-11799822.9,4655552.83,2166.44
-11799824.43,4655552.05,2166.48
-11799825.91,4655551.29,2166.52
-11799827.4,4655550.5600000005,2166.53
-11799829.49,4655549.18,2169.78
-11799831.07,4655548.33,2170.17
-11799832.67,4655547.49,2170.63
-11799834.22,4655546.68,2170.97
-11799835.66,4655545.97,2170.72
-11799837.1,4655545.2700000005,2170.36
-11799838.540000001,4655544.600000001,2170.0
-11799839.98,4655543.91,2169.71
-11799839.58,4655544.33,2167.51
-11799840.9,4655543.7700000005,2166.46
-11799842.4,4655543.0200000005,2166.46
-11799843.89,4655542.26,2166.44
-11799845.4,4655541.51,2166.44
-11799846.9,4655540.7700000005,2166.42
-11799848.370000001,4655540.0200000005,2166.4
-11799849.85,4655539.28,2166.42
-11799852.620000001,4655537.14,2173.72
-11799851.99,4655537.84,2170.11
-11799851.72,4655538.11,2168.63
-11799851.33,4655538.54,2166.38
-11799855.13,4655535.29,2179.6
-11799857.21,4655533.91,2183.06
-11799856.74,4655534.41,2180.32
-11799856.02,4655535.2,2176.13
-11799858.25,4655533.64,2180.5
-11799859.13,4655534.72,2184.13
-11799857.56,4655535.58,2183.57
-11799856.05,4655536.34,2183.55
-11799855.64,4655536.7700000005,2181.23
-11799855.3,4655537.15,2179.23
-11799853.68,4655538.04,2178.44
-11799853.15,4655538.62,2175.4
-11799852.96,4655538.83,2174.33
-11799852.03,4655538.99,2177.42
-11799851.57,4655539.47,2174.88
-11799850.1,4655541.05,2166.44
-11799848.57,4655541.82,2166.42
-11799847.05,4655542.58,2166.44
-11799845.53,4655543.350000001,2166.46
-11799844.06,4655544.09,2166.46
-11799842.57,4655544.84,2166.47
-11799841.69,4655544.95,2169.85
-11799840.23,4655545.66,2170.17
-11799838.790000001,4655546.36,2170.55
-11799837.370000001,4655547.03,2170.9
-11799835.89,4655547.79,2170.83
-11799834.3,4655548.61,2170.4
-11799832.69,4655549.47,2170.02
-11799831.09,4655550.34,2169.49
-11799829.06,4655551.66,2166.52
-11799827.55,4655552.42,2166.5
-11799826.06,4655553.18,2166.49
-11799824.55,4655553.94,2166.47
-11799823.03,4655554.71,2166.44
-11799821.51,4655555.47,2166.4
-11799820.01,4655556.24,2166.36
-11799818.5,4655557.0,2166.35
-11799816.92,4655557.83,2166.03
-11799815.69,4655558.28,2167.61
-11799815.38,4655558.600000001,2166.03
-11799814.3,4655558.94,2168.26
-11799814.07,4655559.17,2167.09
-11799812.66,4655559.84,2167.53
-11799810.870000001,4655560.88,2166.1
-11799809.290000001,4655561.7,2165.85
-11799807.790000001,4655562.46,2165.83
-11799806.26,4655563.24,2165.73
-11799804.71,4655564.04,2165.57
-11799803.17,4655564.82,2165.5
-11799801.67,4655565.5600000005,2165.58
-11799800.15,4655566.34,2165.61
-11799798.64,4655567.100000001,2165.65
-11799797.14,4655567.83,2165.65
-11799795.64,4655568.59,2165.67
-11799794.09,4655569.38,2165.67
-11799792.55,4655570.16,2165.67
-11799791.03,4655570.94,2165.65
-11799789.53,4655571.68,2165.65
-11799788.02,4655572.44,2165.63
-11799786.47,4655573.23,2165.61
-11799784.9,4655574.0,2165.57
-11799783.370000001,4655574.8,2165.48
-11799781.83,4655575.59,2165.36
-11799780.290000001,4655576.38,2165.33
-11799778.77,4655577.15,2165.23
-11799777.27,4655577.9,2165.35
-11799775.78,4655578.63,2165.49
-11799774.27,4655579.39,2165.55
-11799772.73,4655580.15,2165.61
-11799771.22,4655580.93,2165.61
-11799769.700000001,4655581.69,2165.63
-11799768.15,4655582.47,2165.63
-11799766.64,4655583.23,2165.61
-11799765.14,4655583.98,2165.61
-11799763.6,4655584.75,2165.61
-11799762.06,4655585.53,2165.61
-11799760.5,4655586.33,2165.6
-11799758.96,4655587.11,2165.51
-11799757.36,4655587.93,2165.32
-11799758.34,4655586.39,2175.86
-11799757.81,4655586.86,2173.67
-11799755.83,4655588.71,2165.3
-11799757.11,4655586.89,2177.05
-11799756.86,4655587.12,2175.97
-11799754.290000001,4655589.49,2165.26
-11799755.16,4655588.07,2175.22
-11799754.73,4655588.44,2173.44
-11799754.16,4655588.97,2171.06
-11799752.78,4655590.25,2165.31
-11799753.82,4655588.66,2175.98
-11799753.44,4655589.01,2174.4
-11799753.0,4655589.41,2172.57
-11799751.23,4655591.04,2165.23
-11799752.39,4655589.34,2176.35
-11799751.88,4655589.8100000005,2174.27
-11799749.68,4655591.8100000005,2165.19
-11799750.950000001,4655590.03,2176.74
-11799748.13,4655592.600000001,2165.17
-11799746.59,4655593.38,2165.19
-11799745.03,4655594.15,2165.17
-11799743.52,4655594.94,2165.15
-11799741.99,4655595.69,2165.13
-11799740.43,4655596.49,2165.11
-11799738.88,4655597.2700000005,2165.08
-11799737.33,4655598.0600000005,2165.09
-11799737.83,4655598.19,2165.07
-11799739.33,4655597.42,2165.08
-11799740.83,4655596.69,2165.11
-11799742.3,4655595.95,2165.11
-11799743.8,4655595.18,2165.13
-11799745.3,4655594.42,2165.15
-11799746.8,4655593.68,2165.15
-11799751.120000001,4655590.350000001,2176.69
-11799750.73,4655590.72,2175.09
-11799748.32,4655592.92,2165.17
-11799752.72,4655589.5200000005,2177.05
-11799751.99,4655590.18,2174.05
-11799753.99,4655588.98,2176.09
-11799753.620000001,4655589.3,2174.58
-11799753.14,4655589.74,2172.6
-11799755.3,4655588.4,2175.34
-11799754.82,4655588.84,2173.34
-11799754.4,4655589.21,2171.6
-11799757.200000001,4655587.2700000005,2177.06
-11799756.81,4655587.61,2175.42
-11799758.41,4655586.7700000005,2175.94
-11799757.790000001,4655587.33,2173.32
-11799755.870000001,4655589.12,2165.27
-11799757.38,4655588.350000001,2165.3
-11799758.94,4655587.54,2165.5
-11799760.49,4655586.78,2165.56
-11799762.03,4655585.99,2165.59
-11799763.53,4655585.24,2165.6
-11799765.03,4655584.48,2165.6
-11799766.55,4655583.71,2165.59
-11799768.06,4655582.95,2165.6
-11799769.59,4655582.19,2165.59
-11799771.11,4655581.41,2165.61
-11799772.620000001,4655580.65,2165.6
-11799774.16,4655579.89,2165.59
-11799775.69,4655579.15,2165.52
-11799777.200000001,4655578.39,2165.42
-11799778.67,4655577.68,2165.19
-11799780.200000001,4655576.9,2165.28
-11799781.75,4655576.12,2165.36
-11799783.3,4655575.33,2165.42
-11799784.85,4655574.53,2165.52
-11799786.38,4655573.7700000005,2165.58
-11799787.93,4655572.98,2165.61
-11799789.47,4655572.21,2165.63
-11799790.98,4655571.45,2165.65
-11799792.52,4655570.68,2165.65
-11799794.07,4655569.89,2165.67
-11799795.59,4655569.13,2165.69
-11799797.120000001,4655568.36,2165.67
-11799798.64,4655567.600000001,2165.65
-11799800.17,4655566.84,2165.63
-11799801.66,4655566.09,2165.59
-11799803.21,4655565.3,2165.56
-11799804.74,4655564.54,2165.5
-11799806.3,4655563.75,2165.71
-11799807.89,4655562.93,2165.94
-11799809.39,4655562.18,2165.84
-11799810.96,4655561.37,2165.96
-11799812.82,4655560.29,2167.65
-11799814.25,4655559.600000001,2167.27
-11799815.52,4655559.08,2166.03
-11799817.06,4655558.32,2166.04
-11799818.65,4655557.48,2166.34
-11799820.19,4655556.72,2166.35
-11799821.71,4655555.94,2166.4
-11799823.23,4655555.17,2166.42
-11799824.77,4655554.38,2166.44
-11799826.3,4655553.62,2166.47
-11799827.82,4655552.850000001,2166.48
-11799829.34,4655552.09,2166.52
-11799831.4,4655550.7700000005,2169.4
-11799833.0,4655549.91,2169.88
-11799834.63,4655549.07,2170.26
-11799836.23,4655548.22,2170.69
-11799837.790000001,4655547.41,2170.94
-11799839.25,4655546.68,2170.61
-11799840.67,4655546.03,2170.26
-11799842.120000001,4655545.32,2169.94
-11799843.59,4655544.61,2169.61
-11799843.06,4655545.19,2166.63
-11799844.55,4655544.46,2166.46
-11799846.07,4655543.7,2166.44
-11799847.57,4655542.94,2166.44
-11799849.07,4655542.19,2166.42
-11799852.47,4655539.41,2177.17
-11799852.06,4655539.850000001,2174.85
-11799850.58,4655541.43,2166.47
-11799854.200000001,4655538.4,2178.44
-11799853.59,4655539.05,2174.9
-11799856.59,4655536.7,2183.61
-11799856.370000001,4655536.92,2182.38
-11799858.26,4655535.74,2184.63
-11799859.24,4655537.28,2184.15
-11799857.950000001,4655537.82,2185.21
-11799857.68,4655538.12,2183.61
-11799855.91,4655539.19,2181.83
-11799855.41,4655539.72,2178.94
-11799854.48,4655539.87,2182.32
-11799854.0,4655540.38,2179.63
-11799852.65,4655540.97,2180.44
-11799852.23,4655541.41,2178.04
-11799852.040000001,4655541.62,2177.01
-11799851.78,4655541.9,2175.52
-11799850.39,4655542.5600000005,2176.0
-11799848.700000001,4655544.36,2166.46
-11799847.21,4655545.11,2166.44
-11799845.75,4655545.84,2166.5
-11799844.870000001,4655545.93,2169.9
-11799843.41,4655546.64,2170.21
-11799841.950000001,4655547.36,2170.54
-11799840.49,4655548.0600000005,2170.88
-11799839.07,4655548.73,2171.24
-11799837.55,4655549.51,2171.15
-11799835.950000001,4655550.36,2170.69
-11799834.370000001,4655551.2,2170.3
-11799832.82,4655552.03,2169.86
-11799830.73,4655553.41,2166.61
-11799829.19,4655554.19,2166.54
-11799827.68,4655554.94,2166.44
-11799826.17,4655555.73,2166.42
-11799824.63,4655556.5,2166.4
-11799823.1,4655557.2700000005,2166.38
-11799821.6,4655558.03,2166.31
-11799820.11,4655558.79,2166.31
-11799819.05,4655559.09,2168.51
-11799818.620000001,4655559.53,2166.35
-11799817.61,4655559.78,2168.94
-11799817.35,4655560.0600000005,2167.58
-11799815.81,4655560.84,2167.49
-11799815.51,4655561.14,2166.01
-11799814.34,4655561.55,2167.63
-11799812.83,4655562.3100000005,2167.61
-11799812.450000001,4655562.69,2165.73
-11799810.950000001,4655563.45,2165.86
-11799809.42,4655564.22,2165.81
-11799807.9,4655565.01,2165.67
-11799806.36,4655565.79,2165.55
-11799804.85,4655566.55,2165.59
-11799803.35,4655567.3,2165.65
-11799801.85,4655568.05,2165.69
-11799800.34,4655568.8100000005,2165.71
-11799798.83,4655569.57,2165.72
-11799797.3,4655570.34,2165.71
-11799795.78,4655571.100000001,2165.69
-11799794.24,4655571.86,2165.69
-11799792.73,4655572.64,2165.69
-11799791.23,4655573.4,2165.67
-11799789.71,4655574.16,2165.63
-11799788.16,4655574.96,2165.6
-11799786.6,4655575.74,2165.52
-11799785.06,4655576.53,2165.42
-11799783.53,4655577.32,2165.36
-11799781.97,4655578.09,2165.25
-11799780.49,4655578.84,2165.42
-11799778.97,4655579.57,2165.55
-11799777.46,4655580.33,2165.61
-11799775.950000001,4655581.11,2165.65
-11799774.43,4655581.87,2165.65
-11799772.9,4655582.63,2165.63
-11799771.36,4655583.41,2165.63
-11799769.84,4655584.19,2165.63
-11799768.34,4655584.95,2165.61
-11799766.790000001,4655585.72,2165.61
-11799765.23,4655586.51,2165.61
-11799763.68,4655587.2700000005,2165.61
-11799762.18,4655588.04,2165.61
-11799760.67,4655588.8,2165.61
-11799759.09,4655589.600000001,2165.56
-11799757.540000001,4655590.39,2165.56
-11799758.41,4655588.95,2175.52
-11799757.700000001,4655589.600000001,2172.55
-11799757.35,4655589.93,2171.09
-11799756.59,4655590.63,2167.88
-11799757.19,4655589.43,2176.78
-11799756.870000001,4655589.73,2175.48
-11799756.43,4655590.13,2173.61
-11799755.74,4655590.14,2177.07
-11799754.85,4655590.95,2173.38
-11799753.68,4655592.03,2168.49
-11799754.22,4655590.9,2177.15
-11799753.81,4655591.2700000005,2175.49
-11799753.39,4655591.65,2173.74
-11799752.24,4655592.09,2175.28
-11799751.81,4655592.47,2173.55
-11799749.78,4655594.32,2165.21
-11799750.8,4655592.78,2175.6
-11799750.03,4655593.48,2172.4
-11799746.75,4655595.86,2165.17
-11799745.18,4655596.65,2165.17
-11799743.63,4655597.42,2165.17
-11799742.08,4655598.2,2165.13
-11799740.53,4655598.98,2165.11
-11799738.98,4655599.7700000005,2165.09
-11799737.450000001,4655600.54,2165.08
-11799737.49,4655600.89,2165.06
-11799738.99,4655600.13,2165.09
-11799740.44,4655599.41,2165.1
-11799741.9,4655598.67,2165.11
-11799743.38,4655597.91,2165.13
-11799746.5,4655595.69,2171.76
-11799744.870000001,4655597.18,2165.13
-11799746.34,4655596.43,2165.15
-11799750.200000001,4655593.51,2174.99
-11799748.02,4655595.5,2166.11
-11799751.83,4655592.62,2175.75
-11799753.32,4655591.87,2175.82
-11799752.84,4655592.3100000005,2173.86
-11799755.11,4655590.84,2177.06
-11799754.26,4655591.63,2173.55
-11799753.14,4655592.65,2168.9
-11799752.26,4655593.46,2165.25
-11799756.49,4655590.18,2176.75
-11799755.9,4655590.72,2174.25
-11799755.03,4655591.53,2170.65
-11799757.93,4655589.47,2176.65
-11799757.46,4655589.9,2174.73
-11799757.15,4655590.2,2173.36
-11799756.93,4655590.39,2172.5
-11799759.07,4655589.0200000005,2175.33
-11799758.33,4655589.72,2172.19
-11799758.0,4655590.01,2170.79
-11799758.23,4655590.43,2165.55
-11799759.72,4655589.67,2165.55
-11799761.22,4655588.94,2165.57
-11799762.71,4655588.19,2165.59
-11799764.19,4655587.43,2165.61
-11799765.68,4655586.69,2165.59
-11799767.200000001,4655585.93,2165.6
-11799768.66,4655585.19,2165.6
-11799770.120000001,4655584.46,2165.61
-11799771.620000001,4655583.7,2165.63
-11799773.120000001,4655582.94,2165.61
-11799774.61,4655582.21,2165.63
-11799776.08,4655581.46,2165.63
-11799777.56,4655580.73,2165.61
-11799779.040000001,4655579.99,2165.59
-11799780.52,4655579.26,2165.49
-11799781.950000001,4655578.55,2165.28
-11799783.46,4655577.79,2165.31
-11799784.96,4655577.03,2165.38
-11799786.47,4655576.2700000005,2165.44
-11799788.01,4655575.48,2165.56
-11799789.51,4655574.74,2165.61
-11799791.02,4655573.98,2165.65
-11799792.51,4655573.23,2165.65
-11799794.02,4655572.46,2165.67
-11799795.53,4655571.7,2165.69
-11799797.03,4655570.95,2165.71
-11799798.52,4655570.2,2165.72
-11799800.0,4655569.45,2165.72
-11799801.5,4655568.69,2165.69
-11799803.0,4655567.96,2165.69
-11799804.49,4655567.21,2165.63
-11799805.99,4655566.48,2165.56
-11799807.49,4655565.73,2165.52
-11799809.02,4655564.92,2165.72
-11799810.52,4655564.16,2165.83
-11799812.02,4655563.41,2165.9
-11799813.91,4655562.29,2167.65
-11799815.07,4655561.86,2165.98
-11799816.9,4655560.78,2167.65
-11799816.56,4655561.13,2165.92
-11799818.41,4655560.01,2167.71
-11799819.64,4655559.54,2166.29
-11799821.13,4655558.8,2166.25
-11799822.63,4655558.04,2166.31
-11799824.15,4655557.28,2166.36
-11799825.65,4655556.5200000005,2166.38
-11799827.17,4655555.74,2166.42
-11799828.67,4655554.98,2166.44
-11799830.17,4655554.22,2166.6
-11799832.28,4655552.850000001,2169.74
-11799831.67,4655553.49,2166.51
-11799833.870000001,4655552.01,2170.13
-11799835.44,4655551.19,2170.59
-11799837.01,4655550.350000001,2171.01
-11799838.59,4655549.51,2171.44
-11799840.05,4655548.8,2171.19
-11799841.46,4655548.14,2170.83
-11799842.9,4655547.44,2170.52
-11799844.33,4655546.74,2170.15
-11799845.76,4655546.07,2169.85
-11799846.65,4655545.96,2166.48
-11799848.15,4655545.23,2166.42
-11799851.33,4655542.68,2175.86
-11799850.67,4655543.350000001,2172.19
-11799849.65,4655544.47,2166.42
-11799853.78,4655540.87,2181.47
-11799853.540000001,4655541.14,2180.11
-11799853.19,4655541.5200000005,2178.1
-11799855.42,4655539.98,2182.35
-11799855.17,4655540.25,2180.9
-11799854.9,4655540.5200000005,2179.44
-11799857.25,4655538.87,2184.22
-11799856.92,4655539.22,2182.33
-11799856.450000001,4655539.71,2179.65
-11799859.15,4655537.66,2186.73
-11799858.76,4655538.07,2184.53
-11799858.51,4655538.36,2183.03
-11799858.73,4655540.84,2177.9
-11799858.26,4655540.47,2183.85
-11799857.950000001,4655540.82,2182.03
-11799856.88,4655541.13,2184.29
-11799856.64,4655541.39,2182.9
-11799855.35,4655541.92,2184.11
-11799855.13,4655542.16,2182.85
-11799853.43,4655543.14,2181.61
-11799852.33,4655544.3,2175.44
-11799851.950000001,4655544.72,2173.26
-11799850.74,4655546.01,2166.42
-11799850.9,4655545.01,2175.72
-11799849.26,4655546.74,2166.46
-11799848.38,4655546.850000001,2169.88
-11799846.950000001,4655547.55,2170.19
-11799845.52,4655548.22,2170.52
-11799844.06,4655548.93,2170.85
-11799842.6,4655549.64,2171.19
-11799841.17,4655550.3100000005,2171.54
-11799839.75,4655551.0,2171.9
-11799838.18,4655551.83,2171.52
-11799836.620000001,4655552.65,2171.1
-11799835.040000001,4655553.5,2170.67
-11799833.44,4655554.34,2170.25
-11799831.86,4655555.18,2169.85
-11799829.71,4655556.57,2166.58
-11799828.200000001,4655557.33,2166.6
-11799826.66,4655558.15,2166.38
-11799825.18,4655558.89,2166.33
-11799823.67,4655559.67,2166.29
-11799822.14,4655560.44,2166.21
-11799820.63,4655561.21,2166.17
-11799819.09,4655561.97,2166.17
-11799817.96,4655562.36,2168.11
-11799817.57,4655562.75,2166.15
-11799816.61,4655562.96,2168.85
-11799816.06,4655563.51,2166.03
-11799814.52,4655564.3100000005,2165.98
-11799812.97,4655565.09,2165.84
-11799811.43,4655565.88,2165.74
-11799809.870000001,4655566.68,2165.58
-11799808.370000001,4655567.43,2165.65
-11799806.870000001,4655568.17,2165.69
-11799805.36,4655568.93,2165.72
-11799803.85,4655569.68,2165.73
-11799802.33,4655570.47,2165.76
-11799800.81,4655571.23,2165.77
-11799799.3,4655571.98,2165.75
-11799797.78,4655572.76,2165.75
-11799796.27,4655573.5200000005,2165.72
-11799794.75,4655574.2700000005,2165.72
-11799793.23,4655575.03,2165.69
-11799791.69,4655575.83,2165.65
-11799790.120000001,4655576.62,2165.58
-11799788.58,4655577.41,2165.5
-11799787.06,4655578.19,2165.38
-11799785.53,4655578.96,2165.3
-11799784.03,4655579.71,2165.44
-11799782.52,4655580.44,2165.58
-11799781.01,4655581.2,2165.67
-11799779.5,4655581.96,2165.67
-11799777.96,4655582.74,2165.69
-11799776.44,4655583.5,2165.67
-11799774.92,4655584.26,2165.65
-11799773.39,4655585.03,2165.65
-11799771.84,4655585.82,2165.65
-11799770.31,4655586.59,2165.63
-11799768.790000001,4655587.36,2165.61
-11799767.25,4655588.14,2165.61
-11799765.74,4655588.9,2165.6
-11799764.22,4655589.67,2165.61
-11799762.67,4655590.43,2165.59
-11799761.13,4655591.22,2165.57
-11799759.620000001,4655591.97,2165.6
-11799759.71,4655591.26,2172.42
-11799758.08,4655592.75,2165.58
-11799758.97,4655591.28,2175.8
-11799758.6,4655591.61,2174.3
-11799758.34,4655591.87,2173.19
-11799756.52,4655593.55,2165.53
-11799757.5,4655592.0200000005,2176.0
-11799756.28,4655593.12,2170.94
-11799756.14,4655592.62,2176.71
-11799753.41,4655595.13,2165.36
-11799754.17,4655593.78,2174.97
-11799753.64,4655594.26,2172.82
-11799753.23,4655594.64,2171.15
-11799751.81,4655595.95,2165.24
-11799752.86,4655594.34,2175.88
-11799750.24,4655596.75,2165.13
-11799751.69,4655594.8,2177.33
-11799751.06,4655595.37,2174.72
-11799749.0,4655597.25,2166.28
-11799750.040000001,4655595.7,2176.67
-11799747.6,4655597.92,2166.69
-11799748.28,4655596.68,2175.67
-11799747.6,4655597.28,2172.94
-11799746.28,4655597.87,2173.81
-11799744.32,4655599.65,2165.88
-11799742.57,4655600.59,2165.11
-11799741.02,4655601.39,2165.1
-11799739.5,4655602.15,2165.11
-11799737.93,4655602.94,2165.08
-11799737.58,4655603.53,2165.01
-11799739.06,4655602.7700000005,2165.04
-11799740.52,4655602.05,2165.06
-11799741.98,4655601.32,2165.07
-11799745.700000001,4655598.53,2174.19
-11799745.08,4655599.100000001,2171.67
-11799743.450000001,4655600.58,2165.08
-11799747.13,4655597.850000001,2173.96
-11799746.200000001,4655598.68,2170.24
-11799745.11,4655599.65,2165.82
-11799748.9,4655596.83,2175.28
-11799748.17,4655597.49,2172.3
-11799750.92,4655595.58,2177.63
-11799750.57,4655595.9,2176.17
-11799749.67,4655596.72,2172.53
-11799748.83,4655597.48,2169.1
-11799752.36,4655594.87,2177.52
-11799752.09,4655595.11,2176.4
-11799751.620000001,4655595.53,2174.48
-11799749.35,4655597.62,2165.13
-11799753.39,4655594.55,2175.61
-11799753.05,4655594.86,2174.23
-11799752.5,4655595.350000001,2171.99
-11799750.84,4655596.87,2165.15
-11799754.49,4655594.14,2174.1
-11799754.15,4655594.46,2172.65
-11799753.82,4655594.75,2171.3
-11799752.36,4655596.100000001,2165.26
-11799756.540000001,4655592.87,2176.56
-11799755.75,4655593.59,2173.28
-11799757.88,4655592.24,2176.06
-11799757.59,4655592.51,2174.85
-11799759.32,4655591.55,2175.83
-11799758.96,4655591.87,2174.34
-11799756.84,4655593.83,2165.47
-11799759.78,4655591.73,2171.61
-11799758.34,4655593.07,2165.56
-11799759.83,4655592.32,2165.55
-11799761.31,4655591.58,2165.54
-11799762.8,4655590.84,2165.54
-11799764.27,4655590.09,2165.56
-11799765.77,4655589.33,2165.57
-11799767.27,4655588.600000001,2165.58
-11799768.74,4655587.850000001,2165.59
-11799770.22,4655587.12,2165.59
-11799771.72,4655586.36,2165.63
-11799773.200000001,4655585.61,2165.63
-11799774.700000001,4655584.850000001,2165.63
-11799776.21,4655584.09,2165.63
-11799777.67,4655583.37,2165.65
-11799779.16,4655582.61,2165.67
-11799780.66,4655581.87,2165.67
-11799782.13,4655581.14,2165.61
-11799783.63,4655580.39,2165.55
-11799785.120000001,4655579.66,2165.4
-11799786.59,4655578.94,2165.29
-11799788.1,4655578.16,2165.4
-11799789.620000001,4655577.4,2165.48
-11799791.13,4655576.63,2165.56
-11799792.64,4655575.87,2165.65
-11799794.14,4655575.11,2165.67
-11799795.65,4655574.350000001,2165.69
-11799797.16,4655573.600000001,2165.71
-11799798.67,4655572.83,2165.73
-11799800.17,4655572.07,2165.73
-11799801.67,4655571.3100000005,2165.77
-11799803.18,4655570.57,2165.74
-11799804.68,4655569.83,2165.71
-11799806.17,4655569.07,2165.69
-11799807.65,4655568.33,2165.69
-11799809.15,4655567.58,2165.61
-11799810.65,4655566.82,2165.56
-11799812.19,4655566.05,2165.73
-11799813.700000001,4655565.29,2165.81
-11799815.65,4655564.08,2168.09
-11799815.24,4655564.5,2165.98
-11799817.31,4655563.17,2168.77
-11799816.75,4655563.74,2166.0
-11799818.69,4655562.54,2168.24
-11799818.26,4655562.97,2166.1
-11799819.75,4655562.24,2166.08
-11799821.26,4655561.46,2166.15
-11799822.78,4655560.69,2166.19
-11799824.28,4655559.94,2166.23
-11799825.78,4655559.18,2166.31
-11799827.31,4655558.42,2166.36
-11799828.870000001,4655557.600000001,2166.63
-11799830.33,4655556.87,2166.57
-11799832.450000001,4655555.48,2169.84
-11799834.05,4655554.64,2170.31
-11799833.59,4655555.08,2167.94
-11799835.61,4655553.83,2170.61
-11799837.18,4655552.99,2170.98
-11799838.76,4655552.17,2171.38
-11799840.31,4655551.33,2171.82
-11799841.76,4655550.62,2171.6
-11799843.19,4655549.95,2171.27
-11799844.64,4655549.25,2170.92
-11799846.08,4655548.57,2170.61
-11799847.49,4655547.9,2170.28
-11799848.92,4655547.21,2169.94
-11799851.74,4655545.0600000005,2177.32
-11799851.44,4655545.37,2175.69
-11799850.38,4655546.51,2169.65
-11799849.950000001,4655546.96,2167.25
-11799853.950000001,4655543.54,2181.42
-11799853.120000001,4655544.43,2176.74
-11799852.870000001,4655544.69,2175.33
-11799855.94,4655542.23,2184.36
-11799855.620000001,4655542.59,2182.51
-11799857.39,4655541.5200000005,2184.33
-11799857.15,4655541.78,2182.92
-11799858.99,4655540.65,2185.02
-11799858.63,4655541.0200000005,2182.92
-11799859.14,4655542.84,2184.27
-11799858.05,4655543.17,2186.38
-11799857.76,4655543.49,2184.72
-11799856.290000001,4655544.23,2184.73
-11799856.05,4655544.47,2183.42
-11799855.77,4655544.79,2181.83
-11799854.19,4655545.64,2181.27
-11799853.47,4655546.38,2177.23
-11799850.72,4655548.48,2170.17
-11799849.3,4655549.17,2170.49
-11799847.85,4655549.86,2170.81
-11799846.4,4655550.5600000005,2171.17
-11799845.17,4655551.03,2172.57
-11799844.99,4655551.23,2171.58
-11799843.57,4655551.92,2171.86
-11799842.0,4655552.73,2171.57
-11799840.43,4655553.5600000005,2171.17
-11799838.86,4655554.38,2170.77
-11799837.26,4655555.23,2170.35
-11799835.68,4655556.07,2169.94
-11799833.58,4655557.44,2166.69
-11799832.08,4655558.23,2166.6
-11799830.57,4655558.99,2166.57
-11799829.06,4655559.74,2166.54
-11799827.51,4655560.54,2166.42
-11799825.96,4655561.33,2166.22
-11799824.47,4655562.08,2166.15
-11799822.97,4655562.84,2166.13
-11799821.42,4655563.64,2166.07
-11799819.9,4655564.41,2166.0
-11799818.39,4655565.17,2165.99
-11799816.86,4655565.95,2165.92
-11799815.34,4655566.72,2165.79
-11799813.76,4655567.53,2165.61
-11799812.25,4655568.29,2165.67
-11799810.75,4655569.04,2165.72
-11799809.25,4655569.78,2165.76
-11799807.77,4655570.54,2165.77
-11799806.26,4655571.3,2165.78
-11799804.72,4655572.07,2165.82
-11799803.19,4655572.83,2165.81
-11799801.700000001,4655573.59,2165.78
-11799800.16,4655574.36,2165.76
-11799798.63,4655575.14,2165.75
-11799797.120000001,4655575.9,2165.73
-11799795.58,4655576.66,2165.71
-11799794.040000001,4655577.46,2165.61
-11799792.52,4655578.23,2165.55
-11799790.97,4655579.0200000005,2165.46
-11799789.44,4655579.8,2165.38
-11799787.950000001,4655580.54,2165.44
-11799786.46,4655581.2700000005,2165.59
-11799784.91,4655582.05,2165.69
-11799783.4,4655582.78,2165.73
-11799781.89,4655583.57,2165.72
-11799780.370000001,4655584.3100000005,2165.73
-11799778.84,4655585.07,2165.69
-11799777.34,4655585.84,2165.69
-11799775.81,4655586.61,2165.65
-11799774.26,4655587.41,2165.67
-11799772.72,4655588.18,2165.65
-11799771.18,4655588.95,2165.61
-11799769.66,4655589.72,2165.61
-11799768.120000001,4655590.5,2165.59
-11799766.57,4655591.28,2165.55
-11799765.05,4655592.05,2165.59
-11799763.53,4655592.8100000005,2165.57
-11799761.98,4655593.58,2165.56
-11799760.42,4655594.38,2165.53
-11799758.870000001,4655595.16,2165.49
-11799759.61,4655593.84,2174.9
-11799757.370000001,4655595.89,2165.55
-11799758.02,4655594.68,2174.59
-11799755.86,4655596.65,2165.57
-11799757.01,4655594.97,2176.73
-11799756.26,4655595.66,2173.65
-11799754.31,4655597.45,2165.55
-11799755.620000001,4655595.61,2177.31
-11799754.74,4655596.42,2173.69
-11799752.75,4655598.24,2165.44
-11799751.71,4655598.5600000005,2167.5
-11799751.21,4655599.01,2165.46
-11799751.370000001,4655598.25,2172.36
-11799750.85,4655598.72,2170.25
-11799750.27,4655599.25,2167.83
-11799750.47,4655598.45,2174.76
-11799749.94,4655598.3100000005,2178.92
-11799747.72,4655599.7,2176.17
-11799746.52,4655600.79,2171.31
-11799744.96,4655602.19,2165.01
-11799746.040000001,4655600.600000001,2175.55
-11799743.44,4655602.97,2165.06
-11799741.89,4655603.74,2165.02
-11799740.38,4655604.5,2165.02
-11799738.83,4655605.29,2164.98
-11799737.25,4655606.09,2164.94
-11799738.34,4655605.97,2164.9
-11799739.82,4655605.23,2164.96
-11799741.28,4655604.49,2164.94
-11799742.78,4655603.74,2164.98
-11799746.870000001,4655600.62,2175.61
-11799744.26,4655602.98,2165.04
-11799749.3,4655599.0200000005,2179.44
-11799748.98,4655599.32,2178.13
-11799748.46,4655599.7700000005,2176.07
-11799747.93,4655600.26,2173.86
-11799750.620000001,4655598.43,2178.83
-11799751.11,4655598.57,2174.88
-11799750.73,4655598.9,2173.35
-11799751.950000001,4655598.41,2172.36
-11799751.43,4655598.88,2170.23
-11799750.85,4655599.41,2167.85
-11799751.73,4655599.21,2165.42
-11799755.21,4655596.63,2173.74
-11799753.21,4655598.47,2165.44
-11799757.35,4655595.29,2176.46
-11799756.73,4655595.850000001,2173.88
-11799754.71,4655597.71,2165.48
-11799758.26,4655595.07,2174.15
-11799756.200000001,4655596.97,2165.52
-11799759.9,4655594.18,2174.9
-11799757.66,4655596.23,2165.53
-11799759.120000001,4655595.5,2165.47
-11799760.61,4655594.76,2165.46
-11799762.120000001,4655594.0,2165.51
-11799763.58,4655593.26,2165.54
-11799765.06,4655592.5200000005,2165.57
-11799766.540000001,4655591.79,2165.49
-11799768.08,4655591.01,2165.55
-11799769.57,4655590.25,2165.58
-11799771.05,4655589.53,2165.6
-11799772.53,4655588.7700000005,2165.61
-11799774.05,4655588.01,2165.63
-11799775.56,4655587.25,2165.65
-11799777.03,4655586.53,2165.67
-11799778.5,4655585.8,2165.65
-11799780.0,4655585.04,2165.67
-11799781.52,4655584.28,2165.69
-11799783.03,4655583.5200000005,2165.69
-11799784.51,4655582.7700000005,2165.69
-11799786.72,4655581.33,2169.02
-11799785.97,4655582.05,2165.65
-11799788.14,4655580.65,2168.69
-11799787.46,4655581.3100000005,2165.57
-11799788.93,4655580.58,2165.42
-11799790.43,4655579.86,2165.36
-11799791.950000001,4655579.08,2165.42
-11799793.46,4655578.3100000005,2165.53
-11799794.98,4655577.55,2165.61
-11799796.51,4655576.76,2165.67
-11799798.0,4655576.0200000005,2165.69
-11799799.53,4655575.26,2165.73
-11799801.03,4655574.51,2165.74
-11799802.51,4655573.76,2165.77
-11799804.0,4655573.01,2165.77
-11799805.49,4655572.2700000005,2165.77
-11799806.97,4655571.5200000005,2165.78
-11799808.47,4655570.7700000005,2165.76
-11799809.98,4655570.0200000005,2165.74
-11799811.47,4655569.28,2165.69
-11799812.98,4655568.53,2165.65
-11799814.48,4655567.78,2165.61
-11799816.01,4655567.01,2165.78
-11799817.53,4655566.22,2165.9
-11799819.05,4655565.45,2165.9
-11799820.57,4655564.69,2165.98
-11799822.08,4655563.93,2166.03
-11799823.61,4655563.16,2166.09
-11799825.11,4655562.4,2166.11
-11799826.61,4655561.65,2166.19
-11799828.17,4655560.84,2166.44
-11799831.16,4655559.34,2166.53
-11799832.67,4655558.57,2166.56
-11799834.78,4655557.21,2169.73
-11799834.18,4655557.8100000005,2166.58
-11799836.34,4655556.4,2170.03
-11799837.93,4655555.5600000005,2170.42
-11799839.5,4655554.72,2170.86
-11799841.05,4655553.91,2171.25
-11799842.59,4655553.12,2171.42
-11799844.16,4655552.3,2171.82
-11799845.6,4655551.59,2171.58
-11799847.01,4655550.92,2171.24
-11799848.43,4655550.25,2170.9
-11799849.86,4655549.57,2170.58
-11799853.290000001,4655546.75,2181.38
-11799852.38,4655547.75,2176.22
-11799851.32,4655548.87,2170.27
-11799855.06,4655545.72,2183.0
-11799854.73,4655546.07,2181.13
-11799853.88,4655546.99,2176.27
-11799856.9,4655544.57,2185.13
-11799856.4,4655545.11,2182.29
-11799858.53,4655543.69,2185.88
-11799858.3,4655543.94,2184.55
-11799858.120000001,4655544.12,2183.56
-11799859.4,4655543.62,2182.23
-11799859.33,4655545.67,2185.0
-11799859.06,4655545.94,2183.5
-11799858.63,4655546.42,2180.99
-11799857.53,4655546.75,2183.13
-11799857.34,4655546.97,2182.06
-11799855.75,4655547.8100000005,2181.6
-11799855.22,4655548.38,2178.59
-11799854.99,4655548.63,2177.25
-11799852.26,4655550.7,2170.32
-11799850.85,4655551.37,2170.67
-11799849.450000001,4655552.0200000005,2171.07
-11799848.040000001,4655552.71,2171.48
-11799846.56,4655553.43,2171.69
-11799844.96,4655554.2700000005,2171.29
-11799843.38,4655555.09,2170.9
-11799841.88,4655555.850000001,2170.88
-11799840.44,4655556.55,2171.24
-11799838.9,4655557.350000001,2170.94
-11799837.33,4655558.18,2170.55
-11799835.74,4655559.0200000005,2170.17
-11799835.26,4655559.5,2167.63
-11799833.57,4655560.46,2166.65
-11799832.15,4655561.13,2167.13
-11799830.540000001,4655562.0,2166.48
-11799829.040000001,4655562.76,2166.44
-11799827.53,4655563.54,2166.29
-11799825.99,4655564.34,2166.07
-11799824.47,4655565.100000001,2166.02
-11799822.94,4655565.87,2165.97
-11799821.39,4655566.66,2165.86
-11799819.84,4655567.45,2165.76
-11799818.32,4655568.23,2165.67
-11799816.81,4655568.99,2165.67
-11799815.31,4655569.74,2165.73
-11799813.8,4655570.48,2165.76
-11799812.3,4655571.24,2165.8
-11799810.8,4655571.99,2165.84
-11799809.27,4655572.75,2165.85
-11799807.76,4655573.51,2165.81
-11799806.26,4655574.2700000005,2165.79
-11799804.73,4655575.05,2165.79
-11799803.200000001,4655575.8100000005,2165.8
-11799801.66,4655576.59,2165.77
-11799800.13,4655577.37,2165.73
-11799798.6,4655578.13,2165.69
-11799797.07,4655578.91,2165.63
-11799795.540000001,4655579.69,2165.54
-11799794.0,4655580.47,2165.44
-11799793.65,4655580.09,2170.88
-11799792.47,4655581.25,2165.38
-11799792.31,4655580.7,2171.67
-11799791.69,4655580.59,2175.82
-11799791.33,4655580.94,2174.17
-11799790.03,4655581.48,2175.19
-11799789.59,4655581.91,2173.21
-11799788.8,4655581.98,2176.36
-11799788.43,4655582.34,2174.73
-11799787.52,4655583.21,2170.61
-11799787.1,4655582.92,2175.56
-11799786.01,4655583.97,2170.61
-11799783.4,4655585.7700000005,2165.75
-11799781.870000001,4655586.54,2165.72
-11799780.33,4655587.3,2165.71
-11799778.8,4655588.0600000005,2165.69
-11799777.290000001,4655588.84,2165.69
-11799775.75,4655589.600000001,2165.67
-11799774.200000001,4655590.4,2165.65
-11799772.67,4655591.16,2165.63
-11799771.16,4655591.93,2165.57
-11799769.63,4655592.7,2165.54
-11799768.08,4655593.48,2165.55
-11799766.53,4655594.26,2165.53
-11799765.01,4655595.0200000005,2165.54
-11799763.52,4655595.7700000005,2165.47
-11799761.98,4655596.5600000005,2165.52
-11799760.42,4655597.33,2165.55
-11799758.870000001,4655598.11,2165.54
-11799757.32,4655598.88,2165.54
-11799755.78,4655599.65,2165.53
-11799754.24,4655600.44,2165.49
-11799752.72,4655601.21,2165.44
-11799751.18,4655601.99,2165.4
-11799752.41,4655600.21,2176.69
-11799751.83,4655600.76,2174.33
-11799750.98,4655601.54,2170.88
-11799750.69,4655601.8100000005,2169.65
-11799751.43,4655600.49,2179.0
-11799750.67,4655601.2,2175.9
-11799749.77,4655601.37,2178.44
-11799748.66,4655602.4,2173.98
-11799746.53,4655604.33,2165.34
-11799747.200000001,4655603.11,2174.23
-11799746.47,4655603.76,2171.35
-11799744.98,4655605.11,2165.3
-11799743.42,4655605.9,2165.23
-11799741.88,4655606.69,2165.08
-11799743.81,4655604.32,2178.92
-11799740.32,4655607.48,2165.01
-11799742.6,4655604.8,2180.29
-11799738.74,4655608.28,2164.96
-11799741.1,4655605.55,2180.42
-11799740.85,4655605.7700000005,2179.42
-11799737.19,4655609.04,2164.94
-11799739.53,4655606.34,2180.19
-11799738.07,4655607.3,2182.24
-11799739.1,4655606.94,2180.67
-11799740.76,4655606.01,2181.51
-11799741.92,4655605.5600000005,2180.31
-11799738.05,4655609.03,2164.96
-11799743.21,4655605.0,2179.6
-11799739.52,4655608.3100000005,2164.96
-11799741.040000001,4655607.55,2165.05
-11799742.5,4655606.8100000005,2165.13
-11799743.98,4655606.05,2165.25
-11799747.61,4655603.36,2173.98
-11799745.46,4655605.32,2165.27
-11799750.19,4655601.600000001,2178.58
-11799749.71,4655602.04,2176.63
-11799749.03,4655602.66,2173.86
-11799748.6,4655603.04,2172.11
-11799751.0,4655601.46,2175.9
-11799752.55,4655600.65,2176.22
-11799749.9,4655603.08,2165.38
-11799751.36,4655602.34,2165.4
-11799752.82,4655601.61,2165.4
-11799754.31,4655600.86,2165.47
-11799755.77,4655600.13,2165.48
-11799757.26,4655599.39,2165.51
-11799758.77,4655598.63,2165.5
-11799760.27,4655597.88,2165.5
-11799761.75,4655597.12,2165.51
-11799763.22,4655596.42,2165.44
-11799764.68,4655595.68,2165.49
-11799766.15,4655594.93,2165.48
-11799767.67,4655594.17,2165.59
-11799769.17,4655593.41,2165.51
-11799770.65,4655592.69,2165.52
-11799772.13,4655591.93,2165.56
-11799773.66,4655591.17,2165.61
-11799775.14,4655590.42,2165.63
-11799776.64,4655589.69,2165.63
-11799778.14,4655588.93,2165.65
-11799779.65,4655588.17,2165.69
-11799781.13,4655587.44,2165.67
-11799782.6,4655586.69,2165.72
-11799787.21,4655582.98,2179.61
-11799784.81,4655585.28,2168.75
-11799784.14,4655585.93,2165.73
-11799788.17,4655582.7700000005,2177.15
-11799787.84,4655583.08,2175.67
-11799790.02,4655581.64,2178.9
-11799789.51,4655582.12,2176.61
-11799790.9,4655581.49,2176.15
-11799791.96,4655581.16,2174.17
-11799792.81,4655581.0200000005,2171.3
-11799794.21,4655580.37,2170.79
-11799793.03,4655581.5,2165.35
-11799794.540000001,4655580.74,2165.4
-11799796.07,4655579.97,2165.51
-11799797.59,4655579.2,2165.59
-11799799.09,4655578.44,2165.65
-11799800.59,4655577.68,2165.69
-11799802.11,4655576.93,2165.75
-11799803.63,4655576.17,2165.78
-11799805.11,4655575.43,2165.81
-11799806.64,4655574.67,2165.8
-11799808.14,4655573.91,2165.81
-11799809.620000001,4655573.17,2165.83
-11799811.120000001,4655572.41,2165.84
-11799812.620000001,4655571.66,2165.8
-11799814.11,4655570.93,2165.77
-11799815.620000001,4655570.18,2165.73
-11799817.120000001,4655569.43,2165.65
-11799818.64,4655568.66,2165.65
-11799820.13,4655567.93,2165.71
-11799821.64,4655567.17,2165.81
-11799823.19,4655566.37,2165.92
-11799824.71,4655565.61,2165.99
-11799826.23,4655564.83,2166.08
-11799827.75,4655564.0600000005,2166.27
-11799829.3,4655563.26,2166.4
-11799830.81,4655562.51,2166.44
-11799832.32,4655561.73,2166.56
-11799834.040000001,4655560.7700000005,2167.69
-11799833.86,4655560.95,2166.71
-11799835.59,4655559.97,2167.86
-11799837.59,4655558.68,2170.61
-11799839.17,4655557.86,2171.03
-11799840.69,4655557.100000001,2171.17
-11799842.11,4655556.41,2170.78
-11799843.6,4655555.69,2170.67
-11799845.16,4655554.850000001,2171.08
-11799846.72,4655554.04,2171.47
-11799848.200000001,4655553.32,2171.36
-11799849.620000001,4655552.65,2170.97
-11799851.06,4655551.95,2170.59
-11799853.540000001,4655550.14,2176.29
-11799852.47,4655551.3,2170.19
-11799855.48,4655548.92,2178.86
-11799855.15,4655549.24,2177.05
-11799857.540000001,4655547.5600000005,2182.17
-11799857.41,4655547.69,2181.42
-11799857.02,4655548.12,2179.17
-11799859.27,4655546.53,2183.65
-11799858.73,4655547.11,2180.53
-11799858.49,4655549.65,2178.69
-11799857.82,4655550.38,2174.83
-11799856.38,4655551.94,2166.61
-11799856.790000001,4655550.64,2177.46
-11799856.370000001,4655551.08,2175.11
-11799855.370000001,4655551.3,2177.9
-11799854.620000001,4655552.11,2173.65
-11799853.94,4655552.0,2178.15
-11799852.5,4655553.54,2170.0
-11799851.09,4655554.2,2170.38
-11799849.64,4655554.89,2170.77
-11799848.200000001,4655555.59,2171.13
-11799846.620000001,4655556.41,2170.75
-11799845.06,4655557.24,2170.35
-11799843.540000001,4655558.03,2170.17
-11799842.120000001,4655558.68,2170.59
-11799840.68,4655559.38,2171.0
-11799839.21,4655560.07,2171.36
-11799838.46,4655560.86,2167.3
-11799837.05,4655561.5200000005,2167.76
-11799835.42,4655562.41,2167.07
-11799833.8,4655563.29,2166.47
-11799832.3,4655564.05,2166.44
-11799830.77,4655564.8100000005,2166.4
-11799829.27,4655565.5600000005,2166.36
-11799827.75,4655566.34,2166.26
-11799826.19,4655567.14,2166.06
-11799824.620000001,4655567.95,2165.85
-11799823.11,4655568.73,2165.74
-11799821.61,4655569.47,2165.69
-11799820.1,4655570.23,2165.72
-11799818.6,4655570.98,2165.76
-11799817.08,4655571.73,2165.8
-11799815.55,4655572.49,2165.86
-11799814.06,4655573.25,2165.86
-11799812.57,4655574.0,2165.86
-11799811.06,4655574.76,2165.84
-11799809.55,4655575.5200000005,2165.84
-11799808.02,4655576.28,2165.84
-11799806.5,4655577.05,2165.83
-11799804.96,4655577.83,2165.79
-11799803.42,4655578.600000001,2165.74
-11799801.9,4655579.37,2165.69
-11799800.35,4655580.16,2165.59
-11799798.84,4655580.91,2165.52
-11799797.31,4655581.71,2165.4
-11799795.78,4655582.48,2165.38
-11799794.25,4655583.24,2165.44
-11799794.6,4655582.2,2174.06
-11799793.64,4655582.4,2176.61
-11799792.52,4655582.8100000005,2178.32
-11799791.76,4655583.55,2174.83
-11799791.59,4655583.01,2180.94
-11799791.3,4655583.28,2179.65
-11799790.68,4655583.88,2176.82
-11799790.36,4655583.5,2182.26
-11799789.8,4655584.03,2179.71
-11799788.51,4655584.57,2180.84
-11799787.94,4655585.12,2178.27
-11799787.63,4655585.4,2176.9
-11799786.74,4655585.58,2179.57
-11799786.42,4655585.89,2178.17
-11799784.28,4655587.94,2168.51
-11799783.66,4655588.5200000005,2165.73
-11799782.14,4655589.28,2165.71
-11799780.59,4655590.0600000005,2165.69
-11799779.06,4655590.83,2165.67
-11799777.55,4655591.600000001,2165.65
-11799776.03,4655592.350000001,2165.63
-11799774.51,4655593.13,2165.55
-11799772.99,4655593.9,2165.53
-11799772.040000001,4655594.100000001,2168.17
-11799771.69,4655594.44,2166.61
-11799770.68,4655594.72,2168.92
-11799769.07,4655595.54,2168.56
-11799766.81,4655597.01,2165.46
-11799765.3,4655597.75,2165.53
-11799763.76,4655598.53,2165.53
-11799762.21,4655599.3,2165.54
-11799760.68,4655600.07,2165.51
-11799759.16,4655600.83,2165.49
-11799757.64,4655601.61,2165.5
-11799756.08,4655602.37,2165.47
-11799754.53,4655603.17,2165.46
-11799752.99,4655603.94,2165.4
-11799751.44,4655604.71,2165.38
-11799749.88,4655605.49,2165.38
-11799751.03,4655603.82,2176.38
-11799750.55,4655604.25,2174.4
-11799748.33,4655606.29,2165.36
-11799749.69,4655604.41,2177.03
-11799746.790000001,4655607.0600000005,2165.32
-11799748.120000001,4655605.22,2176.88
-11799747.48,4655605.8100000005,2174.29
-11799745.24,4655607.83,2165.26
-11799743.700000001,4655608.59,2165.25
-11799742.18,4655609.38,2165.22
-11799744.3,4655606.86,2179.81
-11799740.63,4655610.17,2165.19
-11799742.950000001,4655607.45,2180.55
-11799742.52,4655607.84,2178.86
-11799742.07,4655608.24,2177.05
-11799739.09,4655610.93,2165.23
-11799741.65,4655608.01,2181.4
-11799741.25,4655608.39,2179.77
-11799740.870000001,4655608.73,2178.3
-11799738.92,4655609.88,2176.56
-11799738.66,4655610.100000001,2175.57
-11799738.67,4655609.5,2181.58
-11799737.540000001,4655609.92,2183.11
-11799738.43,4655609.88,2182.72
-11799738.370000001,4655610.53,2176.76
-11799740.69,4655609.03,2180.15
-11799740.15,4655609.49,2178.04
-11799739.4,4655610.18,2175.07
-11799742.36,4655608.100000001,2181.11
-11799741.950000001,4655608.46,2179.52
-11799743.58,4655607.57,2180.31
-11799742.74,4655608.32,2176.98
-11799739.78,4655610.98,2165.22
-11799741.26,4655610.25,2165.17
-11799742.74,4655609.5,2165.21
-11799744.19,4655608.78,2165.21
-11799748.5,4655605.48,2176.67
-11799747.98,4655605.93,2174.57
-11799745.66,4655608.05,2165.24
-11799749.98,4655604.73,2176.73
-11799747.16,4655607.2700000005,2165.34
-11799751.700000001,4655603.78,2177.67
-11799751.370000001,4655604.07,2176.36
-11799750.89,4655604.51,2174.4
-11799748.66,4655606.54,2165.36
-11799750.120000001,4655605.8100000005,2165.36
-11799751.6,4655605.07,2165.38
-11799753.06,4655604.32,2165.4
-11799754.57,4655603.5600000005,2165.44
-11799756.07,4655602.83,2165.44
-11799757.57,4655602.08,2165.44
-11799759.040000001,4655601.350000001,2165.46
-11799760.5,4655600.61,2165.51
-11799761.950000001,4655599.88,2165.5
-11799763.46,4655599.13,2165.52
-11799764.950000001,4655598.37,2165.52
-11799766.42,4655597.65,2165.5
-11799768.620000001,4655596.25,2168.49
-11799767.9,4655596.93,2165.36
-11799770.18,4655595.43,2168.79
-11799771.75,4655594.63,2169.11
-11799772.75,4655594.34,2167.04
-11799773.870000001,4655593.94,2165.5
-11799775.370000001,4655593.18,2165.53
-11799776.88,4655592.42,2165.63
-11799778.4,4655591.66,2165.63
-11799779.9,4655590.91,2165.65
-11799781.36,4655590.18,2165.67
-11799784.06,4655588.28,2171.11
-11799782.85,4655589.42,2165.67
-11799787.46,4655585.72,2179.63
-11799787.1,4655586.05,2178.08
-11799789.35,4655584.59,2181.47
-11799790.97,4655583.71,2182.13
-11799792.11,4655583.3,2180.6
-11799791.700000001,4655583.68,2178.81
-11799793.15,4655583.0,2178.52
-11799792.72,4655583.4,2176.58
-11799794.28,4655582.600000001,2176.82
-11799794.950000001,4655582.63,2173.17
-11799795.4,4655582.89,2168.4
-11799794.76,4655583.5,2165.44
-11799796.24,4655582.7700000005,2165.38
-11799797.74,4655582.0200000005,2165.38
-11799799.26,4655581.25,2165.49
-11799800.8,4655580.47,2165.56
-11799802.35,4655579.69,2165.67
-11799803.85,4655578.93,2165.73
-11799805.36,4655578.18,2165.76
-11799806.870000001,4655577.42,2165.81
-11799808.38,4655576.66,2165.82
-11799809.89,4655575.91,2165.81
-11799811.41,4655575.15,2165.83
-11799812.91,4655574.39,2165.85
-11799814.4,4655573.64,2165.85
-11799815.9,4655572.9,2165.84
-11799817.39,4655572.15,2165.82
-11799818.88,4655571.43,2165.76
-11799820.38,4655570.68,2165.73
-11799821.870000001,4655569.93,2165.69
-11799823.370000001,4655569.19,2165.69
-11799824.9,4655568.41,2165.79
-11799826.450000001,4655567.61,2166.03
-11799827.97,4655566.83,2166.24
-11799829.51,4655566.05,2166.35
-11799831.02,4655565.29,2166.36
-11799832.52,4655564.55,2166.4
-11799834.01,4655563.8,2166.44
-11799835.53,4655563.03,2166.53
-11799837.23,4655562.08,2167.47
-11799838.59,4655561.49,2166.63
-11799840.870000001,4655559.91,2170.9
-11799842.27,4655559.26,2170.51
-11799843.69,4655558.58,2170.11
-11799845.22,4655557.82,2170.15
-11799846.82,4655556.98,2170.57
-11799848.41,4655556.15,2170.92
-11799849.84,4655555.44,2170.65
-11799851.25,4655554.79,2170.27
-11799854.17,4655552.51,2178.34
-11799852.66,4655554.12,2169.9
-11799855.59,4655551.850000001,2177.94
-11799853.56,4655554.0200000005,2166.47
-11799857.21,4655550.95,2178.82
-11799856.8,4655551.39,2176.44
-11799858.540000001,4655550.37,2178.05
-11799859.13,4655550.61,2172.77
-11799858.58,4655551.18,2169.69
-11799859.370000001,4655552.92,2171.69
-11799859.02,4655553.29,2169.65
-11799858.48,4655553.87,2166.59
-11799859.07,4655552.39,2178.36
-11799858.69,4655552.8100000005,2176.15
-11799858.36,4655553.16,2174.27
-11799857.75,4655552.97,2179.15
-11799857.42,4655553.33,2177.28
-11799856.05,4655553.94,2178.05
-11799855.26,4655554.79,2173.56
-11799854.01,4655556.12,2166.51
-11799853.06,4655556.2700000005,2169.76
-11799852.51,4655556.850000001,2166.72
-11799851.620000001,4655556.96,2170.01
-11799850.21,4655557.63,2170.36
-11799849.08,4655557.99,2172.48
-11799848.41,4655557.87,2177.11
-11799847.53,4655558.8,2172.19
-11799846.51,4655559.0600000005,2174.82
-11799846.26,4655559.32,2173.44
-11799845.99,4655559.59,2172.04
-11799845.03,4655560.600000001,2166.74
-11799844.870000001,4655559.94,2174.19
-11799844.08,4655560.78,2169.83
-11799842.67,4655561.45,2170.15
-11799841.13,4655562.26,2169.82
-11799838.99,4655563.65,2166.52
-11799837.450000001,4655564.43,2166.5
-11799835.92,4655565.2,2166.46
-11799834.42,4655565.96,2166.4
-11799832.94,4655566.71,2166.36
-11799831.41,4655567.48,2166.36
-11799829.89,4655568.24,2166.32
-11799828.35,4655569.04,2166.11
-11799826.8,4655569.83,2165.94
-11799825.24,4655570.63,2165.73
-11799823.74,4655571.39,2165.74
-11799822.22,4655572.14,2165.82
-11799820.72,4655572.88,2165.88
-11799819.23,4655573.63,2165.88
-11799817.72,4655574.39,2165.94
-11799816.21,4655575.15,2165.92
-11799814.68,4655575.91,2165.9
-11799813.17,4655576.67,2165.9
-11799811.66,4655577.43,2165.88
-11799810.16,4655578.18,2165.86
-11799808.620000001,4655578.95,2165.83
-11799807.07,4655579.74,2165.8
-11799805.540000001,4655580.51,2165.71
-11799804.01,4655581.2700000005,2165.61
-11799802.49,4655582.0600000005,2165.56
-11799800.94,4655582.850000001,2165.44
-11799799.42,4655583.62,2165.42
-11799797.89,4655584.38,2165.46
-11799796.370000001,4655585.14,2165.49
-11799796.66,4655584.14,2173.9
-11799796.27,4655584.51,2172.11
-11799795.950000001,4655584.84,2170.61
-11799795.58,4655584.49,2175.82
-11799795.200000001,4655584.850000001,2174.06
-11799794.89,4655584.46,2179.54
-11799793.71,4655584.91,2181.01
-11799793.34,4655585.26,2179.33
-11799793.11,4655585.48,2178.31
-11799792.66,4655585.23,2183.08
-11799791.370000001,4655585.7700000005,2184.05
-11799789.83,4655586.55,2184.02
-11799789.56,4655586.8,2182.82
-11799786.8,4655588.73,2177.29
-11799785.49,4655590.0,2171.36
-11799784.22,4655591.21,2165.69
-11799782.700000001,4655591.97,2165.69
-11799781.17,4655592.73,2165.67
-11799779.64,4655593.51,2165.63
-11799778.11,4655594.28,2165.56
-11799776.6,4655595.03,2165.65
-11799776.18,4655594.76,2170.44
-11799774.55,4655595.63,2169.97
-11799772.94,4655596.46,2169.61
-11799771.3,4655597.33,2169.24
-11799769.67,4655598.18,2168.94
-11799768.06,4655599.0200000005,2168.57
-11799765.84,4655600.44,2165.57
-11799764.3,4655601.21,2165.55
-11799762.78,4655601.97,2165.52
-11799761.25,4655602.73,2165.52
-11799759.73,4655603.51,2165.51
-11799758.18,4655604.2700000005,2165.5
-11799756.63,4655605.07,2165.49
-11799755.09,4655605.83,2165.46
-11799753.57,4655606.600000001,2165.44
-11799752.02,4655607.38,2165.44
-11799750.46,4655608.15,2165.4
-11799751.9,4655606.21,2177.55
-11799748.92,4655608.94,2165.4
-11799750.48,4655606.89,2177.97
-11799748.78,4655607.8,2177.3
-11799745.82,4655610.48,2165.4
-11799746.94,4655608.87,2175.97
-11799744.28,4655611.2700000005,2165.31
-11799744.92,4655610.08,2173.92
-11799742.75,4655612.0600000005,2165.19
-11799743.47,4655610.78,2174.21
-11799741.200000001,4655612.83,2165.15
-11799743.78,4655609.88,2181.58
-11799739.66,4655612.97,2171.29
-11799738.11,4655614.38,2165.19
-11799738.700000001,4655613.23,2173.56
-11799739.07,4655612.3100000005,2180.92
-11799737.8,4655612.850000001,2181.9
-11799737.33,4655613.2700000005,2180.07
-11799737.24,4655613.42,2183.17
-11799738.24,4655613.12,2181.46
-11799737.82,4655613.49,2179.83
-11799737.11,4655614.12,2177.05
-11799739.49,4655612.57,2180.74
-11799738.51,4655613.46,2176.83
-11799739.09,4655613.49,2173.51
-11799736.96,4655615.4,2165.11
-11799742.450000001,4655611.0600000005,2181.05
-11799740.01,4655613.25,2171.42
-11799738.42,4655614.68,2165.13
-11799744.09,4655610.14,2181.86
-11799739.85,4655613.97,2165.05
-11799745.38,4655609.59,2181.15
-11799744.88,4655610.03,2179.21
-11799741.35,4655613.21,2165.15
-11799745.5,4655610.08,2175.69
-11799745.03,4655610.5,2173.85
-11799742.85,4655612.45,2165.17
-11799744.35,4655611.69,2165.29
-11799748.85,4655608.22,2177.48
-11799745.82,4655610.97,2165.32
-11799750.23,4655607.5600000005,2177.19
-11799747.3,4655610.25,2165.29
-11799751.870000001,4655606.67,2177.98
-11799748.77,4655609.5,2165.38
-11799753.18,4655606.08,2177.42
-11799750.23,4655608.7700000005,2165.4
-11799751.73,4655608.0200000005,2165.38
-11799753.22,4655607.26,2165.4
-11799754.69,4655606.54,2165.42
-11799756.16,4655605.79,2165.44
-11799757.66,4655605.0600000005,2165.44
-11799759.14,4655604.3100000005,2165.48
-11799760.620000001,4655603.58,2165.5
-11799762.11,4655602.83,2165.5
-11799763.58,4655602.09,2165.49
-11799765.07,4655601.350000001,2165.53
-11799767.26,4655599.95,2168.44
-11799766.57,4655600.600000001,2165.51
-11799768.8,4655599.18,2168.69
-11799770.39,4655598.34,2169.05
-11799771.98,4655597.53,2169.36
-11799773.51,4655596.71,2169.71
-11799775.040000001,4655595.92,2170.06
-11799776.68,4655595.04,2170.67
-11799777.56,4655594.89,2167.82
-11799777.08,4655595.34,2165.71
-11799778.51,4655594.65,2165.52
-11799780.01,4655593.9,2165.6
-11799781.53,4655593.11,2165.63
-11799783.05,4655592.38,2165.63
-11799787.200000001,4655589.100000001,2177.57
-11799784.53,4655591.64,2165.59
-11799790.11,4655586.98,2184.04
-11799789.75,4655587.33,2182.42
-11799789.46,4655587.61,2181.09
-11799791.75,4655586.09,2184.82
-11799793.06,4655585.51,2183.98
-11799793.94,4655585.36,2181.24
-11799795.06,4655584.95,2179.63
-11799795.74,4655584.99,2175.88
-11799795.4,4655585.32,2174.32
-11799796.77,4655584.71,2173.77
-11799796.540000001,4655584.92,2172.75
-11799796.47,4655585.69,2165.48
-11799797.99,4655584.94,2165.44
-11799799.49,4655584.2,2165.42
-11799800.97,4655583.45,2165.36
-11799802.48,4655582.7,2165.44
-11799804.01,4655581.91,2165.58
-11799805.52,4655581.15,2165.63
-11799807.06,4655580.38,2165.72
-11799808.58,4655579.62,2165.77
-11799810.05,4655578.89,2165.82
-11799811.57,4655578.13,2165.86
-11799813.08,4655577.38,2165.85
-11799814.58,4655576.62,2165.86
-11799816.09,4655575.87,2165.88
-11799817.58,4655575.12,2165.92
-11799819.09,4655574.38,2165.88
-11799820.61,4655573.62,2165.85
-11799822.11,4655572.87,2165.8
-11799823.6,4655572.13,2165.76
-11799825.11,4655571.37,2165.72
-11799826.620000001,4655570.64,2165.69
-11799828.16,4655569.84,2165.98
-11799829.68,4655569.05,2166.15
-11799831.23,4655568.25,2166.29
-11799832.74,4655567.49,2166.35
-11799834.23,4655566.7700000005,2166.34
-11799835.74,4655566.01,2166.38
-11799837.27,4655565.25,2166.42
-11799838.75,4655564.49,2166.44
-11799840.23,4655563.7700000005,2166.44
-11799842.41,4655562.3,2170.13
-11799844.700000001,4655560.73,2174.32
-11799844.22,4655561.22,2171.69
-11799843.88,4655561.600000001,2169.79
-11799846.74,4655559.41,2177.23
-11799846.24,4655559.96,2174.46
-11799848.43,4655558.45,2178.34
-11799849.69,4655557.96,2177.04
-11799850.200000001,4655558.25,2171.75
-11799849.950000001,4655558.5200000005,2170.33
-11799851.83,4655557.37,2172.42
-11799851.4,4655557.82,2170.01
-11799852.870000001,4655557.12,2169.74
-11799852.290000001,4655557.74,2166.51
-11799854.06,4655556.71,2167.98
-11799857.07,4655554.33,2176.73
-11799855.28,4655556.24,2166.57
-11799858.57,4655553.55,2176.9
-11799858.13,4655554.0200000005,2174.38
-11799857.4,4655554.8100000005,2170.22
-11799856.77,4655555.51,2166.56
-11799859.34,4655553.58,2172.76
-11799858.26,4655554.75,2166.58
-11799859.31,4655556.2,2166.55
-11799857.8,4655556.96,2166.59
-11799856.3,4655557.72,2166.59
-11799856.21,4655556.96,2174.46
-11799855.03,4655558.22,2167.84
-11799854.81,4655558.47,2166.55
-11799854.1,4655558.37,2171.01
-11799853.68,4655558.8100000005,2168.65
-11799853.31,4655559.2,2166.53
-11799852.36,4655559.37,2169.72
-11799851.81,4655559.96,2166.56
-11799852.200000001,4655558.7,2177.19
-11799851.01,4655559.14,2178.8
-11799850.61,4655559.55,2176.63
-11799849.89,4655559.48,2180.9
-11799849.68,4655559.69,2179.84
-11799848.49,4655560.13,2181.48
-11799846.84,4655561.0600000005,2180.48
-11799846.6,4655561.3,2179.21
-11799846.47,4655561.44,2178.5
-11799844.58,4655562.61,2176.15
-11799843.41,4655563.850000001,2169.79
-11799842.77,4655564.5,2166.42
-11799841.25,4655565.26,2166.38
-11799839.74,4655566.0200000005,2166.42
-11799838.25,4655566.7700000005,2166.4
-11799836.74,4655567.53,2166.38
-11799835.200000001,4655568.3,2166.38
-11799833.72,4655569.03,2166.34
-11799832.18,4655569.83,2166.23
-11799830.620000001,4655570.62,2166.07
-11799829.06,4655571.43,2165.75
-11799827.56,4655572.19,2165.78
-11799826.06,4655572.94,2165.84
-11799824.56,4655573.67,2165.88
-11799823.06,4655574.43,2165.94
-11799821.56,4655575.17,2165.94
-11799820.040000001,4655575.94,2165.94
-11799818.52,4655576.7,2165.94
-11799817.01,4655577.45,2165.9
-11799815.5,4655578.21,2165.9
-11799814.0,4655578.97,2165.9
-11799812.49,4655579.73,2165.88
-11799810.94,4655580.51,2165.86
-11799809.39,4655581.29,2165.77
-11799807.85,4655582.07,2165.67
-11799806.33,4655582.84,2165.6
-11799804.790000001,4655583.61,2165.51
-11799803.27,4655584.39,2165.46
-11799801.78,4655585.09,2165.67
-11799800.28,4655585.850000001,2165.71
-11799798.76,4655586.63,2165.61
-11799797.23,4655587.39,2165.53
-11799797.26,4655586.66,2172.72
-11799796.82,4655587.100000001,2170.63
-11799795.72,4655588.15,2165.58
-11799796.27,4655586.9,2175.25
-11799795.61,4655587.55,2172.17
-11799795.58,4655586.850000001,2179.1
-11799795.21,4655587.22,2177.4
-11799794.43,4655587.25,2180.75
-11799794.06,4655587.63,2178.99
-11799793.32,4655587.65,2182.47
-11799792.11,4655588.11,2183.88
-11799791.39,4655588.8100000005,2180.63
-11799791.08,4655589.08,2179.28
-11799790.14,4655589.3,2181.88
-11799789.28,4655590.13,2177.97
-11799788.52,4655590.84,2174.54
-11799785.040000001,4655593.48,2165.65
-11799783.53,4655594.25,2165.63
-11799781.98,4655595.03,2165.6
-11799780.44,4655595.8,2165.58
-11799779.26,4655596.23,2167.13
-11799778.41,4655596.350000001,2170.11
-11799776.99,4655597.04,2170.44
-11799775.44,4655597.82,2170.32
-11799773.82,4655598.67,2169.97
-11799772.19,4655599.5200000005,2169.65
-11799770.55,4655600.38,2169.29
-11799768.96,4655601.2,2168.94
-11799767.38,4655602.04,2168.6
-11799765.56,4655603.07,2167.35
-11799763.59,4655604.24,2165.52
-11799762.040000001,4655605.0200000005,2165.5
-11799760.52,4655605.78,2165.5
-11799759.0,4655606.54,2165.5
-11799755.9,4655608.09,2165.47
-11799754.35,4655608.88,2165.44
-11799752.8,4655609.65,2165.42
-11799751.25,4655610.42,2165.4
-11799749.72,4655611.2,2165.4
-11799748.17,4655611.97,2165.38
-11799746.64,4655612.73,2165.42
-11799747.34,4655611.49,2174.29
-11799745.1,4655613.5200000005,2165.3
-11799746.28,4655611.82,2176.17
-11799745.53,4655612.5,2173.17
-11799743.6,4655614.25,2165.42
-11799745.59,4655611.83,2179.56
-11799744.69,4655612.64,2175.98
-11799744.16,4655613.13,2173.83
-11799741.97,4655615.08,2165.13
-11799743.55,4655613.0600000005,2177.48
-11799740.450000001,4655615.850000001,2165.19
-11799740.57,4655615.13,2171.76
-11799738.9,4655616.61,2165.17
-11799742.36,4655612.93,2184.72
-11799739.200000001,4655615.75,2172.29
-11799737.370000001,4655617.37,2165.15
-11799739.39,4655614.98,2179.08
-11799738.66,4655615.01,2182.22
-11799737.99,4655615.61,2179.63
-11799737.47,4655615.5,2183.51
-11799739.09,4655615.22,2182.17
-11799738.41,4655615.850000001,2179.49
-11799739.64,4655615.32,2178.69
-11799742.57,4655613.26,2184.6
-11799737.620000001,4655617.69,2165.15
-11799740.73,4655615.49,2171.73
-11799739.06,4655616.98,2165.11
-11799743.620000001,4655613.46,2177.42
-11799740.53,4655616.25,2165.17
-11799744.8,4655613.01,2176.13
-11799744.44,4655613.33,2174.75
-11799744.200000001,4655613.54,2173.82
-11799742.03,4655615.5,2165.13
-11799746.290000001,4655612.25,2176.3
-11799745.92,4655612.58,2174.84
-11799743.5,4655614.7700000005,2165.17
-11799747.13,4655612.08,2173.88
-11799744.98,4655614.03,2165.24
-11799749.24,4655610.75,2176.55
-11799746.49,4655613.26,2165.42
-11799747.94,4655612.54,2165.36
-11799749.41,4655611.79,2165.36
-11799750.870000001,4655611.08,2165.38
-11799752.34,4655610.32,2165.4
-11799753.83,4655609.600000001,2165.4
-11799755.33,4655608.84,2165.44
-11799756.83,4655608.11,2165.46
-11799758.3,4655607.37,2165.46
-11799759.78,4655606.64,2165.48
-11799761.25,4655605.89,2165.48
-11799762.75,4655605.16,2165.47
-11799764.23,4655604.41,2165.48
-11799766.43,4655603.01,2168.52
-11799766.09,4655603.32,2167.08
-11799767.950000001,4655602.24,2168.69
-11799769.52,4655601.43,2169.05
-11799771.08,4655600.600000001,2169.36
-11799772.65,4655599.79,2169.72
-11799774.22,4655598.96,2170.05
-11799775.75,4655598.18,2170.38
-11799777.21,4655597.46,2170.34
-11799778.65,4655596.7700000005,2170.03
-11799780.05,4655596.13,2169.54
-11799781.14,4655595.76,2167.78
-11799780.64,4655596.23,2165.55
-11799782.11,4655595.5,2165.52
-11799783.61,4655594.74,2165.6
-11799785.11,4655593.98,2165.63
-11799789.38,4655590.62,2178.06
-11799788.67,4655591.28,2174.86
-11799788.25,4655591.69,2172.96
-11799787.47,4655592.45,2169.44
-11799791.97,4655588.82,2183.05
-11799791.700000001,4655589.08,2181.82
-11799791.42,4655589.350000001,2180.56
-11799790.89,4655589.86,2178.13
-11799793.31,4655588.23,2182.36
-11799792.75,4655588.76,2179.85
-11799794.49,4655587.76,2181.02
-11799793.75,4655588.49,2177.58
-11799795.65,4655587.34,2179.52
-11799795.13,4655587.83,2177.17
-11799796.38,4655587.33,2176.0
-11799796.06,4655587.64,2174.52
-11799795.57,4655588.100000001,2172.29
-11799797.19,4655587.26,2172.77
-11799796.9,4655587.55,2171.42
-11799796.540000001,4655587.9,2169.75
-11799796.25,4655588.18,2168.35
-11799797.11,4655588.03,2165.52
-11799798.61,4655587.28,2165.61
-11799800.120000001,4655586.5200000005,2165.69
-11799801.6,4655585.79,2165.67
-11799803.11,4655585.03,2165.63
-11799804.57,4655584.33,2165.4
-11799806.09,4655583.55,2165.53
-11799807.61,4655582.79,2165.58
-11799809.13,4655582.03,2165.67
-11799810.67,4655581.25,2165.76
-11799812.18,4655580.49,2165.81
-11799813.69,4655579.73,2165.86
-11799815.19,4655578.98,2165.88
-11799816.71,4655578.24,2165.88
-11799818.21,4655577.48,2165.88
-11799819.700000001,4655576.74,2165.9
-11799821.22,4655575.98,2165.92
-11799822.71,4655575.23,2165.92
-11799824.21,4655574.49,2165.92
-11799825.71,4655573.75,2165.85
-11799827.21,4655573.0,2165.82
-11799828.69,4655572.28,2165.75
-11799830.19,4655571.54,2165.69
-11799831.790000001,4655570.71,2166.05
-11799833.32,4655569.92,2166.22
-11799834.8,4655569.18,2166.32
-11799836.32,4655568.42,2166.34
-11799837.82,4655567.66,2166.36
-11799839.33,4655566.91,2166.38
-11799840.83,4655566.16,2166.35
-11799844.14,4655563.5200000005,2176.21
-11799842.33,4655565.41,2166.4
-11799846.11,4655562.2700000005,2178.77
-11799845.58,4655562.84,2175.84
-11799843.85,4655564.67,2166.42
-11799848.01,4655561.11,2181.03
-11799849.58,4655560.28,2181.42
-11799851.1,4655559.5,2181.65
-11799850.83,4655559.79,2180.15
-11799852.06,4655559.32,2178.77
-11799852.28,4655559.94,2171.55
-11799851.94,4655560.3100000005,2169.63
-11799851.41,4655560.86,2166.71
-11799853.66,4655559.33,2170.82
-11799853.17,4655559.84,2168.07
-11799852.92,4655560.12,2166.65
-11799855.9,4655557.8,2174.86
-11799854.43,4655559.37,2166.55
-11799857.16,4655557.29,2173.53
-11799856.81,4655557.66,2171.6
-11799855.93,4655558.63,2166.51
-11799857.4,4655557.87,2166.56
-11799858.88,4655557.15,2166.53
-11799859.41,4655558.87,2171.47
-11799858.55,4655559.79,2166.54
-11799858.33,4655559.17,2173.8
-11799857.96,4655559.5600000005,2171.71
-11799857.59,4655559.95,2169.63
-11799857.06,4655560.53,2166.58
-11799857.31,4655559.4,2176.61
-11799857.1,4655559.61,2175.48
-11799855.96,4655559.99,2177.38
-11799855.63,4655560.34,2175.57
-11799855.290000001,4655560.71,2173.63
-11799854.3,4655560.94,2176.34
-11799853.1,4655561.37,2177.86
-11799852.0,4655561.69,2180.15
-11799851.05,4655561.84,2183.23
-11799850.870000001,4655562.05,2182.23
-11799849.89,4655562.25,2185.08
-11799849.57,4655562.59,2183.32
-11799848.27,4655563.16,2184.19
-11799846.69,4655564.01,2183.61
-11799846.120000001,4655564.600000001,2180.54
-11799842.0,4655568.08,2166.4
-11799840.47,4655568.86,2166.28
-11799838.950000001,4655569.62,2166.33
-11799837.42,4655570.38,2166.29
-11799835.9,4655571.17,2166.19
-11799834.36,4655571.95,2166.01
-11799832.81,4655572.75,2165.78
-11799831.33,4655573.49,2165.85
-11799829.84,4655574.21,2165.9
-11799828.35,4655574.97,2165.94
-11799826.870000001,4655575.7,2165.96
-11799825.36,4655576.45,2165.99
-11799823.82,4655577.21,2165.97
-11799822.31,4655577.97,2165.94
-11799820.82,4655578.73,2165.94
-11799819.3,4655579.49,2165.92
-11799817.76,4655580.26,2165.92
-11799816.22,4655581.04,2165.88
-11799814.68,4655581.8,2165.85
-11799813.17,4655582.5600000005,2165.82
-11799811.64,4655583.33,2165.71
-11799810.1,4655584.13,2165.61
-11799808.56,4655584.9,2165.53
-11799807.02,4655585.68,2165.47
-11799805.540000001,4655586.41,2165.53
-11799804.040000001,4655587.15,2165.67
-11799802.540000001,4655587.89,2165.73
-11799801.02,4655588.65,2165.77
-11799799.88,4655589.04,2167.51
-11799799.5,4655589.42,2165.71
-11799797.950000001,4655590.19,2165.69
-11799797.39,4655590.0,2170.17
-11799796.4,4655590.98,2165.59
-11799795.790000001,4655590.88,2169.61
-11799794.93,4655591.71,2165.63
-11799795.28,4655590.67,2174.23
-11799794.620000001,4655591.3,2171.19
-11799793.6,4655591.57,2173.54
-11799793.34,4655591.84,2172.3
-11799792.71,4655591.75,2176.34
-11799791.790000001,4655592.63,2172.13
-11799791.32,4655593.08,2170.02
-11799790.950000001,4655593.42,2168.36
-11799790.790000001,4655592.86,2174.67
-11799790.540000001,4655593.100000001,2173.53
-11799790.15,4655593.49,2171.72
-11799789.36,4655594.23,2168.21
-11799787.790000001,4655595.05,2167.97
-11799787.24,4655595.5600000005,2165.47
-11799785.71,4655596.32,2165.56
-11799784.18,4655597.100000001,2165.57
-11799783.23,4655597.3100000005,2167.96
-11799781.97,4655597.84,2169.1
-11799780.49,4655598.55,2169.42
-11799779.03,4655599.23,2169.75
-11799777.61,4655599.93,2170.06
-11799776.17,4655600.600000001,2170.38
-11799774.620000001,4655601.37,2170.38
-11799773.02,4655602.22,2170.03
-11799771.450000001,4655603.05,2169.67
-11799769.82,4655603.9,2169.33
-11799768.200000001,4655604.74,2168.98
-11799766.59,4655605.59,2168.63
-11799764.3,4655607.04,2165.49
-11799762.76,4655607.8,2165.51
-11799761.23,4655608.57,2165.49
-11799759.69,4655609.33,2165.48
-11799758.17,4655610.12,2165.47
-11799756.620000001,4655610.89,2165.46
-11799755.08,4655611.66,2165.44
-11799753.53,4655612.44,2165.42
-11799752.0,4655613.2,2165.42
-11799750.450000001,4655613.97,2165.4
-11799751.5,4655612.4,2175.9
-11799750.8,4655613.01,2173.13
-11799748.89,4655614.76,2165.4
-11799750.24,4655612.9,2177.09
-11799748.6,4655613.7700000005,2176.54
-11799745.790000001,4655616.32,2165.29
-11799746.870000001,4655614.73,2175.67
-11799744.27,4655617.09,2165.24
-11799744.700000001,4655616.0600000005,2173.15
-11799742.69,4655617.88,2165.13
-11799743.66,4655616.39,2175.08
-11799744.540000001,4655614.99,2184.67
-11799744.1,4655615.37,2182.88
-11799739.59,4655619.44,2165.1
-11799743.1,4655615.66,2185.01
-11799739.870000001,4655618.58,2172.26
-11799738.03,4655620.2,2165.07
-11799741.65,4655616.36,2185.2
-11799740.290000001,4655617.600000001,2179.86
-11799739.89,4655617.34,2184.21
-11799739.08,4655618.07,2181.06
-11799738.84,4655618.29,2180.11
-11799737.06,4655619.89,2173.17
-11799738.39,4655618.09,2184.31
-11799737.82,4655618.600000001,2182.09
-11799737.620000001,4655618.7700000005,2181.34
-11799738.56,4655618.42,2184.42
-11799738.08,4655618.86,2182.52
-11799739.91,4655617.78,2184.1
-11799738.88,4655618.72,2180.08
-11799737.14,4655620.26,2173.29
-11799741.6,4655616.850000001,2185.1
-11799740.28,4655618.0200000005,2179.98
-11799743.15,4655616.03,2185.56
-11799744.38,4655615.51,2184.67
-11799739.41,4655619.98,2165.05
-11799745.76,4655614.83,2184.44
-11799743.46,4655616.92,2175.33
-11799740.870000001,4655619.24,2165.09
-11799744.59,4655616.47,2174.11
-11799746.42,4655615.41,2175.63
-11799745.57,4655616.17,2172.29
-11799743.82,4655617.76,2165.25
-11799747.98,4655614.59,2176.0
-11799747.4,4655615.12,2173.65
-11799745.290000001,4655617.03,2165.23
-11799749.790000001,4655613.5600000005,2177.33
-11799746.790000001,4655616.28,2165.27
-11799751.16,4655612.93,2176.9
-11799748.26,4655615.55,2165.19
-11799752.15,4655612.62,2175.03
-11799749.76,4655614.79,2165.34
-11799751.22,4655614.07,2165.36
-11799752.71,4655613.3100000005,2165.38
-11799754.21,4655612.58,2165.4
-11799755.69,4655611.84,2165.38
-11799757.18,4655611.100000001,2165.4
-11799758.67,4655610.36,2165.42
-11799760.17,4655609.600000001,2165.44
-11799761.63,4655608.89,2165.46
-11799763.1,4655608.15,2165.46
-11799764.61,4655607.4,2165.44
-11799766.83,4655605.97,2168.65
-11799768.38,4655605.16,2168.99
-11799769.97,4655604.350000001,2169.32
-11799771.56,4655603.5200000005,2169.67
-11799773.120000001,4655602.71,2170.0
-11799774.67,4655601.9,2170.32
-11799776.14,4655601.16,2170.35
-11799777.57,4655600.48,2170.04
-11799778.99,4655599.8100000005,2169.73
-11799780.4,4655599.14,2169.42
-11799781.82,4655598.46,2169.1
-11799783.25,4655597.79,2168.8
-11799784.4,4655597.36,2167.21
-11799785.55,4655596.97,2165.56
-11799787.6,4655595.7,2167.92
-11799787.06,4655596.21,2165.49
-11799789.9,4655594.19,2171.63
-11799789.13,4655594.93,2168.1
-11799790.68,4655594.13,2168.4
-11799793.35,4655592.24,2173.84
-11799793.07,4655592.51,2172.54
-11799794.76,4655591.57,2173.51
-11799794.450000001,4655591.88,2172.05
-11799793.99,4655592.32,2169.94
-11799793.74,4655592.5600000005,2168.78
-11799795.790000001,4655591.29,2171.32
-11799794.620000001,4655592.42,2165.94
-11799796.040000001,4655591.75,2165.56
-11799797.59,4655590.96,2165.63
-11799799.120000001,4655590.2,2165.76
-11799800.620000001,4655589.45,2165.76
-11799802.08,4655588.72,2165.69
-11799803.56,4655588.0,2165.67
-11799805.040000001,4655587.25,2165.57
-11799806.52,4655586.54,2165.48
-11799808.03,4655585.8,2165.44
-11799809.56,4655585.01,2165.51
-11799811.07,4655584.26,2165.61
-11799812.61,4655583.48,2165.69
-11799814.120000001,4655582.71,2165.77
-11799815.63,4655581.97,2165.83
-11799817.16,4655581.21,2165.88
-11799818.68,4655580.45,2165.9
-11799820.18,4655579.7,2165.92
-11799821.69,4655578.94,2165.92
-11799823.22,4655578.18,2165.94
-11799824.71,4655577.44,2165.94
-11799826.21,4655576.68,2165.96
-11799827.73,4655575.94,2165.94
-11799829.22,4655575.2,2165.9
-11799830.71,4655574.47,2165.86
-11799832.21,4655573.72,2165.84
-11799833.71,4655572.97,2165.81
-11799835.23,4655572.2,2165.94
-11799836.78,4655571.4,2166.13
-11799838.31,4655570.64,2166.28
-11799839.81,4655569.88,2166.26
-11799841.32,4655569.13,2166.32
-11799845.52,4655565.5600000005,2180.96
-11799844.98,4655566.13,2178.0
-11799842.82,4655568.38,2166.36
-11799847.71,4655564.07,2184.79
-11799849.23,4655563.32,2184.82
-11799850.42,4655562.89,2183.26
-11799851.68,4655562.37,2181.94
-11799852.89,4655561.96,2180.27
-11799852.41,4655562.47,2177.63
-11799851.93,4655562.97,2174.99
-11799853.72,4655561.92,2176.65
-11799853.16,4655562.5,2173.55
-11799855.040000001,4655561.32,2175.92
-11799854.59,4655561.8,2173.38
-11799853.85,4655562.59,2169.24
-11799853.370000001,4655563.100000001,2166.53
-11799856.64,4655560.47,2176.52
-11799856.35,4655560.7700000005,2174.9
-11799857.9,4655559.99,2175.13
-11799857.6,4655560.3,2173.48
-11799859.27,4655559.38,2174.34
-11799858.82,4655559.87,2171.77
-11799858.58,4655560.13,2170.4
-11799857.9,4655560.86,2166.53
-11799859.4,4655560.100000001,2166.5
-11799859.36,4655561.89,2172.27
-11799858.77,4655561.66,2177.36
-11799857.75,4655561.91,2180.03
-11799856.19,4655562.75,2179.47
-11799855.84,4655563.11,2177.52
-11799855.6,4655563.37,2176.17
-11799854.25,4655563.98,2176.92
-11799853.68,4655564.57,2173.79
-11799853.26,4655564.17,2179.82
-11799852.94,4655564.5200000005,2178.02
-11799852.59,4655564.88,2176.1
-11799852.21,4655564.45,2182.36
-11799851.05,4655564.82,2184.31
-11799849.69,4655565.44,2184.94
-11799849.39,4655565.76,2183.26
-11799849.14,4655566.0200000005,2181.88
-11799847.86,4655566.57,2182.85
-11799847.64,4655566.79,2181.71
-11799847.39,4655567.0600000005,2180.33
-11799847.15,4655567.28,2179.07
-11799845.88,4655567.84,2180.11
-11799843.33,4655570.51,2166.36
-11799841.81,4655571.2700000005,2166.33
-11799840.26,4655572.05,2166.17
-11799838.71,4655572.83,2166.01
-11799837.18,4655573.63,2165.83
-11799835.67,4655574.37,2165.86
-11799834.14,4655575.12,2165.9
-11799832.64,4655575.88,2165.94
-11799831.17,4655576.62,2165.98
-11799829.67,4655577.36,2166.02
-11799828.16,4655578.11,2166.03
-11799826.65,4655578.88,2166.01
-11799825.11,4655579.65,2165.98
-11799823.6,4655580.41,2165.97
-11799822.1,4655581.15,2165.97
-11799820.55,4655581.93,2165.92
-11799819.040000001,4655582.69,2165.92
-11799817.51,4655583.45,2165.88
-11799815.99,4655584.22,2165.8
-11799814.46,4655584.99,2165.72
-11799812.93,4655585.7700000005,2165.61
-11799811.41,4655586.54,2165.54
-11799809.9,4655587.29,2165.57
-11799808.35,4655588.0600000005,2165.44
-11799806.84,4655588.82,2165.5
-11799805.35,4655589.57,2165.54
-11799804.200000001,4655589.95,2167.36
-11799803.84,4655590.3,2165.69
-11799802.67,4655590.69,2167.44
-11799802.34,4655591.01,2165.88
-11799801.25,4655591.38,2167.74
-11799800.86,4655591.7700000005,2165.9
-11799799.32,4655592.55,2165.84
-11799797.870000001,4655593.24,2166.15
-11799796.76,4655593.59,2168.09
-11799795.290000001,4655594.3,2168.36
-11799793.84,4655595.0,2168.65
-11799792.38,4655595.7,2168.88
-11799790.78,4655596.53,2168.61
-11799789.18,4655597.350000001,2168.34
-11799787.620000001,4655598.16,2168.06
-11799786.14,4655598.88,2168.19
-11799784.66,4655599.62,2168.35
-11799783.200000001,4655600.3100000005,2168.63
-11799781.73,4655601.01,2168.94
-11799780.290000001,4655601.71,2169.29
-11799778.84,4655602.39,2169.58
-11799777.39,4655603.08,2169.9
-11799775.93,4655603.78,2170.25
-11799774.47,4655604.49,2170.53
-11799772.85,4655605.33,2170.17
-11799771.23,4655606.18,2169.82
-11799769.61,4655607.0200000005,2169.47
-11799768.01,4655607.86,2169.15
-11799765.6,4655609.42,2165.49
-11799764.08,4655610.18,2165.49
-11799762.540000001,4655610.95,2165.49
-11799761.01,4655611.71,2165.5
-11799759.48,4655612.49,2165.46
-11799757.94,4655613.25,2165.46
-11799756.41,4655614.0200000005,2165.42
-11799754.86,4655614.78,2165.4
-11799753.290000001,4655615.58,2165.38
-11799751.75,4655616.36,2165.36
-11799750.18,4655617.13,2165.25
-11799748.63,4655617.93,2165.25
-11799749.32,4655616.66,2174.29
-11799747.08,4655618.69,2165.27
-11799745.55,4655619.48,2165.19
-11799746.78,4655617.73,2176.29
-11799745.97,4655618.46,2173.07
-11799744.0,4655620.24,2165.19
-11799745.52,4655618.25,2177.4
-11799742.450000001,4655621.01,2165.19
-11799745.17,4655617.93,2182.08
-11799744.290000001,4655618.75,2178.56
-11799743.74,4655619.23,2176.42
-11799743.91,4655618.47,2183.05
-11799743.01,4655619.29,2179.49
-11799739.35,4655622.58,2165.06
-11799743.11,4655618.59,2185.76
-11799742.48,4655619.18,2183.23
-11799741.870000001,4655619.71,2180.88
-11799737.82,4655623.34,2165.01
-11799741.41,4655619.5200000005,2185.05
-11799737.23,4655623.26,2168.76
-11799739.68,4655620.45,2184.29
-11799739.290000001,4655620.8,2182.79
-11799738.27,4655621.11,2184.72
-11799737.450000001,4655621.86,2181.52
-11799738.42,4655621.53,2184.8
-11799737.56,4655622.32,2181.46
-11799739.85,4655620.82,2184.79
-11799739.5,4655621.15,2183.4
-11799739.21,4655621.4,2182.29
-11799741.200000001,4655620.2,2184.48
-11799739.53,4655621.68,2177.94
-11799742.89,4655619.24,2185.56
-11799742.1,4655619.95,2182.49
-11799738.64,4655623.07,2168.9
-11799743.75,4655619.05,2183.3
-11799742.91,4655619.8,2180.0
-11799745.06,4655618.46,2182.72
-11799743.81,4655619.58,2177.8
-11799746.32,4655617.9,2182.02
-11799745.52,4655618.63,2178.86
-11799745.21,4655618.92,2177.59
-11799744.27,4655619.75,2173.9
-11799746.48,4655618.350000001,2176.86
-11799745.66,4655619.09,2173.61
-11799743.53,4655621.0200000005,2165.13
-11799745.01,4655620.29,2165.15
-11799746.450000001,4655619.5600000005,2165.15
-11799747.950000001,4655618.8100000005,2165.21
-11799749.63,4655617.88,2166.08
-11799750.91,4655617.34,2165.23
-11799752.41,4655616.59,2165.31
-11799753.9,4655615.86,2165.35
-11799755.38,4655615.100000001,2165.35
-11799756.86,4655614.38,2165.38
-11799758.36,4655613.62,2165.42
-11799759.83,4655612.89,2165.4
-11799761.3,4655612.15,2165.44
-11799762.8,4655611.41,2165.44
-11799764.28,4655610.67,2165.46
-11799765.75,4655609.96,2165.46
-11799768.11,4655608.41,2169.17
-11799767.78,4655608.7,2167.76
-11799769.67,4655607.59,2169.47
-11799771.23,4655606.79,2169.8
-11799772.81,4655605.97,2170.13
-11799774.38,4655605.16,2170.5
-11799775.82,4655604.47,2170.21
-11799777.22,4655603.79,2169.88
-11799778.64,4655603.13,2169.58
-11799780.06,4655602.45,2169.29
-11799781.49,4655601.7700000005,2168.97
-11799782.9,4655601.11,2168.65
-11799784.32,4655600.44,2168.34
-11799785.77,4655599.74,2168.17
-11799787.24,4655599.01,2168.05
-11799788.78,4655598.21,2168.24
-11799790.33,4655597.43,2168.54
-11799791.88,4655596.63,2168.83
-11799793.34,4655595.92,2168.67
-11799794.81,4655595.21,2168.4
-11799796.26,4655594.53,2168.13
-11799797.700000001,4655593.850000001,2167.82
-11799797.22,4655594.3100000005,2165.61
-11799799.32,4655592.97,2168.46
-11799798.9,4655593.38,2166.48
-11799800.28,4655592.75,2165.94
-11799802.15,4655591.66,2167.61
-11799803.59,4655590.95,2167.38
-11799803.25,4655591.3,2165.78
-11799804.700000001,4655590.59,2165.61
-11799806.16,4655589.88,2165.49
-11799807.66,4655589.13,2165.48
-11799809.200000001,4655588.37,2165.52
-11799810.72,4655587.600000001,2165.61
-11799812.22,4655586.850000001,2165.61
-11799813.72,4655586.12,2165.6
-11799815.23,4655585.36,2165.67
-11799816.77,4655584.58,2165.76
-11799818.31,4655583.82,2165.81
-11799819.82,4655583.0600000005,2165.86
-11799821.32,4655582.32,2165.9
-11799822.82,4655581.57,2165.94
-11799824.33,4655580.8100000005,2165.94
-11799825.85,4655580.0600000005,2165.94
-11799827.35,4655579.3100000005,2165.97
-11799828.86,4655578.54,2166.01
-11799830.38,4655577.8,2166.02
-11799831.86,4655577.07,2165.99
-11799833.35,4655576.34,2165.92
-11799834.86,4655575.59,2165.9
-11799836.35,4655574.850000001,2165.88
-11799837.82,4655574.12,2165.8
-11799839.36,4655573.350000001,2165.92
-11799840.950000001,4655572.53,2166.15
-11799842.48,4655571.76,2166.29
-11799846.48,4655568.4,2179.85
-11799843.97,4655571.0,2166.31
-11799848.03,4655567.600000001,2180.13
-11799847.33,4655568.33,2176.28
-11799845.49,4655570.2700000005,2166.32
-11799850.120000001,4655566.21,2183.49
-11799849.700000001,4655566.65,2181.15
-11799851.59,4655565.49,2183.4
-11799851.24,4655565.86,2181.56
-11799850.55,4655566.58,2177.76
-11799852.76,4655565.08,2181.72
-11799852.42,4655565.44,2179.8
-11799853.66,4655564.96,2178.49
-11799854.91,4655564.47,2177.11
-11799854.32,4655565.12,2173.79
-11799856.91,4655563.19,2179.99
-11799858.36,4655562.49,2179.77
-11799858.16,4655562.71,2178.61
-11799859.63,4655561.99,2178.44
-11799859.22,4655562.45,2176.0
-11799859.03,4655562.65,2174.98
-11799859.64,4655564.62,2173.42
-11799859.41,4655564.86,2172.13
-11799859.07,4655564.37,2178.61
-11799857.36,4655565.34,2177.5
-11799857.05,4655565.66,2175.8
-11799855.05,4655566.97,2172.86
-11799853.91,4655568.17,2166.48
-11799854.41,4655566.82,2177.46
-11799853.700000001,4655567.5600000005,2173.58
-11799853.07,4655568.23,2170.08
-11799852.91,4655567.57,2177.42
-11799852.700000001,4655567.79,2176.27
-11799851.85,4655567.82,2179.98
-11799851.6,4655568.100000001,2178.6
-11799851.25,4655568.47,2176.65
-11799850.47,4655568.47,2180.53
-11799850.09,4655568.86,2178.5
-11799849.72,4655569.23,2176.5
-11799847.85,4655571.21,2166.3
-11799846.39,4655571.94,2166.36
-11799844.89,4655572.7,2166.32
-11799843.36,4655573.47,2166.19
-11799841.81,4655574.2700000005,2166.03
-11799840.23,4655575.0600000005,2165.9
-11799838.75,4655575.8,2165.94
-11799837.26,4655576.5200000005,2165.99
-11799835.76,4655577.28,2166.02
-11799834.24,4655578.04,2166.04
-11799832.72,4655578.79,2166.05
-11799831.24,4655579.54,2166.05
-11799829.74,4655580.29,2166.05
-11799828.200000001,4655581.0600000005,2166.0
-11799826.68,4655581.82,2166.01
-11799825.18,4655582.57,2165.99
-11799823.64,4655583.33,2165.97
-11799822.14,4655584.09,2165.94
-11799820.63,4655584.84,2165.86
-11799819.06,4655585.64,2165.82
-11799817.52,4655586.41,2165.74
-11799816.02,4655587.17,2165.65
-11799814.52,4655587.89,2165.73
-11799813.02,4655588.65,2165.81
-11799811.47,4655589.43,2165.73
-11799809.91,4655590.21,2165.69
-11799808.41,4655590.97,2165.61
-11799806.91,4655591.72,2165.58
-11799805.41,4655592.47,2165.59
-11799803.91,4655593.21,2165.69
-11799802.74,4655593.61,2167.44
-11799802.4,4655593.95,2165.82
-11799801.27,4655594.32,2167.71
-11799799.33,4655595.48,2165.71
-11799797.8,4655596.26,2165.72
-11799796.75,4655596.5600000005,2167.88
-11799796.26,4655597.0200000005,2165.67
-11799795.3,4655597.26,2168.17
-11799793.84,4655597.95,2168.44
-11799792.4,4655598.64,2168.72
-11799790.9,4655599.37,2168.85
-11799789.3,4655600.21,2168.57
-11799788.59,4655600.87,2165.4
-11799787.61,4655601.11,2167.86
-11799786.15,4655601.82,2168.06
-11799784.66,4655602.54,2168.22
-11799783.18,4655603.25,2168.42
-11799781.72,4655603.96,2168.75
-11799780.28,4655604.66,2169.07
-11799778.83,4655605.33,2169.38
-11799777.38,4655606.03,2169.72
-11799775.92,4655606.73,2170.01
-11799774.450000001,4655607.43,2170.34
-11799772.92,4655608.17,2170.42
-11799771.32,4655609.01,2170.09
-11799768.72,4655610.78,2165.5
-11799767.19,4655611.54,2165.51
-11799765.64,4655612.32,2165.51
-11799764.120000001,4655613.08,2165.49
-11799762.6,4655613.83,2165.48
-11799761.06,4655614.600000001,2165.47
-11799759.540000001,4655615.36,2165.44
-11799757.98,4655616.13,2165.42
-11799756.4,4655616.93,2165.4
-11799754.86,4655617.71,2165.38
-11799753.31,4655618.48,2165.28
-11799751.73,4655619.29,2165.1
-11799750.18,4655620.07,2165.09
-11799748.65,4655620.83,2165.13
-11799747.1,4655621.59,2165.11
-11799745.58,4655622.36,2165.1
-11799746.19,4655621.17,2173.69
-11799744.040000001,4655623.12,2165.11
-11799746.01,4655620.7,2179.08
-11799745.58,4655621.100000001,2177.4
-11799742.46,4655623.9,2165.05
-11799743.96,4655621.96,2177.0
-11799740.93,4655624.68,2165.03
-11799743.65,4655621.61,2181.8
-11799742.32,4655622.2,2182.61
-11799741.83,4655622.65,2180.67
-11799741.34,4655623.07,2178.79
-11799738.97,4655625.2,2169.5
-11799741.21,4655622.58,2184.17
-11799740.35,4655623.37,2180.82
-11799737.44,4655625.98,2169.42
-11799739.71,4655623.32,2184.35
-11799739.290000001,4655623.7,2182.71
-11799738.6,4655624.3100000005,2180.02
-11799738.26,4655624.0200000005,2184.61
-11799738.05,4655624.5600000005,2184.69
-11799739.44,4655623.88,2184.5
-11799740.67,4655623.38,2183.6
-11799739.91,4655624.05,2180.67
-11799739.47,4655624.44,2178.94
-11799742.14,4655622.62,2183.78
-11799741.41,4655623.2700000005,2180.9
-11799740.92,4655623.72,2178.98
-11799738.53,4655625.86,2169.63
-11799742.88,4655622.53,2181.11
-11799742.33,4655623.03,2178.94
-11799744.02,4655622.100000001,2179.9
-11799740.28,4655625.45,2165.22
-11799744.84,4655621.93,2177.5
-11799741.68,4655624.78,2165.01
-11799746.67,4655620.87,2178.94
-11799743.17,4655624.04,2165.05
-11799746.75,4655621.39,2173.42
-11799744.67,4655623.28,2165.08
-11799746.13,4655622.5600000005,2165.07
-11799747.6,4655621.84,2165.05
-11799749.08,4655621.09,2165.07
-11799750.540000001,4655620.38,2165.02
-11799752.0,4655619.65,2165.05
-11799753.51,4655618.89,2165.22
-11799755.05,4655618.12,2165.35
-11799756.53,4655617.38,2165.35
-11799758.040000001,4655616.62,2165.38
-11799759.540000001,4655615.87,2165.42
-11799760.99,4655615.14,2165.44
-11799762.48,4655614.42,2165.44
-11799763.950000001,4655613.67,2165.44
-11799765.450000001,4655612.94,2165.48
-11799766.94,4655612.19,2165.47
-11799768.44,4655611.45,2165.48
-11799769.91,4655610.72,2165.47
-11799772.52,4655608.92,2170.3
-11799774.05,4655608.16,2170.4
-11799775.46,4655607.5,2170.1
-11799776.86,4655606.850000001,2169.79
-11799778.28,4655606.17,2169.48
-11799779.700000001,4655605.48,2169.15
-11799781.16,4655604.8,2168.86
-11799782.59,4655604.13,2168.53
-11799784.02,4655603.45,2168.29
-11799785.46,4655602.74,2168.13
-11799786.89,4655602.0600000005,2167.92
-11799788.35,4655601.350000001,2167.72
-11799787.86,4655601.82,2165.49
-11799790.08,4655600.39,2168.69
-11799789.36,4655601.08,2165.44
-11799791.59,4655599.63,2168.81
-11799793.03,4655598.93,2168.55
-11799794.450000001,4655598.2700000005,2168.26
-11799795.9,4655597.57,2168.01
-11799796.88,4655597.33,2165.63
-11799798.370000001,4655596.58,2165.69
-11799799.88,4655595.84,2165.69
-11799801.78,4655594.71,2167.47
-11799801.44,4655595.04,2165.88
-11799802.93,4655594.32,2165.85
-11799804.39,4655593.61,2165.61
-11799805.89,4655592.87,2165.56
-11799807.39,4655592.13,2165.53
-11799808.91,4655591.36,2165.63
-11799810.42,4655590.600000001,2165.67
-11799811.94,4655589.84,2165.71
-11799813.46,4655589.08,2165.78
-11799814.97,4655588.34,2165.75
-11799816.43,4655587.64,2165.57
-11799817.94,4655586.88,2165.65
-11799819.48,4655586.11,2165.74
-11799820.98,4655585.36,2165.82
-11799822.49,4655584.600000001,2165.88
-11799824.0,4655583.84,2165.94
-11799825.52,4655583.09,2165.98
-11799827.040000001,4655582.33,2165.98
-11799828.540000001,4655581.58,2165.99
-11799830.05,4655580.84,2166.01
-11799831.55,4655580.09,2166.02
-11799833.06,4655579.34,2166.04
-11799834.56,4655578.59,2166.04
-11799836.06,4655577.850000001,2166.02
-11799837.55,4655577.11,2166.0
-11799839.05,4655576.38,2165.97
-11799840.55,4655575.64,2165.9
-11799842.08,4655574.87,2165.9
-11799843.65,4655574.08,2166.1
-11799845.14,4655573.32,2166.25
-11799846.64,4655572.5600000005,2166.35
-11799850.11,4655569.7700000005,2176.92
-11799848.91,4655571.0200000005,2170.38
-11799848.18,4655571.8,2166.35
-11799851.59,4655569.04,2176.76
-11799850.41,4655570.29,2170.31
-11799849.69,4655571.05,2166.35
-11799852.83,4655568.5600000005,2175.44
-11799852.3,4655569.13,2172.51
-11799853.89,4655568.28,2173.13
-11799852.66,4655569.57,2166.32
-11799855.33,4655567.61,2172.75
-11799854.96,4655567.99,2170.71
-11799854.200000001,4655568.8,2166.44
-11799857.76,4655565.86,2177.98
-11799857.43,4655566.21,2176.1
-11799857.15,4655566.51,2174.54
-11799855.700000001,4655568.0600000005,2166.42
-11799859.31,4655565.04,2178.42
-11799859.01,4655565.37,2176.65
-11799857.200000001,4655567.32,2166.44
-11799858.700000001,4655566.5600000005,2166.53
-11799859.61,4655568.43,2166.48
-11799858.59,4655568.63,2169.38
-11799858.370000001,4655568.89,2168.08
-11799858.14,4655569.14,2166.76
-11799857.13,4655569.36,2169.59
-11799856.89,4655569.600000001,2168.28
-11799856.58,4655569.95,2166.44
-11799855.57,4655570.17,2169.24
-11799855.07,4655570.7,2166.44
-11799854.290000001,4655570.68,2170.38
-11799854.1,4655570.89,2169.3
-11799852.96,4655571.25,2171.32
-11799851.700000001,4655571.72,2172.65
-11799851.450000001,4655572.0,2171.29
-11799850.21,4655572.48,2172.55
-11799849.81,4655572.91,2170.38
-11799848.01,4655573.96,2168.83
-11799847.540000001,4655574.46,2166.28
-11799846.01,4655575.25,2166.1
-11799844.48,4655576.0200000005,2165.92
-11799842.98,4655576.7700000005,2165.96
-11799841.49,4655577.5,2166.03
-11799839.97,4655578.26,2166.04
-11799838.47,4655579.0,2166.07
-11799836.950000001,4655579.76,2166.11
-11799835.44,4655580.51,2166.1
-11799833.94,4655581.2700000005,2166.09
-11799832.41,4655582.03,2166.05
-11799830.92,4655582.78,2166.04
-11799829.4,4655583.51,2166.04
-11799827.89,4655584.2700000005,2166.03
-11799826.38,4655585.04,2165.97
-11799824.84,4655585.8,2165.9
-11799823.33,4655586.5600000005,2165.85
-11799821.81,4655587.34,2165.77
-11799820.24,4655588.12,2165.67
-11799818.73,4655588.88,2165.65
-11799817.21,4655589.65,2165.72
-11799815.73,4655590.34,2165.85
-11799814.21,4655591.100000001,2165.86
-11799812.69,4655591.86,2165.84
-11799811.17,4655592.64,2165.78
-11799809.64,4655593.4,2165.76
-11799808.1,4655594.16,2165.75
-11799806.55,4655594.96,2165.59
-11799805.040000001,4655595.69,2165.65
-11799803.55,4655596.45,2165.63
-11799802.08,4655597.17,2165.81
-11799800.67,4655597.8,2166.38
-11799799.0,4655598.69,2165.73
-11799797.47,4655599.47,2165.74
-11799795.94,4655600.23,2165.65
-11799794.94,4655600.49,2168.02
-11799793.47,4655601.19,2168.34
-11799792.86,4655601.79,2165.53
-11799791.370000001,4655602.5200000005,2165.58
-11799789.82,4655603.28,2165.5
-11799788.28,4655604.07,2165.47
-11799787.24,4655604.350000001,2167.75
-11799786.76,4655604.82,2165.57
-11799785.76,4655605.07,2167.98
-11799784.28,4655605.79,2168.15
-11799782.78,4655606.51,2168.32
-11799781.34,4655607.2,2168.65
-11799779.88,4655607.88,2168.94
-11799778.43,4655608.59,2169.25
-11799776.97,4655609.28,2169.57
-11799775.52,4655609.97,2169.92
-11799773.44,4655611.26,2167.48
-11799772.97,4655611.69,2165.48
-11799772.16,4655611.79,2168.51
-11799771.040000001,4655612.14,2170.33
-11799770.75,4655612.42,2169.11
-11799770.53,4655612.64,2168.17
-11799769.9,4655613.22,2165.51
-11799768.35,4655613.99,2165.51
-11799766.8,4655614.76,2165.5
-11799765.27,4655615.53,2165.48
-11799763.74,4655616.29,2165.47
-11799762.19,4655617.05,2165.44
-11799760.64,4655617.84,2165.42
-11799759.1,4655618.61,2165.4
-11799757.55,4655619.38,2165.36
-11799755.99,4655620.17,2165.31
-11799754.46,4655620.92,2165.4
-11799752.83,4655621.7700000005,2165.04
-11799751.33,4655622.5200000005,2165.09
-11799749.790000001,4655623.28,2165.04
-11799748.23,4655624.0600000005,2165.0
-11799746.69,4655624.8100000005,2165.02
-11799745.16,4655625.57,2165.04
-11799743.64,4655626.350000001,2165.02
-11799746.26,4655623.350000001,2181.47
-11799745.85,4655623.73,2179.82
-11799745.43,4655624.11,2178.17
-11799744.92,4655623.96,2182.13
-11799743.58,4655624.5200000005,2182.94
-11799743.200000001,4655624.88,2181.47
-11799741.56,4655625.74,2181.06
-11799741.21,4655626.0600000005,2179.63
-11799742.450000001,4655625.73,2181.13
-11799742.0,4655626.12,2179.38
-11799743.93,4655624.97,2181.31
-11799745.39,4655624.24,2181.44
-11799746.83,4655623.53,2181.38
-11799745.63,4655625.79,2164.99
-11799747.1,4655625.08,2164.99
-11799748.57,4655624.34,2165.01
-11799750.02,4655623.63,2164.97
-11799751.5,4655622.89,2164.98
-11799753.0,4655622.15,2165.02
-11799754.49,4655621.4,2165.05
-11799755.97,4655620.64,2165.15
-11799757.47,4655619.91,2165.3
-11799758.94,4655619.18,2165.33
-11799760.43,4655618.44,2165.38
-11799761.91,4655617.69,2165.4
-11799763.4,4655616.96,2165.44
-11799764.9,4655616.21,2165.44
-11799768.74,4655613.28,2175.38
-11799766.39,4655615.48,2165.44
-11799770.1,4655612.67,2174.92
-11799769.34,4655613.37,2171.69
-11799767.86,4655614.74,2165.46
-11799771.14,4655612.34,2173.13
-11799770.56,4655612.88,2170.65
-11799769.97,4655613.43,2168.15
-11799769.35,4655614.01,2165.49
-11799772.89,4655611.33,2174.3
-11799772.22,4655611.96,2171.42
-11799771.69,4655612.46,2169.17
-11799771.43,4655612.72,2168.02
-11799772.96,4655611.92,2168.3
-11799772.32,4655612.53,2165.51
-11799775.040000001,4655610.64,2170.8
-11799774.53,4655611.12,2168.57
-11799773.78,4655611.83,2165.33
-11799776.32,4655610.11,2169.71
-11799777.74,4655609.45,2169.38
-11799779.14,4655608.79,2169.06
-11799780.56,4655608.12,2168.76
-11799781.98,4655607.43,2168.46
-11799783.44,4655606.72,2168.22
-11799784.89,4655606.04,2168.04
-11799786.33,4655605.350000001,2167.86
-11799787.78,4655604.66,2167.59
-11799787.3,4655605.12,2165.42
-11799788.81,4655604.36,2165.5
-11799790.27,4655603.64,2165.44
-11799791.78,4655602.88,2165.56
-11799793.870000001,4655601.57,2168.27
-11799793.290000001,4655602.13,2165.6
-11799795.3,4655600.9,2167.94
-11799796.28,4655600.65,2165.65
-11799797.84,4655599.87,2165.71
-11799799.35,4655599.11,2165.69
-11799800.94,4655598.25,2166.34
-11799802.31,4655597.64,2165.76
-11799803.8,4655596.92,2165.56
-11799805.34,4655596.16,2165.61
-11799806.81,4655595.43,2165.57
-11799808.32,4655594.67,2165.75
-11799809.85,4655593.91,2165.75
-11799811.370000001,4655593.15,2165.76
-11799812.9,4655592.4,2165.82
-11799814.41,4655591.64,2165.85
-11799815.92,4655590.89,2165.84
-11799817.39,4655590.16,2165.71
-11799818.89,4655589.43,2165.63
-11799820.38,4655588.69,2165.59
-11799821.92,4655587.91,2165.69
-11799823.44,4655587.15,2165.76
-11799824.96,4655586.39,2165.88
-11799826.48,4655585.66,2165.9
-11799828.0,4655584.88,2166.0
-11799829.5,4655584.14,2165.99
-11799831.01,4655583.39,2166.02
-11799832.51,4655582.66,2166.02
-11799834.02,4655581.89,2166.06
-11799835.55,4655581.15,2166.07
-11799837.06,4655580.37,2166.08
-11799838.56,4655579.65,2166.08
-11799840.06,4655578.9,2166.05
-11799841.56,4655578.17,2166.03
-11799843.040000001,4655577.42,2165.99
-11799844.540000001,4655576.69,2165.94
-11799846.03,4655575.95,2165.92
-11799847.59,4655575.17,2166.15
-11799850.16,4655573.28,2172.04
-11799849.89,4655573.58,2170.49
-11799849.51,4655573.98,2168.4
-11799851.83,4655572.36,2172.85
-11799851.57,4655572.64,2171.5
-11799853.4,4655571.54,2173.4
-11799853.26,4655571.68,2172.65
-11799854.620000001,4655571.08,2171.98
-11799855.92,4655570.54,2170.94
-11799855.67,4655570.82,2169.5
-11799855.120000001,4655571.4,2166.44
-11799857.14,4655570.11,2169.3
-11799856.620000001,4655570.66,2166.42
-11799858.69,4655569.3100000005,2169.57
-11799858.16,4655569.87,2166.63
-11799859.63,4655569.16,2166.44
-11799859.64,4655571.64,2166.44
-11799858.67,4655571.83,2169.42
-11799858.14,4655572.4,2166.46
-11799856.65,4655573.14,2166.44
-11799856.0,4655572.99,2171.1
-11799854.86,4655573.34,2173.17
-11799853.57,4655573.86,2174.38
-11799851.98,4655574.71,2173.88
-11799851.59,4655575.12,2171.73
-11799850.08,4655575.88,2171.61
-11799849.9,4655576.07,2170.63
-11799849.620000001,4655576.36,2169.13
-11799849.040000001,4655576.99,2165.92
-11799847.53,4655577.73,2165.98
-11799846.040000001,4655578.45,2166.05
-11799844.57,4655579.18,2166.09
-11799843.03,4655579.94,2166.11
-11799841.52,4655580.7,2166.15
-11799840.03,4655581.44,2166.15
-11799838.52,4655582.18,2166.15
-11799836.98,4655582.97,2166.11
-11799835.46,4655583.71,2166.1
-11799833.99,4655584.46,2166.09
-11799832.47,4655585.22,2166.09
-11799830.950000001,4655585.98,2166.06
-11799829.43,4655586.74,2165.99
-11799827.89,4655587.5200000005,2165.96
-11799826.36,4655588.28,2165.85
-11799824.84,4655589.05,2165.76
-11799823.32,4655589.8100000005,2165.72
-11799821.8,4655590.57,2165.73
-11799820.3,4655591.3,2165.8
-11799818.81,4655592.05,2165.82
-11799817.28,4655592.8100000005,2165.83
-11799815.76,4655593.55,2165.86
-11799814.26,4655594.3100000005,2165.92
-11799812.72,4655595.07,2165.92
-11799811.200000001,4655595.83,2165.86
-11799809.700000001,4655596.59,2165.83
-11799808.17,4655597.34,2165.82
-11799806.620000001,4655598.12,2165.74
-11799805.07,4655598.9,2165.61
-11799803.57,4655599.66,2165.61
-11799802.06,4655600.4,2165.63
-11799800.59,4655601.09,2165.98
-11799799.19,4655601.72,2166.71
-11799798.97,4655601.93,2165.71
-11799797.46,4655602.67,2165.78
-11799795.96,4655603.43,2165.72
-11799794.43,4655604.19,2165.65
-11799792.86,4655604.99,2165.54
-11799791.34,4655605.75,2165.55
-11799789.8,4655606.51,2165.53
-11799788.290000001,4655607.26,2165.53
-11799786.74,4655608.0200000005,2165.51
-11799785.73,4655608.3,2167.83
-11799783.700000001,4655609.5600000005,2165.52
-11799782.19,4655610.3,2165.51
-11799781.33,4655610.43,2168.4
-11799780.66,4655611.08,2165.48
-11799779.85,4655611.14,2168.75
-11799778.540000001,4655611.69,2169.71
-11799778.120000001,4655612.07,2167.88
-11799777.09,4655612.37,2170.07
-11799776.75,4655612.7,2168.61
-11799776.03,4655613.37,2165.49
-11799775.85,4655612.87,2171.28
-11799774.4,4655613.5600000005,2171.65
-11799773.41,4655613.8100000005,2173.92
-11799773.15,4655614.04,2172.85
-11799773.09,4655613.44,2179.03
-11799772.02,4655614.45,2174.44
-11799771.55,4655614.87,2172.5
-11799771.44,4655614.32,2178.44
-11799770.67,4655615.03,2175.17
-11799770.22,4655615.47,2173.26
-11799770.0,4655615.03,2178.72
-11799768.58,4655616.34,2172.74
-11799768.15,4655616.72,2170.96
-11799767.83,4655617.03,2169.61
-11799765.3,4655618.72,2165.44
-11799763.73,4655619.5,2165.42
-11799762.200000001,4655620.26,2165.4
-11799760.65,4655621.04,2165.36
-11799759.07,4655621.83,2165.31
-11799757.51,4655622.63,2165.17
-11799755.950000001,4655623.4,2165.1
-11799754.4,4655624.18,2165.09
-11799752.83,4655624.96,2164.97
-11799751.27,4655625.75,2164.92
-11799749.76,4655626.48,2164.99
-11799746.59,4655626.25,2182.81
-11799751.09,4655626.39,2164.88
-11799752.59,4655625.65,2164.92
-11799754.09,4655624.88,2165.01
-11799755.56,4655624.18,2165.02
-11799757.02,4655623.45,2165.0
-11799758.56,4655622.68,2165.13
-11799760.06,4655621.92,2165.27
-11799761.56,4655621.17,2165.31
-11799763.040000001,4655620.41,2165.36
-11799764.540000001,4655619.69,2165.38
-11799767.6,4655617.48,2172.03
-11799767.23,4655617.83,2170.49
-11799766.03,4655618.93,2165.42
-11799770.65,4655615.3,2178.65
-11799769.18,4655616.65,2172.42
-11799768.82,4655617.0,2170.88
-11799768.53,4655617.28,2169.67
-11799772.07,4655614.600000001,2178.47
-11799771.3,4655615.33,2175.19
-11799773.66,4655613.7700000005,2178.9
-11799773.08,4655614.3100000005,2176.44
-11799772.61,4655614.74,2174.47
-11799774.84,4655613.32,2177.69
-11799773.73,4655614.36,2172.92
-11799775.56,4655613.3100000005,2174.38
-11799775.06,4655613.75,2172.28
-11799776.56,4655613.03,2172.26
-11799777.61,4655612.71,2170.34
-11799776.48,4655613.78,2165.49
-11799779.52,4655611.58,2172.17
-11799778.75,4655612.3,2168.85
-11799777.96,4655613.03,2165.4
-11799780.200000001,4655611.61,2168.65
-11799779.44,4655612.32,2165.32
-11799781.6,4655610.95,2168.24
-11799780.97,4655611.5600000005,2165.46
-11799782.48,4655610.8100000005,2165.47
-11799783.950000001,4655610.08,2165.47
-11799785.950000001,4655608.850000001,2167.77
-11799785.43,4655609.350000001,2165.46
-11799786.94,4655608.600000001,2165.48
-11799788.44,4655607.84,2165.5
-11799789.94,4655607.12,2165.52
-11799791.44,4655606.37,2165.52
-11799792.91,4655605.63,2165.54
-11799794.41,4655604.89,2165.49
-11799795.950000001,4655604.13,2165.61
-11799797.47,4655603.37,2165.73
-11799799.18,4655602.42,2166.65
-11799798.97,4655602.62,2165.69
-11799800.49,4655601.86,2165.82
-11799801.94,4655601.16,2165.6
-11799803.44,4655600.41,2165.56
-11799804.98,4655599.67,2165.57
-11799806.5,4655598.88,2165.69
-11799808.02,4655598.15,2165.77
-11799809.51,4655597.4,2165.81
-11799811.01,4655596.64,2165.84
-11799812.540000001,4655595.88,2165.88
-11799814.07,4655595.13,2165.9
-11799815.56,4655594.4,2165.86
-11799817.040000001,4655593.67,2165.81
-11799818.53,4655592.93,2165.83
-11799820.05,4655592.18,2165.8
-11799821.57,4655591.43,2165.78
-11799823.06,4655590.68,2165.83
-11799824.53,4655589.98,2165.69
-11799826.06,4655589.22,2165.75
-11799827.61,4655588.44,2165.85
-11799829.120000001,4655587.68,2165.92
-11799830.63,4655586.92,2165.99
-11799832.15,4655586.17,2166.03
-11799833.66,4655585.43,2166.06
-11799835.18,4655584.67,2166.06
-11799836.69,4655583.9,2166.08
-11799838.19,4655583.18,2166.08
-11799839.69,4655582.44,2166.11
-11799841.19,4655581.69,2166.13
-11799842.72,4655580.93,2166.13
-11799844.22,4655580.18,2166.11
-11799845.700000001,4655579.46,2166.07
-11799847.19,4655578.72,2166.03
-11799848.71,4655577.98,2165.99
-11799851.05,4655576.350000001,2170.6
-11799850.86,4655576.54,2169.57
-11799853.07,4655575.04,2173.46
-11799854.42,4655574.45,2172.79
-11799856.09,4655573.5200000005,2173.74
-11799855.6,4655574.05,2170.99
-11799856.81,4655573.63,2169.32
-11799856.290000001,4655574.19,2166.4
-11799857.790000001,4655573.44,2166.42
-11799859.33,4655572.68,2166.42
-11799859.43,4655575.2,2166.42
-11799857.94,4655575.95,2166.38
-11799856.42,4655576.71,2166.29
-11799855.46,4655576.86,2169.35
-11799854.9,4655577.49,2166.17
-11799854.03,4655577.5600000005,2169.69
-11799853.83,4655577.7700000005,2168.61
-11799853.36,4655578.2700000005,2165.99
-11799851.85,4655579.0200000005,2166.02
-11799850.35,4655579.75,2166.07
-11799848.85,4655580.49,2166.13
-11799847.35,4655581.22,2166.17
-11799845.86,4655581.97,2166.17
-11799844.38,4655582.71,2166.17
-11799842.85,4655583.47,2166.17
-11799841.33,4655584.23,2166.15
-11799839.82,4655584.99,2166.11
-11799838.290000001,4655585.75,2166.13
-11799836.78,4655586.49,2166.11
-11799835.24,4655587.2700000005,2166.06
-11799833.72,4655588.03,2166.02
-11799832.22,4655588.76,2165.96
-11799830.72,4655589.54,2165.88
-11799829.17,4655590.32,2165.76
-11799827.66,4655591.0600000005,2165.82
-11799826.15,4655591.8,2165.9
-11799824.64,4655592.54,2165.92
-11799823.11,4655593.3,2165.92
-11799822.09,4655593.58,2168.25
-11799821.61,4655594.0600000005,2165.88
-11799820.09,4655594.82,2165.88
-11799818.58,4655595.57,2165.88
-11799817.05,4655596.33,2165.88
-11799815.53,4655597.08,2165.84
-11799814.03,4655597.84,2165.92
-11799812.52,4655598.58,2165.94
-11799810.97,4655599.36,2165.88
-11799809.4,4655600.13,2165.85
-11799808.18,4655600.61,2167.22
-11799807.88,4655600.89,2165.81
-11799806.35,4655601.67,2165.72
-11799804.82,4655602.45,2165.55
-11799803.290000001,4655603.19,2165.54
-11799801.76,4655603.96,2165.52
-11799800.28,4655604.69,2165.61
-11799798.86,4655605.350000001,2166.13
-11799797.49,4655605.93,2166.92
-11799795.68,4655606.99,2165.55
-11799794.17,4655607.72,2165.63
-11799792.63,4655608.5,2165.59
-11799791.11,4655609.26,2165.56
-11799789.56,4655610.0200000005,2165.51
-11799788.01,4655610.8,2165.5
-11799786.47,4655611.55,2165.52
-11799784.96,4655612.3100000005,2165.47
-11799783.44,4655613.07,2165.46
-11799781.9,4655613.850000001,2165.47
-11799780.93,4655614.08,2167.94
-11799780.36,4655614.61,2165.46
-11799779.76,4655614.5,2169.44
-11799779.49,4655614.75,2168.31
-11799778.81,4655615.39,2165.35
-11799778.73,4655614.79,2171.58
-11799778.25,4655615.25,2169.51
-11799777.3,4655616.14,2165.4
-11799777.91,4655614.88,2174.61
-11799777.38,4655615.38,2172.35
-11799777.51,4655614.59,2179.42
-11799776.88,4655615.18,2176.71
-11799776.08,4655615.2700000005,2179.79
-11799775.55,4655615.76,2177.52
-11799775.17,4655616.11,2175.94
-11799775.22,4655615.38,2182.72
-11799774.700000001,4655615.87,2180.52
-11799773.99,4655615.86,2184.02
-11799772.73,4655616.38,2185.03
-11799772.040000001,4655617.03,2182.11
-11799770.92,4655617.42,2183.85
-11799768.61,4655619.55,2174.17
-11799766.82,4655620.55,2173.13
-11799764.96,4655622.2700000005,2165.36
-11799763.44,4655623.03,2165.34
-11799762.76,4655622.98,2168.88
-11799762.35,4655623.4,2167.13
-11799761.89,4655623.79,2165.29
-11799762.69,4655622.42,2174.92
-11799762.15,4655622.91,2172.67
-11799761.38,4655622.97,2175.8
-11799757.24,4655626.13,2165.17
-11799760.64,4655623.850000001,2175.75
-11799758.01,4655626.28,2164.97
-11799762.25,4655622.99,2176.36
-11799763.700000001,4655622.29,2176.27
-11799763.32,4655622.64,2174.71
-11799762.82,4655623.11,2172.63
-11799763.3,4655623.3,2168.55
-11799762.950000001,4655623.62,2167.09
-11799762.52,4655624.0200000005,2165.27
-11799764.02,4655623.28,2165.29
-11799767.36,4655620.82,2173.08
-11799765.52,4655622.5200000005,2165.31
-11799772.09,4655617.0600000005,2186.77
-11799771.34,4655617.75,2183.65
-11799769.05,4655619.86,2174.04
-11799767.77,4655621.05,2168.63
-11799773.11,4655616.76,2184.84
-11799774.58,4655616.03,2184.86
-11799774.35,4655616.22,2183.9
-11799775.84,4655615.49,2184.03
-11799774.96,4655616.3100000005,2180.32
-11799774.35,4655616.89,2177.67
-11799776.38,4655615.64,2180.03
-11799775.77,4655616.21,2177.42
-11799777.700000001,4655615.05,2179.38
-11799777.1,4655615.600000001,2176.81
-11799778.0,4655615.43,2174.3
-11799777.5,4655615.9,2172.17
-11799779.14,4655615.0200000005,2172.84
-11799780.44,4655614.45,2172.08
-11799780.07,4655614.8,2170.47
-11799779.84,4655615.01,2169.51
-11799779.55,4655615.28,2168.25
-11799781.25,4655614.350000001,2169.13
-11799780.41,4655615.15,2165.44
-11799781.92,4655614.41,2165.42
-11799783.44,4655613.65,2165.46
-11799784.93,4655612.93,2165.44
-11799786.43,4655612.18,2165.49
-11799787.94,4655611.43,2165.48
-11799789.450000001,4655610.69,2165.49
-11799790.96,4655609.93,2165.5
-11799792.46,4655609.19,2165.55
-11799793.96,4655608.44,2165.6
-11799795.47,4655607.7,2165.58
-11799797.26,4655606.68,2166.92
-11799796.950000001,4655606.99,2165.44
-11799798.76,4655605.94,2166.88
-11799798.5,4655606.19,2165.71
-11799800.02,4655605.42,2165.79
-11799801.47,4655604.75,2165.52
-11799802.98,4655604.0,2165.5
-11799804.47,4655603.25,2165.51
-11799806.02,4655602.46,2165.65
-11799807.82,4655601.43,2167.01
-11799807.56,4655601.7,2165.74
-11799809.32,4655600.7,2167.04
-11799809.05,4655600.96,2165.8
-11799810.55,4655600.21,2165.86
-11799812.09,4655599.45,2165.92
-11799813.6,4655598.7,2165.9
-11799815.08,4655597.98,2165.83
-11799816.59,4655597.22,2165.84
-11799818.1,4655596.46,2165.88
-11799819.61,4655595.74,2165.88
-11799821.120000001,4655594.98,2165.86
-11799822.64,4655594.22,2165.92
-11799824.13,4655593.49,2165.9
-11799825.65,4655592.75,2165.92
-11799827.13,4655592.01,2165.88
-11799828.63,4655591.26,2165.8
-11799830.13,4655590.54,2165.77
-11799831.66,4655589.78,2165.86
-11799833.15,4655589.0200000005,2165.94
-11799834.67,4655588.26,2166.01
-11799836.200000001,4655587.5,2166.07
-11799837.73,4655586.75,2166.1
-11799839.24,4655586.01,2166.1
-11799840.75,4655585.25,2166.11
-11799842.28,4655584.49,2166.11
-11799843.790000001,4655583.75,2166.15
-11799845.290000001,4655583.0,2166.17
-11799846.790000001,4655582.2700000005,2166.17
-11799848.290000001,4655581.5200000005,2166.13
-11799849.8,4655580.7700000005,2166.13
-11799851.3,4655580.04,2166.09
-11799852.8,4655579.3,2166.04
-11799854.28,4655578.58,2166.01
-11799855.81,4655577.8,2166.15
-11799857.370000001,4655577.0200000005,2166.29
-11799858.89,4655576.24,2166.42
-11799859.49,4655578.59,2166.26
-11799857.96,4655579.38,2166.05
-11799856.44,4655580.11,2166.1
-11799854.92,4655580.88,2166.13
-11799853.42,4655581.62,2166.19
-11799851.96,4655582.350000001,2166.21
-11799850.46,4655583.09,2166.23
-11799848.950000001,4655583.84,2166.23
-11799847.44,4655584.600000001,2166.22
-11799845.9,4655585.36,2166.19
-11799844.4,4655586.100000001,2166.19
-11799842.91,4655586.84,2166.19
-11799841.38,4655587.600000001,2166.15
-11799839.84,4655588.38,2166.11
-11799838.32,4655589.13,2166.06
-11799836.8,4655589.89,2166.01
-11799835.31,4655590.65,2165.92
-11799833.78,4655591.41,2165.88
-11799832.26,4655592.17,2165.85
-11799830.77,4655592.9,2165.94
-11799829.26,4655593.66,2165.97
-11799827.73,4655594.4,2165.99
-11799826.23,4655595.14,2166.03
-11799824.700000001,4655595.9,2166.04
-11799823.16,4655596.67,2166.05
-11799821.64,4655597.43,2166.04
-11799820.1,4655598.19,2165.92
-11799818.6,4655598.95,2165.92
-11799817.09,4655599.7,2165.9
-11799815.58,4655600.46,2165.9
-11799814.06,4655601.21,2165.9
-11799812.870000001,4655601.65,2167.31
-11799812.6,4655601.92,2166.04
-11799811.5,4655602.25,2168.01
-11799809.93,4655603.05,2167.97
-11799808.26,4655603.94,2167.36
-11799806.4,4655605.03,2165.74
-11799804.870000001,4655605.8100000005,2165.61
-11799803.34,4655606.5600000005,2165.5
-11799801.790000001,4655607.350000001,2165.52
-11799800.26,4655608.11,2165.54
-11799798.73,4655608.850000001,2165.56
-11799797.38,4655609.45,2166.42
-11799795.96,4655610.100000001,2166.94
-11799794.59,4655610.71,2167.65
-11799792.950000001,4655611.57,2167.13
-11799792.59,4655611.91,2165.56
-11799791.1,4655612.66,2165.52
-11799789.57,4655613.42,2165.51
-11799788.03,4655614.18,2165.51
-11799786.51,4655614.94,2165.51
-11799784.97,4655615.71,2165.48
-11799783.450000001,4655616.47,2165.44
-11799781.91,4655617.23,2165.46
-11799781.59,4655616.84,2170.76
-11799781.25,4655617.16,2169.29
-11799780.370000001,4655617.98,2165.46
-11799780.58,4655617.11,2173.03
-11799780.11,4655617.55,2171.03
-11799779.77,4655617.87,2169.55
-11799778.82,4655618.7700000005,2165.42
-11799779.46,4655617.48,2174.82
-11799779.07,4655617.850000001,2173.11
-11799778.16,4655618.03,2175.69
-11799777.9,4655618.28,2174.6
-11799777.52,4655617.95,2179.6
-11799776.88,4655617.88,2183.36
-11799776.61,4655618.12,2182.17
-11799775.8,4655618.22,2185.15
-11799774.66,4655618.63,2186.7
-11799773.6,4655618.96,2188.6
-11799773.3,4655619.22,2187.34
-11799771.86,4655619.92,2187.65
-11799767.13,4655624.32,2167.83
-11799766.540000001,4655624.86,2165.35
-11799766.08,4655624.64,2169.86
-11799765.63,4655625.05,2168.02
-11799765.34,4655624.66,2173.15
-11799764.75,4655624.55,2177.13
-11799764.34,4655624.91,2175.47
-11799763.22,4655625.3,2177.15
-11799761.85,4655625.92,2177.8
-11799761.55,4655626.19,2176.59
-11799762.28,4655626.350000001,2177.36
-11799763.5,4655625.850000001,2176.44
-11799764.81,4655625.28,2175.72
-11799764.51,4655625.55,2174.52
-11799765.67,4655625.12,2173.17
-11799765.39,4655625.38,2172.01
-11799766.43,4655625.07,2170.13
-11799766.03,4655625.42,2168.53
-11799765.25,4655626.16,2165.23
-11799771.52,4655620.96,2185.3
-11799767.41,4655624.79,2168.11
-11799766.75,4655625.41,2165.32
-11799773.48,4655619.79,2187.38
-11799772.53,4655620.67,2183.42
-11799770.46,4655622.600000001,2174.69
-11799774.700000001,4655619.29,2186.38
-11799774.31,4655619.65,2184.67
-11799774.02,4655619.93,2183.47
-11799776.22,4655618.54,2186.4
-11799775.58,4655619.14,2183.73
-11799774.41,4655620.23,2178.76
-11799776.61,4655618.82,2181.9
-11799776.17,4655619.23,2180.02
-11799775.63,4655619.74,2177.72
-11799778.21,4655617.94,2182.63
-11799777.82,4655618.32,2180.92
-11799776.48,4655619.57,2175.19
-11799778.27,4655618.55,2176.48
-11799777.89,4655618.92,2174.84
-11799779.75,4655617.82,2176.42
-11799778.97,4655618.57,2173.03
-11799780.46,4655617.8100000005,2173.09
-11799780.02,4655618.25,2171.15
-11799781.53,4655617.51,2171.19
-11799780.950000001,4655618.05,2168.69
-11799780.18,4655618.78,2165.35
-11799781.69,4655618.0200000005,2165.4
-11799783.19,4655617.3,2165.38
-11799784.700000001,4655616.54,2165.44
-11799786.200000001,4655615.8,2165.46
-11799787.69,4655615.05,2165.48
-11799789.17,4655614.33,2165.48
-11799790.67,4655613.58,2165.48
-11799792.21,4655612.82,2165.5
-11799794.36,4655611.44,2168.57
-11799794.09,4655611.71,2167.26
-11799793.67,4655612.12,2165.4
-11799795.69,4655610.86,2167.78
-11799796.88,4655610.41,2166.46
-11799798.19,4655609.86,2165.56
-11799799.700000001,4655609.11,2165.53
-11799801.18,4655608.39,2165.48
-11799802.68,4655607.66,2165.49
-11799804.21,4655606.9,2165.54
-11799805.78,4655606.11,2165.67
-11799807.67,4655604.99,2167.53
-11799807.28,4655605.36,2165.71
-11799809.200000001,4655604.2,2167.79
-11799810.74,4655603.41,2167.99
-11799812.24,4655602.67,2167.96
-11799813.61,4655602.0600000005,2167.29
-11799813.34,4655602.33,2165.92
-11799814.81,4655601.62,2165.88
-11799816.33,4655600.88,2165.9
-11799817.83,4655600.13,2165.9
-11799819.34,4655599.38,2165.92
-11799820.86,4655598.62,2165.96
-11799822.39,4655597.850000001,2166.04
-11799823.89,4655597.13,2166.03
-11799825.38,4655596.38,2166.03
-11799826.89,4655595.64,2166.02
-11799828.39,4655594.9,2165.98
-11799829.9,4655594.16,2165.98
-11799831.4,4655593.43,2165.96
-11799832.88,4655592.71,2165.92
-11799834.39,4655591.97,2165.8
-11799835.92,4655591.19,2165.88
-11799837.450000001,4655590.42,2165.97
-11799838.950000001,4655589.69,2166.04
-11799840.450000001,4655588.94,2166.06
-11799842.0,4655588.18,2166.13
-11799843.5,4655587.43,2166.13
-11799845.01,4655586.69,2166.17
-11799846.540000001,4655585.93,2166.17
-11799848.03,4655585.18,2166.19
-11799849.540000001,4655584.44,2166.23
-11799851.05,4655583.7,2166.22
-11799852.55,4655582.94,2166.17
-11799854.07,4655582.2,2166.17
-11799855.540000001,4655581.48,2166.15
-11799857.03,4655580.75,2166.11
-11799858.51,4655580.0200000005,2166.05
-11799859.51,4655582.13,2166.19
-11799858.03,4655582.86,2166.22
-11799856.53,4655583.59,2166.25
-11799855.02,4655584.350000001,2166.27
-11799853.540000001,4655585.08,2166.28
-11799852.05,4655585.83,2166.25
-11799850.5,4655586.59,2166.23
-11799848.96,4655587.36,2166.21
-11799847.46,4655588.11,2166.19
-11799845.950000001,4655588.86,2166.15
-11799844.44,4655589.62,2166.13
-11799842.91,4655590.36,2166.09
-11799841.4,4655591.13,2166.02
-11799839.89,4655591.89,2165.97
-11799838.34,4655592.66,2165.86
-11799836.84,4655593.41,2165.9
-11799835.36,4655594.13,2166.01
-11799833.84,4655594.88,2166.06
-11799832.34,4655595.61,2166.07
-11799830.81,4655596.37,2166.06
-11799829.31,4655597.13,2166.07
-11799827.8,4655597.88,2166.08
-11799826.28,4655598.61,2166.11
-11799824.76,4655599.37,2166.1
-11799823.25,4655600.13,2166.11
-11799821.74,4655600.88,2166.09
-11799820.21,4655601.66,2166.02
-11799818.68,4655602.42,2165.96
-11799817.14,4655603.19,2165.94
-11799815.61,4655603.95,2165.92
-11799814.1,4655604.7,2165.9
-11799812.92,4655605.11,2167.58
-11799811.42,4655605.83,2167.69
-11799809.93,4655606.58,2167.76
-11799809.52,4655606.97,2165.81
-11799808.0,4655607.74,2165.75
-11799806.72,4655608.2700000005,2166.83
-11799805.56,4655608.66,2168.58
-11799804.23,4655609.22,2169.58
-11799803.92,4655609.5200000005,2168.17
-11799803.35,4655610.07,2165.51
-11799801.8,4655610.850000001,2165.48
-11799800.28,4655611.61,2165.48
-11799798.78,4655612.33,2165.5
-11799797.290000001,4655613.0600000005,2165.63
-11799795.76,4655613.84,2165.6
-11799794.22,4655614.600000001,2165.58
-11799792.67,4655615.37,2165.55
-11799791.15,4655616.12,2165.54
-11799789.63,4655616.88,2165.48
-11799788.11,4655617.63,2165.49
-11799786.55,4655618.41,2165.49
-11799785.01,4655619.17,2165.47
-11799783.48,4655619.92,2165.42
-11799782.540000001,4655620.12,2168.09
-11799781.94,4655620.71,2165.4
-11799781.71,4655620.21,2171.13
-11799781.02,4655620.88,2168.11
-11799780.370000001,4655621.49,2165.28
-11799780.49,4655620.7,2172.36
-11799780.040000001,4655621.13,2170.42
-11799779.68,4655620.78,2175.42
-11799777.34,4655623.0,2165.33
-11799778.71,4655621.01,2177.86
-11799778.09,4655621.61,2175.17
-11799778.02,4655620.98,2181.44
-11799777.02,4655621.92,2177.13
-11799776.26,4655622.64,2173.9
-11799776.03,4655622.84,2172.94
-11799775.83,4655622.350000001,2178.61
-11799775.58,4655622.600000001,2177.53
-11799775.22,4655622.26,2182.5
-11799774.9,4655622.57,2181.13
-11799773.07,4655624.25,2173.4
-11799774.08,4655622.67,2184.04
-11799773.77,4655622.95,2182.77
-11799772.61,4655624.04,2177.85
-11799770.74,4655625.13,2176.36
-11799770.21,4655625.62,2174.13
-11799770.64,4655625.76,2176.11
-11799770.290000001,4655626.07,2174.73
-11799773.75,4655623.49,2182.98
-11799772.56,4655624.61,2177.99
-11799774.89,4655623.09,2181.47
-11799773.42,4655624.47,2175.25
-11799775.83,4655622.86,2179.19
-11799776.73,4655622.69,2176.71
-11799776.13,4655623.26,2174.13
-11799775.85,4655623.5200000005,2172.92
-11799778.59,4655621.600000001,2178.26
-11799777.46,4655622.65,2173.47
-11799779.38,4655621.5200000005,2175.31
-11799778.68,4655622.17,2172.3
-11799780.07,4655621.51,2172.02
-11799779.48,4655622.08,2169.47
-11799778.52,4655623.0,2165.31
-11799781.64,4655620.71,2172.44
-11799782.75,4655620.34,2170.71
-11799782.1,4655620.95,2167.88
-11799781.52,4655621.49,2165.36
-11799783.03,4655620.76,2165.38
-11799784.53,4655620.01,2165.42
-11799786.03,4655619.28,2165.44
-11799787.52,4655618.53,2165.47
-11799789.03,4655617.8,2165.48
-11799790.52,4655617.05,2165.49
-11799792.040000001,4655616.3,2165.53
-11799793.540000001,4655615.55,2165.54
-11799795.040000001,4655614.82,2165.61
-11799796.56,4655614.0600000005,2165.67
-11799798.05,4655613.34,2165.55
-11799799.52,4655612.62,2165.4
-11799801.05,4655611.86,2165.48
-11799802.55,4655611.11,2165.44
-11799805.44,4655609.0200000005,2171.9
-11799805.08,4655609.37,2170.27
-11799806.41,4655608.8100000005,2169.44
-11799807.35,4655608.59,2166.92
-11799808.61,4655608.100000001,2165.75
-11799810.120000001,4655607.34,2165.83
-11799811.96,4655606.2700000005,2167.38
-11799811.64,4655606.600000001,2165.86
-11799813.46,4655605.54,2167.26
-11799813.18,4655605.84,2165.88
-11799814.69,4655605.09,2165.9
-11799816.19,4655604.33,2165.9
-11799817.68,4655603.61,2165.94
-11799819.19,4655602.86,2165.94
-11799820.72,4655602.100000001,2166.04
-11799822.23,4655601.33,2166.08
-11799823.75,4655600.59,2166.11
-11799825.28,4655599.84,2166.1
-11799826.790000001,4655599.08,2166.1
-11799828.26,4655598.36,2166.09
-11799829.77,4655597.61,2166.07
-11799831.290000001,4655596.88,2166.06
-11799832.78,4655596.13,2166.05
-11799834.31,4655595.37,2166.05
-11799835.81,4655594.65,2166.05
-11799837.31,4655593.91,2165.97
-11799838.790000001,4655593.18,2165.84
-11799840.290000001,4655592.45,2165.92
-11799841.8,4655591.7,2165.98
-11799843.33,4655590.92,2166.07
-11799844.870000001,4655590.16,2166.11
-11799846.38,4655589.42,2166.13
-11799847.9,4655588.66,2166.17
-11799849.43,4655587.91,2166.17
-11799850.94,4655587.16,2166.19
-11799852.44,4655586.41,2166.25
-11799853.950000001,4655585.67,2166.26
-11799855.42,4655584.93,2166.28
-11799856.92,4655584.2,2166.26
-11799858.43,4655583.46,2166.23
-11799859.43,4655585.57,2166.33
-11799857.94,4655586.3100000005,2166.32
-11799856.44,4655587.0600000005,2166.3
-11799854.92,4655587.82,2166.28
-11799853.41,4655588.57,2166.27
-11799851.89,4655589.3100000005,2166.23
-11799850.370000001,4655590.09,2166.21
-11799848.85,4655590.850000001,2166.15
-11799847.36,4655591.59,2166.11
-11799845.85,4655592.350000001,2166.05
-11799844.3,4655593.12,2166.02
-11799842.76,4655593.88,2165.94
-11799841.26,4655594.63,2165.97
-11799839.76,4655595.36,2166.06
-11799838.25,4655596.11,2166.11
-11799836.75,4655596.84,2166.13
-11799835.28,4655597.58,2166.13
-11799833.75,4655598.34,2166.13
-11799832.22,4655599.100000001,2166.15
-11799830.700000001,4655599.850000001,2166.15
-11799829.21,4655600.600000001,2166.15
-11799827.69,4655601.34,2166.15
-11799826.19,4655602.08,2166.19
-11799824.67,4655602.850000001,2166.17
-11799823.13,4655603.61,2166.11
-11799821.61,4655604.37,2166.09
-11799820.07,4655605.13,2166.06
-11799818.53,4655605.91,2165.98
-11799817.02,4655606.65,2165.97
-11799815.6,4655607.32,2166.4
-11799814.57,4655607.59,2168.73
-11799813.11,4655608.29,2169.02
-11799811.53,4655609.09,2168.73
-11799809.4,4655610.44,2165.81
-11799808.19,4655610.91,2167.25
-11799807.44,4655610.9,2170.85
-11799807.200000001,4655611.13,2169.75
-11799806.200000001,4655611.38,2172.17
-11799803.49,4655613.29,2166.72
-11799803.24,4655613.54,2165.58
-11799801.700000001,4655614.3100000005,2165.44
-11799800.19,4655615.0600000005,2165.47
-11799798.63,4655615.84,2165.4
-11799797.120000001,4655616.57,2165.55
-11799795.72,4655617.22,2165.99
-11799794.1,4655618.07,2165.56
-11799792.57,4655618.83,2165.53
-11799791.03,4655619.61,2165.5
-11799789.47,4655620.38,2165.48
-11799787.93,4655621.14,2165.47
-11799786.43,4655621.89,2165.47
-11799784.89,4655622.65,2165.44
-11799783.34,4655623.42,2165.4
-11799782.77,4655623.28,2169.57
-11799781.81,4655624.18,2165.38
-11799780.24,4655624.97,2165.33
-11799778.71,4655625.73,2165.32
-11799778.86,4655624.88,2172.61
-11799778.57,4655625.16,2171.38
-11799776.71,4655626.24,2169.86
-11799776.07,4655626.17,2173.67
-11799775.76,4655626.46,2172.38
-11799775.14,4655626.36,2176.24
-11799778.36,4655625.75,2172.88
-11799777.870000001,4655626.23,2170.77
-11799779.51,4655625.36,2171.33
-11799779.59,4655625.95,2165.31
-11799781.09,4655625.22,2165.33
-11799782.59,4655624.47,2165.36
-11799784.08,4655623.74,2165.4
-11799785.57,4655623.0,2165.44
-11799787.07,4655622.25,2165.44
-11799788.57,4655621.5200000005,2165.44
-11799790.08,4655620.76,2165.46
-11799791.6,4655620.03,2165.47
-11799793.13,4655619.25,2165.59
-11799794.620000001,4655618.5200000005,2165.51
-11799796.16,4655617.74,2165.72
-11799797.59,4655617.07,2165.42
-11799799.08,4655616.350000001,2165.38
-11799800.57,4655615.61,2165.4
-11799802.96,4655613.99,2169.5
-11799802.63,4655614.3100000005,2167.98
-11799802.09,4655614.84,2165.51
-11799803.96,4655613.75,2167.26
-11799806.370000001,4655612.100000001,2171.51
-11799806.06,4655612.4,2170.07
-11799805.620000001,4655612.83,2168.06
-11799807.4,4655611.84,2169.26
-11799807.13,4655612.100000001,2168.04
-11799806.88,4655612.34,2166.8
-11799808.19,4655611.79,2165.82
-11799809.700000001,4655611.07,2165.81
-11799811.83,4655609.7,2168.79
-11799813.38,4655608.9,2169.13
-11799814.82,4655608.22,2168.88
-11799816.28,4655607.5200000005,2168.6
-11799815.77,4655608.03,2166.15
-11799817.25,4655607.32,2165.99
-11799818.77,4655606.57,2165.94
-11799820.3,4655605.82,2166.0
-11799821.790000001,4655605.08,2166.05
-11799823.31,4655604.33,2166.1
-11799824.84,4655603.57,2166.11
-11799826.36,4655602.82,2166.13
-11799827.83,4655602.07,2166.13
-11799829.35,4655601.34,2166.15
-11799830.84,4655600.59,2166.13
-11799832.35,4655599.86,2166.13
-11799833.84,4655599.12,2166.15
-11799835.34,4655598.39,2166.17
-11799836.82,4655597.64,2166.15
-11799838.35,4655596.9,2166.15
-11799839.85,4655596.17,2166.06
-11799841.35,4655595.44,2166.03
-11799842.81,4655594.73,2165.88
-11799844.32,4655593.98,2165.94
-11799845.86,4655593.21,2166.04
-11799847.38,4655592.45,2166.06
-11799848.92,4655591.68,2166.13
-11799850.43,4655590.92,2166.19
-11799851.94,4655590.19,2166.19
-11799853.48,4655589.43,2166.23
-11799855.0,4655588.67,2166.25
-11799856.5,4655587.93,2166.3
-11799857.98,4655587.2,2166.29
-11799859.48,4655586.44,2166.33
-11799859.540000001,4655588.68,2166.32
-11799858.040000001,4655589.43,2166.32
-11799856.49,4655590.19,2166.29
-11799854.98,4655590.95,2166.25
-11799853.49,4655591.69,2166.21
-11799851.97,4655592.45,2166.17
-11799850.46,4655593.21,2166.13
-11799848.92,4655593.97,2166.08
-11799847.41,4655594.74,2165.97
-11799845.91,4655595.49,2165.92
-11799844.43,4655596.2,2166.06
-11799842.93,4655596.93,2166.11
-11799841.42,4655597.68,2166.11
-11799839.92,4655598.41,2166.13
-11799838.4,4655599.17,2166.19
-11799836.89,4655599.92,2166.19
-11799835.36,4655600.68,2166.19
-11799833.85,4655601.42,2166.17
-11799832.33,4655602.18,2166.15
-11799830.81,4655602.94,2166.17
-11799829.3,4655603.68,2166.17
-11799827.78,4655604.45,2166.19
-11799826.24,4655605.21,2166.15
-11799824.74,4655605.95,2166.13
-11799823.22,4655606.71,2166.1
-11799821.69,4655607.47,2166.02
-11799820.17,4655608.23,2165.96
-11799819.19,4655608.45,2168.63
-11799818.64,4655608.98,2166.03
-11799817.73,4655609.12,2168.9
-11799816.290000001,4655609.83,2169.17
-11799814.83,4655610.5200000005,2169.44
-11799813.27,4655611.3100000005,2169.27
-11799811.68,4655612.14,2168.94
-11799810.1,4655612.95,2168.63
-11799809.5,4655613.55,2165.75
-11799807.99,4655614.3100000005,2165.76
-11799807.02,4655614.48,2168.47
-11799806.8,4655614.69,2167.47
-11799806.44,4655615.07,2165.78
-11799806.09,4655614.65,2171.28
-11799805.17,4655614.82,2174.01
-11799803.66,4655615.58,2173.97
-11799803.370000001,4655615.86,2172.63
-11799800.27,4655618.16,2165.38
-11799798.72,4655618.93,2165.4
-11799797.19,4655619.69,2165.4
-11799795.69,4655620.42,2165.52
-11799794.16,4655621.18,2165.51
-11799792.64,4655621.92,2165.51
-11799791.09,4655622.7,2165.49
-11799789.53,4655623.48,2165.47
-11799787.99,4655624.25,2165.44
-11799786.48,4655624.99,2165.42
-11799784.950000001,4655625.75,2165.42
-11799785.44,4655626.18,2165.4
-11799786.94,4655625.44,2165.42
-11799788.450000001,4655624.68,2165.42
-11799789.950000001,4655623.95,2165.44
-11799791.43,4655623.22,2165.48
-11799792.950000001,4655622.46,2165.58
-11799794.64,4655621.54,2166.38
-11799794.46,4655621.71,2165.59
-11799795.94,4655621.0,2165.42
-11799797.42,4655620.28,2165.36
-11799798.92,4655619.53,2165.36
-11799800.42,4655618.8100000005,2165.36
-11799804.370000001,4655615.68,2176.61
-11799803.93,4655616.11,2174.57
-11799803.59,4655616.43,2173.02
-11799803.07,4655616.95,2170.6
-11799805.52,4655615.29,2174.86
-11799806.51,4655615.04,2172.59
-11799806.21,4655615.34,2171.17
-11799807.14,4655615.15,2168.63
-11799806.52,4655615.7700000005,2165.72
-11799808.040000001,4655615.0,2165.79
-11799810.15,4655613.67,2168.67
-11799809.540000001,4655614.26,2165.8
-11799811.71,4655612.87,2168.99
-11799813.290000001,4655612.05,2169.31
-11799814.85,4655611.24,2169.61
-11799816.3,4655610.5600000005,2169.36
-11799817.76,4655609.88,2169.11
-11799819.21,4655609.18,2168.84
-11799820.63,4655608.51,2168.55
-11799820.11,4655609.04,2165.99
-11799821.63,4655608.28,2165.98
-11799823.74,4655606.95,2168.81
-11799823.19,4655607.5200000005,2166.06
-11799824.700000001,4655606.75,2166.11
-11799826.19,4655606.03,2166.15
-11799827.700000001,4655605.28,2166.17
-11799829.200000001,4655604.55,2166.17
-11799830.71,4655603.8,2166.17
-11799832.22,4655603.0600000005,2166.13
-11799833.72,4655602.32,2166.13
-11799835.23,4655601.5600000005,2166.17
-11799836.76,4655600.82,2166.19
-11799838.61,4655599.71,2168.0
-11799838.26,4655600.09,2166.15
-11799839.78,4655599.34,2166.15
-11799841.27,4655598.600000001,2166.13
-11799842.77,4655597.84,2166.11
-11799844.290000001,4655597.12,2166.1
-11799845.75,4655596.41,2165.94
-11799847.25,4655595.68,2165.92
-11799848.76,4655594.92,2165.99
-11799850.3,4655594.16,2166.05
-11799851.82,4655593.4,2166.11
-11799853.34,4655592.65,2166.17
-11799854.83,4655591.89,2166.22
-11799856.35,4655591.15,2166.25
-11799857.870000001,4655590.41,2166.28
-11799859.4,4655589.65,2166.28
-11799859.64,4655592.13,2166.29
-11799858.13,4655592.87,2166.26
-11799856.6,4655593.63,2166.24
-11799855.08,4655594.4,2166.19
-11799853.55,4655595.16,2166.11
-11799852.040000001,4655595.92,2166.04
-11799850.56,4655596.64,2166.17
-11799849.02,4655597.4,2166.03
-11799847.55,4655598.15,2166.09
-11799846.02,4655598.9,2166.11
-11799844.51,4655599.65,2166.13
-11799843.040000001,4655600.350000001,2166.22
-11799841.52,4655601.11,2166.23
-11799839.99,4655601.88,2166.23
-11799838.49,4655602.600000001,2166.28
-11799836.99,4655603.36,2166.25
-11799835.450000001,4655604.12,2166.22
-11799833.93,4655604.89,2166.19
-11799832.41,4655605.64,2166.19
-11799830.86,4655606.4,2166.19
-11799829.370000001,4655607.15,2166.19
-11799827.85,4655607.89,2166.15
-11799826.9,4655608.08,2168.9
-11799825.44,4655608.78,2169.15
-11799823.9,4655609.54,2169.02
-11799822.35,4655610.34,2168.9
-11799820.88,4655611.04,2169.17
-11799819.43,4655611.72,2169.44
-11799817.98,4655612.41,2169.73
-11799816.52,4655613.100000001,2169.97
-11799814.97,4655613.88,2169.88
-11799813.38,4655614.71,2169.55
-11799811.82,4655615.5200000005,2169.19
-11799810.200000001,4655616.36,2168.86
-11799808.01,4655617.7700000005,2165.78
-11799807.5,4655617.54,2170.32
-11799807.24,4655617.78,2169.19
-11799806.5,4655617.75,2172.92
-11799805.88,4655618.37,2170.07
-11799805.13,4655618.350000001,2173.61
-11799804.76,4655618.73,2171.94
-11799803.42,4655620.05,2165.71
-11799802.61,4655620.11,2168.94
-11799802.34,4655620.36,2167.69
-11799801.86,4655620.84,2165.48
-11799800.31,4655621.61,2165.4
-11799798.77,4655622.37,2165.36
-11799797.21,4655623.17,2165.3
-11799795.69,4655623.91,2165.34
-11799794.21,4655624.61,2165.46
-11799792.75,4655625.32,2165.72
-11799791.18,4655626.13,2165.53
-11799792.72,4655625.99,2165.97
-11799794.13,4655625.36,2165.38
-11799795.59,4655624.65,2165.26
-11799797.08,4655623.92,2165.3
-11799798.58,4655623.17,2165.32
-11799800.1,4655622.41,2165.38
-11799802.44,4655620.87,2169.11
-11799801.63,4655621.65,2165.4
-11799803.75,4655620.32,2168.23
-11799803.19,4655620.86,2165.69
-11799806.23,4655618.61,2172.81
-11799805.3,4655619.5200000005,2168.48
-11799804.98,4655619.84,2167.02
-11799804.68,4655620.14,2165.63
-11799807.1,4655618.48,2169.94
-11799806.64,4655618.94,2167.85
-11799806.44,4655619.13,2166.9
-11799806.19,4655619.39,2165.71
-11799808.33,4655618.0200000005,2168.65
-11799807.73,4655618.62,2165.83
-11799809.870000001,4655617.22,2168.85
-11799811.43,4655616.44,2169.15
-11799813.040000001,4655615.61,2169.51
-11799814.620000001,4655614.8,2169.85
-11799816.17,4655613.99,2170.19
-11799817.63,4655613.29,2169.96
-11799819.09,4655612.61,2169.69
-11799820.540000001,4655611.92,2169.42
-11799821.99,4655611.22,2169.17
-11799823.48,4655610.51,2168.96
-11799825.040000001,4655609.72,2169.31
-11799826.5,4655609.01,2169.17
-11799827.94,4655608.34,2168.9
-11799828.88,4655608.15,2166.13
-11799830.38,4655607.43,2166.13
-11799831.89,4655606.67,2166.17
-11799833.41,4655605.91,2166.19
-11799834.950000001,4655605.18,2166.19
-11799836.55,4655604.32,2166.73
-11799838.05,4655603.59,2166.73
-11799839.450000001,4655602.95,2166.24
-11799840.97,4655602.2,2166.25
-11799842.49,4655601.45,2166.23
-11799844.0,4655600.72,2166.17
-11799845.48,4655599.99,2166.11
-11799846.98,4655599.26,2166.1
-11799848.49,4655598.51,2166.09
-11799850.16,4655597.61,2166.85
-11799851.51,4655597.03,2166.0
-11799853.02,4655596.3,2166.01
-11799854.55,4655595.5200000005,2166.1
-11799856.07,4655594.76,2166.13
-11799857.58,4655594.03,2166.21
-11799859.08,4655593.28,2166.26
-11799859.81,4655595.59,2166.22
-11799858.290000001,4655596.34,2166.17
-11799856.78,4655597.100000001,2166.1
-11799855.26,4655597.86,2166.0
-11799853.8,4655598.57,2166.15
-11799852.28,4655599.32,2166.15
-11799850.790000001,4655600.05,2166.21
-11799849.32,4655600.76,2166.22
-11799847.790000001,4655601.53,2166.17
-11799846.57,4655601.96,2167.97
-11799844.73,4655603.05,2166.19
-11799843.25,4655603.78,2166.27
-11799841.75,4655604.5200000005,2166.31
-11799840.22,4655605.28,2166.3
-11799838.700000001,4655606.03,2166.33
-11799837.290000001,4655606.66,2166.85
-11799835.74,4655607.44,2166.63
-11799834.43,4655608.0,2167.63
-11799832.870000001,4655608.79,2167.46
-11799831.38,4655609.51,2167.61
-11799829.86,4655610.2700000005,2167.47
-11799828.6,4655610.7700000005,2168.61
-11799828.1,4655611.3,2166.13
-11799827.14,4655611.47,2169.0
-11799825.68,4655612.14,2169.31
-11799824.18,4655612.89,2169.42
-11799822.72,4655613.58,2169.69
-11799821.28,4655614.26,2169.97
-11799819.82,4655614.96,2170.24
-11799818.28,4655615.72,2170.15
-11799816.700000001,4655616.55,2169.85
-11799815.11,4655617.37,2169.5
-11799813.6,4655618.12,2169.53
-11799812.01,4655618.92,2169.25
-11799810.46,4655619.72,2169.0
-11799808.950000001,4655620.44,2169.15
-11799807.32,4655621.3,2168.78
-11799805.15,4655622.67,2165.76
-11799803.6,4655623.46,2165.69
-11799802.06,4655624.23,2165.67
-11799800.48,4655625.0200000005,2165.42
-11799798.950000001,4655625.79,2165.33
-11799800.05,4655625.86,2165.38
-11799801.6,4655625.08,2165.55
-11799803.16,4655624.29,2165.84
-11799804.66,4655623.54,2165.8
-11799806.81,4655622.18,2168.69
-11799806.16,4655622.82,2165.71
-11799808.370000001,4655621.38,2169.02
-11799809.91,4655620.59,2169.23
-11799811.370000001,4655619.89,2169.11
-11799812.950000001,4655619.0600000005,2169.48
-11799814.42,4655618.38,2169.26
-11799815.94,4655617.59,2169.49
-11799817.52,4655616.79,2169.82
-11799819.09,4655615.98,2170.13
-11799820.63,4655615.21,2170.27
-11799822.08,4655614.5200000005,2169.99
-11799823.540000001,4655613.84,2169.73
-11799824.97,4655613.16,2169.46
-11799826.42,4655612.48,2169.17
-11799827.88,4655611.78,2168.9
-11799829.32,4655611.11,2168.63
-11799828.84,4655611.600000001,2166.22
-11799830.64,4655610.53,2167.76
-11799832.200000001,4655609.75,2168.03
-11799833.68,4655609.05,2167.82
-11799835.16,4655608.33,2167.69
-11799834.870000001,4655608.61,2166.19
-11799836.49,4655607.79,2166.65
-11799838.0,4655607.03,2166.79
-11799839.4,4655606.4,2166.29
-11799840.9,4655605.65,2166.31
-11799842.42,4655604.9,2166.31
-11799843.93,4655604.17,2166.24
-11799845.77,4655603.08,2167.97
-11799847.26,4655602.36,2167.86
-11799848.46,4655601.94,2166.22
-11799849.94,4655601.22,2166.25
-11799851.43,4655600.48,2166.19
-11799852.94,4655599.73,2166.19
-11799854.450000001,4655598.99,2166.17
-11799855.91,4655598.29,2166.01
-11799857.44,4655597.53,2166.07
-11799858.96,4655596.76,2166.13
-11799859.98,4655598.94,2166.05
-11799858.51,4655599.65,2166.17
-11799857.0,4655600.41,2166.23
-11799855.48,4655601.15,2166.25
-11799853.99,4655601.89,2166.28
-11799852.46,4655602.64,2166.29
-11799850.96,4655603.38,2166.32
-11799849.46,4655604.12,2166.35
-11799847.94,4655604.88,2166.33
-11799846.41,4655605.63,2166.28
-11799844.89,4655606.37,2166.3
-11799843.39,4655607.12,2166.34
-11799841.9,4655607.84,2166.38
-11799840.38,4655608.600000001,2166.38
-11799838.870000001,4655609.36,2166.32
-11799837.66,4655609.8,2167.86
-11799837.33,4655610.14,2166.15
-11799836.15,4655610.55,2167.85
-11799835.81,4655610.9,2166.13
-11799834.69,4655611.23,2168.17
-11799833.24,4655611.91,2168.5
-11799831.790000001,4655612.600000001,2168.84
-11799830.35,4655613.2700000005,2169.13
-11799828.9,4655613.96,2169.4
-11799827.43,4655614.66,2169.69
-11799825.96,4655615.37,2169.92
-11799824.51,4655616.05,2170.23
-11799822.97,4655616.8100000005,2170.17
-11799821.41,4655617.62,2169.86
-11799819.82,4655618.45,2169.56
-11799818.22,4655619.2700000005,2169.26
-11799816.61,4655620.100000001,2168.92
-11799815.09,4655620.850000001,2168.9
-11799813.68,4655621.5200000005,2169.22
-11799812.21,4655622.21,2169.51
-11799810.65,4655622.99,2169.36
-11799809.06,4655623.8100000005,2169.05
-11799807.450000001,4655624.65,2168.75
-11799805.3,4655626.0200000005,2165.84
-11799806.07,4655626.32,2165.84
-11799808.17,4655624.99,2168.67
-11799809.73,4655624.18,2168.99
-11799811.34,4655623.36,2169.34
-11799812.85,4655622.59,2169.38
-11799814.290000001,4655621.93,2169.03
-11799815.71,4655621.28,2168.69
-11799817.25,4655620.5,2168.84
-11799818.81,4655619.69,2169.15
-11799820.36,4655618.9,2169.46
-11799821.94,4655618.100000001,2169.77
-11799823.51,4655617.29,2170.09
-11799825.06,4655616.51,2170.26
-11799826.47,4655615.850000001,2169.97
-11799827.92,4655615.17,2169.65
-11799829.370000001,4655614.5,2169.3
-11799830.790000001,4655613.83,2168.97
-11799832.24,4655613.13,2168.67
-11799831.71,4655613.7,2166.01
-11799833.68,4655612.47,2168.26
-11799833.18,4655612.99,2165.78
-11799835.13,4655611.8,2167.94
-11799836.69,4655611.0,2168.31
-11799836.25,4655611.46,2166.09
-11799838.07,4655610.350000001,2167.88
-11799837.76,4655610.67,2166.29
-11799839.31,4655609.92,2166.35
-11799840.870000001,4655609.14,2166.4
-11799842.38,4655608.4,2166.38
-11799843.870000001,4655607.67,2166.35
-11799845.35,4655606.95,2166.33
-11799846.83,4655606.23,2166.31
-11799848.34,4655605.48,2166.35
-11799849.89,4655604.72,2166.36
-11799851.39,4655603.98,2166.33
-11799852.89,4655603.24,2166.32
-11799854.39,4655602.5,2166.3
-11799855.91,4655601.7700000005,2166.26
-11799857.42,4655601.0200000005,2166.23
-11799858.950000001,4655600.2700000005,2166.19
-11799859.36,4655602.66,2166.28
-11799857.81,4655603.43,2166.33
-11799856.22,4655604.21,2166.36
-11799854.67,4655604.97,2166.36
-11799853.16,4655605.72,2166.38
-11799851.63,4655606.46,2166.38
-11799850.08,4655607.24,2166.4
-11799848.52,4655608.0200000005,2166.42
-11799846.97,4655608.78,2166.42
-11799845.46,4655609.54,2166.38
-11799844.290000001,4655609.91,2168.26
-11799842.73,4655610.69,2168.19
-11799842.370000001,4655611.04,2166.36
-11799840.86,4655611.79,2166.49
-11799839.71,4655612.14,2168.52
-11799838.25,4655612.82,2168.98
-11799836.13,4655614.17,2166.17
-11799834.57,4655614.95,2166.08
-11799833.0,4655615.74,2166.0
-11799831.950000001,4655615.97,2168.55
-11799831.43,4655616.51,2165.94
-11799830.48,4655616.68,2168.88
-11799828.99,4655617.37,2169.21
-11799827.5,4655618.07,2169.54
-11799826.03,4655618.76,2169.86
-11799824.44,4655619.58,2169.61
-11799822.85,4655620.4,2169.28
-11799821.23,4655621.24,2168.94
-11799819.63,4655622.04,2168.75
-11799818.07,4655622.84,2168.65
-11799817.47,4655623.44,2165.82
-11799815.93,4655624.18,2165.85
-11799814.99,4655624.34,2168.67
-11799813.5,4655625.04,2169.03
-11799812.040000001,4655625.73,2169.42
-11799810.47,4655626.51,2169.28
-11799812.48,4655626.2,2169.24
-11799813.89,4655625.54,2168.9
-11799815.32,4655624.88,2168.58
-11799814.76,4655625.44,2165.92
-11799816.25,4655624.72,2165.84
-11799818.370000001,4655623.36,2168.78
-11799817.73,4655623.99,2165.75
-11799819.98,4655622.51,2169.27
-11799821.38,4655621.88,2168.79
-11799822.93,4655621.08,2169.09
-11799824.51,4655620.2700000005,2169.4
-11799826.1,4655619.46,2169.72
-11799827.56,4655618.75,2169.47
-11799828.97,4655618.09,2169.15
-11799830.41,4655617.42,2168.84
-11799831.9,4655616.73,2168.55
-11799831.370000001,4655617.26,2165.9
-11799832.88,4655616.5200000005,2165.96
-11799834.4,4655615.76,2166.03
-11799835.91,4655615.01,2166.13
-11799837.870000001,4655613.8,2168.49
-11799837.4,4655614.28,2166.15
-11799839.4,4655613.0,2168.69
-11799840.71,4655612.5,2167.55
-11799840.51,4655612.71,2166.57
-11799841.99,4655612.0,2166.4
-11799843.84,4655610.88,2168.25
-11799844.98,4655610.5200000005,2166.4
-11799846.52,4655609.7700000005,2166.42
-11799848.06,4655609.01,2166.42
-11799849.58,4655608.25,2166.38
-11799851.07,4655607.53,2166.38
-11799852.56,4655606.79,2166.4
-11799854.040000001,4655606.0600000005,2166.38
-11799855.53,4655605.34,2166.35
-11799857.040000001,4655604.600000001,2166.35
-11799858.57,4655603.850000001,2166.32
-11799860.07,4655603.11,2166.29
-11799860.07,4655605.72,2166.38
-11799858.56,4655606.48,2166.38
-11799857.040000001,4655607.2,2166.4
-11799855.53,4655607.96,2166.4
-11799854.05,4655608.7,2166.42
-11799852.53,4655609.45,2166.44
-11799851.040000001,4655610.18,2166.47
-11799849.5,4655610.94,2166.46
-11799847.99,4655611.68,2166.48
-11799846.51,4655612.42,2166.5
-11799845.01,4655613.16,2166.47
-11799843.51,4655613.91,2166.48
-11799842.42,4655614.19,2168.86
-11799841.99,4655614.63,2166.61
-11799840.97,4655614.86,2169.33
-11799840.450000001,4655615.4,2166.65
-11799839.48,4655615.57,2169.36
-11799838.9,4655616.2,2166.36
-11799837.38,4655616.95,2166.36
-11799836.22,4655617.33,2168.08
-11799835.85,4655617.72,2166.22
-11799835.01,4655617.76,2169.56
-11799834.3,4655618.51,2165.94
-11799833.75,4655618.24,2170.86
-11799833.56,4655618.45,2169.9
-11799833.17,4655618.84,2167.97
-11799832.75,4655618.47,2173.46
-11799832.39,4655618.84,2171.72
-11799831.4,4655619.05,2174.25
-11799829.99,4655619.68,2174.77
-11799829.6,4655620.100000001,2172.85
-11799828.32,4655620.600000001,2174.08
-11799827.76,4655621.18,2171.28
-11799827.33,4655621.61,2169.21
-11799825.74,4655622.42,2168.99
-11799824.19,4655623.22,2168.67
-11799823.59,4655623.83,2165.74
-11799822.08,4655624.57,2165.8
-11799821.22,4655624.67,2168.94
-11799821.01,4655624.87,2167.97
-11799820.56,4655625.33,2165.77
-11799819.64,4655625.45,2168.67
-11799819.02,4655626.09,2165.72
-11799820.46,4655626.08,2165.73
-11799821.98,4655625.32,2165.77
-11799823.46,4655624.600000001,2165.8
-11799825.56,4655623.26,2168.73
-11799827.99,4655621.58,2173.23
-11799827.69,4655621.89,2171.69
-11799827.370000001,4655622.21,2170.17
-11799827.16,4655622.43,2169.09
-11799829.63,4655620.69,2173.94
-11799829.03,4655621.3,2170.97
-11799831.3,4655619.7700000005,2174.8
-11799832.540000001,4655619.3100000005,2173.48
-11799831.73,4655620.14,2169.49
-11799831.3,4655620.59,2167.31
-11799831.01,4655620.88,2165.88
-11799833.72,4655618.89,2171.92
-11799834.88,4655618.53,2170.09
-11799834.06,4655619.37,2165.98
-11799835.96,4655618.22,2167.97
-11799835.6,4655618.600000001,2166.15
-11799837.16,4655617.82,2166.31
-11799839.26,4655616.45,2169.33
-11799838.68,4655617.0600000005,2166.35
-11799840.83,4655615.65,2169.61
-11799842.26,4655614.98,2169.28
-11799841.790000001,4655615.48,2166.84
-11799843.22,4655614.82,2166.51
-11799844.74,4655614.07,2166.47
-11799846.27,4655613.3,2166.5
-11799847.75,4655612.59,2166.48
-11799849.28,4655611.83,2166.49
-11799850.76,4655611.11,2166.44
-11799852.26,4655610.37,2166.44
-11799853.78,4655609.64,2166.42
-11799855.27,4655608.9,2166.38
-11799856.77,4655608.16,2166.38
-11799858.3,4655607.4,2166.4
-11799859.81,4655606.67,2166.38
-11799859.74,4655609.3,2166.42
-11799858.200000001,4655610.0600000005,2166.44
-11799856.69,4655610.8100000005,2166.46
-11799855.200000001,4655611.55,2166.47
-11799853.69,4655612.28,2166.49
-11799852.16,4655613.03,2166.53
-11799850.92,4655613.5,2167.92
-11799849.56,4655614.07,2168.83
-11799847.64,4655615.26,2166.69
-11799846.16,4655615.98,2166.69
-11799845.17,4655616.18,2169.4
-11799843.71,4655616.850000001,2169.75
-11799842.25,4655617.55,2170.08
-11799840.74,4655618.3100000005,2169.94
-11799839.14,4655619.15,2169.51
-11799837.69,4655619.8,2169.96
-11799836.98,4655620.5600000005,2166.38
-11799836.81,4655619.92,2173.15
-11799836.48,4655620.24,2171.53
-11799835.26,4655620.69,2173.02
-11799835.07,4655620.9,2172.03
-11799834.81,4655621.16,2170.75
-11799834.17,4655621.01,2175.05
-11799833.14,4655622.05,2169.99
-11799832.58,4655621.84,2174.71
-11799830.94,4655622.71,2174.13
-11799829.25,4655624.44,2165.81
-11799829.540000001,4655623.32,2174.71
-11799829.01,4655623.86,2172.11
-11799828.31,4655623.8100000005,2176.0
-11799827.97,4655624.16,2174.35
-11799827.23,4655624.89,2170.77
-11799826.24,4655625.92,2165.88
-11799825.89,4655625.5,2171.42
-11799825.6,4655625.78,2170.06
-11799824.31,4655626.3,2171.13
-11799826.52,4655626.07,2169.99
-11799829.03,4655624.29,2174.86
-11799828.67,4655624.66,2173.13
-11799828.21,4655625.15,2170.78
-11799830.33,4655623.78,2173.77
-11799830.07,4655624.0600000005,2172.5
-11799828.72,4655625.43,2165.83
-11799831.61,4655623.28,2172.59
-11799831.31,4655623.57,2171.13
-11799833.47,4655622.15,2174.54
-11799834.6,4655621.8,2172.74
-11799833.96,4655622.46,2169.54
-11799836.120000001,4655621.03,2172.92
-11799837.67,4655620.2700000005,2173.01
-11799837.42,4655620.51,2171.76
-11799837.0,4655620.94,2169.67
-11799836.33,4655621.64,2166.28
-11799838.47,4655620.23,2169.51
-11799840.02,4655619.45,2169.81
-11799841.64,4655618.59,2170.25
-11799843.14,4655617.89,2170.11
-11799844.57,4655617.22,2169.79
-11799846.0,4655616.5600000005,2169.44
-11799846.950000001,4655616.38,2166.67
-11799848.96,4655615.12,2169.3
-11799848.46,4655615.63,2166.73
-11799850.3,4655614.5600000005,2168.3
-11799851.65,4655614.0,2167.42
-11799853.01,4655613.39,2166.63
-11799854.49,4655612.71,2166.47
-11799855.98,4655611.97,2166.46
-11799857.47,4655611.24,2166.47
-11799858.97,4655610.49,2166.44
-11799859.26,4655613.21,2166.47
-11799857.76,4655613.93,2166.48
-11799856.36,4655614.59,2167.0
-11799854.950000001,4655615.22,2167.57
-11799853.42,4655615.98,2167.47
-11799853.25,4655616.17,2166.53
-11799852.26,4655616.34,2169.46
-11799850.82,4655617.0200000005,2169.79
-11799849.28,4655617.79,2169.58
-11799847.82,4655618.49,2169.88
-11799846.34,4655619.18,2170.23
-11799844.89,4655619.84,2170.58
-11799843.450000001,4655620.54,2170.9
-11799841.88,4655621.34,2170.61
-11799840.31,4655622.17,2170.15
-11799838.71,4655623.0,2169.71
-11799837.27,4655623.66,2170.15
-11799836.96,4655624.01,2168.53
-11799836.51,4655624.45,2166.35
-11799836.57,4655623.5600000005,2174.19
-11799836.23,4655623.92,2172.51
-11799835.75,4655623.61,2177.61
-11799835.46,4655623.92,2176.15
-11799835.200000001,4655624.17,2174.86
-11799834.450000001,4655624.12,2178.65
-11799833.02,4655624.78,2179.17
-11799831.56,4655625.49,2179.34
-11799831.23,4655625.8100000005,2177.73
-11799832.4,4655625.66,2180.44
-11799833.950000001,4655624.87,2180.61
-11799835.15,4655624.44,2179.19
-11799836.120000001,4655624.26,2176.56
-11799836.84,4655624.33,2172.59
-11799836.35,4655624.83,2170.15
-11799837.8,4655624.14,2169.97
-11799837.46,4655624.5,2168.26
-11799839.22,4655623.47,2169.69
-11799840.81,4655622.66,2170.08
-11799842.41,4655621.83,2170.48
-11799844.0,4655621.01,2170.88
-11799845.46,4655620.3100000005,2170.67
-11799846.91,4655619.63,2170.32
-11799848.36,4655618.94,2170.0
-11799849.790000001,4655618.2700000005,2169.73
-11799851.33,4655617.5,2169.88
-11799852.790000001,4655616.82,2169.57
-11799854.22,4655616.16,2169.22
-11799853.75,4655616.67,2166.65
-11799855.41,4655615.75,2167.55
-11799856.89,4655615.05,2167.33
-11799858.23,4655614.48,2166.5
-11799859.75,4655613.74,2166.47
-11799858.77,4655616.96,2168.09
-11799858.46,4655617.32,2166.36
-11799857.5,4655617.46,2169.36
-11799856.06,4655618.12,2169.72
-11799854.620000001,4655618.8100000005,2170.03
-11799853.17,4655619.48,2170.36
-11799851.72,4655620.19,2170.54
-11799850.18,4655620.95,2170.46
-11799848.72,4655621.65,2170.79
-11799847.22,4655622.38,2170.82
-11799845.66,4655623.19,2170.4
-11799844.06,4655624.04,2169.98
-11799842.46,4655624.87,2169.58
-11799840.870000001,4655625.71,2169.17
-11799841.040000001,4655626.350000001,2169.17
-11799842.620000001,4655625.55,2169.56
-11799844.19,4655624.71,2169.98
-11799845.790000001,4655623.88,2170.4
-11799847.370000001,4655623.07,2170.85
-11799848.89,4655622.3100000005,2171.02
-11799850.34,4655621.63,2170.67
-11799851.83,4655620.91,2170.58
-11799853.33,4655620.17,2170.57
-11799854.8,4655619.49,2170.24
-11799856.26,4655618.8100000005,2169.9
-11799857.69,4655618.14,2169.59
-11799859.1,4655617.49,2169.21
-11799858.63,4655618.0,2166.67
-11799859.15,4655620.42,2166.38
-11799858.22,4655620.54,2169.4
-11799856.790000001,4655621.2,2169.8
-11799855.35,4655621.88,2170.19
-11799853.92,4655622.54,2170.61
-11799852.48,4655623.22,2171.01
-11799850.99,4655623.92,2171.22
-11799849.43,4655624.73,2170.86
-11799847.84,4655625.57,2170.44
-11799846.24,4655626.39,2170.05
-11799847.76,4655626.43,2170.11
-11799849.34,4655625.62,2170.52
-11799850.89,4655624.82,2170.92
-11799852.41,4655624.0600000005,2170.99
-11799853.84,4655623.4,2170.6
-11799855.26,4655622.75,2170.19
-11799856.71,4655622.08,2169.79
-11799858.14,4655621.43,2169.38
-11799859.07,4655621.29,2166.36
-11799859.88,4655623.79,2166.36
-11799858.38,4655624.54,2166.29
-11799857.43,4655624.69,2169.3
-11799856.870000001,4655625.29,2166.29
-11799855.98,4655625.36,2169.72
-11799854.540000001,4655626.0200000005,2170.11
-11799855.56,4655626.2700000005,2169.8
-11799856.99,4655625.61,2169.4
-11799857.91,4655625.51,2166.25
-11799859.41,4655624.76,2166.28
-11799860.17,4655625.73,2179.94
-11799859.92,4655626.0,2178.6
-11799738.46,4655505.97,2165.11
-11799738.44,4655506.49,2165.07
-11799740.16,4655505.66,2165.1
-11799742.1,4655506.64,2165.11
-11799740.44,4655507.43,2165.1
-11799738.76,4655508.23,2165.08
-11799737.05,4655509.03,2165.05
-11799737.69,4655509.25,2165.05
-11799739.36,4655508.45,2165.06
-11799741.03,4655507.67,2165.1
-11799742.68,4655506.89,2165.15
-11799744.34,4655506.100000001,2165.13
-11799747.07,4655506.41,2165.13
-11799745.370000001,4655507.21,2165.17
-11799743.68,4655508.01,2165.15
-11799742.01,4655508.8,2165.11
-11799740.36,4655509.58,2165.09
-11799738.67,4655510.38,2165.05
-11799736.98,4655511.18,2165.0
-11799738.97,4655510.74,2165.01
-11799737.290000001,4655511.54,2165.02
-11799740.68,4655509.93,2165.09
-11799742.33,4655509.15,2165.11
-11799744.0,4655508.36,2165.13
-11799745.66,4655507.58,2165.17
-11799747.28,4655506.8100000005,2165.13
-11799751.96,4655506.22,2165.27
-11799751.96,4655506.01,2172.44
-11799752.64,4655505.58,2175.38
-11799750.19,4655506.86,2171.96
-11799750.48,4655506.68,2173.25
-11799750.950000001,4655506.39,2175.27
-11799751.36,4655506.15,2176.98
-11799746.94,4655508.61,2165.13
-11799745.25,4655509.4,2165.15
-11799741.97,4655510.96,2165.1
-11799743.6,4655510.19,2165.13
-11799740.27,4655511.75,2165.01
-11799738.58,4655512.57,2165.03
-11799738.540000001,4655513.05,2164.98
-11799740.21,4655512.28,2165.04
-11799743.55,4655510.7,2165.13
-11799741.870000001,4655511.49,2165.09
-11799745.19,4655509.93,2165.13
-11799746.870000001,4655509.15,2165.13
-11799748.48,4655508.39,2165.02
-11799750.44,4655507.2,2173.38
-11799750.92,4655506.9,2175.48
-11799752.620000001,4655506.100000001,2175.75
-11799751.81,4655506.82,2165.05
-11799753.63,4655505.72,2172.92
-11799757.42,4655505.47,2174.58
-11799756.1,4655506.0600000005,2176.04
-11799756.41,4655505.86,2177.42
-11799751.96,4655508.350000001,2165.17
-11799753.81,4655507.22,2173.19
-11799754.76,4655506.66,2177.33
-11799750.290000001,4655509.13,2165.11
-11799752.64,4655507.72,2175.23
-11799752.370000001,4655507.87,2174.07
-11799748.63,4655509.93,2165.13
-11799746.950000001,4655510.72,2165.13
-11799749.73,4655509.03,2177.0
-11799745.27,4655511.5,2165.15
-11799743.59,4655512.3100000005,2165.11
-11799741.94,4655513.07,2165.07
-11799740.25,4655513.88,2165.04
-11799738.57,4655514.66,2164.99
-11799738.24,4655515.33,2164.94
-11799739.9,4655514.54,2165.0
-11799741.57,4655513.76,2165.05
-11799743.23,4655512.98,2165.1
-11799744.91,4655512.19,2165.11
-11799746.57,4655511.4,2165.1
-11799748.24,4655510.63,2165.11
-11799749.89,4655509.83,2165.03
-11799752.1,4655508.51,2174.54
-11799751.540000001,4655509.0600000005,2165.13
-11799752.540000001,4655508.46,2169.44
-11799753.46,4655507.9,2173.42
-11799754.46,4655507.5200000005,2170.77
-11799755.39,4655506.96,2174.76
-11799755.82,4655506.7,2176.65
-11799758.58,4655505.46,2174.22
-11799757.26,4655506.05,2175.67
-11799759.56,4655506.5,2175.85
-11799761.34,4655505.65,2176.51
-11799757.82,4655507.33,2175.6
-11799755.89,4655508.2700000005,2174.36
-11799756.41,4655507.97,2176.6
-11799754.34,4655508.98,2174.8
-11799751.61,4655510.42,2170.11
-11799751.99,4655510.2,2171.75
-11799752.450000001,4655509.91,2173.72
-11799751.67,4655510.18,2177.42
-11799753.26,4655509.42,2177.22
-11799750.09,4655510.9,2177.83
-11799748.790000001,4655511.9,2165.13
-11799745.47,4655513.48,2165.1
-11799747.120000001,4655512.69,2165.11
-11799743.81,4655514.25,2165.09
-11799748.450000001,4655511.66,2177.8
-11799742.13,4655515.04,2165.03
-11799740.44,4655515.84,2165.0
-11799740.18,4655515.78,2171.0
-11799738.74,4655516.65,2164.94
-11799740.700000001,4655515.47,2173.19
-11799737.03,4655517.46,2164.88
-11799739.64,4655515.88,2175.69
-11799737.96,4655516.69,2175.59
-11799738.33,4655516.47,2177.11
-11799737.290000001,4655517.45,2176.05
-11799737.78,4655517.18,2178.09
-11799739.23,4655516.5200000005,2177.08
-11799737.94,4655517.5,2164.88
-11799739.58,4655516.74,2165.01
-11799741.26,4655515.96,2165.01
-11799740.96,4655515.91,2170.81
-11799742.96,4655515.15,2165.04
-11799741.48,4655515.59,2172.94
-11799744.61,4655514.37,2165.11
-11799746.25,4655513.61,2165.06
-11799749.26,4655511.79,2177.86
-11799747.9,4655512.84,2165.13
-11799750.620000001,4655511.19,2176.72
-11799750.89,4655511.03,2177.84
-11799749.58,4655512.05,2165.07
-11799752.49,4655510.28,2177.6
-11799753.11,4655510.14,2173.11
-11799755.09,4655509.17,2174.55
-11799753.38,4655509.98,2174.3
-11799756.39,4655508.59,2173.0
-11799757.15,4655508.14,2176.29
-11799758.64,4655507.46,2175.75
-11799759.870000001,4655506.95,2173.92
-11799760.24,4655506.71,2175.55
-11799762.35,4655505.68,2177.47
-11799764.23,4655506.39,2174.51
-11799764.89,4655505.98,2177.44
-11799760.370000001,4655508.49,2164.76
-11799762.75,4655507.0600000005,2175.22
-11799763.22,4655506.7700000005,2177.3
-11799758.86,4655509.19,2165.34
-11799760.27,4655508.33,2171.55
-11799760.69,4655508.08,2173.36
-11799757.16,4655509.99,2165.25
-11799758.620000001,4655509.11,2171.63
-11799759.0,4655508.88,2173.31
-11799759.540000001,4655508.54,2175.69
-11799755.49,4655510.76,2165.38
-11799756.65,4655510.07,2170.38
-11799757.03,4655509.84,2172.06
-11799757.5,4655509.5600000005,2174.09
-11799755.56,4655510.51,2172.76
-11799755.25,4655510.7,2171.42
-11799753.4,4655511.600000001,2170.63
-11799752.11,4655512.37,2165.09
-11799754.27,4655511.0600000005,2174.36
-11799753.19,4655511.5,2176.86
-11799751.48,4655512.3100000005,2176.67
-11799751.73,4655512.15,2177.78
-11799747.11,4655514.72,2165.11
-11799750.08,4655512.93,2177.8
-11799745.46,4655515.49,2165.13
-11799743.77,4655516.29,2165.06
-11799742.11,4655517.07,2165.03
-11799740.44,4655517.84,2164.99
-11799742.25,4655516.57,2179.56
-11799739.3,4655518.11,2174.19
-11799740.700000001,4655517.2700000005,2179.97
-11799738.27,4655518.51,2176.75
-11799738.700000001,4655518.26,2178.54
-11799736.97,4655519.0600000005,2178.36
-11799737.6,4655519.21,2178.07
-11799739.370000001,4655518.37,2178.6
-11799739.92,4655518.26,2173.99
-11799739.36,4655518.600000001,2171.65
-11799740.540000001,4655517.88,2176.6
-11799741.3,4655517.43,2179.74
-11799742.18,4655517.12,2176.52
-11799741.05,4655518.0,2164.92
-11799742.74,4655517.21,2165.03
-11799744.42,4655516.41,2165.06
-11799746.08,4655515.64,2165.11
-11799747.700000001,4655514.88,2165.11
-11799750.21,4655513.37,2175.83
-11799750.65,4655513.100000001,2177.73
-11799753.700000001,4655511.71,2176.57
-11799752.0,4655512.51,2176.48
-11799753.97,4655511.7700000005,2170.67
-11799752.67,4655512.55,2165.04
-11799754.21,4655511.63,2171.72
-11799754.81,4655511.26,2174.31
-11799756.11,4655510.71,2172.84
-11799758.03,4655509.78,2174.05
-11799756.03,4655510.98,2165.36
-11799758.33,4655509.8100000005,2168.07
-11799759.09,4655509.350000001,2171.4
-11799759.5,4655509.11,2173.17
-11799760.27,4655508.64,2176.57
-11799759.36,4655509.4,2165.31
-11799760.81,4655508.54,2171.65
-11799760.9,4655508.72,2164.69
-11799763.51,4655507.11,2176.27
-11799763.790000001,4655506.96,2177.51
-11799762.540000001,4655507.93,2164.67
-11799765.370000001,4655506.23,2177.21
-11799764.74,4655506.61,2174.44
-11799767.51,4655505.36,2172.33
-11799770.700000001,4655505.42,2174.25
-11799768.76,4655506.58,2165.52
-11799770.15,4655505.53,2179.19
-11799765.42,4655508.17,2165.44
-11799767.42,4655506.95,2174.38
-11799768.03,4655506.59,2177.08
-11799763.6,4655509.03,2164.72
-11799766.48,4655507.3,2177.51
-11799766.73,4655507.14,2178.67
-11799764.790000001,4655508.100000001,2177.28
-11799765.03,4655507.95,2178.36
-11799761.89,4655509.63,2171.86
-11799762.64,4655509.16,2175.17
-11799760.15,4655510.46,2171.51
-11799759.14,4655510.84,2174.25
-11799759.55,4655510.58,2176.06
-11799757.43,4655511.65,2174.08
-11799754.77,4655513.04,2169.71
-11799756.1,4655512.22,2175.49
-11799754.51,4655512.97,2175.72
-11799753.76,4655513.43,2172.49
-11799750.370000001,4655515.22,2165.08
-11799751.790000001,4655514.4,2171.13
-11799752.25,4655514.11,2173.11
-11799753.19,4655513.5600000005,2177.11
-11799751.71,4655514.22,2177.97
-11799747.07,4655516.79,2165.1
-11799749.92,4655515.07,2177.24
-11799745.4,4655517.57,2165.06
-11799743.69,4655518.38,2165.03
-11799741.97,4655519.18,2164.99
-11799740.32,4655519.96,2164.99
-11799741.78,4655519.100000001,2171.09
-11799743.870000001,4655517.84,2179.83
-11799741.81,4655518.84,2178.15
-11799742.26,4655518.59,2179.99
-11799740.4,4655519.48,2179.19
-11799740.8,4655519.25,2180.83
-11799738.14,4655520.62,2176.69
-11799738.94,4655520.15,2179.96
-11799737.5,4655520.8,2180.85
-11799737.700000001,4655521.13,2180.38
-11799738.450000001,4655520.89,2176.65
-11799738.0,4655520.95,2181.61
-11799739.120000001,4655520.5,2179.4
-11799737.97,4655521.18,2174.67
-11799740.78,4655519.71,2179.44
-11799738.84,4655520.67,2178.26
-11799741.09,4655519.53,2180.75
-11799740.56,4655520.0600000005,2171.76
-11799742.21,4655519.08,2178.59
-11799742.540000001,4655518.88,2179.98
-11799744.23,4655518.07,2180.19
-11799740.59,4655520.25,2164.94
-11799742.23,4655519.48,2165.02
-11799743.89,4655518.7,2165.03
-11799745.56,4655517.93,2165.06
-11799747.21,4655517.15,2165.1
-11799748.89,4655516.36,2165.11
-11799751.67,4655514.71,2176.97
-11799751.91,4655514.5600000005,2177.99
-11799750.540000001,4655515.59,2165.15
-11799751.94,4655514.75,2171.13
-11799753.32,4655513.91,2177.07
-11799753.1,4655514.0600000005,2176.11
-11799754.700000001,4655513.3,2175.94
-11799755.75,4655512.9,2173.26
-11799756.26,4655512.59,2175.48
-11799757.91,4655511.83,2175.42
-11799759.700000001,4655510.95,2176.19
-11799758.85,4655511.7,2165.22
-11799760.28,4655510.84,2171.5
-11799760.65,4655510.62,2173.09
-11799761.950000001,4655510.05,2171.6
-11799760.5,4655510.93,2165.19
-11799762.77,4655509.5600000005,2175.19
-11799764.82,4655508.55,2177.09
-11799765.11,4655508.38,2178.36
-11799766.8,4655507.5600000005,2178.65
-11799765.52,4655508.58,2165.44
-11799768.14,4655506.98,2177.11
-11799768.34,4655506.850000001,2178.02
-11799767.19,4655507.79,2165.38
-11799770.3,4655505.91,2179.32
-11799770.88,4655505.79,2174.55
-11799770.52,4655506.24,2165.44
-11799771.24,4655505.8,2168.73
-11799771.85,4655505.42,2171.48
-11799774.91,4655505.38,2171.75
-11799771.9,4655506.97,2165.58
-11799773.19,4655506.21,2171.42
-11799770.25,4655507.7700000005,2165.44
-11799772.21,4655506.58,2174.25
-11799773.22,4655505.97,2178.88
-11799770.58,4655507.34,2174.46
-11799770.950000001,4655507.12,2176.08
-11799771.39,4655506.850000001,2178.07
-11799766.86,4655509.36,2165.33
-11799769.97,4655507.48,2179.21
-11799765.25,4655510.09,2165.46
-11799768.1,4655508.38,2178.19
-11799766.58,4655509.3100000005,2171.38
-11799763.59,4655510.88,2165.44
-11799765.03,4655510.0200000005,2171.77
-11799766.33,4655509.22,2177.55
-11799763.84,4655510.5200000005,2173.77
-11799761.94,4655511.67,2165.36
-11799764.64,4655510.04,2177.28
-11799764.3,4655510.25,2175.81
-11799762.290000001,4655511.23,2174.26
-11799762.68,4655511.01,2175.88
-11799758.6,4655513.23,2165.3
-11799759.44,4655512.72,2168.94
-11799760.59,4655512.03,2174.01
-11799761.1,4655511.73,2176.19
-11799759.13,4655512.7,2174.84
-11799759.49,4655512.48,2176.38
-11799755.23,4655514.82,2165.15
-11799757.74,4655513.3100000005,2176.07
-11799756.08,4655514.09,2176.05
-11799754.34,4655514.91,2175.65
-11799753.77,4655515.26,2173.19
-11799750.22,4655517.17,2165.13
-11799754.870000001,4655514.58,2177.96
-11799751.42,4655516.22,2177.26
-11799752.98,4655515.51,2176.94
-11799746.9,4655518.72,2165.1
-11799748.56,4655517.95,2165.11
-11799745.22,4655519.5,2165.06
-11799743.53,4655520.3100000005,2165.01
-11799743.16,4655520.11,2177.38
-11799741.85,4655521.08,2164.97
-11799744.01,4655519.600000001,2180.94
-11799740.370000001,4655521.55,2172.63
-11799741.58,4655520.82,2177.63
-11799742.200000001,4655520.48,2180.17
-11799738.25,4655522.600000001,2170.74
-11799739.14,4655522.08,2174.38
-11799740.28,4655521.4,2179.13
-11799737.86,4655522.63,2175.97
-11799738.17,4655522.44,2177.31
-11799737.450000001,4655522.67,2181.01
-11799737.9,4655523.08,2175.94
-11799737.48,4655523.11,2181.02
-11799738.41,4655522.78,2178.03
-11799738.32,4655523.03,2170.85
-11799739.01,4655522.64,2173.63
-11799739.21,4655522.51,2174.52
-11799740.3,4655521.86,2179.03
-11799740.370000001,4655522.01,2172.54
-11799738.51,4655523.13,2164.85
-11799741.88,4655521.13,2178.81
-11799740.18,4655522.33,2164.9
-11799741.83,4655521.38,2171.76
-11799741.83,4655521.57,2164.92
-11799743.19,4655520.5600000005,2177.44
-11799745.31,4655519.49,2179.46
-11799743.49,4655520.8,2164.98
-11799745.17,4655520.0200000005,2165.04
-11799746.84,4655519.23,2165.07
-11799748.5,4655518.45,2165.11
-11799750.19,4655517.67,2165.15
-11799752.91,4655516.05,2176.75
-11799751.83,4655516.91,2165.09
-11799753.72,4655515.7700000005,2173.23
-11799754.05,4655515.58,2174.67
-11799755.11,4655515.37,2165.08
-11799756.28,4655514.46,2177.19
-11799757.32,4655514.03,2174.67
-11799757.64,4655513.86,2176.05
-11799756.76,4655514.600000001,2165.03
-11799758.31,4655513.67,2171.77
-11799759.03,4655513.24,2174.92
-11799758.43,4655513.82,2165.15
-11799760.53,4655512.54,2174.31
-11799760.96,4655512.3,2176.19
-11799760.1,4655513.04,2165.23
-11799761.31,4655512.3,2170.51
-11799762.13,4655511.82,2174.1
-11799761.77,4655512.26,2165.19
-11799763.75,4655511.07,2173.94
-11799764.07,4655510.88,2175.33
-11799763.43,4655511.49,2165.28
-11799764.870000001,4655510.61,2171.65
-11799766.1,4655509.87,2177.07
-11799765.14,4655510.67,2165.42
-11799766.46,4655509.86,2171.31
-11799768.06,4655508.92,2178.4
-11799766.78,4655509.91,2165.34
-11799768.77,4655508.71,2174.22
-11799769.72,4655508.12,2178.48
-11799770.85,4655507.67,2176.24
-11799771.36,4655507.37,2178.51
-11799770.11,4655508.36,2165.42
-11799772.99,4655506.61,2178.44
-11799771.77,4655507.5600000005,2165.54
-11799774.23,4655506.08,2176.63
-11799774.65,4655505.82,2178.57
-11799775.120000001,4655505.7700000005,2173.31
-11799775.69,4655505.43,2175.92
-11799775.040000001,4655506.05,2165.36
-11799776.08,4655505.42,2170.13
-11799776.290000001,4655505.29,2171.11
-11799777.68,4655506.03,2169.17
-11799779.33,4655505.26,2169.17
-11799775.19,4655507.3100000005,2165.38
-11799777.200000001,4655506.100000001,2174.49
-11799775.35,4655506.98,2173.69
-11799773.55,4655508.08,2165.49
-11799771.94,4655508.83,2165.57
-11799775.97,4655506.600000001,2176.49
-11799774.36,4655507.38,2176.53
-11799773.790000001,4655507.72,2173.98
-11799774.700000001,4655507.16,2178.1
-11799770.27,4655509.600000001,2165.44
-11799773.15,4655507.87,2178.44
-11799768.59,4655510.4,2165.4
-11799770.63,4655509.18,2174.48
-11799771.51,4655508.63,2178.48
-11799766.93,4655511.18,2165.36
-11799768.19,4655510.42,2170.98
-11799768.67,4655510.13,2173.13
-11799765.25,4655511.97,2165.36
-11799766.66,4655511.12,2171.65
-11799763.58,4655512.75,2165.3
-11799766.08,4655511.25,2176.36
-11799764.09,4655512.22,2174.78
-11799764.540000001,4655511.96,2176.71
-11799762.58,4655512.92,2175.33
-11799760.9,4655513.71,2175.35
-11799756.88,4655515.89,2165.19
-11799759.0,4655514.63,2174.42
-11799755.16,4655516.69,2165.11
-11799757.28,4655515.41,2174.28
-11799757.790000001,4655515.13,2176.44
-11799753.52,4655517.47,2165.06
-11799755.49,4655516.29,2173.55
-11799756.21,4655515.850000001,2176.65
-11799751.870000001,4655518.24,2165.11
-11799750.21,4655519.0200000005,2165.15
-11799748.53,4655519.8100000005,2165.13
-11799746.85,4655520.59,2165.08
-11799745.19,4655521.37,2165.05
-11799743.51,4655522.14,2165.02
-11799741.84,4655522.93,2164.94
-11799740.18,4655523.72,2164.94
-11799742.11,4655522.57,2172.98
-11799740.52,4655523.29,2173.34
-11799739.290000001,4655523.83,2175.07
-11799738.16,4655524.28,2177.19
-11799740.19,4655523.3,2178.77
-11799738.41,4655524.15,2178.23
-11799736.950000001,4655524.8100000005,2179.07
-11799737.75,4655524.9,2177.11
-11799738.22,4655524.62,2179.02
-11799738.290000001,4655524.79,2172.52
-11799738.53,4655524.65,2173.52
-11799739.01,4655524.36,2175.48
-11799739.370000001,4655524.15,2176.94
-11799740.18,4655523.87,2173.5
-11799740.63,4655523.61,2175.32
-11799739.75,4655524.34,2164.88
-11799741.75,4655523.16,2173.15
-11799743.32,4655522.44,2172.86
-11799741.4,4655523.55,2164.9
-11799743.08,4655522.78,2164.97
-11799744.76,4655522.0,2165.01
-11799746.44,4655521.2,2165.04
-11799748.13,4655520.43,2165.07
-11799749.8,4655519.64,2165.1
-11799751.44,4655518.88,2165.1
-11799753.07,4655518.11,2165.07
-11799756.68,4655516.16,2173.47
-11799754.74,4655517.34,2165.05
-11799757.4,4655515.73,2176.58
-11799756.41,4655516.5600000005,2165.1
-11799758.72,4655515.18,2175.13
-11799759.27,4655515.0600000005,2170.49
-11799758.040000001,4655515.8,2165.13
-11799760.11,4655514.5600000005,2174.17
-11799759.69,4655515.0200000005,2165.19
-11799762.1,4655513.59,2175.72
-11799761.370000001,4655514.24,2165.22
-11799765.66,4655511.9,2176.82
-11799763.63,4655512.88,2175.11
-11799767.14,4655511.23,2176.09
-11799766.39,4655511.89,2165.38
-11799767.84,4655511.03,2171.82
-11799768.43,4655510.67,2174.47
-11799768.03,4655511.13,2165.3
-11799770.41,4655509.7,2175.94
-11799770.790000001,4655509.48,2177.63
-11799771.67,4655509.16,2174.15
-11799772.64,4655508.59,2178.49
-11799771.36,4655509.58,2165.44
-11799773.27,4655508.43,2174.1
-11799773.71,4655508.17,2176.04
-11799774.07,4655507.95,2177.69
-11799773.03,4655508.78,2165.47
-11799775.53,4655507.29,2176.8
-11799774.71,4655508.0200000005,2165.38
-11799776.01,4655507.23,2171.32
-11799776.57,4655506.89,2173.84
-11799777.25,4655506.71,2169.42
-11799778.39,4655506.01,2174.63
-11799778.14,4655506.16,2173.5
-11799778.84,4655505.97,2169.11
-11799780.49,4655505.2,2169.28
-11799782.69,4655505.57,2169.11
-11799781.03,4655506.34,2169.08
-11799779.4,4655507.11,2169.1
-11799777.790000001,4655507.850000001,2169.28
-11799778.4,4655507.49,2172.04
-11799777.33,4655507.91,2174.74
-11799773.6,4655509.93,2165.38
-11799775.18,4655508.97,2172.59
-11799775.44,4655508.83,2173.72
-11799776.11,4655508.42,2176.76
-11799771.92,4655510.71,2165.35
-11799774.03,4655509.45,2174.85
-11799774.46,4655509.19,2176.77
-11799770.290000001,4655511.48,2165.38
-11799772.73,4655510.01,2176.35
-11799773.1,4655509.79,2178.0
-11799768.620000001,4655512.26,2165.34
-11799770.65,4655511.05,2174.42
-11799771.01,4655510.83,2176.05
-11799771.42,4655510.58,2177.9
-11799766.94,4655513.04,2165.29
-11799768.3,4655512.23,2171.33
-11799768.89,4655511.86,2173.96
-11799769.26,4655511.65,2175.61
-11799767.86,4655512.2700000005,2176.77
-11799764.41,4655513.91,2176.04
-11799766.3,4655512.99,2177.15
-11799760.290000001,4655516.15,2165.25
-11799761.96,4655515.36,2165.25
-11799762.69,4655514.71,2175.73
-11799762.46,4655514.86,2174.74
-11799763.01,4655514.53,2177.13
-11799758.6,4655516.95,2165.11
-11799760.23,4655515.97,2172.21
-11799760.71,4655515.68,2174.31
-11799761.040000001,4655515.5,2175.71
-11799756.96,4655517.71,2165.15
-11799755.27,4655518.5,2165.07
-11799753.58,4655519.29,2165.1
-11799751.9,4655520.0600000005,2165.13
-11799750.23,4655520.84,2165.15
-11799748.56,4655521.64,2165.11
-11799746.9,4655522.41,2165.09
-11799745.21,4655523.19,2165.06
-11799741.85,4655524.78,2164.92
-11799743.53,4655523.99,2165.03
-11799740.17,4655525.54,2164.9
-11799742.120000001,4655524.42,2172.97
-11799738.55,4655526.3,2165.09
-11799739.98,4655525.46,2171.02
-11799740.35,4655525.26,2172.52
-11799741.620000001,4655524.51,2177.78
-11799738.14,4655526.36,2170.13
-11799738.66,4655526.0600000005,2172.27
-11799738.86,4655525.93,2173.1
-11799738.61,4655525.88,2178.9
-11799737.22,4655526.48,2180.13
-11799736.98,4655526.95,2180.67
-11799738.22,4655526.42,2179.0
-11799737.83,4655526.850000001,2170.38
-11799738.47,4655526.47,2173.06
-11799739.5,4655525.87,2177.27
-11799739.92,4655525.62,2179.01
-11799740.19,4655525.67,2173.22
-11799739.85,4655526.08,2164.88
-11799741.78,4655524.93,2172.9
-11799742.64,4655524.44,2176.48
-11799741.53,4655525.29,2164.88
-11799743.23,4655524.49,2164.94
-11799744.92,4655523.71,2164.99
-11799746.6,4655522.93,2165.04
-11799748.290000001,4655522.14,2165.08
-11799750.0,4655521.34,2165.11
-11799751.72,4655520.54,2165.11
-11799753.42,4655519.75,2165.1
-11799755.1,4655518.96,2165.03
-11799756.8,4655518.18,2165.11
-11799758.47,4655517.38,2165.15
-11799760.15,4655516.4,2172.49
-11799760.9,4655515.95,2175.71
-11799762.58,4655515.16,2175.76
-11799762.9,4655514.98,2177.11
-11799764.450000001,4655514.2700000005,2176.61
-11799766.3,4655513.38,2177.5
-11799765.16,4655514.26,2165.11
-11799767.75,4655512.72,2176.63
-11799766.870000001,4655513.48,2165.17
-11799768.1,4655512.73,2170.6
-11799768.92,4655512.25,2174.29
-11799769.19,4655512.08,2175.47
-11799768.59,4655512.67,2165.33
-11799770.64,4655511.45,2174.44
-11799771.08,4655511.18,2176.42
-11799770.28,4655511.89,2165.34
-11799772.75,4655510.41,2176.4
-11799771.94,4655511.11,2165.32
-11799773.61,4655510.11,2172.88
-11799774.08,4655509.83,2174.99
-11799773.59,4655510.350000001,2165.36
-11799775.450000001,4655509.23,2173.83
-11799776.14,4655508.82,2176.9
-11799777.370000001,4655508.29,2174.9
-11799777.88,4655508.22,2169.42
-11799778.44,4655507.89,2172.0
-11799779.47,4655507.48,2169.11
-11799781.1,4655506.71,2169.05
-11799782.76,4655505.94,2169.07
-11799784.44,4655505.18,2169.1
-11799787.56,4655505.18,2169.09
-11799785.92,4655505.94,2169.06
-11799784.27,4655506.72,2169.03
-11799782.61,4655507.49,2169.02
-11799783.67,4655506.84,2173.88
-11799780.96,4655508.2700000005,2168.98
-11799782.07,4655507.600000001,2174.04
-11799779.450000001,4655508.95,2169.65
-11799776.86,4655510.29,2165.34
-11799775.17,4655511.08,2165.32
-11799776.66,4655510.17,2172.09
-11799777.24,4655509.84,2174.67
-11799773.53,4655511.84,2165.38
-11799775.6,4655510.600000001,2174.74
-11799771.88,4655512.61,2165.31
-11799770.22,4655513.39,2165.32
-11799771.84,4655512.42,2172.54
-11799768.56,4655514.16,2165.36
-11799770.83,4655512.8,2175.44
-11799771.11,4655512.63,2176.73
-11799769.24,4655513.54,2175.72
-11799765.23,4655515.7,2165.28
-11799766.76,4655514.8,2172.08
-11799767.48,4655514.38,2175.25
-11799767.83,4655514.17,2176.82
-11799766.31,4655514.850000001,2177.36
-11799761.870000001,4655517.29,2165.22
-11799764.31,4655515.84,2175.9
-11799762.05,4655516.96,2173.36
-11799762.81,4655516.5200000005,2176.69
-11799758.51,4655518.86,2165.06
-11799760.27,4655517.8,2172.77
-11799760.92,4655517.43,2175.58
-11799756.870000001,4655519.62,2165.11
-11799755.22,4655520.4,2165.08
-11799753.56,4655521.16,2165.13
-11799751.86,4655521.96,2165.13
-11799750.200000001,4655522.74,2165.11
-11799748.53,4655523.51,2165.09
-11799746.870000001,4655524.29,2165.06
-11799745.16,4655525.09,2165.03
-11799743.47,4655525.88,2164.99
-11799741.8,4655526.66,2164.9
-11799740.16,4655527.41,2165.01
-11799744.120000001,4655525.100000001,2181.4
-11799741.46,4655526.46,2177.26
-11799741.69,4655526.32,2178.19
-11799742.06,4655526.11,2179.69
-11799742.4,4655525.91,2181.11
-11799739.450000001,4655527.42,2175.88
-11799740.25,4655526.96,2179.17
-11799738.55,4655527.75,2179.07
-11799737.19,4655528.36,2180.29
-11799739.27,4655527.34,2182.01
-11799737.58,4655528.53,2179.32
-11799737.82,4655528.39,2180.3
-11799739.13,4655527.82,2178.96
-11799739.84,4655527.4,2181.85
-11799740.8,4655527.03,2179.13
-11799741.49,4655526.83,2175.11
-11799742.0,4655526.53,2177.19
-11799742.61,4655526.18,2179.69
-11799742.96,4655525.97,2181.19
-11799740.69,4655527.5,2164.94
-11799744.65,4655525.17,2181.36
-11799742.33,4655526.73,2164.86
-11799744.02,4655525.95,2164.94
-11799745.71,4655525.16,2165.02
-11799747.370000001,4655524.4,2165.03
-11799749.0,4655523.62,2165.07
-11799752.35,4655522.07,2165.11
-11799750.67,4655522.850000001,2165.07
-11799755.64,4655520.54,2165.06
-11799753.99,4655521.3,2165.1
-11799757.32,4655519.76,2165.08
-11799759.03,4655518.74,2172.52
-11799758.98,4655518.97,2165.05
-11799760.92,4655517.84,2173.5
-11799761.51,4655517.48,2176.07
-11799763.26,4655516.66,2176.56
-11799764.76,4655515.97,2175.97
-11799766.700000001,4655515.03,2177.38
-11799765.58,4655515.9,2165.19
-11799767.120000001,4655514.99,2172.03
-11799767.92,4655514.5200000005,2175.56
-11799768.200000001,4655514.33,2176.79
-11799769.63,4655513.71,2175.74
-11799769.870000001,4655513.57,2176.82
-11799768.96,4655514.32,2165.31
-11799771.24,4655512.97,2175.46
-11799771.52,4655512.8,2176.73
-11799772.200000001,4655512.62,2172.34
-11799770.620000001,4655513.55,2165.29
-11799772.27,4655512.79,2165.28
-11799773.91,4655512.03,2165.3
-11799775.99,4655510.7700000005,2174.69
-11799775.540000001,4655511.26,2165.31
-11799777.040000001,4655510.38,2172.09
-11799777.23,4655510.48,2165.31
-11799779.82,4655509.13,2169.6
-11799780.61,4655508.67,2173.21
-11799781.35,4655508.46,2169.03
-11799782.53,4655507.75,2174.42
-11799782.99,4655507.69,2168.96
-11799783.370000001,4655507.46,2170.75
-11799784.6,4655506.93,2168.97
-11799786.24,4655506.17,2169.01
-11799787.94,4655505.38,2169.05
-11799790.73,4655505.3100000005,2168.99
-11799789.06,4655506.09,2169.02
-11799789.82,4655505.63,2172.6
-11799787.36,4655506.88,2168.96
-11799788.22,4655506.37,2172.97
-11799788.59,4655506.15,2174.69
-11799785.71,4655507.65,2168.98
-11799786.44,4655507.21,2172.42
-11799786.85,4655506.97,2174.29
-11799784.07,4655508.41,2168.98
-11799784.66,4655508.0600000005,2171.74
-11799784.9,4655507.92,2172.9
-11799782.44,4655509.18,2169.06
-11799783.26,4655508.67,2172.84
-11799783.84,4655508.34,2175.5
-11799781.790000001,4655509.350000001,2173.65
-11799782.01,4655509.22,2174.61
-11799782.21,4655509.100000001,2175.55
-11799780.43,4655509.93,2174.98
-11799776.65,4655511.98,2165.3
-11799774.97,4655512.76,2165.28
-11799773.33,4655513.53,2165.3
-11799771.69,4655514.29,2165.29
-11799770.02,4655515.0600000005,2165.27
-11799770.25,4655514.72,2173.79
-11799768.33,4655515.86,2165.23
-11799770.73,4655514.43,2175.92
-11799766.67,4655516.63,2165.25
-11799769.03,4655515.23,2175.71
-11799765.02,4655517.41,2165.21
-11799767.72,4655515.8100000005,2177.13
-11799765.120000001,4655517.14,2173.06
-11799765.76,4655516.76,2175.9
-11799766.02,4655516.600000001,2177.03
-11799763.78,4655517.72,2174.5
-11799764.49,4655517.3,2177.6
-11799761.15,4655519.0600000005,2170.28
-11799761.72,4655518.73,2172.75
-11799762.24,4655518.42,2175.02
-11799762.56,4655518.24,2176.38
-11799758.32,4655520.53,2165.17
-11799756.66,4655521.29,2165.07
-11799755.02,4655522.07,2165.1
-11799753.35,4655522.86,2165.15
-11799751.69,4655523.63,2165.15
-11799750.01,4655524.41,2165.09
-11799748.36,4655525.18,2165.06
-11799746.67,4655525.97,2165.05
-11799744.94,4655526.7700000005,2164.99
-11799743.22,4655527.58,2164.96
-11799741.57,4655528.350000001,2164.92
-11799743.84,4655527.03,2174.35
-11799743.82,4655526.83,2181.06
-11799740.620000001,4655528.5200000005,2174.69
-11799740.21,4655528.57,2179.78
-11799741.8,4655527.82,2179.55
-11799738.67,4655529.28,2180.22
-11799739.1,4655529.01,2182.03
-11799737.0,4655530.05,2180.19
-11799737.28,4655530.3,2180.29
-11799739.31,4655529.29,2181.84
-11799740.49,4655528.82,2179.9
-11799738.540000001,4655530.15,2165.02
-11799740.89,4655528.78,2174.72
-11799742.16,4655528.03,2179.94
-11799743.77,4655527.3,2179.9
-11799741.8,4655528.63,2164.88
-11799744.06,4655527.32,2174.27
-11799743.46,4655527.850000001,2164.88
-11799745.120000001,4655527.09,2164.96
-11799746.8,4655526.3100000005,2165.03
-11799748.43,4655525.55,2165.05
-11799751.77,4655524.0,2165.11
-11799750.1,4655524.78,2165.08
-11799753.43,4655523.23,2165.13
-11799755.11,4655522.44,2165.09
-11799756.77,4655521.68,2165.05
-11799758.450000001,4655520.89,2165.15
-11799760.290000001,4655519.8100000005,2173.11
-11799760.13,4655520.11,2165.17
-11799761.91,4655519.0600000005,2172.94
-11799764.69,4655517.63,2177.81
-11799763.47,4655518.55,2165.23
-11799765.24,4655517.51,2173.01
-11799765.66,4655517.2700000005,2174.83
-11799765.1,4655517.79,2165.17
-11799767.8,4655516.21,2177.1
-11799766.73,4655517.04,2165.15
-11799768.16,4655516.19,2171.53
-11799769.040000001,4655515.68,2175.4
-11799768.4,4655516.25,2165.19
-11799770.32,4655515.13,2173.72
-11799770.57,4655514.99,2174.85
-11799770.07,4655515.49,2165.27
-11799771.86,4655514.42,2173.29
-11799771.72,4655514.72,2165.25
-11799773.370000001,4655513.96,2165.28
-11799775.01,4655513.19,2165.27
-11799776.65,4655512.42,2165.24
-11799778.32,4655511.66,2165.23
-11799780.28,4655510.48,2174.23
-11799781.76,4655509.82,2173.48
-11799782.290000001,4655509.5,2175.92
-11799783.97,4655508.71,2176.05
-11799784.97,4655508.33,2173.06
-11799784.05,4655508.89,2168.78
-11799785.71,4655508.100000001,2168.85
-11799786.64,4655507.55,2173.17
-11799787.03,4655507.33,2174.96
-11799788.33,4655506.76,2173.31
-11799787.39,4655507.34,2168.88
-11799789.81,4655506.08,2172.58
-11799788.72,4655506.5200000005,2175.15
-11799790.19,4655505.86,2174.4
-11799789.05,4655506.5600000005,2168.98
-11799790.68,4655505.8,2168.94
-11799791.35,4655505.4,2172.09
-11799793.81,4655505.5600000005,2168.92
-11799792.17,4655506.32,2168.9
-11799792.75,4655505.98,2171.63
-11799793.14,4655505.75,2173.53
-11799790.5,4655507.11,2168.9
-11799791.17,4655506.71,2172.06
-11799791.59,4655506.46,2174.02
-11799788.85,4655507.87,2168.86
-11799789.47,4655507.51,2171.8
-11799790.01,4655507.19,2174.27
-11799787.19,4655508.65,2168.84
-11799787.82,4655508.2700000005,2171.81
-11799788.200000001,4655508.05,2173.55
-11799788.44,4655507.9,2174.69
-11799785.53,4655509.42,2168.84
-11799786.57,4655508.78,2173.69
-11799784.06,4655510.08,2169.74
-11799786.78,4655508.68,2174.61
-11799784.4,4655509.87,2171.35
-11799784.68,4655509.72,2172.65
-11799783.8,4655510.0200000005,2176.13
-11799779.8,4655512.18,2165.28
-11799781.17,4655511.38,2171.59
-11799781.85,4655510.98,2174.67
-11799779.88,4655511.94,2173.32
-11799780.32,4655511.67,2175.31
-11799776.450000001,4655513.76,2165.25
-11799778.120000001,4655512.76,2172.86
-11799778.72,4655512.4,2175.56
-11799774.8,4655514.5200000005,2165.28
-11799773.16,4655515.29,2165.29
-11799775.200000001,4655514.08,2174.52
-11799771.52,4655516.05,2165.31
-11799773.370000001,4655514.96,2173.58
-11799769.83,4655516.83,2165.19
-11799771.78,4655515.68,2173.9
-11799770.51,4655516.23,2175.61
-11799767.49,4655517.8,2169.56
-11799768.41,4655517.25,2173.67
-11799769.15,4655516.82,2176.9
-11799766.74,4655518.04,2173.57
-11799765.36,4655518.63,2174.9
-11799767.47,4655517.600000001,2176.79
-11799764.17,4655519.13,2176.94
-11799764.74,4655519.01,2172.19
-11799759.83,4655521.48,2165.29
-11799761.08,4655520.76,2170.75
-11799761.82,4655520.33,2173.92
-11799758.120000001,4655522.29,2165.11
-11799756.47,4655523.07,2165.09
-11799754.790000001,4655523.83,2165.11
-11799753.13,4655524.62,2165.13
-11799748.16,4655526.93,2165.05
-11799751.450000001,4655525.4,2165.09
-11799746.46,4655527.72,2165.02
-11799749.790000001,4655526.17,2165.08
-11799744.78,4655528.5,2164.99
-11799743.11,4655529.29,2164.94
-11799741.44,4655530.07,2164.98
-11799743.68,4655528.76,2174.28
-11799744.05,4655528.54,2175.82
-11799739.72,4655530.87,2164.96
-11799738.06,4655531.64,2165.0
-11799742.63,4655529.17,2176.94
-11799741.08,4655529.89,2177.36
-11799740.19,4655530.22,2180.51
-11799739.05,4655530.68,2182.69
-11799737.3,4655531.51,2182.35
-11799737.36,4655531.83,2182.47
-11799739.03,4655531.05,2182.69
-11799740.0,4655530.67,2179.96
-11799740.38,4655530.45,2181.53
-11799738.02,4655532.01,2165.03
-11799741.03,4655530.28,2177.32
-11799739.67,4655531.25,2164.94
-11799743.99,4655528.92,2175.96
-11799741.34,4655530.48,2164.99
-11799742.98,4655529.72,2164.88
-11799745.14,4655528.46,2173.83
-11799744.64,4655528.94,2164.94
-11799746.32,4655528.17,2164.98
-11799747.97,4655527.38,2165.04
-11799749.620000001,4655526.62,2165.06
-11799751.290000001,4655525.84,2165.08
-11799752.98,4655525.07,2165.08
-11799756.3,4655523.53,2165.08
-11799754.66,4655524.29,2165.11
-11799757.96,4655522.75,2165.06
-11799759.64,4655521.97,2165.19
-11799761.58,4655520.82,2173.63
-11799763.870000001,4655519.69,2176.44
-11799764.540000001,4655519.5,2172.15
-11799765.05,4655519.2,2174.36
-11799765.33,4655519.03,2175.63
-11799766.540000001,4655518.5200000005,2173.63
-11799767.200000001,4655518.14,2176.49
-11799769.06,4655517.25,2177.52
-11799770.3,4655516.72,2175.74
-11799768.950000001,4655517.5200000005,2169.78
-11799773.26,4655515.39,2174.15
-11799769.620000001,4655517.34,2165.19
-11799772.92,4655515.8100000005,2165.29
-11799771.48,4655516.22,2173.49
-11799775.01,4655514.57,2174.71
-11799774.56,4655515.03,2165.25
-11799776.21,4655514.2700000005,2165.22
-11799777.92,4655513.26,2172.94
-11799780.68,4655512.05,2170.46
-11799780.19,4655512.14,2175.71
-11799783.58,4655510.54,2176.22
-11799779.540000001,4655512.71,2165.26
-11799785.28,4655509.97,2168.84
-11799784.89,4655509.98,2174.69
-11799786.31,4655509.350000001,2173.65
-11799786.92,4655509.2,2168.78
-11799787.76,4655508.69,2172.69
-11799788.22,4655508.43,2174.84
-11799789.31,4655508.0,2172.21
-11799788.59,4655508.43,2168.84
-11799790.23,4655507.67,2168.86
-11799789.73,4655507.74,2174.19
-11799791.47,4655506.92,2174.69
-11799791.870000001,4655506.91,2168.83
-11799792.81,4655506.34,2173.22
-11799793.52,4655506.13,2168.88
-11799794.17,4655505.75,2171.94
-11799795.17,4655505.37,2168.9
-11799798.67,4655505.07,2168.9
-11799797.02,4655505.86,2168.88
-11799794.64,4655507.04,2165.44
-11799795.36,4655506.64,2168.86
-11799792.99,4655507.83,2165.48
-11799794.370000001,4655506.99,2172.02
-11799794.68,4655506.82,2173.44
-11799791.35,4655508.58,2165.42
-11799793.38,4655507.38,2174.98
-11799790.42,4655508.93,2168.8
-11799791.96,4655508.0200000005,2176.02
-11799790.39,4655508.74,2176.46
-11799789.82,4655509.07,2173.79
-11799788.540000001,4655509.62,2175.46
-11799784.68,4655511.69,2165.31
-11799785.58,4655511.15,2169.5
-11799786.33,4655510.71,2172.94
-11799783.05,4655512.45,2165.36
-11799784.05,4655511.86,2169.94
-11799784.73,4655511.46,2173.09
-11799785.02,4655511.29,2174.44
-11799783.3,4655512.100000001,2174.03
-11799781.4,4655513.23,2165.29
-11799783.68,4655511.87,2175.79
-11799782.03,4655512.63,2175.88
-11799780.18,4655513.54,2175.02
-11799776.34,4655515.58,2165.21
-11799778.0,4655514.600000001,2172.69
-11799776.31,4655515.4,2172.42
-11799776.97,4655515.01,2175.44
-11799775.31,4655515.79,2175.25
-11799775.93,4655515.42,2178.08
-11799773.72,4655516.5200000005,2175.65
-11799774.07,4655516.29,2177.25
-11799772.07,4655517.28,2175.69
-11799770.57,4655517.96,2176.28
-11799767.73,4655519.42,2171.01
-11799768.89,4655518.75,2176.1
-11799769.19,4655518.57,2177.46
-11799766.34,4655520.05,2172.11
-11799767.14,4655519.58,2175.59
-11799764.540000001,4655520.89,2171.51
-11799765.31,4655520.46,2174.85
-11799765.64,4655520.26,2176.28
-11799761.370000001,4655522.55,2164.99
-11799763.11,4655521.53,2172.56
-11799759.76,4655523.3,2165.08
-11799754.76,4655525.62,2165.13
-11799758.07,4655524.09,2165.08
-11799751.42,4655527.17,2165.13
-11799756.41,4655524.86,2165.1
-11799749.72,4655527.97,2165.1
-11799753.08,4655526.41,2165.11
-11799748.05,4655528.75,2165.07
-11799746.370000001,4655529.5200000005,2165.02
-11799743.02,4655531.100000001,2164.88
-11799744.67,4655530.33,2164.94
-11799741.35,4655531.86,2164.97
-11799739.69,4655532.64,2164.98
-11799740.63,4655531.92,2175.53
-11799738.06,4655533.4,2165.03
-11799741.02,4655531.67,2177.17
-11799741.450000001,4655531.44,2178.94
-11799739.24,4655532.53,2176.79
-11799740.07,4655532.0600000005,2180.13
-11799738.870000001,4655532.54,2182.13
-11799737.540000001,4655533.3100000005,2176.73
-11799738.74,4655533.03,2176.63
-11799739.83,4655532.42,2181.06
-11799740.41,4655532.26,2176.8
-11799741.05,4655531.89,2179.36
-11799739.18,4655533.14,2164.97
-11799742.48,4655531.63,2164.9
-11799740.84,4655532.39,2164.92
-11799744.14,4655530.84,2164.9
-11799745.81,4655530.100000001,2164.97
-11799747.47,4655529.3100000005,2165.03
-11799749.15,4655528.53,2165.07
-11799750.81,4655527.76,2165.05
-11799752.49,4655526.98,2165.03
-11799754.14,4655526.21,2165.09
-11799755.790000001,4655525.45,2165.1
-11799757.48,4655524.66,2165.07
-11799760.790000001,4655523.12,2165.08
-11799759.14,4655523.9,2165.06
-11799764.07,4655521.42,2172.08
-11799766.75,4655520.0600000005,2176.51
-11799768.05,4655519.49,2175.0
-11799767.38,4655519.88,2172.04
-11799768.5,4655519.23,2176.99
-11799769.97,4655518.5600000005,2176.29
-11799771.38,4655517.93,2175.23
-11799770.76,4655518.5,2165.11
-11799773.01,4655517.17,2175.11
-11799774.69,4655516.39,2175.38
-11799775.03,4655516.18,2176.9
-11799774.08,4655516.96,2165.26
-11799775.46,4655516.13,2171.49
-11799776.44,4655515.5600000005,2175.9
-11799776.94,4655515.28,2178.11
-11799777.31,4655515.2700000005,2172.19
-11799778.09,4655514.8,2175.76
-11799779.05,4655514.43,2172.61
-11799779.53,4655514.16,2174.79
-11799781.36,4655513.28,2175.71
-11799782.63,4655512.75,2174.06
-11799783.24,4655512.39,2176.83
-11799782.370000001,4655513.11,2165.28
-11799783.99,4655512.13,2172.74
-11799784.59,4655511.79,2175.5
-11799784.42,4655511.9,2174.75
-11799784.01,4655512.34,2165.26
-11799785.02,4655511.75,2169.96
-11799785.61,4655511.4,2172.65
-11799787.05,4655510.75,2171.67
-11799787.46,4655510.5200000005,2173.57
-11799789.63,4655509.44,2175.81
-11799789.03,4655510.01,2165.32
-11799791.4,4655508.62,2176.4
-11799790.68,4655509.23,2165.44
-11799792.77,4655508.0,2175.29
-11799792.32,4655508.49,2165.4
-11799794.32,4655507.29,2174.92
-11799793.97,4655507.72,2165.44
-11799795.26,4655506.96,2171.54
-11799795.620000001,4655506.95,2165.42
-11799796.35,4655506.5200000005,2168.83
-11799797.97,4655505.76,2168.86
-11799799.620000001,4655505.0,2168.88
-11799801.86,4655505.3100000005,2168.82
-11799799.53,4655506.49,2165.48
-11799800.21,4655506.07,2168.8
-11799797.870000001,4655507.25,2165.46
-11799796.23,4655508.01,2165.44
-11799794.540000001,4655508.8,2165.42
-11799796.18,4655507.83,2173.22
-11799792.88,4655509.57,2165.42
-11799794.16,4655508.82,2171.46
-11799794.64,4655508.53,2173.77
-11799793.55,4655508.96,2176.35
-11799789.59,4655511.11,2165.38
-11799791.59,4655509.91,2174.81
-11799787.950000001,4655511.87,2165.42
-11799790.3,4655510.46,2176.4
-11799789.93,4655510.7,2174.71
-11799786.26,4655512.64,2165.35
-11799787.83,4655511.73,2172.61
-11799788.1,4655511.55,2173.88
-11799788.67,4655511.22,2176.55
-11799784.59,4655513.44,2165.35
-11799786.370000001,4655512.38,2173.56
-11799782.9,4655514.21,2165.24
-11799784.200000001,4655513.45,2171.19
-11799784.67,4655513.18,2173.38
-11799781.3,4655514.96,2165.29
-11799783.05,4655513.93,2173.34
-11799783.89,4655513.42,2177.17
-11799781.88,4655514.4,2175.58
-11799782.94,4655513.79,2180.4
-11799783.15,4655513.67,2181.4
-11799781.700000001,4655514.33,2182.19
-11799776.33,4655517.2700000005,2165.25
-11799778.120000001,4655516.23,2173.31
-11799778.540000001,4655515.98,2175.22
-11799774.620000001,4655518.0600000005,2165.13
-11799776.33,4655517.07,2172.86
-11799776.81,4655516.79,2175.03
-11799776.15,4655516.96,2179.55
-11799777.47,4655516.4,2177.97
-11799773.9,4655518.09,2176.73
-11799774.5,4655517.74,2179.42
-11799774.74,4655517.600000001,2180.5
-11799769.620000001,4655520.4,2165.1
-11799771.23,4655519.46,2172.23
-11799772.02,4655519.0,2175.74
-11799772.44,4655518.75,2177.59
-11799768.72,4655520.5200000005,2175.74
-11799770.5,4655519.69,2176.36
-11799767.28,4655521.18,2176.5
-11799763.01,4655523.47,2165.17
-11799761.31,4655524.24,2165.13
-11799756.3,4655526.58,2165.13
-11799759.63,4655525.03,2165.11
-11799754.61,4655527.36,2165.13
-11799757.97,4655525.8100000005,2165.1
-11799752.950000001,4655528.14,2165.11
-11799751.3,4655528.89,2165.13
-11799749.620000001,4655529.69,2165.07
-11799747.950000001,4655530.47,2165.1
-11799746.290000001,4655531.24,2165.0
-11799751.15,4655528.61,2178.5
-11799749.76,4655529.23,2179.48
-11799744.61,4655532.01,2164.94
-11799748.18,4655529.97,2179.8
-11799742.91,4655532.82,2164.9
-11799746.790000001,4655530.57,2181.0
-11799741.26,4655533.58,2164.98
-11799745.0,4655531.42,2180.38
-11799745.4,4655531.2,2182.05
-11799739.59,4655534.36,2165.01
-11799737.88,4655535.16,2164.98
-11799740.47,4655533.65,2175.56
-11799739.07,4655534.29,2176.63
-11799737.11,4655535.23,2175.4
-11799737.39,4655535.07,2176.55
-11799737.61,4655535.29,2174.56
-11799738.07,4655535.04,2176.4
-11799739.77,4655534.25,2176.59
-11799738.6,4655535.100000001,2164.97
-11799740.27,4655534.32,2164.96
-11799741.93,4655533.5600000005,2164.97
-11799745.26,4655531.63,2178.71
-11799745.64,4655531.43,2180.26
-11799746.03,4655531.2,2181.9
-11799743.55,4655532.8100000005,2164.84
-11799747.55,4655530.51,2181.36
-11799745.23,4655532.04,2164.9
-11799746.93,4655531.24,2165.03
-11799750.38,4655529.25,2179.48
-11799748.620000001,4655530.46,2165.02
-11799750.3,4655529.69,2165.03
-11799751.97,4655528.89,2165.06
-11799753.61,4655528.14,2165.06
-11799755.3,4655527.350000001,2165.11
-11799756.97,4655526.59,2165.1
-11799758.58,4655525.84,2165.06
-11799760.25,4655525.05,2165.09
-11799761.92,4655524.29,2165.1
-11799763.59,4655523.51,2165.1
-11799765.99,4655522.100000001,2175.57
-11799767.84,4655521.24,2176.4
-11799767.120000001,4655521.65,2173.22
-11799769.32,4655520.58,2175.67
-11799767.0,4655521.93,2165.44
-11799769.03,4655520.94,2167.17
-11799768.02,4655521.34,2169.94
-11799771.08,4655519.74,2176.28
-11799773.03,4655518.79,2177.61
-11799775.33,4655517.65,2180.42
-11799776.75,4655517.0200000005,2179.42
-11799777.4,4655516.850000001,2174.99
-11799776.93,4655517.11,2172.9
-11799778.040000001,4655516.47,2177.86
-11799777.620000001,4655516.72,2176.0
-11799780.42,4655515.26,2181.13
-11799776.91,4655517.34,2165.21
-11799782.32,4655514.37,2182.29
-11799778.66,4655516.3100000005,2173.15
-11799783.52,4655513.84,2180.42
-11799781.88,4655515.03,2165.25
-11799783.53,4655514.0600000005,2172.8
-11799783.83,4655513.89,2174.19
-11799785.28,4655513.24,2173.31
-11799785.19,4655513.49,2165.3
-11799785.83,4655513.11,2168.26
-11799786.92,4655512.47,2173.29
-11799789.31,4655511.2700000005,2176.55
-11799786.88,4655512.71,2165.28
-11799788.59,4655511.92,2165.34
-11799790.88,4655510.5600000005,2176.08
-11799790.21,4655511.16,2165.3
-11799792.22,4655509.98,2174.69
-11799791.620000001,4655510.33,2171.92
-11799792.540000001,4655509.8,2176.23
-11799791.85,4655510.39,2165.42
-11799794.13,4655509.0600000005,2176.11
-11799793.51,4655509.62,2165.44
-11799794.84,4655508.850000001,2171.74
-11799795.24,4655508.61,2173.65
-11799795.17,4655508.86,2165.42
-11799796.81,4655507.9,2173.15
-11799796.86,4655508.08,2165.42
-11799798.53,4655507.3100000005,2165.42
-11799800.18,4655506.55,2165.44
-11799802.5,4655505.38,2168.75
-11799805.27,4655505.32,2168.69
-11799803.620000001,4655506.100000001,2168.73
-11799801.3,4655507.24,2165.44
-11799802.01,4655506.83,2168.86
-11799799.68,4655508.0,2165.44
-11799798.02,4655508.7700000005,2165.44
-11799796.34,4655509.5600000005,2165.44
-11799794.700000001,4655510.32,2165.44
-11799796.450000001,4655509.29,2173.76
-11799793.07,4655511.07,2165.44
-11799794.72,4655510.09,2173.19
-11799794.98,4655509.95,2174.44
-11799795.24,4655509.8100000005,2175.63
-11799793.86,4655510.41,2176.9
-11799791.94,4655511.34,2175.61
-11799790.620000001,4655511.89,2177.11
-11799786.41,4655514.17,2165.34
-11799787.98,4655513.26,2172.56
-11799788.950000001,4655512.68,2177.1
-11799785.47,4655514.5200000005,2168.67
-11799786.35,4655514.01,2172.71
-11799787.63,4655513.26,2178.63
-11799783.1,4655515.72,2165.35
-11799784.790000001,4655514.73,2173.11
-11799785.14,4655514.5200000005,2174.78
-11799784.5,4655514.69,2179.38
-11799785.97,4655514.04,2178.53
-11799784.71,4655514.58,2180.32
-11799782.74,4655515.51,2178.88
-11799783.03,4655515.350000001,2180.21
-11799783.42,4655515.13,2181.96
-11799780.6,4655516.57,2176.61
-11799781.85,4655515.84,2182.24
-11799776.43,4655518.82,2165.15
-11799778.81,4655517.42,2175.88
-11799778.01,4655517.89,2172.32
-11799779.55,4655516.99,2179.19
-11799774.8,4655519.57,2165.34
-11799776.540000001,4655518.5600000005,2173.11
-11799776.98,4655518.3,2175.13
-11799778.120000001,4655517.64,2180.24
-11799776.61,4655518.3100000005,2181.01
-11799774.26,4655519.49,2177.78
-11799774.96,4655519.07,2180.9
-11799772.76,4655520.16,2178.32
-11799768.200000001,4655522.62,2165.42
-11799768.56,4655522.42,2167.03
-11799770.200000001,4655521.47,2174.24
-11799769.0,4655521.97,2176.25
-11799764.8,4655524.21,2165.15
-11799767.15,4655522.86,2175.44
-11799763.09,4655525.01,2165.15
-11799761.43,4655525.78,2165.13
-11799759.77,4655526.5600000005,2165.1
-11799758.13,4655527.32,2165.11
-11799756.47,4655528.08,2165.15
-11799754.78,4655528.86,2165.15
-11799751.450000001,4655530.42,2165.07
-11799753.11,4655529.64,2165.13
-11799748.11,4655531.97,2165.08
-11799749.790000001,4655531.19,2165.06
-11799751.6,4655529.96,2179.67
-11799746.38,4655532.7700000005,2164.94
-11799750.25,4655530.55,2181.08
-11799744.69,4655533.5600000005,2164.99
-11799748.82,4655531.19,2182.07
-11799748.5,4655531.37,2180.78
-11799743.03,4655534.33,2164.97
-11799747.23,4655531.93,2182.31
-11799741.39,4655535.08,2165.08
-11799743.9,4655533.66,2175.38
-11799744.85,4655533.11,2179.34
-11799745.65,4655532.64,2182.63
-11799739.69,4655535.88,2165.0
-11799742.15,4655534.47,2175.06
-11799738.0,4655536.67,2164.9
-11799741.82,4655534.49,2180.52
-11799739.4,4655535.69,2177.42
-11799737.08,4655536.83,2174.67
-11799738.56,4655536.0,2180.65
-11799737.38,4655536.66,2175.88
-11799739.07,4655536.03,2180.5
-11799739.96,4655535.7,2177.49
-11799740.83,4655535.2,2181.0
-11799742.39,4655534.49,2180.58
-11799738.57,4655536.68,2164.96
-11799742.66,4655534.5200000005,2174.88
-11799740.24,4655535.9,2164.94
-11799744.63,4655533.5600000005,2176.15
-11799746.200000001,4655532.68,2182.63
-11799747.700000001,4655532.0,2182.15
-11799743.55,4655534.36,2165.01
-11799745.200000001,4655533.600000001,2164.96
-11799749.09,4655531.38,2181.11
-11799750.17,4655530.93,2178.61
-11799746.88,4655532.83,2164.88
-11799750.700000001,4655530.63,2180.81
-11799748.57,4655532.04,2165.04
-11799750.200000001,4655531.29,2165.05
-11799751.86,4655530.5200000005,2165.05
-11799753.53,4655529.74,2165.08
-11799755.19,4655528.95,2165.11
-11799756.88,4655528.19,2165.11
-11799761.81,4655525.89,2165.08
-11799758.52,4655527.43,2165.07
-11799763.5,4655525.12,2165.13
-11799760.16,4655526.66,2165.06
-11799765.13,4655524.36,2165.08
-11799767.48,4655523.0,2175.34
-11799766.81,4655523.58,2165.24
-11799769.3,4655522.14,2176.15
-11799768.540000001,4655522.7700000005,2165.42
-11799768.88,4655522.58,2166.98
-11799770.72,4655521.51,2175.07
-11799771.1,4655521.29,2176.76
-11799773.06,4655520.36,2178.05
-11799774.9,4655519.48,2178.92
-11799775.33,4655519.23,2180.83
-11799777.01,4655518.44,2180.99
-11799776.67,4655518.83,2172.25
-11799776.88,4655518.71,2173.22
-11799777.32,4655518.45,2175.13
-11799778.46,4655517.8,2180.26
-11799778.790000001,4655517.8,2174.36
-11799779.11,4655517.61,2175.84
-11799779.870000001,4655517.17,2179.26
-11799782.18,4655516.0,2182.27
-11799783.39,4655515.5,2180.35
-11799783.1,4655515.67,2179.02
-11799783.8,4655515.28,2182.15
-11799785.05,4655514.74,2180.47
-11799785.540000001,4655514.64,2175.21
-11799786.290000001,4655514.21,2178.61
-11799785.73,4655514.73,2168.58
-11799786.61,4655514.22,2172.61
-11799787.89,4655513.48,2178.52
-11799787.56,4655513.67,2176.98
-11799789.24,4655512.87,2177.11
-11799786.69,4655514.37,2165.27
-11799790.94,4655512.100000001,2177.24
-11799788.18,4655513.5,2172.24
-11799792.44,4655511.4,2176.69
-11799794.120000001,4655510.63,2176.9
-11799793.32,4655511.3,2165.4
-11799794.98,4655510.32,2173.26
-11799795.48,4655510.03,2175.61
-11799795.18,4655510.19,2174.22
-11799794.98,4655510.51,2165.44
-11799796.94,4655509.38,2174.71
-11799796.65,4655509.75,2165.42
-11799798.33,4655508.98,2165.42
-11799799.97,4655508.21,2165.42
-11799801.61,4655507.45,2165.4
-11799802.32,4655507.05,2168.86
-11799803.93,4655506.3,2168.69
-11799805.57,4655505.54,2168.63
-11799807.96,4655505.87,2165.92
-11799808.49,4655505.5600000005,2168.51
-11799806.26,4655506.67,2165.79
-11799806.86,4655506.32,2168.72
-11799804.620000001,4655507.42,2165.88
-11799805.25,4655507.05,2168.94
-11799802.94,4655508.21,2165.74
-11799801.23,4655509.01,2165.46
-11799801.61,4655508.79,2167.29
-11799799.94,4655509.55,2167.27
-11799799.56,4655509.7700000005,2165.42
-11799797.93,4655510.53,2165.46
-11799796.26,4655511.32,2165.42
-11799797.41,4655510.64,2170.88
-11799797.700000001,4655510.47,2172.32
-11799794.55,4655512.11,2165.38
-11799796.42,4655511.01,2174.21
-11799792.91,4655512.87,2165.38
-11799794.53,4655511.93,2172.94
-11799795.05,4655511.62,2175.44
-11799793.83,4655512.13,2177.26
-11799792.290000001,4655512.84,2177.61
-11799787.98,4655515.16,2165.38
-11799790.27,4655513.82,2175.98
-11799790.67,4655513.59,2177.88
-11799790.83,4655513.5,2178.61
-11799786.33,4655515.93,2165.38
-11799788.790000001,4655514.48,2176.77
-11799789.23,4655514.23,2178.81
-11799790.06,4655513.75,2182.65
-11799787.700000001,4655514.93,2179.35
-11799788.39,4655514.54,2182.47
-11799785.4,4655516.07,2176.52
-11799786.09,4655515.68,2179.65
-11799786.72,4655515.3100000005,2182.55
-11799783.620000001,4655516.91,2175.98
-11799784.14,4655516.61,2178.35
-11799784.57,4655516.350000001,2180.28
-11799782.15,4655517.57,2176.71
-11799782.74,4655517.23,2179.4
-11799783.16,4655516.98,2181.31
-11799780.38,4655518.41,2176.13
-11799781.05,4655518.01,2179.15
-11799781.52,4655517.75,2181.27
-11799774.67,4655521.34,2165.25
-11799779.67,4655518.63,2180.33
-11799777.57,4655519.66,2178.22
-11799776.700000001,4655520.17,2174.31
-11799777.9,4655519.46,2179.69
-11799775.65,4655520.5600000005,2177.07
-11799776.15,4655520.29,2179.27
-11799773.72,4655521.51,2175.8
-11799774.43,4655521.100000001,2178.94
-11799772.3,4655522.14,2176.81
-11799768.03,4655524.41,2165.13
-11799770.44,4655523.0200000005,2175.73
-11799766.370000001,4655525.19,2165.13
-11799764.69,4655525.96,2165.15
-11799762.99,4655526.7700000005,2165.13
-11799761.32,4655527.53,2165.13
-11799759.68,4655528.3,2165.07
-11799758.03,4655529.0600000005,2165.13
-11799756.34,4655529.84,2165.13
-11799754.65,4655530.61,2165.13
-11799752.97,4655531.41,2165.11
-11799751.31,4655532.18,2165.06
-11799749.64,4655532.95,2165.08
-11799752.63,4655531.25,2177.6
-11799747.99,4655533.73,2165.07
-11799751.47,4655531.73,2179.61
-11799751.84,4655531.53,2181.11
-11799749.28,4655532.8,2177.29
-11799750.08,4655532.34,2180.63
-11799750.49,4655532.11,2182.29
-11799744.66,4655535.26,2164.96
-11799748.01,4655533.350000001,2178.85
-11799748.68,4655532.98,2181.63
-11799747.26,4655533.61,2182.67
-11799741.28,4655536.84,2165.02
-11799744.09,4655535.22,2176.53
-11799744.28,4655535.11,2177.34
-11799739.59,4655537.61,2165.01
-11799743.370000001,4655535.47,2180.44
-11799737.91,4655538.39,2165.03
-11799741.35,4655536.43,2179.03
-11799741.9,4655536.13,2181.24
-11799740.03,4655537.0200000005,2180.31
-11799739.51,4655537.3100000005,2178.17
-11799737.03,4655538.55,2174.85
-11799737.74,4655538.15,2177.69
-11799737.34,4655538.38,2176.06
-11799736.98,4655538.67,2180.63
-11799737.200000001,4655538.7,2174.82
-11799737.540000001,4655538.5200000005,2176.15
-11799737.92,4655538.29,2177.71
-11799738.17,4655538.17,2178.69
-11799740.19,4655537.18,2180.19
-11799740.64,4655536.94,2182.06
-11799738.120000001,4655538.54,2165.01
-11799741.57,4655536.58,2179.09
-11799742.08,4655536.29,2181.13
-11799739.76,4655537.78,2164.98
-11799743.53,4655535.63,2180.4
-11799741.4,4655537.0200000005,2165.07
-11799744.41,4655535.3,2177.42
-11799744.18,4655535.44,2176.52
-11799747.34,4655533.8,2182.63
-11799746.63,4655534.22,2179.69
-11799744.74,4655535.48,2164.94
-11799748.15,4655533.5200000005,2179.03
-11799748.81,4655533.14,2181.76
-11799749.41,4655532.99,2177.42
-11799750.17,4655532.5600000005,2180.6
-11799751.59,4655531.92,2179.8
-11799751.93,4655531.72,2181.22
-11799749.71,4655533.17,2165.07
-11799752.83,4655531.39,2178.15
-11799751.370000001,4655532.41,2165.06
-11799753.040000001,4655531.63,2165.08
-11799754.700000001,4655530.86,2165.11
-11799756.34,4655530.100000001,2165.11
-11799758.02,4655529.32,2165.13
-11799759.700000001,4655528.53,2165.07
-11799761.370000001,4655527.7700000005,2165.06
-11799763.07,4655527.0,2165.1
-11799764.700000001,4655526.23,2165.11
-11799766.34,4655525.47,2165.15
-11799768.0,4655524.7,2165.11
-11799770.32,4655523.36,2175.34
-11799772.03,4655522.58,2175.54
-11799772.33,4655522.41,2176.82
-11799773.74,4655521.7700000005,2175.75
-11799776.19,4655520.5600000005,2179.24
-11799774.71,4655521.58,2165.19
-11799776.43,4655520.59,2172.94
-11799777.14,4655520.2,2176.08
-11799777.94,4655519.73,2179.67
-11799778.77,4655519.44,2176.07
-11799779.790000001,4655518.850000001,2180.65
-11799780.38,4655518.69,2176.03
-11799781.08,4655518.28,2179.19
-11799782.19,4655517.84,2176.69
-11799782.86,4655517.43,2179.76
-11799783.19,4655517.26,2181.25
-11799783.52,4655517.05,2182.78
-11799784.61,4655516.62,2180.35
-11799785.39,4655516.36,2176.5
-11799786.06,4655515.96,2179.59
-11799787.67,4655515.24,2179.4
-11799788.27,4655514.88,2182.17
-11799788.78,4655514.7700000005,2176.88
-11799789.22,4655514.53,2178.9
-11799790.03,4655514.04,2182.65
-11799790.26,4655514.12,2175.99
-11799790.86,4655513.76,2178.74
-11799791.540000001,4655513.5600000005,2174.4
-11799792.15,4655513.21,2177.22
-11799793.74,4655512.48,2177.13
-11799792.870000001,4655513.19,2165.33
-11799795.06,4655511.9,2175.67
-11799794.540000001,4655512.42,2165.32
-11799796.42,4655511.3100000005,2174.23
-11799796.22,4655511.63,2165.42
-11799797.38,4655510.95,2170.92
-11799797.67,4655510.78,2172.31
-11799797.870000001,4655510.850000001,2165.47
-11799798.94,4655510.24,2170.51
-11799799.51,4655510.09,2165.44
-11799799.91,4655509.87,2167.34
-11799801.15,4655509.34,2165.4
-11799801.56,4655509.11,2167.36
-11799802.870000001,4655508.54,2165.65
-11799803.19,4655508.36,2167.19
-11799804.55,4655507.7700000005,2165.79
-11799806.21,4655506.99,2165.75
-11799806.83,4655506.63,2168.82
-11799807.85,4655506.23,2165.79
-11799808.42,4655505.9,2168.56
-11799809.49,4655505.48,2165.72
-11799812.790000001,4655505.21,2165.88
-11799813.290000001,4655504.91,2168.31
-11799811.13,4655505.99,2165.76
-11799812.5,4655505.19,2172.54
-11799812.77,4655505.04,2173.86
-11799809.49,4655506.75,2165.77
-11799810.11,4655506.39,2168.83
-11799811.06,4655505.82,2173.5
-11799807.84,4655507.51,2165.78
-11799806.16,4655508.3,2165.8
-11799802.86,4655509.82,2165.67
-11799804.52,4655509.0600000005,2165.74
-11799803.21,4655509.63,2167.36
-11799801.14,4655510.64,2165.38
-11799799.5,4655511.37,2165.44
-11799801.59,4655510.38,2167.5
-11799798.94,4655511.5200000005,2170.56
-11799799.55,4655511.16,2173.44
-11799796.200000001,4655512.92,2165.36
-11799797.28,4655512.3,2170.5
-11799798.1,4655511.8100000005,2174.38
-11799794.52,4655513.7,2165.35
-11799796.44,4655512.59,2174.38
-11799792.870000001,4655514.47,2165.36
-11799794.89,4655513.3,2174.85
-11799791.22,4655515.24,2165.36
-11799793.25,4655514.0600000005,2174.88
-11799793.42,4655513.95,2175.69
-11799793.97,4655513.63,2178.3
-11799789.56,4655516.01,2165.31
-11799792.14,4655514.49,2177.35
-11799790.870000001,4655515.05,2179.07
-11799790.03,4655515.350000001,2182.86
-11799788.450000001,4655516.07,2183.19
-11799787.82,4655516.44,2180.27
-11799786.620000001,4655516.94,2182.31
-11799786.05,4655517.28,2179.69
-11799781.99,4655519.25,2176.02
-11799785.09,4655517.62,2182.74
-11799783.09,4655518.61,2181.03
-11799783.5,4655518.37,2182.88
-11799780.69,4655519.8100000005,2177.58
-11799781.19,4655519.53,2179.85
-11799781.71,4655519.21,2182.15
-11799776.25,4655522.18,2165.17
-11799778.8,4655520.72,2176.57
-11799779.370000001,4655520.39,2179.13
-11799779.620000001,4655520.24,2180.28
-11799774.58,4655522.95,2165.28
-11799777.02,4655521.55,2176.15
-11799777.74,4655521.13,2179.38
-11799776.11,4655521.89,2179.38
-11799771.26,4655524.5,2165.19
-11799773.08,4655523.45,2173.27
-11799773.370000001,4655523.28,2174.53
-11799773.68,4655523.11,2175.88
-11799769.6,4655525.2700000005,2165.15
-11799767.96,4655526.0200000005,2165.15
-11799771.85,4655523.96,2175.05
-11799764.6,4655527.57,2165.15
-11799766.27,4655526.8100000005,2165.13
-11799762.93,4655528.36,2165.13
-11799761.26,4655529.13,2165.1
-11799759.58,4655529.91,2165.11
-11799757.91,4655530.68,2165.15
-11799756.27,4655531.44,2165.11
-11799754.58,4655532.22,2165.11
-11799752.89,4655533.0200000005,2165.1
-11799751.22,4655533.79,2165.07
-11799751.16,4655533.65,2171.74
-11799751.72,4655533.33,2174.05
-11799751.42,4655533.33,2179.74
-11799750.06,4655533.92,2181.0
-11799744.52,4655536.89,2164.99
-11799747.790000001,4655535.0200000005,2178.44
-11799746.68,4655535.66,2173.86
-11799742.89,4655537.64,2165.06
-11799748.38,4655534.7,2180.92
-11799745.82,4655535.99,2177.1
-11799744.89,4655536.5200000005,2173.31
-11799744.13,4655536.7700000005,2176.97
-11799745.44,4655536.04,2182.31
-11799739.53,4655539.21,2165.05
-11799742.84,4655537.32,2178.51
-11799743.57,4655536.93,2181.47
-11799737.85,4655539.99,2164.99
-11799738.96,4655539.19,2176.23
-11799742.26,4655537.48,2182.88
-11799737.61,4655539.78,2177.44
-11799740.21,4655538.47,2181.31
-11799738.200000001,4655539.45,2179.86
-11799738.06,4655539.8,2179.81
-11799738.540000001,4655539.54,2181.75
-11799738.98,4655539.44,2176.92
-11799740.11,4655538.8100000005,2181.48
-11799737.700000001,4655540.34,2164.99
-11799741.65,4655538.100000001,2181.01
-11799742.08,4655537.87,2182.74
-11799739.370000001,4655539.55,2164.98
-11799742.58,4655537.75,2178.05
-11799743.14,4655537.45,2180.32
-11799743.46,4655537.26,2181.61
-11799741.03,4655538.8,2164.96
-11799743.98,4655537.13,2177.05
-11799745.26,4655536.41,2182.26
-11799742.71,4655538.0200000005,2165.08
-11799745.67,4655536.36,2177.23
-11799746.73,4655535.73,2181.63
-11799744.36,4655537.25,2165.03
-11799746.5,4655536.05,2173.84
-11799747.68,4655535.38,2178.67
-11799748.200000001,4655535.07,2180.83
-11799749.48,4655534.5200000005,2179.26
-11799749.91,4655534.28,2181.09
-11799751.040000001,4655533.8100000005,2178.97
-11799751.32,4655533.65,2180.15
-11799751.44,4655533.75,2173.88
-11799752.49,4655533.15,2178.3
-11799750.98,4655534.18,2165.04
-11799752.84,4655533.15,2172.82
-11799752.66,4655533.42,2165.06
-11799754.31,4655532.66,2165.08
-11799755.98,4655531.88,2165.08
-11799757.620000001,4655531.12,2165.11
-11799759.27,4655530.36,2165.13
-11799760.93,4655529.58,2165.08
-11799762.61,4655528.82,2165.1
-11799764.28,4655528.05,2165.11
-11799765.950000001,4655527.2700000005,2165.13
-11799767.63,4655526.5,2165.13
-11799770.9,4655524.99,2165.15
-11799769.26,4655525.74,2165.15
-11799773.99,4655523.4,2171.42
-11799772.85,4655523.850000001,2173.79
-11799775.040000001,4655522.8,2176.06
-11799775.790000001,4655522.37,2179.38
-11799776.61,4655522.08,2175.75
-11799776.08,4655522.36,2173.38
-11799779.08,4655520.84,2179.38
-11799777.33,4655521.66,2178.9
-11799780.290000001,4655520.33,2177.47
-11799780.96,4655519.95,2180.5
-11799781.620000001,4655519.74,2176.19
-11799783.02,4655518.93,2182.49
-11799784.76,4655518.13,2182.92
-11799786.11,4655517.54,2181.57
-11799788.25,4655516.49,2183.82
-11799789.69,4655515.86,2182.74
-11799790.48,4655515.58,2178.81
-11799789.19,4655516.53,2165.25
-11799791.16,4655515.18,2181.96
-11799790.81,4655515.78,2165.23
-11799791.67,4655515.08,2176.81
-11799794.58,4655513.78,2175.24
-11799793.64,4655514.13,2178.44
-11799794.120000001,4655514.24,2165.34
-11799792.48,4655515.0,2165.35
-11799796.26,4655513.0,2175.4
-11799795.77,4655513.48,2165.28
-11799796.85,4655512.84,2170.36
-11799797.56,4655512.43,2173.73
-11799799.120000001,4655511.73,2173.4
-11799799.09,4655511.94,2165.42
-11799800.38,4655511.19,2171.65
-11799800.65,4655511.03,2172.88
-11799800.74,4655511.18,2165.36
-11799801.16,4655510.93,2167.38
-11799802.85,4655510.16,2167.42
-11799804.4,4655509.44,2167.07
-11799804.120000001,4655509.61,2165.69
-11799805.77,4655508.84,2165.77
-11799807.44,4655508.07,2165.78
-11799809.08,4655507.3100000005,2165.78
-11799810.71,4655506.55,2165.71
-11799811.22,4655506.26,2168.22
-11799811.67,4655506.0,2170.44
-11799812.47,4655505.51,2174.4
-11799812.86,4655505.5,2168.17
-11799813.78,4655504.96,2172.73
-11799814.07,4655505.0,2166.05
-11799816.120000001,4655505.45,2166.05
-11799816.91,4655504.99,2170.02
-11799817.1,4655504.87,2171.0
-11799814.5,4655506.18,2166.07
-11799815.72,4655505.48,2172.19
-11799816.33,4655505.12,2175.19
-11799812.75,4655507.01,2165.81
-11799814.15,4655506.19,2172.72
-11799814.540000001,4655505.97,2174.69
-11799815.09,4655505.65,2177.4
-11799812.77,4655506.79,2174.09
-11799813.0,4655506.66,2175.28
-11799813.5,4655506.36,2177.67
-11799809.47,4655508.53,2165.73
-11799810.700000001,4655507.82,2171.82
-11799810.92,4655507.67,2172.86
-11799811.43,4655507.4,2175.36
-11799807.790000001,4655509.3100000005,2165.73
-11799806.14,4655510.07,2165.75
-11799804.49,4655510.83,2165.74
-11799802.81,4655511.61,2165.72
-11799803.18,4655511.41,2167.47
-11799801.120000001,4655512.41,2165.46
-11799799.5,4655513.16,2165.6
-11799800.89,4655512.350000001,2172.24
-11799799.57,4655512.93,2173.9
-11799797.27,4655514.07,2170.81
-11799796.120000001,4655514.72,2165.35
-11799797.88,4655513.71,2173.71
-11799794.46,4655515.5,2165.35
-11799795.47,4655514.92,2170.06
-11799793.790000001,4655515.7,2169.9
-11799794.92,4655515.05,2175.15
-11799795.26,4655514.850000001,2176.76
-11799795.57,4655514.68,2178.19
-11799794.17,4655515.28,2179.23
-11799789.53,4655517.78,2165.34
-11799792.39,4655516.13,2178.58
-11799792.68,4655515.96,2179.98
-11799787.84,4655518.5600000005,2165.28
-11799791.18,4655516.65,2180.69
-11799790.0,4655517.13,2182.85
-11799787.84,4655518.18,2180.38
-11799788.49,4655517.83,2183.34
-11799786.13,4655518.98,2180.15
-11799786.5,4655518.79,2181.78
-11799786.76,4655518.62,2182.94
-11799784.03,4655520.0200000005,2177.98
-11799784.56,4655519.71,2180.42
-11799782.84,4655520.51,2180.23
-11799785.07,4655519.43,2182.71
-11799777.85,4655523.2,2165.15
-11799783.33,4655520.25,2182.36
-11799776.24,4655523.94,2165.26
-11799780.84,4655521.47,2178.61
-11799778.92,4655522.41,2177.21
-11799778.120000001,4655522.87,2173.63
-11799774.56,4655524.73,2165.13
-11799779.51,4655522.07,2179.9
-11799777.33,4655523.15,2177.46
-11799777.540000001,4655523.0200000005,2178.4
-11799775.6,4655523.95,2177.19
-11799771.19,4655526.2700000005,2165.15
-11799773.24,4655525.11,2174.15
-11799773.71,4655524.850000001,2176.23
-11799769.52,4655527.07,2165.15
-11799767.86,4655527.83,2165.17
-11799766.200000001,4655528.59,2165.17
-11799764.53,4655529.37,2165.17
-11799762.870000001,4655530.14,2165.13
-11799766.200000001,4655528.24,2179.49
-11799759.57,4655531.68,2165.13
-11799761.200000001,4655530.91,2165.08
-11799757.9,4655532.44,2165.11
-11799756.22,4655533.21,2165.11
-11799754.56,4655533.99,2165.11
-11799752.85,4655534.78,2165.04
-11799751.19,4655535.55,2165.06
-11799753.450000001,4655534.2700000005,2174.51
-11799753.74,4655534.100000001,2175.77
-11799749.51,4655536.33,2165.01
-11799752.19,4655534.8100000005,2176.19
-11799747.84,4655537.100000001,2165.03
-11799750.42,4655535.64,2175.81
-11799751.14,4655535.24,2178.72
-11799748.950000001,4655536.29,2176.58
-11799749.99,4655535.72,2180.86
-11799747.32,4655537.0600000005,2176.82
-11799746.63,4655537.43,2173.9
-11799747.13,4655536.99,2182.77
-11799748.24,4655536.53,2180.57
-11799741.14,4655540.2,2165.03
-11799744.17,4655538.49,2177.44
-11799745.120000001,4655537.96,2181.32
-11799739.450000001,4655540.99,2165.04
-11799743.620000001,4655538.63,2182.02
-11799742.28,4655539.23,2183.34
-11799740.91,4655540.0,2177.75
-11799739.75,4655540.5,2179.67
-11799740.23,4655540.22,2181.61
-11799738.48,4655541.04,2181.19
-11799737.63,4655541.7700000005,2179.44
-11799738.120000001,4655541.49,2181.42
-11799739.51,4655540.87,2180.4
-11799737.33,4655542.24,2164.88
-11799740.71,4655540.37,2178.51
-11799741.44,4655539.95,2181.49
-11799739.03,4655541.48,2164.97
-11799741.34,4655540.17,2174.36
-11799741.56,4655540.0600000005,2175.26
-11799743.3,4655539.07,2182.32
-11799744.49,4655538.57,2180.5
-11799745.15,4655538.19,2183.19
-11799744.33,4655538.83,2173.02
-11799746.78,4655537.43,2183.11
-11799746.25,4655537.91,2174.17
-11799747.870000001,4655537.0,2180.86
-11799748.19,4655536.82,2182.13
-11799745.65,4655538.41,2164.99
-11799748.67,4655536.71,2177.46
-11799749.58,4655536.2,2181.17
-11799749.16,4655536.45,2179.42
-11799749.870000001,4655536.21,2175.65
-11799747.28,4655537.65,2164.94
-11799750.96,4655535.58,2180.17
-11799750.24,4655536.0,2177.17
-11799748.96,4655536.88,2165.02
-11799751.25,4655535.58,2174.57
-11799751.55,4655535.41,2175.78
-11799752.6,4655535.0,2173.31
-11799753.07,4655534.74,2175.26
-11799753.96,4655534.57,2165.07
-11799752.3,4655535.33,2165.03
-11799755.63,4655533.8,2165.1
-11799757.290000001,4655533.04,2165.1
-11799758.93,4655532.2700000005,2165.11
-11799760.6,4655531.51,2165.1
-11799762.26,4655530.74,2165.09
-11799763.93,4655529.96,2165.11
-11799765.61,4655529.19,2165.15
-11799767.23,4655528.44,2165.13
-11799768.9,4655527.66,2165.13
-11799772.21,4655526.14,2165.11
-11799770.57,4655526.9,2165.13
-11799774.11,4655525.05,2173.46
-11799774.73,4655524.7,2176.19
-11799773.89,4655525.350000001,2165.21
-11799776.51,4655523.86,2176.83
-11799778.49,4655522.9,2178.44
-11799777.200000001,4655523.83,2165.22
-11799780.88,4655521.91,2174.22
-11799779.77,4655522.350000001,2176.79
-11799781.74,4655521.42,2178.11
-11799782.47,4655521.0,2181.38
-11799782.88,4655520.75,2183.27
-11799784.49,4655520.0200000005,2183.07
-11799785.96,4655519.350000001,2182.5
-11799783.83,4655520.7700000005,2165.26
-11799785.540000001,4655519.7700000005,2173.13
-11799786.88,4655519.0200000005,2179.17
-11799787.69,4655518.54,2182.92
-11799788.78,4655518.100000001,2180.31
-11799788.39,4655518.33,2178.48
-11799789.24,4655517.84,2182.4
-11799790.64,4655517.22,2181.25
-11799790.97,4655517.0200000005,2182.77
-11799788.82,4655518.46,2165.34
-11799791.35,4655517.0,2177.03
-11799791.67,4655516.82,2178.48
-11799792.06,4655516.59,2180.34
-11799793.65,4655515.86,2180.23
-11799794.93,4655515.3100000005,2178.6
-11799793.77,4655516.17,2165.35
-11799795.34,4655515.25,2172.69
-11799795.46,4655515.37,2165.36
-11799796.58,4655514.74,2170.67
-11799797.120000001,4655514.43,2173.21
-11799798.89,4655513.600000001,2173.78
-11799798.75,4655513.86,2165.47
-11799800.36,4655512.92,2173.15
-11799800.41,4655513.100000001,2165.59
-11799802.63,4655512.01,2168.24
-11799802.1,4655512.09,2173.71
-11799803.78,4655511.53,2165.65
-11799802.05,4655512.33,2165.47
-11799805.42,4655510.7700000005,2165.72
-11799807.05,4655510.01,2165.75
-11799808.71,4655509.25,2165.69
-11799812.31,4655507.36,2175.25
-11799812.61,4655507.17,2176.79
-11799813.93,4655506.600000001,2175.21
-11799814.21,4655506.44,2176.59
-11799815.07,4655506.13,2172.63
-11799815.51,4655505.88,2174.9
-11799815.88,4655505.67,2176.67
-11799816.14,4655505.51,2178.05
-11799815.35,4655506.17,2165.97
-11799816.67,4655505.4,2172.52
-11799816.93,4655505.25,2173.86
-11799817.25,4655505.0600000005,2175.42
-11799816.97,4655505.41,2165.9
-11799817.58,4655505.07,2168.99
-11799817.96,4655504.850000001,2170.88
-11799820.18,4655505.21,2170.17
-11799818.82,4655505.8,2171.61
-11799818.36,4655506.08,2169.3
-11799819.11,4655505.63,2173.05
-11799816.07,4655507.22,2166.09
-11799817.11,4655506.600000001,2171.34
-11799817.52,4655506.37,2173.32
-11799817.86,4655506.17,2175.05
-11799816.64,4655506.69,2177.15
-11799814.85,4655507.51,2176.52
-11799815.450000001,4655507.17,2179.5
-11799812.94,4655508.43,2175.22
-11799813.19,4655508.29,2176.42
-11799813.39,4655508.17,2177.38
-11799813.83,4655507.92,2179.59
-11799809.4,4655510.3,2165.72
-11799810.24,4655509.8100000005,2169.79
-11799811.200000001,4655509.26,2174.56
-11799807.75,4655511.07,2165.73
-11799806.78,4655511.44,2169.19
-11799806.07,4655511.84,2165.78
-11799803.35,4655513.04,2168.46
-11799805.16,4655512.2,2169.19
-11799801.13,4655514.14,2165.72
-11799802.92,4655513.09,2174.32
-11799800.63,4655514.24,2171.29
-11799799.41,4655514.94,2165.44
-11799801.0,4655514.03,2173.03
-11799797.77,4655515.7,2165.44
-11799798.92,4655515.04,2170.86
-11799796.07,4655516.49,2165.28
-11799797.23,4655515.82,2170.71
-11799797.89,4655515.45,2173.86
-11799794.41,4655517.25,2165.38
-11799795.790000001,4655516.47,2171.85
-11799792.77,4655518.01,2165.33
-11799795.32,4655516.55,2177.25
-11799794.48,4655516.850000001,2180.9
-11799792.43,4655517.84,2179.08
-11799789.83,4655519.15,2174.76
-11799790.34,4655518.850000001,2177.13
-11799790.98,4655518.5,2180.07
-11799791.39,4655518.25,2182.0
-11799789.370000001,4655519.23,2180.09
-11799790.0,4655518.88,2183.0
-11799788.31,4655519.67,2182.69
-11799786.59,4655520.48,2182.27
-11799785.17,4655521.100000001,2183.31
-11799781.96,4655522.76,2176.33
-11799782.32,4655522.55,2177.92
-11799782.82,4655522.2700000005,2180.24
-11799783.53,4655521.86,2183.42
-11799777.83,4655524.94,2165.19
-11799780.33,4655523.5,2176.42
-11799779.14,4655524.01,2178.3
-11799778.71,4655524.26,2176.4
-11799777.370000001,4655524.850000001,2177.77
-11799772.85,4655527.25,2165.19
-11799771.14,4655528.04,2165.17
-11799769.450000001,4655528.8,2165.19
-11799770.13,4655528.42,2168.21
-11799767.81,4655529.57,2165.17
-11799768.97,4655528.92,2170.26
-11799766.200000001,4655530.3100000005,2165.36
-11799764.49,4655531.100000001,2165.21
-11799762.77,4655531.91,2165.13
-11799765.93,4655530.12,2178.78
-11799761.11,4655532.67,2165.13
-11799764.85,4655530.55,2181.21
-11799759.46,4655533.45,2165.13
-11799757.8,4655534.21,2165.15
-11799762.02,4655531.82,2183.09
-11799756.1,4655534.98,2165.11
-11799760.34,4655532.59,2183.07
-11799754.44,4655535.75,2165.1
-11799752.81,4655536.5200000005,2165.1
-11799755.07,4655535.25,2174.57
-11799751.13,4655537.28,2165.11
-11799752.96,4655536.25,2172.76
-11799753.32,4655536.07,2174.23
-11799751.97,4655536.66,2175.6
-11799747.73,4655538.87,2164.94
-11799750.3,4655537.42,2175.61
-11799750.96,4655537.05,2178.32
-11799750.66,4655537.22,2177.06
-11799746.09,4655539.63,2164.99
-11799749.46,4655537.72,2178.94
-11799748.33,4655538.21,2181.08
-11799742.78,4655541.16,2165.1
-11799745.63,4655539.5600000005,2176.79
-11799746.65,4655538.99,2180.96
-11799747.25,4655538.65,2183.42
-11799745.700000001,4655539.36,2183.83
-11799743.25,4655540.58,2180.63
-11799743.63,4655540.350000001,2182.23
-11799741.91,4655541.15,2182.01
-11799741.66,4655541.29,2180.99
-11799739.63,4655542.2700000005,2179.38
-11799740.01,4655542.0600000005,2180.92
-11799737.96,4655543.04,2179.29
-11799738.36,4655542.82,2180.88
-11799738.66,4655542.65,2182.11
-11799737.13,4655543.75,2179.35
-11799737.63,4655543.47,2181.36
-11799739.16,4655542.76,2180.84
-11799739.58,4655542.71,2175.9
-11799740.94,4655541.93,2181.36
-11799740.49,4655542.2,2179.57
-11799741.18,4655541.82,2182.36
-11799738.55,4655543.45,2165.07
-11799742.43,4655541.28,2180.79
-11799741.91,4655541.55,2178.63
-11799740.18,4655542.69,2164.98
-11799742.73,4655541.11,2182.02
-11799744.290000001,4655540.4,2181.67
-11799744.68,4655540.18,2183.26
-11799741.870000001,4655541.91,2165.05
-11799744.950000001,4655540.0200000005,2184.35
-11799746.450000001,4655539.350000001,2183.72
-11799745.78,4655539.88,2174.27
-11799747.36,4655539.0,2180.71
-11799746.35,4655539.57,2176.59
-11799748.72,4655538.4,2179.52
-11799748.41,4655538.57,2178.28
-11799749.6,4655538.07,2176.38
-11799749.25,4655538.100000001,2181.72
-11799750.26,4655537.7,2179.15
-11799748.49,4655538.850000001,2164.94
-11799751.17,4655537.33,2176.07
-11799751.56,4655537.12,2177.69
-11799752.34,4655536.87,2173.88
-11799752.73,4655536.62,2175.57
-11799751.86,4655537.3,2165.09
-11799753.5,4655536.54,2165.07
-11799755.19,4655535.76,2165.09
-11799756.84,4655535.0,2165.11
-11799761.08,4655532.61,2183.08
-11799758.51,4655534.21,2165.11
-11799760.17,4655533.47,2165.11
-11799761.8,4655532.72,2165.04
-11799765.44,4655530.65,2180.67
-11799765.85,4655530.43,2182.4
-11799763.46,4655531.94,2165.13
-11799766.6,4655530.16,2178.65
-11799765.18,4655531.14,2165.4
-11799767.97,4655529.5600000005,2177.52
-11799766.84,4655530.38,2165.4
-11799768.0,4655529.71,2170.44
-11799768.450000001,4655529.64,2165.11
-11799770.41,4655528.350000001,2180.94
-11799769.5,4655529.04,2169.75
-11799769.91,4655528.82,2171.51
-11799770.14,4655528.87,2165.15
-11799770.76,4655528.5,2167.92
-11799771.790000001,4655528.11,2165.15
-11799773.450000001,4655527.32,2165.13
-11799776.07,4655525.84,2176.69
-11799775.16,4655526.54,2165.19
-11799777.96,4655524.95,2177.72
-11799776.83,4655525.7700000005,2165.24
-11799779.26,4655524.37,2176.11
-11799779.700000001,4655524.13,2178.09
-11799780.26,4655523.82,2180.57
-11799778.43,4655525.0200000005,2165.13
-11799780.96,4655523.58,2176.48
-11799781.65,4655523.2,2179.52
-11799782.19,4655522.89,2181.97
-11799780.07,4655524.2700000005,2165.19
-11799783.34,4655522.4,2179.88
-11799783.92,4655522.07,2182.55
-11799784.93,4655521.68,2179.65
-11799785.39,4655521.42,2181.77
-11799785.620000001,4655521.29,2182.8
-11799783.43,4655522.72,2165.27
-11799785.83,4655521.350000001,2176.19
-11799786.67,4655520.86,2180.02
-11799787.120000001,4655520.59,2182.11
-11799788.83,4655519.8100000005,2182.38
-11799790.61,4655518.97,2183.11
-11799791.23,4655518.79,2178.55
-11799791.5,4655518.64,2179.73
-11799791.98,4655518.37,2181.97
-11799793.120000001,4655517.9,2179.75
-11799794.3,4655517.41,2177.54
-11799794.96,4655517.03,2180.6
-11799793.34,4655518.12,2165.32
-11799794.74,4655517.34,2171.85
-11799795.83,4655516.7,2176.98
-11799794.99,4655517.2,2173.03
-11799794.98,4655517.37,2165.36
-11799796.07,4655516.76,2170.44
-11799796.65,4655516.61,2165.4
-11799797.86,4655515.91,2171.13
-11799798.41,4655515.59,2173.72
-11799798.32,4655515.83,2165.44
-11799799.43,4655515.2,2170.71
-11799799.63,4655515.08,2171.67
-11799800.34,4655514.67,2175.08
-11799799.94,4655515.100000001,2165.23
-11799801.69,4655514.2700000005,2165.75
-11799802.16,4655513.8100000005,2175.86
-11799803.43,4655513.26,2174.04
-11799803.13,4655513.45,2172.59
-11799803.75,4655513.09,2175.57
-11799803.97,4655513.16,2168.6
-11799805.78,4655512.29,2169.38
-11799807.33,4655511.600000001,2169.03
-11799808.3,4655511.21,2165.73
-11799808.85,4655510.9,2168.36
-11799809.950000001,4655510.45,2165.72
-11799810.94,4655509.88,2170.63
-11799811.72,4655509.42,2174.38
-11799812.21,4655509.15,2176.84
-11799813.52,4655508.58,2175.19
-11799813.790000001,4655508.44,2176.49
-11799814.65,4655507.93,2180.74
-11799814.450000001,4655508.04,2179.79
-11799815.1,4655507.86,2174.98
-11799815.66,4655507.53,2177.75
-11799816.81,4655507.0600000005,2175.52
-11799817.16,4655506.850000001,2177.22
-11799816.56,4655507.39,2166.08
-11799817.55,4655506.82,2171.04
-11799818.120000001,4655506.49,2173.92
-11799818.9,4655506.24,2169.51
-11799819.34,4655505.98,2171.74
-11799820.700000001,4655505.37,2170.35
-11799825.09,4655504.86,2169.67
-11799823.44,4655505.61,2169.53
-11799822.09,4655506.22,2170.92
-11799820.26,4655507.08,2170.08
-11799820.65,4655506.850000001,2172.05
-11799818.46,4655507.94,2169.3
-11799818.84,4655507.71,2171.23
-11799819.1,4655507.5600000005,2172.53
-11799819.370000001,4655507.4,2173.92
-11799817.25,4655508.44,2171.48
-11799817.48,4655508.29,2172.63
-11799817.91,4655508.0600000005,2174.82
-11799818.18,4655507.9,2176.1
-11799816.0,4655508.98,2173.48
-11799816.31,4655508.78,2174.97
-11799816.69,4655508.57,2176.9
-11799816.94,4655508.43,2178.15
-11799814.6,4655509.59,2174.6
-11799815.68,4655508.95,2179.9
-11799812.69,4655510.51,2173.23
-11799812.9,4655510.37,2174.27
-11799813.82,4655509.86,2178.76
-11799814.07,4655509.72,2180.02
-11799809.540000001,4655512.15,2165.74
-11799810.01,4655511.88,2168.01
-11799811.05,4655511.2700000005,2173.1
-11799808.48,4655512.5600000005,2168.63
-11799806.94,4655513.26,2169.28
-11799805.25,4655514.0600000005,2169.08
-11799803.450000001,4655514.9,2168.44
-11799804.870000001,4655514.09,2175.26
-11799802.99,4655514.97,2174.19
-11799803.42,4655514.73,2176.24
-11799799.51,4655516.8,2165.42
-11799800.83,4655516.04,2171.72
-11799801.32,4655515.74,2174.11
-11799801.73,4655515.5200000005,2176.04
-11799797.84,4655517.5600000005,2165.42
-11799799.46,4655516.65,2173.03
-11799800.040000001,4655516.28,2175.83
-11799796.22,4655518.32,2165.36
-11799797.92,4655517.34,2173.36
-11799794.55,4655519.07,2165.34
-11799796.58,4655517.92,2174.82
-11799792.89,4655519.86,2165.36
-11799795.06,4655518.62,2175.48
-11799795.71,4655518.24,2178.55
-11799792.540000001,4655519.88,2171.52
-11799793.46,4655519.350000001,2175.76
-11799794.1,4655518.99,2178.75
-11799792.57,4655519.68,2179.24
-11799791.96,4655520.0200000005,2176.42
-11799791.5,4655520.12,2181.83
-11799791.28,4655520.22,2180.85
-11799791.75,4655519.95,2183.01
-11799789.44,4655521.100000001,2179.88
-11799789.97,4655520.8,2182.31
-11799784.58,4655523.71,2165.28
-11799787.17,4655522.23,2177.07
-11799787.41,4655522.09,2178.23
-11799787.94,4655521.79,2180.63
-11799782.89,4655524.48,2165.22
-11799786.290000001,4655522.55,2180.63
-11799785.83,4655522.8,2178.55
-11799781.25,4655525.25,2165.19
-11799784.4,4655523.45,2179.42
-11799784.76,4655523.23,2181.1
-11799779.620000001,4655526.01,2165.17
-11799782.83,4655524.16,2179.61
-11799783.370000001,4655523.88,2182.02
-11799777.94,4655526.78,2165.13
-11799781.42,4655524.79,2180.76
-11799776.25,4655527.5600000005,2165.17
-11799774.6,4655528.32,2165.19
-11799772.91,4655529.11,2165.13
-11799771.23,4655529.88,2165.11
-11799769.61,4655530.62,2165.24
-11799770.55,4655530.11,2169.31
-11799769.25,4655530.67,2170.77
-11799769.69,4655530.4,2172.76
-11799766.35,4655532.13,2165.54
-11799769.89,4655530.13,2180.9
-11799764.65,4655532.92,2165.36
-11799767.39,4655531.37,2177.24
-11799768.84,4655530.55,2183.5
-11799765.870000001,4655532.07,2177.77
-11799766.6,4655531.65,2180.94
-11799766.950000001,4655531.44,2182.42
-11799761.23,4655534.51,2165.1
-11799763.67,4655532.97,2182.54
-11799764.52,4655532.65,2179.17
-11799757.91,4655536.03,2165.11
-11799759.58,4655535.2700000005,2165.11
-11799761.89,4655533.8100000005,2182.02
-11799756.24,4655536.8,2165.11
-11799754.58,4655537.59,2165.09
-11799752.92,4655538.350000001,2165.09
-11799751.24,4655539.13,2165.1
-11799749.55,4655539.92,2165.04
-11799751.620000001,4655538.75,2173.63
-11799752.370000001,4655538.33,2176.75
-11799747.89,4655540.69,2165.02
-11799750.59,4655539.16,2176.19
-11799746.22,4655541.45,2165.02
-11799747.8,4655540.58,2171.48
-11799749.370000001,4655539.69,2178.01
-11799750.0,4655539.32,2180.59
-11799748.44,4655540.04,2180.98
-11799748.0,4655540.3100000005,2179.1
-11799747.370000001,4655540.48,2183.36
-11799746.01,4655541.08,2184.57
-11799743.92,4655542.11,2182.84
-11799742.200000001,4655542.91,2182.56
-11799738.96,4655544.55,2176.19
-11799739.51,4655544.25,2178.4
-11799739.83,4655544.0600000005,2179.67
-11799737.55,4655545.18,2177.3
-11799738.26,4655544.7700000005,2180.17
-11799736.94,4655545.350000001,2181.57
-11799737.24,4655545.55,2180.1
-11799737.73,4655545.29,2182.08
-11799738.9,4655544.79,2180.23
-11799739.19,4655544.63,2181.42
-11799739.52,4655544.45,2182.72
-11799739.55,4655544.59,2176.24
-11799740.35,4655544.13,2179.48
-11799740.83,4655543.89,2181.38
-11799741.81,4655543.5,2178.71
-11799742.75,4655542.97,2182.54
-11799744.53,4655542.14,2183.02
-11799743.58,4655542.68,2179.15
-11799745.0,4655542.03,2178.21
-11799746.56,4655541.17,2184.56
-11799746.84,4655541.16,2179.07
-11799747.4,4655540.850000001,2181.4
-11799747.86,4655540.600000001,2183.24
-11799745.77,4655541.92,2168.0
-11799748.9,4655540.17,2180.9
-11799746.71,4655541.55,2165.04
-11799749.15,4655540.19,2175.09
-11799749.65,4655539.92,2177.17
-11799750.450000001,4655539.46,2180.49
-11799748.4,4655540.78,2164.98
-11799752.11,4655538.86,2173.53
-11799750.08,4655540.01,2165.04
-11799751.72,4655539.25,2165.08
-11799753.38,4655538.48,2165.09
-11799755.06,4655537.7,2165.09
-11799756.71,4655536.94,2165.13
-11799758.38,4655536.18,2165.1
-11799762.34,4655533.94,2181.94
-11799764.09,4655533.13,2182.47
-11799760.03,4655535.42,2165.11
-11799764.93,4655532.82,2179.01
-11799761.67,4655534.65,2165.01
-11799765.61,4655532.44,2181.92
-11799766.26,4655532.23,2177.63
-11799767.15,4655531.73,2181.44
-11799765.1,4655533.07,2165.44
-11799765.540000001,4655532.82,2167.34
-11799769.25,4655530.72,2183.36
-11799766.78,4655532.29,2165.46
-11799770.24,4655530.33,2180.54
-11799770.77,4655530.0200000005,2182.85
-11799769.81,4655530.74,2171.58
-11799769.99,4655530.8100000005,2165.23
-11799770.57,4655530.48,2167.77
-11799770.94,4655530.28,2169.38
-11799771.63,4655530.0600000005,2165.11
-11799773.32,4655529.28,2165.13
-11799775.01,4655528.49,2165.15
-11799776.66,4655527.73,2165.17
-11799781.77,4655525.01,2180.71
-11799778.3,4655526.98,2165.19
-11799783.790000001,4655524.04,2182.4
-11799779.94,4655526.22,2165.11
-11799785.16,4655523.43,2181.23
-11799781.61,4655525.46,2165.17
-11799785.44,4655523.28,2182.52
-11799783.25,4655524.7,2165.23
-11799786.76,4655522.68,2181.21
-11799788.49,4655521.88,2181.67
-11799790.31,4655521.03,2182.5
-11799789.81,4655521.3,2180.24
-11799790.700000001,4655520.99,2176.67
-11799791.59,4655520.48,2180.75
-11799791.81,4655520.36,2181.72
-11799792.09,4655520.19,2183.02
-11799792.9,4655519.91,2179.15
-11799792.56,4655520.29,2170.02
-11799793.8,4655519.5600000005,2175.84
-11799793.68,4655519.83,2167.61
-11799794.27,4655519.3100000005,2177.99
-11799795.43,4655518.82,2175.8
-11799793.200000001,4655520.100000001,2165.38
-11799796.0,4655518.49,2178.5
-11799794.84,4655519.34,2165.34
-11799796.91,4655518.16,2175.04
-11799796.5,4655518.5600000005,2165.36
-11799798.3,4655517.53,2173.88
-11799798.17,4655517.8,2165.4
-11799800.02,4655516.74,2174.13
-11799800.32,4655516.57,2175.59
-11799802.05,4655515.76,2176.01
-11799803.73,4655514.98,2176.17
-11799803.78,4655515.12,2168.5
-11799805.18,4655514.34,2175.23
-11799805.56,4655514.3,2169.19
-11799807.200000001,4655513.54,2169.21
-11799808.74,4655512.850000001,2168.56
-11799809.78,4655512.44,2165.67
-11799811.28,4655511.57,2173.03
-11799812.92,4655510.82,2173.06
-11799811.61,4655511.38,2174.63
-11799813.3,4655510.58,2174.88
-11799813.870000001,4655510.26,2177.74
-11799814.23,4655510.0600000005,2179.46
-11799814.56,4655510.07,2172.88
-11799814.98,4655509.82,2174.98
-11799815.98,4655509.25,2179.92
-11799815.66,4655509.42,2178.38
-11799817.1,4655508.7700000005,2177.27
-11799817.3,4655508.67,2178.26
-11799817.41,4655508.8100000005,2170.58
-11799817.790000001,4655508.58,2172.52
-11799818.21,4655508.34,2174.59
-11799818.66,4655508.0600000005,2176.9
-11799818.75,4655508.21,2169.28
-11799819.13,4655507.99,2171.19
-11799819.450000001,4655507.8100000005,2172.78
-11799819.68,4655507.68,2173.9
-11799820.55,4655507.350000001,2170.17
-11799822.35,4655506.51,2171.05
-11799823.68,4655505.93,2169.47
-11799825.36,4655505.15,2169.59
-11799829.32,4655504.88,2166.17
-11799827.64,4655505.66,2166.13
-11799826.620000001,4655506.05,2169.36
-11799824.96,4655506.83,2169.26
-11799823.290000001,4655507.59,2169.17
-11799821.05,4655508.72,2166.02
-11799819.93,4655509.18,2168.65
-11799820.120000001,4655509.0600000005,2169.61
-11799820.4,4655508.9,2171.03
-11799819.200000001,4655509.39,2173.24
-11799820.73,4655508.71,2172.69
-11799819.48,4655509.23,2174.65
-11799817.21,4655510.36,2171.65
-11799817.52,4655510.16,2173.19
-11799817.92,4655509.94,2175.19
-11799818.4,4655509.67,2177.57
-11799816.13,4655510.8,2174.4
-11799815.47,4655511.17,2171.11
-11799816.84,4655510.38,2177.97
-11799816.51,4655510.57,2176.28
-11799815.290000001,4655511.09,2178.29
-11799814.51,4655511.53,2174.44
-11799812.200000001,4655512.67,2171.19
-11799814.700000001,4655511.43,2175.42
-11799812.47,4655512.5200000005,2172.53
-11799811.63,4655513.0,2168.38
-11799812.870000001,4655512.29,2174.52
-11799809.46,4655514.07,2165.84
-11799809.92,4655513.8,2168.13
-11799810.86,4655513.26,2172.73
-11799808.4,4655514.48,2168.78
-11799805.15,4655516.01,2168.92
-11799806.9,4655515.18,2169.42
-11799806.19,4655515.41,2173.96
-11799802.78,4655517.16,2165.56
-11799803.370000001,4655516.83,2168.33
-11799804.34,4655516.2700000005,2172.99
-11799804.56,4655516.15,2174.05
-11799801.16,4655517.92,2165.58
-11799801.82,4655517.54,2168.74
-11799802.9,4655516.93,2173.83
-11799799.49,4655518.7,2165.44
-11799800.370000001,4655518.19,2169.58
-11799801.040000001,4655517.8100000005,2172.79
-11799801.47,4655517.55,2174.81
-11799800.42,4655517.98,2177.58
-11799800.11,4655518.15,2176.15
-11799797.22,4655519.63,2170.29
-11799796.92,4655519.79,2168.94
-11799797.86,4655519.2700000005,2173.34
-11799798.14,4655519.11,2174.63
-11799796.68,4655519.74,2175.63
-11799796.21,4655520.0200000005,2173.4
-11799797.09,4655519.5200000005,2177.55
-11799794.77,4655520.66,2174.44
-11799795.790000001,4655520.07,2179.15
-11799794.39,4655520.7,2180.33
-11799794.73,4655520.51,2181.92
-11799791.0,4655522.46,2172.35
-11799789.5,4655523.3,2165.44
-11799792.35,4655521.69,2178.55
-11799792.94,4655521.36,2181.29
-11799787.83,4655524.100000001,2165.27
-11799790.25,4655522.7,2176.4
-11799790.8,4655522.41,2178.9
-11799791.57,4655521.97,2182.48
-11799786.17,4655524.850000001,2165.32
-11799788.69,4655523.43,2176.77
-11799789.17,4655523.16,2178.97
-11799789.700000001,4655522.84,2181.44
-11799784.48,4655525.63,2165.19
-11799788.15,4655523.55,2181.88
-11799782.83,4655526.4,2165.24
-11799785.09,4655524.95,2182.88
-11799786.700000001,4655524.2,2182.77
-11799782.17,4655526.44,2177.04
-11799783.14,4655525.88,2181.46
-11799777.84,4655528.71,2165.15
-11799780.41,4655527.24,2176.67
-11799781.16,4655526.84,2179.98
-11799774.48,4655530.2700000005,2165.15
-11799776.16,4655529.49,2165.17
-11799771.19,4655531.78,2165.13
-11799772.84,4655531.01,2165.15
-11799769.51,4655532.54,2165.15
-11799770.65,4655531.91,2170.11
-11799767.85,4655533.33,2165.22
-11799771.34,4655531.34,2180.4
-11799769.66,4655532.14,2180.28
-11799770.0,4655531.95,2181.8
-11799768.27,4655532.76,2181.33
-11799766.88,4655533.53,2175.29
-11799765.39,4655534.22,2175.9
-11799767.11,4655533.42,2176.31
-11799766.66,4655533.51,2181.35
-11799765.89,4655533.94,2178.05
-11799764.39,4655534.61,2178.75
-11799763.93,4655534.87,2176.78
-11799759.48,4655537.19,2165.1
-11799765.17,4655534.18,2182.08
-11799763.43,4655534.98,2181.88
-11799763.9,4655534.72,2183.88
-11799757.82,4655537.95,2165.1
-11799762.01,4655535.61,2182.85
-11799756.15,4655538.73,2165.13
-11799754.52,4655539.49,2165.1
-11799751.11,4655541.07,2165.06
-11799752.84,4655540.25,2165.11
-11799749.42,4655541.84,2165.05
-11799751.53,4655540.68,2173.79
-11799747.75,4655542.62,2164.98
-11799749.94,4655541.4,2174.0
-11799751.31,4655540.64,2179.65
-11799750.09,4655541.17,2181.32
-11799744.48,4655544.14,2165.09
-11799747.86,4655542.23,2178.96
-11799748.39,4655541.96,2181.1
-11799748.78,4655541.73,2182.74
-11799744.75,4655543.82,2173.1
-11799745.43,4655543.44,2175.84
-11799746.200000001,4655543.01,2179.01
-11799747.34,4655542.38,2183.65
-11799744.23,4655543.95,2177.75
-11799745.4,4655543.3100000005,2182.47
-11799742.81,4655544.58,2178.79
-11799743.4,4655544.25,2181.19
-11799743.86,4655543.99,2183.06
-11799737.77,4655547.24,2165.1
-11799742.06,4655544.850000001,2182.38
-11799739.9,4655545.9,2180.38
-11799738.97,4655546.39,2176.63
-11799738.59,4655546.45,2181.8
-11799739.3,4655546.24,2177.94
-11799737.040000001,4655547.16,2182.19
-11799737.46,4655547.29,2182.73
-11799738.46,4655546.89,2180.26
-11799739.01,4655546.600000001,2182.4
-11799740.120000001,4655546.11,2180.3
-11799738.8,4655546.86,2175.0
-11799742.450000001,4655545.0,2182.9
-11799739.52,4655546.44,2177.9
-11799739.66,4655546.69,2165.05
-11799742.48,4655545.12,2176.46
-11799743.65,4655544.47,2181.19
-11799745.450000001,4655543.63,2181.98
-11799742.94,4655545.17,2165.06
-11799746.32,4655543.3,2178.81
-11799747.370000001,4655542.71,2183.13
-11799747.950000001,4655542.55,2178.69
-11799748.5,4655542.25,2180.98
-11799748.9,4655542.01,2182.6
-11799749.65,4655541.76,2178.92
-11799750.21,4655541.45,2181.25
-11799747.92,4655542.87,2164.96
-11799751.44,4655540.91,2179.51
-11799750.09,4655541.68,2173.96
-11799749.63,4655542.100000001,2165.09
-11799751.67,4655540.96,2173.57
-11799752.94,4655540.25,2178.86
-11799751.25,4655541.350000001,2165.05
-11799752.93,4655540.57,2165.1
-11799754.61,4655539.8,2165.11
-11799756.26,4655539.04,2165.08
-11799760.26,4655536.8,2181.96
-11799757.94,4655538.26,2165.13
-11799761.57,4655536.23,2180.51
-11799762.11,4655535.93,2182.8
-11799759.56,4655537.51,2165.09
-11799764.0,4655535.04,2183.9
-11799763.57,4655535.44,2175.07
-11799764.03,4655535.17,2177.1
-11799765.31,4655534.61,2175.42
-11799766.35,4655534.21,2172.86
-11799768.34,4655533.08,2181.44
-11799766.74,4655533.98,2174.56
-11799770.13,4655532.25,2182.08
-11799767.44,4655533.58,2177.55
-11799767.89,4655533.68,2165.24
-11799771.35,4655531.71,2180.27
-11799769.53,4655532.91,2165.17
-11799772.59,4655531.2,2178.53
-11799771.19,4655532.15,2165.15
-11799772.9,4655531.38,2165.13
-11799774.55,4655530.600000001,2165.13
-11799776.200000001,4655529.84,2165.15
-11799777.81,4655529.100000001,2165.1
-11799781.14,4655527.22,2179.92
-11799783.15,4655526.25,2181.67
-11799785.1,4655525.32,2183.01
-11799782.83,4655526.78,2165.25
-11799786.47,4655524.71,2181.72
-11799784.5,4655526.0200000005,2165.29
-11799787.61,4655524.25,2179.42
-11799788.13,4655523.95,2181.79
-11799786.27,4655525.19,2165.63
-11799789.74,4655523.22,2181.55
-11799788.75,4655523.78,2177.02
-11799789.290000001,4655523.64,2172.11
-11799789.24,4655523.5,2179.22
-11799790.200000001,4655523.12,2176.26
-11799791.18,4655522.57,2180.77
-11799791.55,4655522.36,2182.44
-11799792.11,4655522.22,2177.61
-11799792.91,4655521.76,2181.29
-11799793.51,4655521.42,2184.04
-11799794.35,4655521.13,2180.26
-11799794.65,4655520.96,2181.63
-11799795.93,4655520.39,2180.02
-11799796.31,4655520.17,2181.83
-11799796.16,4655520.44,2173.49
-11799796.46,4655520.2700000005,2174.86
-11799797.16,4655520.0600000005,2170.36
-11799797.09,4655519.92,2177.81
-11799798.07,4655519.55,2174.61
-11799798.35,4655519.38,2175.98
-11799798.58,4655519.23,2177.03
-11799801.51,4655517.92,2175.4
-11799800.43,4655518.37,2178.13
-11799801.950000001,4655517.68,2177.42
-11799801.120000001,4655518.350000001,2165.63
-11799801.8,4655517.95,2168.84
-11799802.52,4655517.54,2172.32
-11799802.85,4655517.350000001,2173.85
-11799803.33,4655517.26,2168.44
-11799804.35,4655516.67,2173.31
-11799805.05,4655516.44,2168.77
-11799806.13,4655515.84,2173.94
-11799808.39,4655514.91,2168.83
-11799806.870000001,4655515.600000001,2169.46
-11799809.4,4655514.5200000005,2165.82
-11799809.89,4655514.24,2168.19
-11799811.02,4655513.76,2165.69
-11799812.14,4655513.13,2171.17
-11799814.43,4655511.99,2174.44
-11799814.63,4655511.88,2175.42
-11799814.9,4655511.72,2176.77
-11799815.09,4655511.62,2177.69
-11799815.08,4655511.79,2169.54
-11799815.82,4655511.38,2173.27
-11799816.07,4655511.25,2174.42
-11799816.82,4655510.8100000005,2178.15
-11799816.98,4655510.9,2170.76
-11799817.9,4655510.37,2175.29
-11799818.200000001,4655510.21,2176.81
-11799818.42,4655510.08,2177.88
-11799817.64,4655510.72,2165.8
-11799818.33,4655510.3100000005,2169.26
-11799819.120000001,4655509.87,2173.21
-11799819.38,4655509.71,2174.54
-11799820.05,4655509.5200000005,2169.59
-11799820.35,4655509.350000001,2171.11
-11799820.96,4655509.17,2166.02
-11799821.43,4655508.89,2168.42
-11799822.59,4655508.43,2165.99
-11799823.200000001,4655508.0600000005,2169.11
-11799824.85,4655507.3,2169.15
-11799826.51,4655506.54,2169.26
-11799827.58,4655506.12,2166.17
-11799828.17,4655505.7700000005,2169.24
-11799829.23,4655505.36,2166.15
-11799832.59,4655505.29,2166.17
-11799831.040000001,4655506.0,2166.58
-11799827.69,4655507.58,2166.11
-11799829.35,4655506.8,2166.11
-11799828.26,4655507.24,2169.04
-11799826.01,4655508.350000001,2166.06
-11799824.36,4655509.12,2166.06
-11799822.71,4655509.88,2166.02
-11799821.07,4655510.64,2165.99
-11799819.43,4655511.4,2165.86
-11799820.040000001,4655511.05,2168.98
-11799820.57,4655510.75,2171.61
-11799817.77,4655512.16,2165.84
-11799818.21,4655511.91,2168.0
-11799818.88,4655511.54,2171.33
-11799817.32,4655512.24,2171.86
-11799817.71,4655512.01,2173.81
-11799818.08,4655511.8,2175.67
-11799814.42,4655513.71,2165.79
-11799815.09,4655513.33,2169.11
-11799815.73,4655512.95,2172.22
-11799816.18,4655512.71,2174.51
-11799812.77,4655514.47,2165.73
-11799813.31,4655514.16,2168.4
-11799814.01,4655513.7700000005,2171.86
-11799811.13,4655515.24,2165.73
-11799809.97,4655515.72,2168.23
-11799808.450000001,4655516.41,2168.9
-11799807.94,4655516.5200000005,2174.31
-11799806.950000001,4655517.09,2169.48
-11799806.3,4655517.28,2174.19
-11799804.63,4655518.05,2174.06
-11799803.69,4655518.41,2177.51
-11799802.38,4655518.97,2179.17
-11799800.18,4655520.05,2176.48
-11799800.46,4655519.89,2177.8
-11799797.64,4655521.32,2172.24
-11799797.9,4655521.16,2173.4
-11799798.23,4655520.99,2174.96
-11799798.65,4655520.76,2176.9
-11799797.64,4655521.15,2179.9
-11799794.59,4655522.53,2181.06
-11799795.86,4655521.98,2179.36
-11799794.84,4655522.38,2182.29
-11799795.03,4655522.2700000005,2183.13
-11799795.31,4655522.13,2184.42
-11799793.700000001,4655522.88,2184.49
-11799787.97,4655525.93,2165.75
-11799790.71,4655524.4,2178.27
-11799786.32,4655526.69,2165.65
-11799784.55,4655527.5200000005,2165.13
-11799787.870000001,4655525.66,2180.19
-11799781.19,4655529.09,2165.15
-11799786.76,4655526.100000001,2182.82
-11799782.97,4655527.91,2180.44
-11799784.78,4655527.07,2181.33
-11799783.22,4655527.79,2181.5
-11799779.57,4655529.84,2165.17
-11799781.18,4655528.76,2179.86
-11799777.88,4655530.62,2165.15
-11799776.200000001,4655531.39,2165.17
-11799774.53,4655532.17,2165.17
-11799772.9,4655532.93,2165.19
-11799771.25,4655533.68,2165.17
-11799769.57,4655534.45,2165.19
-11799767.92,4655535.21,2165.31
-11799769.19,4655534.51,2170.79
-11799768.74,4655534.74,2168.84
-11799771.790000001,4655533.0600000005,2182.07
-11799768.22,4655534.89,2173.76
-11799768.89,4655534.51,2176.71
-11799766.290000001,4655535.78,2172.73
-11799767.01,4655535.4,2175.81
-11799767.91,4655534.89,2179.67
-11799764.41,4655536.7,2171.69
-11799765.120000001,4655536.3,2174.76
-11799765.64,4655536.01,2176.97
-11799759.58,4655539.0600000005,2165.13
-11799765.4,4655535.99,2182.9
-11799756.200000001,4655540.64,2165.11
-11799763.58,4655536.850000001,2182.07
-11799752.9,4655542.16,2165.11
-11799757.89,4655539.86,2165.1
-11799751.19,4655542.95,2165.08
-11799754.56,4655541.4,2165.11
-11799754.52,4655541.09,2178.9
-11799752.85,4655541.86,2178.92
-11799753.22,4655541.67,2180.42
-11799747.83,4655544.5,2165.04
-11799751.24,4655542.62,2179.07
-11799750.07,4655543.26,2174.28
-11799749.75,4655543.29,2179.74
-11799748.88,4655543.7700000005,2176.13
-11799748.950000001,4655543.58,2183.17
-11799744.51,4655546.04,2165.04
-11799742.870000001,4655546.8,2165.15
-11799745.19,4655545.5200000005,2174.6
-11799745.57,4655545.3,2176.15
-11799747.27,4655544.350000001,2183.09
-11799745.52,4655545.17,2182.85
-11799740.64,4655547.5600000005,2176.55
-11799739.48,4655548.36,2165.19
-11799741.44,4655547.11,2179.79
-11799743.6,4655546.07,2181.86
-11799741.89,4655546.87,2181.57
-11799737.75,4655549.16,2164.94
-11799738.94,4655548.36,2176.32
-11799737.34,4655549.08,2176.61
-11799738.21,4655548.59,2180.1
-11799738.82,4655548.79,2176.33
-11799737.68,4655549.5600000005,2164.96
-11799741.43,4655547.5,2180.06
-11799741.83,4655547.2700000005,2181.63
-11799742.76,4655546.92,2178.69
-11799743.56,4655546.47,2181.94
-11799745.4,4655545.61,2182.81
-11799742.71,4655547.25,2165.19
-11799745.43,4655545.73,2176.25
-11799746.83,4655544.97,2181.94
-11799748.84,4655543.99,2183.44
-11799747.71,4655544.78,2172.03
-11799749.92,4655543.57,2181.07
-11799747.68,4655544.96,2165.07
-11799749.8,4655543.79,2173.81
-11799750.15,4655543.59,2175.3
-11799750.93,4655543.16,2178.5
-11799749.32,4655544.22,2165.05
-11799753.21,4655542.04,2181.17
-11799750.96,4655543.45,2165.07
-11799754.33,4655541.58,2179.07
-11799752.61,4655542.69,2165.09
-11799754.290000001,4655541.92,2165.11
-11799755.96,4655541.13,2165.13
-11799757.620000001,4655540.37,2165.11
-11799759.28,4655539.62,2165.11
-11799763.28,4655537.37,2182.08
-11799765.26,4655536.44,2183.58
-11799764.9,4655536.8,2174.99
-11799765.42,4655536.51,2177.24
-11799766.81,4655535.88,2176.05
-11799767.75,4655535.37,2180.05
-11799767.34,4655535.76,2171.15
-11799767.96,4655535.42,2173.83
-11799768.71,4655535.17,2169.96
-11799768.950000001,4655535.0200000005,2171.05
-11799769.34,4655534.8100000005,2172.71
-11799771.55,4655533.57,2182.33
-11799770.91,4655534.26,2165.17
-11799769.27,4655535.01,2165.19
-11799772.55,4655533.5,2165.19
-11799774.21,4655532.74,2165.19
-11799775.870000001,4655531.97,2165.19
-11799777.57,4655531.17,2165.19
-11799779.25,4655530.41,2165.15
-11799782.66,4655528.49,2180.42
-11799784.52,4655527.61,2181.51
-11799785.67,4655527.12,2179.46
-11799786.25,4655526.8100000005,2182.03
-11799786.93,4655526.58,2177.69
-11799787.26,4655526.4,2179.21
-11799787.53,4655526.25,2180.38
-11799785.96,4655527.3100000005,2165.75
-11799788.83,4655525.69,2178.83
-11799789.120000001,4655525.5200000005,2180.17
-11799787.58,4655526.5600000005,2165.71
-11799790.34,4655524.99,2178.3
-11799789.25,4655525.79,2165.77
-11799791.81,4655524.33,2177.57
-11799793.07,4655523.63,2183.31
-11799794.81,4655522.8,2183.76
-11799795.540000001,4655522.58,2179.61
-11799796.35,4655522.12,2183.38
-11799797.120000001,4655521.850000001,2179.34
-11799797.82,4655521.63,2174.88
-11799797.620000001,4655521.75,2173.92
-11799798.61,4655521.18,2178.58
-11799798.15,4655521.43,2176.47
-11799798.85,4655521.22,2171.9
-11799797.48,4655522.0,2165.46
-11799799.620000001,4655520.7700000005,2175.48
-11799799.83,4655520.67,2176.49
-11799802.040000001,4655519.59,2179.11
-11799803.370000001,4655519.01,2177.69
-11799802.48,4655519.7,2165.63
-11799804.18,4655518.74,2173.72
-11799804.38,4655518.62,2174.69
-11799805.97,4655517.87,2174.44
-11799806.57,4655517.74,2169.36
-11799806.84,4655517.58,2170.65
-11799808.13,4655517.0,2169.07
-11799809.66,4655516.33,2168.42
-11799810.75,4655515.88,2165.72
-11799812.96,4655514.8100000005,2168.55
-11799812.38,4655515.13,2165.71
-11799815.03,4655513.8,2170.65
-11799814.700000001,4655513.99,2169.03
-11799815.33,4655513.63,2172.13
-11799815.99,4655513.25,2175.36
-11799816.47,4655513.15,2169.65
-11799816.9,4655512.89,2171.82
-11799817.31,4655512.67,2173.83
-11799817.32,4655512.83,2165.82
-11799818.46,4655512.18,2171.51
-11799818.97,4655511.91,2174.03
-11799819.0,4655512.07,2165.85
-11799819.55,4655511.75,2168.63
-11799820.13,4655511.42,2171.49
-11799820.52,4655511.2,2173.5
-11799820.73,4655511.2700000005,2166.21
-11799822.36,4655510.5200000005,2166.13
-11799823.99,4655509.7700000005,2166.05
-11799825.620000001,4655509.0200000005,2166.07
-11799827.31,4655508.24,2166.06
-11799828.96,4655507.48,2166.08
-11799830.59,4655506.73,2166.09
-11799832.38,4655505.89,2166.84
-11799833.86,4655505.22,2166.21
-11799837.370000001,4655505.05,2166.23
-11799837.67,4655504.87,2167.85
-11799835.78,4655505.7700000005,2166.4
-11799834.08,4655506.5600000005,2166.17
-11799832.41,4655507.32,2166.19
-11799830.75,4655508.100000001,2166.08
-11799829.120000001,4655508.86,2166.15
-11799827.48,4655509.62,2166.07
-11799825.83,4655510.38,2166.06
-11799824.15,4655511.16,2166.03
-11799822.51,4655511.92,2166.09
-11799817.49,4655514.24,2165.79
-11799820.88,4655512.67,2166.08
-11799818.040000001,4655513.93,2168.55
-11799819.17,4655513.46,2165.84
-11799818.540000001,4655513.64,2171.05
-11799815.94,4655514.95,2166.31
-11799816.42,4655514.67,2168.73
-11799817.5,4655514.05,2174.1
-11799814.19,4655515.75,2165.79
-11799812.55,4655516.5200000005,2165.74
-11799810.89,4655517.29,2165.73
-11799809.81,4655517.73,2168.44
-11799808.31,4655518.41,2169.1
-11799808.71,4655518.19,2171.0
-11799806.74,4655519.13,2169.44
-11799807.33,4655518.79,2172.32
-11799806.0,4655519.37,2173.85
-11799802.65,4655521.100000001,2165.73
-11799804.41,4655520.11,2174.1
-11799802.870000001,4655520.79,2174.54
-11799803.620000001,4655520.36,2178.13
-11799801.98,4655521.12,2178.17
-11799799.16,4655522.55,2172.67
-11799799.49,4655522.37,2174.17
-11799799.96,4655522.100000001,2176.4
-11799798.39,4655522.83,2176.65
-11799800.18,4655521.97,2177.44
-11799797.14,4655523.350000001,2178.59
-11799797.98,4655523.04,2174.79
-11799797.53,4655523.13,2180.46
-11799797.85,4655522.96,2181.88
-11799795.97,4655523.84,2180.94
-11799796.39,4655523.59,2182.86
-11799795.32,4655524.03,2185.52
-11799791.92,4655525.8,2177.4
-11799792.96,4655525.21,2182.13
-11799793.52,4655524.89,2184.75
-11799787.790000001,4655527.96,2166.0
-11799790.61,4655526.37,2178.85
-11799785.99,4655528.8100000005,2165.17
-11799788.78,4655527.23,2177.9
-11799789.13,4655527.03,2179.5
-11799784.71,4655529.350000001,2167.01
-11799787.41,4655527.83,2179.17
-11799785.98,4655528.46,2180.38
-11799780.950000001,4655531.14,2165.23
-11799784.32,4655529.23,2180.31
-11799779.33,4655531.88,2165.25
-11799784.51,4655529.12,2181.19
-11799779.8,4655531.62,2167.36
-11799777.67,4655532.65,2165.17
-11799778.17,4655532.37,2167.4
-11799776.01,4655533.41,2165.21
-11799774.33,4655534.2,2165.23
-11799772.65,4655534.96,2165.22
-11799771.01,4655535.72,2165.21
-11799769.34,4655536.49,2165.19
-11799767.67,4655537.2700000005,2165.17
-11799768.700000001,4655536.69,2169.65
-11799769.49,4655536.25,2173.04
-11799765.98,4655538.03,2165.1
-11799767.120000001,4655537.4,2170.05
-11799768.48,4655536.66,2175.88
-11799767.0,4655537.33,2176.58
-11799767.22,4655537.2,2177.56
-11799768.16,4655536.67,2181.58
-11799760.99,4655540.36,2165.13
-11799762.65,4655539.58,2165.11
-11799764.72,4655538.28,2181.01
-11799763.78,4655538.8,2177.02
-11799762.5,4655539.350000001,2178.48
-11799757.66,4655541.89,2165.11
-11799761.05,4655540.01,2179.36
-11799755.99,4655542.66,2165.13
-11799754.34,4655543.42,2165.13
-11799752.66,4655544.2,2165.09
-11799750.97,4655544.98,2165.07
-11799754.57,4655542.99,2179.96
-11799753.1,4655543.62,2180.98
-11799749.4,4655545.54,2172.61
-11799751.6,4655544.32,2181.65
-11799751.11,4655544.59,2179.65
-11799748.83,4655545.7,2177.0
-11799749.290000001,4655545.45,2178.9
-11799750.0,4655545.04,2181.77
-11799748.05,4655545.97,2180.42
-11799748.540000001,4655545.7,2182.48
-11799746.53,4655546.67,2181.09
-11799743.68,4655548.100000001,2176.26
-11799743.120000001,4655548.41,2173.98
-11799744.96,4655547.39,2181.4
-11799739.22,4655550.4,2165.01
-11799742.1,4655548.8100000005,2176.63
-11799742.96,4655548.32,2180.09
-11799737.58,4655551.17,2165.02
-11799741.49,4655549.01,2180.69
-11799738.5,4655550.5,2175.46
-11799737.1,4655551.8,2164.88
-11799740.02,4655550.18,2176.55
-11799741.040000001,4655549.63,2180.61
-11799742.53,4655548.95,2180.15
-11799744.57,4655547.97,2181.71
-11799743.92,4655548.34,2179.08
-11799747.53,4655546.65,2180.42
-11799746.33,4655547.16,2182.19
-11799747.97,4655546.4,2182.24
-11799748.92,4655546.04,2179.3
-11799749.69,4655545.61,2182.49
-11799751.23,4655544.9,2181.99
-11799748.74,4655546.43,2165.01
-11799750.39,4655545.67,2165.08
-11799752.27,4655544.48,2179.55
-11799753.76,4655543.8100000005,2179.0
-11799752.66,4655544.2700000005,2181.13
-11799754.15,4655543.59,2180.63
-11799752.07,4655544.89,2165.13
-11799755.59,4655542.94,2179.76
-11799753.75,4655544.13,2165.13
-11799755.41,4655543.350000001,2165.11
-11799757.08,4655542.59,2165.07
-11799758.98,4655541.37,2180.04
-11799762.26,4655539.88,2179.98
-11799760.42,4655541.0600000005,2165.11
-11799762.07,4655540.29,2165.09
-11799763.71,4655539.54,2165.08
-11799767.84,4655537.4,2175.74
-11799768.31,4655537.13,2177.74
-11799769.03,4655536.74,2180.82
-11799767.0,4655538.0200000005,2165.17
-11799769.53,4655536.62,2176.05
-11799768.68,4655537.25,2165.19
-11799769.68,4655536.7,2169.55
-11799770.35,4655536.48,2165.21
-11799772.040000001,4655535.71,2165.19
-11799773.71,4655534.93,2165.21
-11799775.370000001,4655534.17,2165.23
-11799777.01,4655533.41,2165.21
-11799779.370000001,4655532.2700000005,2168.17
-11799780.34,4655531.89,2165.23
-11799781.950000001,4655531.12,2165.17
-11799783.57,4655530.07,2179.76
-11799785.15,4655529.350000001,2179.55
-11799784.03,4655530.14,2167.1
-11799786.98,4655528.48,2180.36
-11799785.620000001,4655529.42,2166.73
-11799786.96,4655528.83,2165.31
-11799790.11,4655527.0600000005,2179.63
-11799788.77,4655527.98,2165.9
-11799791.38,4655526.51,2177.85
-11799794.13,4655525.13,2182.92
-11799794.4,4655524.97,2184.19
-11799794.78,4655524.76,2185.92
-11799795.58,4655524.47,2182.22
-11799795.8,4655524.34,2183.19
-11799796.14,4655524.16,2184.82
-11799796.4,4655524.18,2178.42
-11799796.61,4655524.0600000005,2179.4
-11799796.98,4655523.86,2181.13
-11799798.040000001,4655523.43,2178.38
-11799798.51,4655523.17,2180.57
-11799798.790000001,4655523.18,2174.23
-11799798.620000001,4655523.45,2165.65
-11799799.94,4655522.69,2171.92
-11799801.24,4655521.96,2178.01
-11799800.57,4655522.350000001,2174.81
-11799802.24,4655521.58,2174.9
-11799801.39,4655522.0600000005,2170.88
-11799803.92,4655520.78,2175.17
-11799802.83,4655521.23,2177.67
-11799806.02,4655519.96,2169.46
-11799805.47,4655520.09,2174.76
-11799806.82,4655519.5,2173.29
-11799806.44,4655519.73,2171.42
-11799807.63,4655519.21,2169.4
-11799808.06,4655518.98,2171.44
-11799809.15,4655518.54,2168.8
-11799810.19,4655518.12,2165.8
-11799811.84,4655517.36,2165.71
-11799810.67,4655517.84,2168.13
-11799813.51,4655516.600000001,2165.74
-11799815.18,4655515.82,2165.94
-11799815.51,4655515.62,2167.61
-11799816.78,4655515.08,2165.84
-11799817.43,4655514.71,2169.06
-11799818.42,4655514.32,2165.79
-11799820.09,4655513.55,2165.86
-11799821.77,4655512.79,2165.9
-11799823.44,4655512.01,2166.0
-11799825.06,4655511.25,2166.03
-11799826.700000001,4655510.51,2166.06
-11799828.36,4655509.73,2166.09
-11799830.01,4655508.98,2166.13
-11799831.67,4655508.23,2166.07
-11799833.31,4655507.47,2166.11
-11799834.950000001,4655506.7,2166.15
-11799836.6,4655505.94,2166.17
-11799838.25,4655505.18,2166.21
-11799842.18,4655504.91,2166.22
-11799841.07,4655505.350000001,2169.13
-11799840.53,4655505.67,2166.23
-11799839.44,4655506.12,2168.96
-11799837.26,4655507.17,2166.09
-11799837.77,4655506.89,2168.71
-11799835.620000001,4655507.93,2166.17
-11799836.21,4655507.600000001,2169.26
-11799833.97,4655508.7,2166.17
-11799832.33,4655509.46,2166.1
-11799830.68,4655510.23,2166.13
-11799829.01,4655511.0,2166.09
-11799827.38,4655511.75,2166.04
-11799825.74,4655512.51,2165.99
-11799824.07,4655513.29,2165.9
-11799822.41,4655514.0600000005,2165.86
-11799820.74,4655514.82,2165.84
-11799819.200000001,4655515.5200000005,2166.44
-11799817.44,4655516.350000001,2165.83
-11799817.75,4655516.16,2167.42
-11799818.06,4655515.98,2168.9
-11799815.76,4655517.12,2165.79
-11799816.11,4655516.91,2167.6
-11799814.56,4655517.62,2168.06
-11799814.09,4655517.9,2165.77
-11799812.47,4655518.65,2165.73
-11799810.83,4655519.41,2165.73
-11799811.3,4655519.13,2168.0
-11799809.75,4655519.84,2168.63
-11799808.23,4655520.53,2169.28
-11799807.65,4655520.69,2174.36
-11799806.6,4655521.28,2169.32
-11799805.1,4655521.95,2170.01
-11799805.72,4655521.61,2172.98
-11799806.19,4655521.34,2175.19
-11799804.22,4655522.28,2173.59
-11799804.55,4655522.09,2175.19
-11799802.53,4655523.0600000005,2173.52
-11799802.9,4655522.850000001,2175.26
-11799799.4,4655524.66,2166.69
-11799800.53,4655524.0200000005,2171.98
-11799798.82,4655524.82,2171.69
-11799799.69,4655524.33,2175.77
-11799797.6,4655525.34,2173.54
-11799797.98,4655525.13,2175.29
-11799796.200000001,4655525.97,2174.61
-11799796.83,4655525.61,2177.59
-11799797.35,4655525.3100000005,2179.98
-11799795.63,4655526.11,2179.73
-11799795.96,4655525.93,2181.25
-11799796.34,4655525.72,2182.99
-11799794.34,4655526.68,2181.4
-11799790.82,4655528.65,2165.19
-11799789.22,4655529.39,2165.26
-11799787.93,4655529.96,2166.81
-11799784.200000001,4655531.72,2165.19
-11799786.26,4655530.71,2166.97
-11799782.56,4655532.45,2165.22
-11799780.92,4655533.21,2165.27
-11799781.91,4655532.66,2169.75
-11799777.57,4655534.78,2165.31
-11799779.26,4655533.99,2165.33
-11799775.870000001,4655535.5600000005,2165.25
-11799774.19,4655536.34,2165.22
-11799772.52,4655537.100000001,2165.23
-11799770.88,4655537.86,2165.21
-11799769.25,4655538.62,2165.19
-11799771.76,4655537.0600000005,2183.3
-11799767.57,4655539.4,2165.19
-11799769.91,4655537.92,2182.51
-11799769.55,4655538.13,2180.92
-11799770.18,4655537.7700000005,2183.61
-11799764.200000001,4655540.94,2165.05
-11799768.15,4655538.75,2181.94
-11799768.52,4655538.5600000005,2183.54
-11799762.56,4655541.7,2165.11
-11799760.91,4655542.47,2165.13
-11799759.21,4655543.26,2165.13
-11799757.5,4655544.04,2165.13
-11799755.85,4655544.8,2165.13
-11799754.21,4655545.5600000005,2165.13
-11799752.55,4655546.34,2165.11
-11799750.84,4655547.12,2165.09
-11799752.63,4655545.98,2179.48
-11799751.39,4655546.51,2181.19
-11799745.84,4655549.42,2165.15
-11799748.620000001,4655547.89,2176.5
-11799749.14,4655547.600000001,2178.63
-11799744.17,4655550.18,2165.15
-11799747.28,4655548.48,2177.81
-11799747.66,4655548.2700000005,2179.38
-11799742.450000001,4655551.0,2165.07
-11799746.14,4655548.97,2179.98
-11799746.64,4655548.68,2182.05
-11799744.33,4655549.8100000005,2179.42
-11799744.97,4655549.46,2182.0
-11799742.63,4655550.600000001,2179.15
-11799743.370000001,4655550.19,2182.11
-11799737.42,4655553.32,2164.94
-11799738.27,4655553.350000001,2164.88
-11799741.540000001,4655551.55,2178.02
-11799741.96,4655551.32,2179.71
-11799744.43,4655550.12,2183.04
-11799741.620000001,4655551.8,2165.15
-11799744.25,4655550.36,2175.79
-11799745.620000001,4655549.600000001,2181.34
-11799743.3,4655551.04,2165.24
-11799746.76,4655549.13,2179.34
-11799747.22,4655548.87,2181.15
-11799744.96,4655550.2700000005,2165.21
-11799747.76,4655548.73,2176.59
-11799746.620000001,4655549.5,2165.09
-11799749.09,4655548.14,2175.19
-11799749.450000001,4655547.93,2176.69
-11799750.41,4655547.42,2180.61
-11799751.0,4655547.25,2176.3
-11799751.9,4655546.75,2180.0
-11799749.93,4655547.98,2165.15
-11799753.47,4655546.0200000005,2179.78
-11799751.57,4655547.22,2165.1
-11799753.22,4655546.46,2165.07
-11799754.93,4655545.68,2165.13
-11799756.57,4655544.92,2165.13
-11799758.22,4655544.16,2165.15
-11799759.870000001,4655543.41,2165.11
-11799761.55,4655542.62,2165.13
-11799763.23,4655541.86,2165.09
-11799764.9,4655541.08,2165.13
-11799768.42,4655539.12,2180.21
-11799768.88,4655538.89,2182.17
-11799766.56,4655540.32,2165.19
-11799770.81,4655537.97,2183.54
-11799768.200000001,4655539.5600000005,2165.17
-11799772.39,4655537.24,2183.25
-11799771.55,4655538.0200000005,2165.21
-11799769.870000001,4655538.8100000005,2165.17
-11799773.200000001,4655537.26,2165.21
-11799774.84,4655536.51,2165.23
-11799776.55,4655535.72,2165.21
-11799778.24,4655534.95,2165.32
-11799779.89,4655534.19,2165.36
-11799781.53,4655533.42,2165.29
-11799782.53,4655532.88,2169.79
-11799783.15,4655532.69,2165.21
-11799784.81,4655531.93,2165.17
-11799786.86,4655530.94,2166.94
-11799788.43,4655530.23,2166.63
-11799789.76,4655529.64,2165.26
-11799791.41,4655528.88,2165.29
-11799793.07,4655528.12,2165.29
-11799794.91,4655526.92,2181.38
-11799796.1,4655526.42,2179.33
-11799796.65,4655526.100000001,2181.86
-11799797.93,4655525.55,2180.19
-11799797.41,4655525.850000001,2177.76
-11799798.66,4655525.32,2175.78
-11799797.69,4655525.87,2171.25
-11799798.16,4655525.7700000005,2165.73
-11799798.16,4655525.600000001,2173.48
-11799799.33,4655525.11,2171.21
-11799799.85,4655524.99,2165.97
-11799801.05,4655524.3100000005,2171.59
-11799801.450000001,4655524.26,2165.71
-11799803.44,4655523.13,2175.13
-11799803.370000001,4655523.350000001,2166.97
-11799804.77,4655522.54,2173.63
-11799805.15,4655522.34,2175.42
-11799806.38,4655521.82,2173.38
-11799807.64,4655521.28,2171.55
-11799808.16,4655520.98,2174.04
-11799808.05,4655521.22,2165.61
-11799808.77,4655520.82,2169.09
-11799810.3,4655520.12,2168.46
-11799811.38,4655519.68,2165.69
-11799813.01,4655518.92,2165.74
-11799814.65,4655518.17,2165.71
-11799816.68,4655517.2,2167.65
-11799815.05,4655517.94,2167.65
-11799817.99,4655516.62,2165.94
-11799818.28,4655516.48,2167.35
-11799819.64,4655515.87,2165.9
-11799821.27,4655515.13,2165.84
-11799822.93,4655514.36,2165.86
-11799824.59,4655513.600000001,2165.9
-11799826.28,4655512.83,2165.99
-11799829.55,4655511.3,2166.06
-11799827.91,4655512.0600000005,2166.04
-11799832.88,4655509.7700000005,2166.36
-11799831.22,4655510.54,2166.11
-11799834.46,4655509.0600000005,2166.11
-11799836.120000001,4655508.28,2166.17
-11799838.28,4655507.23,2168.73
-11799836.81,4655507.89,2169.76
-11799839.950000001,4655506.44,2168.96
-11799841.64,4655505.68,2169.23
-11799842.71,4655505.23,2166.23
-11799844.35,4655504.5,2166.22
-11799847.03,4655504.7,2167.05
-11799845.39,4655505.46,2167.04
-11799845.68,4655505.28,2168.67
-11799844.1,4655506.01,2168.9
-11799842.49,4655506.74,2169.13
-11799840.85,4655507.5,2169.08
-11799839.16,4655508.29,2168.81
-11799838.0,4655508.79,2171.23
-11799836.44,4655509.47,2171.84
-11799833.71,4655510.87,2166.19
-11799832.06,4655511.63,2166.07
-11799830.43,4655512.37,2166.08
-11799828.8,4655513.13,2166.03
-11799827.14,4655513.91,2166.01
-11799823.81,4655515.43,2165.9
-11799825.47,4655514.67,2165.94
-11799822.15,4655516.21,2165.86
-11799820.5,4655516.97,2165.84
-11799817.48,4655518.33,2167.46
-11799818.82,4655517.76,2165.86
-11799815.51,4655519.2700000005,2165.79
-11799815.91,4655519.04,2167.71
-11799813.86,4655520.03,2165.76
-11799812.21,4655520.8,2165.74
-11799810.55,4655521.57,2165.73
-11799808.97,4655522.28,2165.97
-11799809.39,4655522.05,2167.98
-11799807.32,4655523.0600000005,2165.84
-11799808.36,4655522.47,2170.82
-11799805.63,4655523.84,2165.73
-11799806.9,4655523.11,2171.82
-11799807.23,4655522.94,2173.38
-11799804.22,4655524.47,2167.01
-11799804.6,4655524.25,2168.82
-11799805.23,4655523.89,2171.83
-11799802.3,4655525.37,2165.76
-11799800.68,4655526.11,2165.84
-11799798.99,4655526.91,2165.56
-11799797.84,4655527.37,2168.03
-11799798.46,4655527.05,2170.9
-11799795.6,4655528.46,2165.4
-11799796.790000001,4655527.8100000005,2170.92
-11799796.48,4655527.98,2169.49
-11799793.93,4655529.25,2165.38
-11799792.27,4655530.0,2165.29
-11799790.66,4655530.76,2165.4
-11799789.22,4655531.4,2166.46
-11799787.26,4655532.32,2165.19
-11799785.6,4655533.100000001,2165.24
-11799784.0,4655533.82,2165.31
-11799782.11,4655534.5600000005,2171.69
-11799783.51,4655533.94,2170.55
-11799779.01,4655536.12,2165.38
-11799777.32,4655536.92,2165.34
-11799775.65,4655537.68,2165.3
-11799773.96,4655538.47,2165.17
-11799772.290000001,4655539.23,2165.24
-11799770.65,4655539.99,2165.21
-11799768.950000001,4655540.78,2165.17
-11799773.18,4655538.43,2183.48
-11799767.27,4655541.54,2165.15
-11799770.39,4655539.82,2178.6
-11799771.56,4655539.18,2183.65
-11799765.63,4655542.3100000005,2165.13
-11799763.97,4655543.08,2165.07
-11799762.3,4655543.84,2165.11
-11799760.64,4655544.61,2165.13
-11799758.96,4655545.39,2165.13
-11799757.28,4655546.17,2165.15
-11799755.620000001,4655546.93,2165.17
-11799753.950000001,4655547.7,2165.11
-11799752.28,4655548.48,2165.11
-11799750.58,4655549.25,2165.07
-11799754.05,4655547.34,2179.34
-11799748.950000001,4655550.0200000005,2165.05
-11799747.28,4655550.78,2165.04
-11799745.620000001,4655551.54,2165.19
-11799748.93,4655549.71,2178.69
-11799743.93,4655552.33,2165.25
-11799747.38,4655550.42,2179.23
-11799746.34,4655550.850000001,2181.74
-11799742.22,4655553.09,2165.15
-11799740.56,4655553.88,2165.09
-11799744.540000001,4655551.68,2181.13
-11799738.84,4655554.67,2165.03
-11799737.13,4655555.47,2164.97
-11799737.73,4655555.63,2164.97
-11799739.43,4655554.83,2165.04
-11799741.1,4655554.07,2165.06
-11799744.42,4655552.25,2178.49
-11799745.26,4655551.8,2181.83
-11799742.790000001,4655553.29,2165.22
-11799746.870000001,4655551.05,2181.72
-11799744.44,4655552.53,2165.15
-11799748.06,4655550.55,2179.88
-11799746.1,4655551.7700000005,2165.15
-11799749.4,4655549.96,2178.61
-11799747.74,4655551.0,2165.01
-11799749.42,4655550.23,2165.07
-11799751.06,4655549.49,2165.06
-11799752.74,4655548.71,2165.11
-11799754.4,4655547.96,2165.11
-11799756.08,4655547.17,2165.13
-11799757.74,4655546.41,2165.13
-11799759.41,4655545.63,2165.11
-11799761.05,4655544.9,2165.11
-11799762.700000001,4655544.13,2165.11
-11799764.38,4655543.37,2165.11
-11799766.040000001,4655542.600000001,2165.11
-11799767.71,4655541.83,2165.13
-11799770.84,4655540.09,2178.67
-11799769.34,4655541.09,2165.17
-11799771.03,4655540.3100000005,2165.17
-11799772.700000001,4655539.54,2165.19
-11799774.36,4655538.7700000005,2165.17
-11799776.05,4655538.0,2165.26
-11799777.67,4655537.25,2165.3
-11799779.36,4655536.48,2165.4
-11799781.1,4655535.49,2173.15
-11799782.5,4655534.88,2171.92
-11799783.91,4655534.26,2170.78
-11799784.33,4655534.18,2165.33
-11799784.75,4655533.95,2167.19
-11799785.49,4655533.54,2170.52
-11799785.96,4655533.43,2165.25
-11799787.61,4655532.67,2165.19
-11799789.53,4655531.7700000005,2166.38
-11799790.94,4655531.13,2165.25
-11799792.59,4655530.37,2165.27
-11799794.23,4655529.63,2165.32
-11799795.92,4655528.83,2165.38
-11799796.16,4655528.71,2166.52
-11799796.8,4655528.350000001,2169.46
-11799797.09,4655528.18,2170.83
-11799797.59,4655528.07,2165.35
-11799798.15,4655527.7700000005,2167.92
-11799798.82,4655527.39,2171.07
-11799799.290000001,4655527.29,2165.49
-11799801.26,4655526.350000001,2167.15
-11799800.94,4655526.53,2165.63
-11799802.58,4655525.7700000005,2165.72
-11799804.41,4655524.92,2166.63
-11799804.950000001,4655524.61,2169.17
-11799805.47,4655524.33,2171.63
-11799805.89,4655524.26,2165.69
-11799807.14,4655523.55,2171.69
-11799807.5,4655523.34,2173.4
-11799807.69,4655523.42,2166.36
-11799808.14,4655523.14,2168.54
-11799808.57,4655522.92,2170.61
-11799809.22,4655522.72,2165.81
-11799810.84,4655521.97,2165.77
-11799809.6,4655522.51,2167.67
-11799812.48,4655521.22,2165.73
-11799814.15,4655520.46,2165.75
-11799815.8,4655519.69,2165.76
-11799816.17,4655519.48,2167.57
-11799817.790000001,4655518.74,2167.38
-11799819.120000001,4655518.16,2165.82
-11799821.02,4655517.26,2167.17
-11799820.76,4655517.41,2165.86
-11799822.4,4655516.65,2165.86
-11799824.07,4655515.89,2165.88
-11799825.75,4655515.12,2165.92
-11799827.4,4655514.350000001,2166.01
-11799829.02,4655513.600000001,2166.03
-11799830.66,4655512.86,2166.05
-11799832.35,4655512.08,2166.05
-11799834.0,4655511.3100000005,2166.13
-11799836.73,4655509.93,2172.01
-11799838.24,4655509.25,2171.48
-11799839.4,4655508.7700000005,2168.86
-11799841.120000001,4655507.97,2169.07
-11799842.74,4655507.21,2169.09
-11799844.32,4655506.5,2168.88
-11799845.620000001,4655505.95,2166.94
-11799845.93,4655505.76,2168.65
-11799848.81,4655504.5,2166.23
-11799847.18,4655505.24,2166.38
-11799851.59,4655504.8,2166.24
-11799851.94,4655504.61,2168.11
-11799849.950000001,4655505.55,2166.29
-11799850.59,4655505.2,2169.75
-11799848.33,4655506.3,2166.23
-11799848.68,4655506.11,2168.15
-11799846.73,4655507.05,2166.38
-11799845.53,4655507.55,2168.73
-11799843.92,4655508.3,2168.97
-11799842.33,4655509.0200000005,2169.22
-11799840.64,4655509.8,2169.0
-11799838.99,4655510.57,2168.92
-11799839.4,4655510.32,2171.13
-11799836.81,4655511.63,2166.11
-11799837.46,4655511.2700000005,2169.49
-11799837.71,4655511.11,2170.88
-11799835.200000001,4655512.37,2166.34
-11799835.5,4655512.2,2167.9
-11799833.51,4655513.16,2166.08
-11799831.870000001,4655513.91,2166.04
-11799830.24,4655514.67,2166.03
-11799828.59,4655515.43,2166.01
-11799826.91,4655516.21,2165.96
-11799825.23,4655516.97,2165.92
-11799823.58,4655517.74,2165.86
-11799821.97,4655518.49,2165.9
-11799820.33,4655519.24,2165.92
-11799818.65,4655520.0200000005,2165.9
-11799817.01,4655520.78,2166.0
-11799815.35,4655521.54,2165.83
-11799813.67,4655522.3100000005,2165.77
-11799812.02,4655523.09,2165.76
-11799810.38,4655523.84,2165.79
-11799805.46,4655526.11,2165.82
-11799809.18,4655524.350000001,2167.81
-11799804.07,4655526.71,2167.22
-11799807.540000001,4655525.11,2167.77
-11799802.02,4655527.7,2165.46
-11799803.76,4655526.9,2165.67
-11799800.34,4655528.46,2165.36
-11799798.700000001,4655529.24,2165.36
-11799795.370000001,4655530.76,2165.29
-11799797.26,4655529.88,2166.4
-11799792.05,4655532.3,2165.27
-11799793.700000001,4655531.55,2165.31
-11799788.75,4655533.83,2165.27
-11799790.4,4655533.0600000005,2165.24
-11799787.72,4655534.24,2168.13
-11799788.28,4655533.93,2170.65
-11799786.93,4655534.53,2172.02
-11799785.18,4655535.350000001,2171.61
-11799783.76,4655535.97,2172.77
-11799782.18,4655536.7,2172.97
-11799778.8,4655538.43,2165.23
-11799779.14,4655538.23,2166.77
-11799777.11,4655539.19,2165.24
-11799775.43,4655539.98,2165.27
-11799773.78,4655540.74,2165.28
-11799772.11,4655541.49,2165.26
-11799770.49,4655542.25,2165.5
-11799768.77,4655543.05,2165.23
-11799765.43,4655544.59,2165.13
-11799767.08,4655543.83,2165.19
-11799763.74,4655545.38,2165.07
-11799762.07,4655546.14,2165.15
-11799760.38,4655546.9,2165.15
-11799762.35,4655545.84,2173.42
-11799758.74,4655547.68,2165.15
-11799757.08,4655548.44,2165.15
-11799755.41,4655549.2,2165.17
-11799752.040000001,4655550.7700000005,2165.13
-11799753.73,4655549.98,2165.15
-11799750.39,4655551.53,2165.09
-11799748.74,4655552.28,2165.09
-11799750.59,4655551.13,2179.61
-11799747.040000001,4655553.08,2165.11
-11799745.370000001,4655553.84,2165.22
-11799743.73,4655554.600000001,2165.21
-11799747.03,4655552.79,2178.58
-11799745.57,4655553.45,2179.38
-11799745.99,4655553.22,2181.07
-11799740.33,4655556.18,2165.04
-11799744.16,4655554.08,2180.4
-11799738.64,4655556.95,2165.06
-11799737.08,4655558.0600000005,2164.96
-11799738.78,4655557.2700000005,2165.06
-11799740.43,4655556.51,2165.06
-11799744.0,4655554.5600000005,2179.38
-11799745.65,4655553.8,2179.44
-11799747.06,4655553.17,2178.56
-11799743.76,4655554.97,2165.21
-11799745.41,4655554.21,2165.17
-11799748.89,4655552.3100000005,2179.3
-11799749.57,4655552.09,2175.19
-11799747.1,4655553.44,2165.13
-11799749.86,4655551.93,2176.36
-11799750.65,4655551.5,2179.54
-11799748.77,4655552.67,2165.06
-11799750.43,4655551.91,2165.08
-11799752.07,4655551.15,2165.1
-11799753.74,4655550.39,2165.11
-11799755.43,4655549.61,2165.11
-11799757.08,4655548.850000001,2165.13
-11799758.75,4655548.09,2165.11
-11799760.41,4655547.3100000005,2165.09
-11799762.44,4655546.19,2173.65
-11799762.09,4655546.54,2165.13
-11799764.69,4655545.100000001,2176.13
-11799763.74,4655545.79,2165.07
-11799765.84,4655544.64,2173.97
-11799765.43,4655545.01,2165.11
-11799767.08,4655544.25,2165.15
-11799768.72,4655543.49,2165.19
-11799770.49,4655542.68,2165.67
-11799772.07,4655541.95,2165.26
-11799773.72,4655541.19,2165.24
-11799775.4,4655540.43,2165.27
-11799777.01,4655539.67,2165.26
-11799778.67,4655538.91,2165.26
-11799781.91,4655537.2700000005,2172.19
-11799783.790000001,4655536.39,2173.21
-11799786.790000001,4655535.0200000005,2171.88
-11799785.18,4655535.7700000005,2172.11
-11799788.66,4655534.3100000005,2165.32
-11799788.14,4655534.44,2170.52
-11799790.3,4655533.55,2165.23
-11799791.97,4655532.8,2165.25
-11799793.61,4655532.05,2165.26
-11799795.26,4655531.29,2165.28
-11799796.89,4655530.54,2165.22
-11799797.14,4655530.39,2166.38
-11799798.58,4655529.75,2165.35
-11799798.77,4655529.65,2166.26
-11799800.23,4655529.0,2165.33
-11799803.56,4655527.45,2165.54
-11799801.88,4655528.24,2165.38
-11799805.3,4655526.65,2166.03
-11799806.88,4655525.93,2165.73
-11799808.96,4655524.93,2167.78
-11799810.22,4655524.39,2165.81
-11799811.83,4655523.65,2165.76
-11799813.47,4655522.89,2165.77
-11799815.16,4655522.11,2165.81
-11799816.85,4655521.33,2166.03
-11799818.59,4655520.5200000005,2166.56
-11799820.33,4655519.71,2166.88
-11799821.82,4655519.04,2166.0
-11799823.44,4655518.3100000005,2165.86
-11799825.05,4655517.5600000005,2165.9
-11799826.700000001,4655516.8,2165.96
-11799828.38,4655516.0200000005,2166.0
-11799830.02,4655515.26,2165.99
-11799831.700000001,4655514.5,2166.02
-11799833.34,4655513.75,2166.03
-11799834.96,4655512.99,2166.13
-11799836.6,4655512.24,2166.19
-11799836.84,4655512.11,2167.46
-11799837.27,4655511.86,2169.71
-11799839.17,4655510.94,2171.07
-11799840.44,4655510.41,2168.92
-11799842.16,4655509.63,2169.15
-11799843.73,4655508.9,2169.01
-11799845.32,4655508.17,2168.78
-11799846.55,4655507.65,2166.56
-11799848.14,4655506.93,2166.23
-11799848.48,4655506.72,2168.1
-11799849.78,4655506.17,2166.17
-11799850.35,4655505.84,2169.31
-11799851.43,4655505.41,2166.28
-11799851.81,4655505.19,2168.35
-11799853.05,4655504.67,2166.26
-11799856.48,4655504.71,2166.32
-11799854.84,4655505.46,2166.27
-11799853.18,4655506.24,2166.29
-11799851.540000001,4655507.0,2166.27
-11799852.02,4655506.71,2168.97
-11799848.290000001,4655508.5,2166.4
-11799850.38,4655507.47,2168.9
-11799848.57,4655508.33,2167.97
-11799848.870000001,4655508.16,2169.59
-11799846.63,4655509.26,2166.42
-11799845.43,4655509.74,2168.8
-11799843.84,4655510.48,2169.03
-11799842.24,4655511.23,2169.19
-11799840.53,4655512.0200000005,2168.92
-11799838.86,4655512.79,2168.71
-11799838.36,4655513.07,2166.15
-11799836.99,4655513.68,2167.52
-11799835.06,4655514.600000001,2166.05
-11799833.42,4655515.350000001,2166.07
-11799831.790000001,4655516.100000001,2166.06
-11799830.15,4655516.86,2165.99
-11799828.51,4655517.62,2165.98
-11799828.82,4655517.45,2167.55
-11799826.83,4655518.4,2165.92
-11799827.53,4655518.01,2169.49
-11799825.17,4655519.16,2165.94
-11799823.52,4655519.92,2165.9
-11799822.13,4655520.53,2167.22
-11799820.56,4655521.26,2167.58
-11799818.6,4655522.2,2166.04
-11799818.9,4655522.01,2167.56
-11799816.91,4655522.98,2165.86
-11799815.27,4655523.73,2165.84
-11799813.620000001,4655524.49,2165.83
-11799811.98,4655525.26,2165.85
-11799812.290000001,4655524.91,2175.46
-11799812.64,4655524.7,2177.11
-11799810.98,4655525.46,2177.09
-11799806.97,4655527.57,2165.65
-11799809.23,4655526.29,2176.42
-11799805.27,4655528.36,2165.42
-11799803.63,4655529.12,2165.4
-11799801.96,4655529.88,2165.36
-11799802.370000001,4655529.66,2167.25
-11799800.290000001,4655530.66,2165.32
-11799798.620000001,4655531.42,2165.33
-11799797.120000001,4655532.100000001,2166.07
-11799795.32,4655532.95,2165.29
-11799793.65,4655533.72,2165.29
-11799792.05,4655534.45,2165.55
-11799792.34,4655534.29,2166.85
-11799791.51,4655534.600000001,2170.63
-11799790.92,4655534.93,2167.94
-11799790.05,4655535.24,2171.65
-11799790.5,4655534.98,2173.63
-11799788.86,4655535.76,2173.72
-11799786.950000001,4655536.66,2172.61
-11799785.450000001,4655537.33,2173.21
-11799783.43,4655538.3,2171.53
-11799781.120000001,4655539.42,2168.65
-11799781.4,4655539.2700000005,2169.9
-11799778.72,4655540.600000001,2165.42
-11799777.05,4655541.37,2165.36
-11799775.39,4655542.15,2165.32
-11799773.700000001,4655542.91,2165.23
-11799772.03,4655543.69,2165.23
-11799770.36,4655544.45,2165.19
-11799768.68,4655545.24,2165.21
-11799766.99,4655546.0200000005,2165.17
-11799765.35,4655546.7700000005,2165.13
-11799763.73,4655547.51,2165.15
-11799765.92,4655546.32,2174.44
-11799766.290000001,4655546.12,2175.99
-11799766.6,4655545.94,2177.36
-11799762.06,4655548.28,2165.19
-11799764.18,4655547.13,2174.15
-11799764.790000001,4655546.79,2176.73
-11799760.34,4655549.08,2165.21
-11799762.120000001,4655548.100000001,2172.72
-11799758.65,4655549.86,2165.17
-11799757.0,4655550.62,2165.15
-11799755.32,4655551.4,2165.13
-11799753.67,4655552.16,2165.11
-11799751.99,4655552.93,2165.11
-11799750.3,4655553.72,2165.11
-11799748.64,4655554.48,2165.11
-11799746.97,4655555.23,2165.13
-11799750.06,4655553.57,2177.67
-11799745.32,4655555.99,2165.22
-11799748.370000001,4655554.350000001,2177.61
-11799743.64,4655556.78,2165.25
-11799746.63,4655555.16,2177.28
-11799747.1,4655554.9,2179.17
-11799741.950000001,4655557.57,2165.13
-11799745.700000001,4655555.5200000005,2180.22
-11799740.3,4655558.33,2165.13
-11799738.57,4655559.12,2165.04
-11799738.49,4655559.58,2165.03
-11799740.15,4655558.82,2165.11
-11799741.82,4655558.05,2165.17
-11799745.450000001,4655556.07,2179.73
-11799743.51,4655557.2700000005,2165.28
-11799746.86,4655555.44,2178.8
-11799745.17,4655556.51,2165.23
-11799746.81,4655555.75,2165.13
-11799748.46,4655555.0,2165.1
-11799750.14,4655554.22,2165.09
-11799751.81,4655553.46,2165.1
-11799753.47,4655552.7,2165.1
-11799755.15,4655551.92,2165.13
-11799756.81,4655551.15,2165.11
-11799758.49,4655550.39,2165.13
-11799760.120000001,4655549.64,2165.11
-11799761.92,4655548.66,2172.65
-11799761.790000001,4655548.86,2165.15
-11799763.33,4655548.03,2171.65
-11799766.34,4655546.5200000005,2177.36
-11799763.81,4655547.76,2173.69
-11799765.11,4655547.34,2165.15
-11799767.6,4655545.97,2175.77
-11799766.75,4655546.59,2165.13
-11799768.4,4655545.83,2165.17
-11799770.09,4655545.04,2165.19
-11799771.77,4655544.28,2165.19
-11799773.42,4655543.5,2165.22
-11799775.09,4655542.74,2165.28
-11799776.78,4655541.98,2165.35
-11799778.47,4655541.19,2165.47
-11799780.82,4655540.05,2168.63
-11799782.89,4655539.05,2170.53
-11799784.91,4655538.09,2172.19
-11799786.78,4655537.21,2173.17
-11799788.51,4655536.41,2173.5
-11799790.25,4655535.600000001,2173.76
-11799791.24,4655535.19,2170.82
-11799791.700000001,4655535.11,2165.4
-11799793.31,4655534.36,2165.27
-11799792.040000001,4655534.91,2166.94
-11799796.78,4655532.76,2165.99
-11799794.94,4655533.62,2165.29
-11799798.47,4655531.98,2166.07
-11799799.93,4655531.33,2165.31
-11799801.63,4655530.54,2165.35
-11799803.3,4655529.76,2165.42
-11799806.3,4655528.100000001,2179.61
-11799806.64,4655527.91,2181.26
-11799804.92,4655529.04,2165.44
-11799805.290000001,4655528.83,2167.19
-11799807.49,4655527.59,2177.69
-11799806.56,4655528.28,2165.48
-11799808.26,4655527.49,2165.67
-11799810.65,4655526.14,2177.13
-11799812.35,4655525.34,2177.38
-11799811.59,4655525.94,2165.78
-11799813.51,4655524.88,2175.09
-11799813.25,4655525.19,2165.85
-11799814.89,4655524.44,2165.82
-11799816.53,4655523.68,2165.83
-11799818.18,4655522.92,2165.82
-11799818.540000001,4655522.71,2167.55
-11799820.18,4655521.96,2167.53
-11799821.81,4655521.22,2167.44
-11799823.21,4655520.61,2166.15
-11799824.17,4655520.0600000005,2171.0
-11799824.81,4655519.86,2165.94
-11799825.66,4655519.37,2170.19
-11799826.55,4655518.88,2174.67
-11799826.450000001,4655519.12,2165.92
-11799826.98,4655518.82,2168.65
-11799827.39,4655518.59,2170.73
-11799828.38,4655518.0200000005,2175.69
-11799828.69,4655518.0200000005,2168.94
-11799828.120000001,4655518.350000001,2166.0
-11799829.790000001,4655517.58,2165.98
-11799830.19,4655517.350000001,2168.06
-11799831.44,4655516.82,2166.05
-11799833.07,4655516.0600000005,2166.11
-11799834.68,4655515.3100000005,2166.04
-11799836.36,4655514.55,2166.06
-11799838.290000001,4655513.64,2167.47
-11799840.21,4655512.73,2168.83
-11799841.9,4655511.95,2169.07
-11799843.5,4655511.2,2169.09
-11799845.1,4655510.48,2168.86
-11799846.41,4655509.9,2167.11
-11799846.69,4655509.73,2168.6
-11799847.9,4655509.24,2166.24
-11799848.17,4655509.07,2167.69
-11799848.52,4655508.89,2169.65
-11799849.53,4655508.49,2166.13
-11799849.86,4655508.3100000005,2167.92
-11799851.16,4655507.75,2166.17
-11799851.65,4655507.47,2168.76
-11799852.82,4655506.98,2166.25
-11799853.22,4655506.75,2168.49
-11799854.46,4655506.22,2166.25
-11799856.08,4655505.46,2166.29
-11799857.72,4655504.72,2166.32
-11799858.200000001,4655504.42,2169.06
-11799857.94,4655506.25,2166.24
-11799858.48,4655505.95,2169.24
-11799856.290000001,4655507.01,2166.24
-11799854.93,4655507.61,2167.77
-11799854.66,4655507.7700000005,2166.25
-11799853.47,4655508.2700000005,2168.69
-11799853.0,4655508.53,2166.15
-11799851.36,4655509.3,2166.15
-11799851.72,4655509.09,2168.11
-11799851.88,4655508.98,2168.99
-11799849.73,4655510.04,2166.21
-11799848.120000001,4655510.78,2166.28
-11799848.55,4655510.54,2168.63
-11799846.51,4655511.53,2166.38
-11799846.92,4655511.28,2168.61
-11799845.31,4655512.03,2168.88
-11799841.52,4655513.83,2166.25
-11799843.71,4655512.76,2169.13
-11799842.08,4655513.51,2169.15
-11799839.870000001,4655514.600000001,2166.11
-11799838.23,4655515.350000001,2166.1
-11799836.540000001,4655516.14,2166.04
-11799834.89,4655516.9,2166.01
-11799833.290000001,4655517.64,2166.11
-11799834.19,4655517.13,2170.74
-11799832.63,4655517.84,2171.09
-11799831.15,4655518.51,2172.01
-11799829.73,4655519.14,2173.19
-11799830.17,4655518.89,2175.42
-11799828.89,4655519.44,2177.22
-11799827.26,4655520.19,2177.22
-11799825.38,4655521.08,2175.94
-11799822.08,4655522.7700000005,2167.61
-11799820.08,4655523.73,2165.81
-11799821.16,4655523.13,2171.13
-11799818.42,4655524.51,2165.78
-11799819.450000001,4655523.93,2170.88
-11799816.74,4655525.28,2165.86
-11799815.11,4655526.03,2165.86
-11799813.5,4655526.7700000005,2165.9
-11799815.75,4655525.66,2169.0
-11799814.17,4655526.39,2169.17
-11799811.8,4655527.57,2165.76
-11799813.65,4655526.5200000005,2174.72
-11799814.1,4655526.2700000005,2176.9
-11799812.86,4655526.8,2178.88
-11799810.97,4655527.7,2177.63
-11799808.43,4655529.12,2165.52
-11799806.77,4655529.89,2165.47
-11799809.43,4655528.4,2178.21
-11799808.120000001,4655528.97,2179.88
-11799808.5,4655528.74,2181.67
-11799805.05,4655530.37,2180.76
-11799806.69,4655529.61,2180.86
-11799800.120000001,4655532.95,2165.35
-11799806.99,4655529.44,2182.29
-11799798.44,4655533.74,2165.3
-11799801.77,4655532.19,2165.38
-11799796.78,4655534.49,2165.27
-11799795.120000001,4655535.25,2165.27
-11799793.47,4655536.03,2165.4
-11799793.14,4655536.0600000005,2171.44
-11799791.73,4655536.69,2172.51
-11799790.25,4655537.34,2173.32
-11799788.75,4655538.03,2174.02
-11799786.82,4655538.95,2172.78
-11799784.89,4655539.850000001,2171.53
-11799783.01,4655540.73,2170.49
-11799781.02,4655541.7,2168.9
-11799778.6,4655542.88,2165.61
-11799779.24,4655542.53,2168.44
-11799775.21,4655544.45,2165.33
-11799776.9,4655543.67,2165.49
-11799773.53,4655545.22,2165.24
-11799771.84,4655546.01,2165.21
-11799770.18,4655546.78,2165.19
-11799768.52,4655547.55,2165.19
-11799770.96,4655546.2,2175.69
-11799766.86,4655548.3100000005,2165.17
-11799769.69,4655546.75,2177.3
-11799765.18,4655549.08,2165.11
-11799767.57,4655547.7700000005,2175.28
-11799767.96,4655547.55,2176.96
-11799763.540000001,4655549.83,2165.22
-11799765.700000001,4655548.65,2174.38
-11799766.34,4655548.29,2177.05
-11799761.8,4655550.63,2164.98
-11799765.01,4655548.88,2178.58
-11799760.16,4655551.39,2165.15
-11799756.86,4655552.92,2165.15
-11799758.52,4655552.16,2165.17
-11799755.13,4655553.72,2165.13
-11799753.44,4655554.49,2165.15
-11799751.75,4655555.28,2165.11
-11799750.1,4655556.04,2165.13
-11799748.43,4655556.8100000005,2165.1
-11799746.77,4655557.58,2165.13
-11799745.14,4655558.33,2165.25
-11799743.46,4655559.11,2165.26
-11799741.75,4655559.88,2165.22
-11799740.07,4655560.67,2165.15
-11799738.39,4655561.44,2165.11
-11799737.61,4655562.25,2165.07
-11799739.3,4655561.46,2165.11
-11799740.99,4655560.7,2165.15
-11799742.65,4655559.92,2165.19
-11799744.33,4655559.16,2165.23
-11799746.0,4655558.4,2165.17
-11799747.65,4655557.62,2165.1
-11799749.3,4655556.86,2165.08
-11799750.98,4655556.100000001,2165.09
-11799752.63,4655555.350000001,2165.08
-11799754.27,4655554.59,2165.11
-11799755.96,4655553.8,2165.13
-11799757.68,4655553.03,2165.13
-11799759.38,4655552.25,2165.13
-11799760.99,4655551.5,2165.07
-11799763.3,4655550.23,2174.81
-11799765.76,4655549.04,2178.27
-11799764.34,4655549.96,2165.1
-11799766.44,4655548.8100000005,2174.06
-11799767.1,4655548.43,2176.9
-11799765.99,4655549.2,2165.13
-11799768.32,4655547.92,2175.08
-11799767.67,4655548.43,2165.19
-11799770.4,4655546.94,2176.85
-11799769.36,4655547.65,2165.19
-11799771.790000001,4655546.3,2175.71
-11799771.0,4655546.9,2165.15
-11799772.67,4655546.13,2165.19
-11799774.35,4655545.350000001,2165.21
-11799776.07,4655544.57,2165.34
-11799777.77,4655543.78,2165.57
-11799780.120000001,4655542.64,2168.63
-11799781.82,4655541.850000001,2168.97
-11799782.53,4655541.46,2172.08
-11799783.93,4655540.82,2170.98
-11799785.88,4655539.92,2172.11
-11799787.81,4655539.0,2173.42
-11799789.52,4655538.2,2173.77
-11799790.98,4655537.54,2172.8
-11799793.91,4655536.25,2170.9
-11799792.540000001,4655536.86,2172.23
-11799794.34,4655536.17,2165.4
-11799795.93,4655535.43,2165.27
-11799797.57,4655534.69,2165.25
-11799799.25,4655533.91,2165.3
-11799802.02,4655532.37,2178.23
-11799800.950000001,4655533.14,2165.27
-11799803.620000001,4655531.63,2177.82
-11799804.28,4655531.28,2180.88
-11799805.89,4655530.54,2180.75
-11799802.6,4655532.37,2165.26
-11799806.31,4655530.29,2182.76
-11799806.44,4655530.37,2175.79
-11799807.86,4655529.600000001,2182.49
-11799808.92,4655529.16,2179.8
-11799807.57,4655530.09,2165.42
-11799809.32,4655528.93,2181.75
-11799809.53,4655528.99,2174.81
-11799810.21,4655528.61,2178.04
-11799812.03,4655527.74,2178.79
-11799809.25,4655529.3,2165.49
-11799813.540000001,4655527.07,2178.19
-11799810.950000001,4655528.51,2165.67
-11799813.24,4655527.41,2168.85
-11799812.72,4655527.69,2166.32
-11799814.47,4655526.7,2174.8
-11799814.74,4655526.55,2176.09
-11799814.94,4655526.600000001,2169.13
-11799814.28,4655526.98,2165.92
-11799815.92,4655526.21,2165.86
-11799817.23,4655525.51,2172.23
-11799817.59,4655525.46,2165.82
-11799818.63,4655524.89,2170.92
-11799821.14,4655523.64,2175.19
-11799819.23,4655524.72,2165.75
-11799820.89,4655523.95,2165.86
-11799820.22,4655524.15,2170.61
-11799821.92,4655523.37,2171.02
-11799822.56,4655523.18,2165.99
-11799823.64,4655522.58,2171.32
-11799826.25,4655521.2700000005,2176.21
-11799826.58,4655521.07,2177.86
-11799828.22,4655520.3100000005,2177.88
-11799829.52,4655519.76,2176.15
-11799829.71,4655519.65,2177.13
-11799830.46,4655519.4,2172.63
-11799832.0,4655518.7,2172.17
-11799833.56,4655517.99,2171.84
-11799834.120000001,4655517.86,2166.1
-11799834.98,4655517.37,2170.54
-11799835.75,4655517.11,2166.08
-11799837.4,4655516.350000001,2166.06
-11799839.040000001,4655515.59,2166.1
-11799840.69,4655514.82,2166.15
-11799842.52,4655513.97,2167.1
-11799842.93,4655513.74,2169.28
-11799844.01,4655513.29,2166.33
-11799847.3,4655511.79,2166.32
-11799844.52,4655513.01,2169.04
-11799848.91,4655511.05,2166.26
-11799846.120000001,4655512.29,2168.78
-11799849.31,4655510.82,2168.4
-11799850.57,4655510.28,2166.19
-11799852.22,4655509.5200000005,2166.11
-11799852.790000001,4655509.19,2169.26
-11799853.86,4655508.78,2166.21
-11799854.32,4655508.5200000005,2168.74
-11799855.51,4655508.0200000005,2166.23
-11799855.85,4655507.82,2168.09
-11799857.16,4655507.26,2166.22
-11799858.81,4655506.5,2166.22
-11799857.870000001,4655508.65,2166.21
-11799858.16,4655508.49,2167.84
-11799856.200000001,4655509.42,2166.15
-11799856.55,4655509.24,2168.09
-11799854.55,4655510.18,2166.25
-11799855.16,4655509.84,2169.63
-11799852.9,4655510.95,2166.21
-11799853.34,4655510.7,2168.65
-11799851.26,4655511.72,2166.01
-11799851.55,4655511.55,2167.6
-11799852.01,4655511.28,2170.09
-11799849.67,4655512.43,2166.25
-11799849.94,4655512.29,2167.74
-11799848.22,4655513.09,2167.38
-11799846.35,4655513.97,2166.26
-11799844.76,4655514.7,2166.4
-11799843.09,4655515.49,2166.1
-11799841.42,4655516.25,2166.11
-11799839.78,4655517.0,2166.15
-11799838.16,4655517.76,2166.09
-11799836.540000001,4655518.5,2166.24
-11799834.94,4655519.23,2166.51
-11799833.21,4655520.04,2166.17
-11799834.200000001,4655519.49,2171.27
-11799833.63,4655519.8,2168.36
-11799832.65,4655520.18,2171.8
-11799831.44,4655520.7,2174.02
-11799830.120000001,4655521.2700000005,2175.73
-11799828.6,4655521.96,2176.22
-11799828.93,4655521.78,2177.9
-11799827.200000001,4655522.59,2177.42
-11799826.82,4655522.8,2175.49
-11799824.42,4655523.98,2171.69
-11799823.22,4655524.66,2165.74
-11799824.82,4655523.76,2173.74
-11799825.24,4655523.5200000005,2175.86
-11799821.6,4655525.4,2165.86
-11799822.790000001,4655524.73,2171.81
-11799821.65,4655525.21,2174.32
-11799821.84,4655525.100000001,2175.27
-11799822.200000001,4655524.9,2177.06
-11799819.56,4655526.21,2172.09
-11799819.9,4655526.03,2173.78
-11799820.73,4655525.57,2177.79
-11799818.84,4655526.46,2176.42
-11799818.33,4655526.75,2173.98
-11799815.58,4655528.13,2168.54
-11799819.19,4655526.2700000005,2178.19
-11799817.34,4655527.13,2177.11
-11799813.92,4655528.89,2168.69
-11799815.200000001,4655528.17,2174.9
-11799815.61,4655527.95,2176.86
-11799811.61,4655530.0200000005,2165.63
-11799814.27,4655528.53,2178.46
-11799812.27,4655529.49,2176.63
-11799812.71,4655529.24,2178.76
-11799808.32,4655531.53,2165.49
-11799810.22,4655530.47,2174.63
-11799811.15,4655529.95,2179.05
-11799806.69,4655532.29,2165.53
-11799810.14,4655530.36,2181.96
-11799809.200000001,4655530.88,2177.5
-11799807.56,4655531.64,2177.54
-11799809.57,4655530.68,2179.19
-11799808.290000001,4655531.23,2180.97
-11799807.94,4655531.43,2179.35
-11799808.540000001,4655531.09,2182.17
-11799803.33,4655533.83,2165.34
-11799806.51,4655532.07,2180.25
-11799807.0,4655531.8,2182.61
-11799801.68,4655534.59,2165.36
-11799804.47,4655533.05,2178.46
-11799804.98,4655532.7700000005,2180.83
-11799799.99,4655535.37,2165.31
-11799802.64,4655533.89,2177.69
-11799798.35,4655536.13,2165.42
-11799796.71,4655536.89,2165.47
-11799794.28,4655537.93,2169.4
-11799797.36,4655536.54,2168.44
-11799794.72,4655537.69,2171.36
-11799795.82,4655537.22,2169.0
-11799793.18,4655538.38,2171.83
-11799791.63,4655539.09,2172.35
-11799790.120000001,4655539.78,2172.94
-11799788.65,4655540.44,2173.92
-11799786.86,4655541.28,2173.26
-11799784.97,4655542.17,2172.15
-11799783.1,4655543.05,2171.34
-11799780.94,4655544.09,2169.11
-11799778.5,4655545.3,2165.55
-11799779.19,4655544.92,2168.56
-11799776.81,4655546.07,2165.4
-11799777.24,4655545.83,2167.3
-11799775.07,4655546.86,2165.29
-11799775.78,4655546.49,2168.38
-11799773.370000001,4655547.66,2165.25
-11799775.03,4655546.74,2172.42
-11799771.700000001,4655548.43,2165.19
-11799773.540000001,4655547.4,2173.15
-11799770.06,4655549.18,2165.17
-11799771.69,4655548.28,2172.13
-11799772.49,4655547.850000001,2175.63
-11799768.44,4655549.92,2165.22
-11799769.83,4655549.16,2171.17
-11799771.1,4655548.48,2176.65
-11799768.23,4655549.91,2171.36
-11799768.700000001,4655549.65,2173.4
-11799769.540000001,4655549.19,2176.92
-11799765.07,4655551.5,2165.13
-11799766.27,4655550.83,2170.25
-11799767.26,4655550.29,2174.46
-11799767.76,4655550.0200000005,2176.55
-11799766.02,4655550.83,2176.19
-11799766.55,4655550.53,2178.4
-11799761.74,4655553.03,2165.13
-11799763.950000001,4655551.82,2174.4
-11799763.64,4655551.99,2173.15
-11799764.86,4655551.32,2178.29
-11799760.09,4655553.79,2165.17
-11799763.07,4655552.16,2177.65
-11799758.42,4655554.5600000005,2165.15
-11799761.4,4655552.92,2177.63
-11799756.73,4655555.34,2165.15
-11799755.03,4655556.11,2165.15
-11799753.35,4655556.89,2165.13
-11799751.700000001,4655557.66,2165.13
-11799750.01,4655558.43,2165.15
-11799748.32,4655559.22,2165.1
-11799746.66,4655559.98,2165.11
-11799745.040000001,4655560.73,2165.17
-11799743.370000001,4655561.49,2165.22
-11799741.66,4655562.28,2165.22
-11799739.98,4655563.05,2165.19
-11799738.31,4655563.82,2165.13
-11799737.52,4655564.63,2165.1
-11799739.21,4655563.87,2165.13
-11799740.86,4655563.100000001,2165.13
-11799742.540000001,4655562.33,2165.19
-11799744.18,4655561.59,2165.17
-11799745.81,4655560.84,2165.13
-11799747.46,4655560.07,2165.08
-11799749.14,4655559.3100000005,2165.09
-11799750.790000001,4655558.55,2165.1
-11799752.450000001,4655557.78,2165.11
-11799754.120000001,4655557.01,2165.13
-11799755.77,4655556.25,2165.13
-11799757.43,4655555.49,2165.15
-11799759.09,4655554.73,2165.13
-11799762.03,4655553.13,2177.42
-11799760.76,4655553.95,2165.13
-11799763.74,4655552.34,2177.58
-11799763.620000001,4655552.54,2170.11
-11799764.370000001,4655552.13,2173.28
-11799764.58,4655552.03,2174.13
-11799765.53,4655551.5,2178.15
-11799765.68,4655551.55,2171.92
-11799766.66,4655551.03,2176.07
-11799767.040000001,4655550.82,2177.67
-11799768.64,4655550.08,2177.38
-11799765.76,4655551.65,2165.11
-11799770.34,4655549.3100000005,2177.52
-11799767.92,4655550.49,2174.3
-11799769.08,4655550.13,2165.17
-11799770.01,4655549.48,2176.11
-11799771.53,4655548.8,2175.67
-11799770.47,4655549.38,2171.13
-11799770.700000001,4655549.39,2165.19
-11799772.28,4655548.53,2171.98
-11799773.27,4655547.98,2176.22
-11799772.39,4655548.62,2165.19
-11799774.15,4655547.65,2172.8
-11799775.65,4655546.98,2172.05
-11799774.08,4655547.83,2165.23
-11799777.450000001,4655546.28,2165.44
-11799776.64,4655546.57,2169.11
-11799779.84,4655545.13,2168.6
-11799781.63,4655544.2700000005,2169.21
-11799781.81,4655544.19,2169.98
-11799783.75,4655543.28,2171.31
-11799787.6,4655541.45,2173.67
-11799785.66,4655542.36,2172.44
-11799789.21,4655540.72,2173.57
-11799790.63,4655540.08,2172.65
-11799792.17,4655539.39,2172.13
-11799793.72,4655538.68,2171.65
-11799795.28,4655537.97,2171.19
-11799794.870000001,4655538.19,2169.32
-11799796.41,4655537.51,2168.82
-11799797.33,4655537.15,2165.44
-11799797.94,4655536.8100000005,2168.27
-11799798.98,4655536.39,2165.38
-11799803.38,4655534.100000001,2178.15
-11799800.63,4655535.64,2165.35
-11799802.290000001,4655534.88,2165.33
-11799804.85,4655533.44,2177.36
-11799805.64,4655533.01,2181.08
-11799803.91,4655534.13,2165.36
-11799807.66,4655532.04,2183.02
-11799805.58,4655533.350000001,2165.44
-11799808.13,4655531.93,2177.56
-11799808.8,4655531.5600000005,2180.69
-11799807.25,4655532.59,2165.44
-11799809.13,4655531.55,2174.36
-11799809.96,4655531.08,2178.3
-11799810.59,4655530.72,2181.33
-11799808.93,4655531.82,2165.5
-11799811.66,4655530.29,2178.57
-11799810.84,4655530.75,2174.63
-11799812.44,4655530.0200000005,2174.44
-11799812.96,4655529.72,2176.98
-11799813.31,4655529.53,2178.67
-11799812.21,4655530.3100000005,2165.54
-11799814.83,4655528.84,2178.15
-11799814.51,4655529.19,2168.67
-11799816.21,4655528.24,2176.92
-11799815.75,4655528.49,2174.72
-11799816.15,4655528.43,2168.55
-11799819.73,4655526.600000001,2177.98
-11799820.53,4655526.3,2173.92
-11799820.14,4655526.53,2171.97
-11799821.3,4655525.89,2177.69
-11799821.64,4655525.86,2171.33
-11799821.83,4655525.74,2172.28
-11799822.16,4655525.5600000005,2173.9
-11799822.73,4655525.23,2176.73
-11799822.17,4655525.71,2165.92
-11799823.43,4655525.0,2172.17
-11799822.96,4655525.28,2169.83
-11799825.4,4655524.07,2173.84
-11799825.65,4655523.91,2175.08
-11799827.33,4655523.16,2175.11
-11799827.76,4655522.92,2177.34
-11799829.43,4655522.15,2177.32
-11799830.69,4655521.600000001,2175.5
-11799832.01,4655521.04,2173.98
-11799832.06,4655521.16,2166.04
-11799833.05,4655520.61,2171.11
-11799833.75,4655520.39,2166.3
-11799834.11,4655520.19,2168.13
-11799834.68,4655519.87,2171.11
-11799835.49,4655519.57,2166.63
-11799837.06,4655518.87,2166.25
-11799838.65,4655518.14,2166.09
-11799840.32,4655517.37,2166.21
-11799841.96,4655516.62,2166.07
-11799843.6,4655515.86,2166.07
-11799845.28,4655515.09,2166.19
-11799846.92,4655514.33,2166.17
-11799848.77,4655513.45,2167.38
-11799850.200000001,4655512.82,2166.15
-11799850.67,4655512.5600000005,2168.73
-11799850.93,4655512.4,2170.15
-11799852.540000001,4655511.67,2170.09
-11799852.09,4655511.92,2167.67
-11799853.91,4655511.05,2168.74
-11799853.450000001,4655511.34,2166.17
-11799855.120000001,4655510.55,2166.24
-11799855.73,4655510.22,2169.59
-11799856.74,4655509.8100000005,2166.17
-11799857.200000001,4655509.55,2168.67
-11799858.38,4655509.0600000005,2166.23
-11799858.64,4655508.91,2167.63
-11799857.6,4655511.11,2166.29
-11799858.120000001,4655510.8100000005,2169.17
-11799855.94,4655511.87,2166.23
-11799856.200000001,4655511.72,2167.76
-11799854.28,4655512.65,2166.19
-11799856.56,4655511.5200000005,2169.71
-11799854.61,4655512.45,2168.06
-11799854.870000001,4655512.3100000005,2169.44
-11799852.63,4655513.41,2166.11
-11799853.32,4655513.0200000005,2169.83
-11799850.99,4655514.16,2166.15
-11799851.450000001,4655513.91,2168.61
-11799851.64,4655513.79,2169.69
-11799849.4,4655514.9,2166.44
-11799847.75,4655515.66,2166.29
-11799846.09,4655516.42,2166.11
-11799841.16,4655518.7,2166.11
-11799844.42,4655517.21,2166.11
-11799839.5,4655519.47,2166.13
-11799842.78,4655517.96,2166.07
-11799837.88,4655520.2,2166.21
-11799836.27,4655520.95,2166.51
-11799832.97,4655522.49,2166.32
-11799834.61,4655521.73,2166.36
-11799833.450000001,4655522.21,2168.78
-11799833.97,4655521.9,2171.46
-11799832.46,4655522.600000001,2172.15
-11799831.28,4655523.26,2166.11
-11799831.34,4655523.07,2174.77
-11799829.92,4655523.7,2175.84
-11799828.36,4655524.41,2176.15
-11799824.63,4655526.32,2165.82
-11799826.200000001,4655525.46,2173.65
-11799826.540000001,4655525.26,2175.36
-11799822.99,4655527.100000001,2165.92
-11799823.03,4655526.91,2174.28
-11799824.05,4655526.5,2171.17
-11799823.82,4655526.47,2178.17
-11799822.31,4655527.16,2178.88
-11799822.72,4655526.92,2180.97
-11799821.07,4655527.68,2180.81
-11799821.47,4655527.46,2182.74
-11799818.59,4655528.9,2176.73
-11799819.06,4655528.63,2179.04
-11799819.99,4655528.12,2183.56
-11799815.33,4655530.57,2168.88
-11799816.64,4655529.84,2175.21
-11799817.06,4655529.61,2177.25
-11799813.69,4655531.33,2168.92
-11799815.67,4655530.22,2178.52
-11799813.700000001,4655531.15,2176.92
-11799814.3,4655530.82,2179.8
-11799809.700000001,4655533.22,2165.55
-11799811.83,4655532.0600000005,2175.71
-11799812.56,4655531.65,2179.19
-11799808.06,4655533.99,2165.6
-11799809.9,4655532.97,2174.33
-11799810.31,4655532.74,2176.27
-11799810.77,4655532.49,2178.46
-11799806.4,4655534.76,2165.44
-11799809.93,4655532.79,2182.17
-11799808.41,4655533.49,2182.81
-11799805.09,4655535.18,2175.01
-11799806.18,4655534.57,2180.13
-11799805.77,4655534.79,2178.23
-11799806.42,4655534.44,2181.29
-11799801.4,4655537.0600000005,2165.32
-11799803.67,4655535.8,2175.92
-11799803.28,4655536.0200000005,2174.08
-11799799.78,4655537.82,2165.44
-11799798.11,4655538.59,2165.47
-11799796.450000001,4655539.350000001,2165.58
-11799797.05,4655539.01,2168.4
-11799795.53,4655539.71,2168.9
-11799794.0,4655540.39,2169.33
-11799794.42,4655540.17,2171.23
-11799792.85,4655540.89,2171.71
-11799791.32,4655541.58,2172.31
-11799791.5,4655541.49,2173.11
-11799789.77,4655542.29,2172.76
-11799788.31,4655542.94,2173.74
-11799786.65,4655543.72,2173.61
-11799784.700000001,4655544.64,2172.28
-11799782.290000001,4655545.82,2169.0
-11799778.17,4655547.79,2165.49
-11799779.82,4655547.01,2165.53
-11799777.28,4655548.12,2168.9
-11799780.52,4655546.63,2168.57
-11799774.76,4655549.36,2165.17
-11799775.5,4655548.96,2168.38
-11799773.14,4655550.11,2165.27
-11799774.8,4655549.2,2172.48
-11799775.05,4655549.0600000005,2173.57
-11799771.46,4655550.89,2165.23
-11799773.47,4655549.79,2173.83
-11799773.99,4655549.49,2176.1
-11799769.8,4655551.66,2165.29
-11799771.39,4655550.78,2172.13
-11799772.32,4655550.2700000005,2176.11
-11799770.290000001,4655551.23,2174.49
-11799770.81,4655550.96,2176.69
-11799769.06,4655551.7700000005,2176.19
-11799769.39,4655551.59,2177.63
-11799764.76,4655553.99,2165.06
-11799766.08,4655553.25,2170.63
-11799766.82,4655552.86,2173.74
-11799767.700000001,4655552.38,2177.47
-11799763.120000001,4655554.74,2165.19
-11799765.22,4655553.58,2174.07
-11799765.620000001,4655553.37,2175.75
-11799761.450000001,4655555.5,2165.17
-11799764.290000001,4655553.95,2177.09
-11799759.78,4655556.2700000005,2165.19
-11799762.73,4655554.66,2177.54
-11799762.41,4655554.850000001,2176.21
-11799758.09,4655557.0600000005,2165.17
-11799756.4,4655557.84,2165.17
-11799754.73,4655558.61,2165.15
-11799753.06,4655559.37,2165.15
-11799751.42,4655560.13,2165.13
-11799749.74,4655560.91,2165.11
-11799748.02,4655561.68,2165.1
-11799746.370000001,4655562.47,2165.07
-11799744.73,4655563.22,2165.13
-11799743.09,4655563.97,2165.22
-11799739.700000001,4655565.55,2165.22
-11799741.4,4655564.75,2165.24
-11799738.0,4655566.32,2165.17
-11799737.31,4655566.98,2173.13
-11799736.950000001,4655567.3100000005,2165.13
-11799739.25,4655566.08,2174.24
-11799738.6,4655566.55,2165.15
-11799740.28,4655565.8,2165.19
-11799741.96,4655565.01,2165.21
-11799743.65,4655564.25,2165.15
-11799745.25,4655563.51,2165.03
-11799746.85,4655562.76,2165.06
-11799748.51,4655562.0,2165.07
-11799750.200000001,4655561.24,2165.11
-11799751.84,4655560.46,2165.09
-11799753.5,4655559.7,2165.1
-11799755.19,4655558.94,2165.11
-11799756.86,4655558.16,2165.13
-11799758.540000001,4655557.4,2165.15
-11799761.36,4655555.87,2176.88
-11799760.22,4655556.63,2165.17
-11799763.16,4655555.0,2177.49
-11799761.86,4655555.87,2165.17
-11799764.69,4655554.33,2177.08
-11799763.540000001,4655555.100000001,2165.17
-11799765.58,4655553.99,2173.81
-11799766.06,4655553.73,2175.86
-11799767.56,4655553.03,2175.15
-11799768.06,4655552.78,2177.22
-11799769.02,4655552.38,2174.44
-11799771.35,4655551.2700000005,2177.38
-11799770.85,4655551.53,2175.29
-11799770.18,4655552.04,2165.28
-11799772.0,4655551.0600000005,2173.06
-11799772.950000001,4655550.54,2177.11
-11799771.83,4655551.29,2165.19
-11799773.78,4655550.22,2173.6
-11799774.56,4655549.8,2176.97
-11799773.49,4655550.53,2165.24
-11799775.14,4655549.63,2172.38
-11799776.0,4655549.14,2176.1
-11799775.790000001,4655549.42,2168.06
-11799775.13,4655549.78,2165.19
-11799777.55,4655548.59,2168.49
-11799776.82,4655549.01,2165.25
-11799778.53,4655548.21,2165.42
-11799780.22,4655547.43,2165.58
-11799780.88,4655547.0600000005,2168.51
-11799782.620000001,4655546.26,2168.84
-11799785.11,4655545.03,2172.54
-11799787.08,4655544.11,2173.84
-11799788.63,4655543.39,2173.5
-11799790.06,4655542.7700000005,2172.61
-11799791.620000001,4655542.0600000005,2172.11
-11799793.17,4655541.350000001,2171.61
-11799794.290000001,4655540.88,2169.19
-11799794.74,4655540.64,2171.22
-11799795.84,4655540.18,2168.77
-11799796.78,4655539.8100000005,2165.54
-11799797.38,4655539.48,2168.3
-11799798.43,4655539.0600000005,2165.44
-11799800.07,4655538.3,2165.44
-11799801.69,4655537.57,2165.31
-11799803.57,4655536.53,2174.08
-11799806.11,4655535.2700000005,2178.33
-11799808.61,4655534.04,2182.48
-11799810.42,4655533.2,2183.13
-11799811.32,4655532.86,2179.61
-11799812.13,4655532.55,2175.69
-11799812.39,4655532.42,2176.9
-11799813.01,4655532.07,2179.88
-11799814.09,4655531.63,2177.24
-11799814.56,4655531.36,2179.5
-11799815.950000001,4655530.75,2178.36
-11799815.65,4655531.08,2168.96
-11799816.92,4655530.37,2175.09
-11799817.41,4655530.100000001,2177.44
-11799819.38,4655529.16,2178.88
-11799820.28,4655528.67,2183.26
-11799822.55,4655527.71,2178.67
-11799821.89,4655527.91,2183.32
-11799823.01,4655527.44,2180.94
-11799823.4,4655527.23,2182.86
-11799823.27,4655527.47,2174.11
-11799823.67,4655527.24,2176.17
-11799823.96,4655527.07,2177.6
-11799823.290000001,4655527.62,2165.97
-11799824.39,4655527.0200000005,2171.42
-11799824.700000001,4655526.84,2173.03
-11799824.92,4655526.88,2165.78
-11799826.18,4655526.18,2172.07
-11799828.290000001,4655525.16,2174.42
-11799826.53,4655525.97,2173.88
-11799829.8,4655524.46,2174.0
-11799830.120000001,4655524.29,2175.6
-11799831.450000001,4655523.71,2174.11
-11799832.74,4655523.14,2172.17
-11799833.4,4655522.96,2167.11
-11799834.24,4655522.49,2171.38
-11799834.86,4655522.3100000005,2166.17
-11799836.55,4655521.53,2166.44
-11799838.14,4655520.8,2166.19
-11799839.76,4655520.05,2166.11
-11799841.42,4655519.29,2166.13
-11799841.9,4655519.0200000005,2168.71
-11799843.040000001,4655518.54,2166.07
-11799844.68,4655517.79,2166.11
-11799846.32,4655517.03,2166.13
-11799848.0,4655516.24,2166.33
-11799849.78,4655515.42,2166.9
-11799851.290000001,4655514.75,2166.23
-11799851.67,4655514.5200000005,2168.33
-11799851.9,4655514.38,2169.57
-11799852.870000001,4655514.0200000005,2166.19
-11799853.55,4655513.62,2169.92
-11799854.47,4655513.29,2166.13
-11799856.84,4655512.12,2170.1
-11799854.81,4655513.09,2168.05
-11799857.81,4655511.75,2166.23
-11799855.08,4655512.94,2169.51
-11799858.33,4655511.45,2169.19
-11799856.15,4655512.51,2166.24
-11799859.11,4655512.75,2166.28
-11799857.47,4655513.51,2166.22
-11799857.84,4655513.29,2168.29
-11799855.83,4655514.26,2166.27
-11799856.42,4655513.91,2169.48
-11799854.98,4655514.57,2170.6
-11799853.16,4655515.42,2169.69
-11799850.9,4655516.53,2166.23
-11799849.39,4655517.23,2166.77
-11799847.69,4655518.01,2166.35
-11799846.0,4655518.8100000005,2166.11
-11799844.38,4655519.54,2166.22
-11799844.870000001,4655519.2700000005,2168.81
-11799843.290000001,4655519.98,2169.11
-11799841.17,4655521.01,2166.63
-11799841.56,4655520.8,2168.73
-11799839.44,4655521.83,2166.11
-11799837.82,4655522.55,2166.51
-11799836.08,4655523.38,2166.15
-11799834.620000001,4655524.03,2167.01
-11799832.75,4655524.9,2165.86
-11799831.14,4655525.66,2165.96
-11799831.66,4655525.36,2168.63
-11799832.540000001,4655524.88,2173.07
-11799832.13,4655525.100000001,2171.0
-11799830.85,4655525.65,2172.82
-11799829.46,4655526.44,2165.8
-11799829.49,4655526.26,2174.22
-11799827.84,4655527.19,2165.9
-11799826.22,4655527.91,2165.96
-11799829.26,4655526.39,2173.04
-11799824.66,4655528.64,2166.36
-11799825.31,4655528.28,2169.63
-11799826.33,4655527.7,2174.73
-11799826.65,4655527.53,2176.29
-11799824.09,4655528.79,2171.76
-11799824.47,4655528.57,2173.67
-11799823.870000001,4655528.74,2178.98
-11799823.02,4655529.07,2182.76
-11799821.9,4655529.53,2185.15
-11799819.46,4655530.75,2181.02
-11799819.97,4655530.47,2183.51
-11799814.78,4655533.19,2166.44
-11799816.46,4655532.26,2174.58
-11799816.78,4655532.08,2176.11
-11799813.0,4655534.03,2165.86
-11799814.21,4655533.36,2171.67
-11799815.19,4655532.8100000005,2176.38
-11799814.21,4655533.2,2179.58
-11799809.64,4655535.58,2165.57
-11799812.66,4655533.91,2180.05
-11799810.64,4655534.88,2178.22
-11799810.97,4655534.69,2179.8
-11799811.49,4655534.38,2182.29
-11799809.72,4655535.23,2181.54
-11799810.08,4655535.04,2183.23
-11799804.65,4655537.88,2165.42
-11799808.4,4655535.8,2183.05
-11799805.05,4655537.5200000005,2175.11
-11799805.9,4655537.04,2179.09
-11799801.3,4655539.43,2165.36
-11799803.09,4655538.45,2173.69
-11799803.43,4655538.25,2175.3
-11799799.69,4655540.18,2165.52
-11799798.03,4655540.94,2165.48
-11799796.39,4655541.7,2165.52
-11799796.99,4655541.36,2168.27
-11799795.43,4655542.07,2168.73
-11799793.89,4655542.78,2169.17
-11799792.75,4655543.24,2171.54
-11799791.18,4655543.95,2172.04
-11799789.63,4655544.66,2172.53
-11799788.18,4655545.32,2173.35
-11799785.57,4655546.63,2168.86
-11799786.73,4655545.97,2174.11
-11799783.82,4655547.43,2168.58
-11799781.47,4655548.57,2165.6
-11799779.78,4655549.36,2165.38
-11799776.4,4655550.92,2165.23
-11799778.07,4655550.14,2165.22
-11799774.73,4655551.7,2165.27
-11799773.05,4655552.46,2165.3
-11799771.370000001,4655553.23,2165.26
-11799775.47,4655551.13,2175.72
-11799773.9,4655551.86,2176.11
-11799769.72,4655554.0,2165.28
-11799772.3,4655552.58,2176.34
-11799770.24,4655553.58,2174.52
-11799770.8,4655553.2700000005,2176.92
-11799771.11,4655553.100000001,2178.24
-11799768.78,4655554.23,2175.38
-11799769.450000001,4655553.86,2178.24
-11799764.71,4655556.3100000005,2165.19
-11799766.950000001,4655555.09,2174.65
-11799767.61,4655554.74,2177.38
-11799763.02,4655557.08,2165.19
-11799767.92,4655554.55,2178.77
-11799765.450000001,4655555.76,2175.4
-11799766.17,4655555.38,2178.42
-11799763.58,4655556.64,2174.53
-11799763.92,4655556.46,2175.94
-11799764.31,4655556.25,2177.59
-11799762.67,4655556.98,2177.59
-11799759.700000001,4655558.62,2165.19
-11799756.36,4655560.16,2165.17
-11799758.03,4655559.38,2165.17
-11799754.65,4655560.96,2165.11
-11799752.96,4655561.73,2165.13
-11799751.290000001,4655562.5,2165.13
-11799749.65,4655563.26,2165.13
-11799747.950000001,4655564.03,2165.06
-11799746.27,4655564.8100000005,2165.05
-11799744.63,4655565.57,2165.11
-11799743.02,4655566.3100000005,2165.27
-11799741.31,4655567.09,2165.24
-11799739.620000001,4655567.87,2165.21
-11799737.93,4655568.66,2165.19
-11799738.6,4655568.15,2174.48
-11799739.35,4655567.76,2177.42
-11799737.8,4655568.47,2177.92
-11799739.68,4655568.05,2177.58
-11799738.15,4655568.73,2178.08
-11799738.17,4655568.99,2165.13
-11799739.23,4655568.28,2175.84
-11799739.86,4655568.21,2165.21
-11799741.53,4655567.42,2165.19
-11799744.790000001,4655565.94,2165.1
-11799743.17,4655566.69,2165.23
-11799746.450000001,4655565.18,2165.0
-11799748.09,4655564.43,2165.04
-11799749.78,4655563.64,2165.09
-11799751.46,4655562.88,2165.11
-11799753.09,4655562.13,2165.09
-11799754.75,4655561.37,2165.1
-11799756.48,4655560.58,2165.13
-11799758.16,4655559.8,2165.17
-11799759.78,4655559.04,2165.1
-11799762.83,4655557.41,2177.77
-11799763.74,4655557.05,2174.78
-11799764.0,4655556.89,2175.9
-11799764.46,4655556.64,2177.8
-11799763.1,4655557.53,2165.19
-11799765.370000001,4655556.29,2174.76
-11799766.23,4655555.82,2178.32
-11799764.77,4655556.7700000005,2165.1
-11799767.99,4655555.0,2178.73
-11799767.040000001,4655555.53,2174.72
-11799768.86,4655554.67,2175.44
-11799769.56,4655554.29,2178.38
-11799770.88,4655553.71,2176.99
-11799771.14,4655553.57,2178.13
-11799772.38,4655553.03,2176.38
-11799771.43,4655553.71,2165.21
-11799774.02,4655552.3,2176.31
-11799773.09,4655552.93,2165.19
-11799775.59,4655551.57,2176.0
-11799774.76,4655552.17,2165.25
-11799776.41,4655551.41,2165.21
-11799778.06,4655550.66,2165.19
-11799779.71,4655549.89,2165.3
-11799781.43,4655549.09,2165.48
-11799783.17,4655548.3,2165.67
-11799783.8,4655547.93,2168.5
-11799785.51,4655547.16,2168.79
-11799788.16,4655545.84,2173.42
-11799789.620000001,4655545.19,2172.55
-11799791.19,4655544.49,2172.04
-11799792.75,4655543.78,2171.54
-11799793.870000001,4655543.3100000005,2169.15
-11799795.38,4655542.62,2168.73
-11799796.34,4655542.24,2165.49
-11799796.92,4655541.91,2168.17
-11799797.99,4655541.48,2165.47
-11799799.68,4655540.7,2165.49
-11799801.290000001,4655539.97,2165.31
-11799803.44,4655538.79,2175.31
-11799805.09,4655538.03,2175.5
-11799805.85,4655537.600000001,2179.09
-11799804.58,4655538.46,2165.44
-11799806.25,4655537.7,2165.38
-11799807.38,4655536.91,2178.59
-11799808.9,4655536.22,2177.9
-11799810.01,4655535.61,2183.13
-11799807.950000001,4655536.91,2165.5
-11799811.66,4655534.850000001,2183.1
-11799809.6,4655536.15,2165.51
-11799811.89,4655534.88,2176.38
-11799812.49,4655534.55,2179.22
-11799812.700000001,4655534.42,2180.27
-11799814.13,4655533.79,2179.42
-11799813.870000001,4655534.08,2170.44
-11799815.14,4655533.38,2176.53
-11799814.34,4655533.8100000005,2172.65
-11799815.74,4655533.05,2179.38
-11799814.69,4655533.79,2166.4
-11799816.39,4655532.850000001,2174.63
-11799816.76,4655532.64,2176.44
-11799819.06,4655531.51,2179.49
-11799819.41,4655531.3100000005,2181.25
-11799819.64,4655531.19,2182.36
-11799820.03,4655530.98,2184.27
-11799821.8,4655530.15,2184.88
-11799823.02,4655529.62,2183.0
-11799824.0,4655529.24,2179.75
-11799824.200000001,4655529.11,2180.79
-11799824.59,4655529.08,2174.63
-11799825.22,4655528.88,2169.67
-11799824.56,4655529.25,2166.4
-11799825.540000001,4655528.7,2171.26
-11799826.22,4655528.5,2166.31
-11799827.4,4655527.83,2172.22
-11799829.19,4655526.99,2172.97
-11799827.8,4655527.78,2165.97
-11799830.21,4655526.58,2169.76
-11799829.43,4655527.03,2165.86
-11799831.64,4655525.95,2168.75
-11799831.1,4655526.25,2166.0
-11799832.11,4655525.69,2171.17
-11799832.3,4655525.59,2172.13
-11799832.73,4655525.49,2165.88
-11799834.36,4655524.76,2165.86
-11799836.06,4655523.95,2166.19
-11799837.74,4655523.19,2166.3
-11799839.39,4655522.43,2166.17
-11799841.120000001,4655521.64,2166.67
-11799841.5,4655521.42,2168.69
-11799843.18,4655520.62,2169.05
-11799844.76,4655519.91,2168.86
-11799845.88,4655519.46,2166.13
-11799847.540000001,4655518.7,2166.15
-11799849.23,4655517.91,2166.49
-11799850.81,4655517.18,2166.21
-11799853.06,4655516.100000001,2169.24
-11799852.5,4655516.4,2166.19
-11799856.39,4655514.55,2169.53
-11799854.94,4655515.21,2170.44
-11799857.78,4655513.94,2168.22
-11799855.790000001,4655514.9,2166.25
-11799859.09,4655513.38,2166.28
-11799857.42,4655514.15,2166.19
-11799857.78,4655515.91,2166.52
-11799856.620000001,4655516.39,2169.28
-11799856.09,4655516.68,2166.35
-11799854.77,4655517.2700000005,2168.01
-11799854.44,4655517.46,2166.21
-11799852.81,4655518.21,2166.28
-11799851.17,4655518.97,2166.24
-11799849.58,4655519.7,2166.36
-11799847.870000001,4655520.49,2166.13
-11799846.22,4655521.25,2166.13
-11799845.1,4655521.71,2168.78
-11799841.78,4655523.25,2168.79
-11799843.52,4655522.44,2169.15
-11799839.68,4655524.2700000005,2166.27
-11799841.31,4655523.53,2166.3
-11799838.01,4655525.05,2165.9
-11799836.35,4655525.8100000005,2165.88
-11799834.700000001,4655526.57,2165.97
-11799833.02,4655527.350000001,2165.92
-11799833.57,4655527.03,2168.69
-11799831.41,4655528.100000001,2166.05
-11799829.83,4655528.82,2166.24
-11799830.82,4655528.26,2171.28
-11799828.23,4655529.55,2166.32
-11799826.61,4655530.3,2166.42
-11799826.9,4655530.15,2167.86
-11799827.11,4655530.0200000005,2168.98
-11799825.36,4655530.84,2168.51
-11799824.91,4655531.08,2166.31
-11799825.18,4655530.78,2175.81
-11799825.66,4655530.67,2170.06
-11799823.17,4655531.74,2173.96
-11799824.6,4655531.11,2172.92
-11799824.44,4655531.03,2180.21
-11799823.49,4655531.5600000005,2175.53
-11799822.620000001,4655531.89,2179.3
-11799822.27,4655532.07,2177.6
-11799819.21,4655533.63,2170.61
-11799822.950000001,4655531.69,2180.9
-11799821.23,4655532.5200000005,2180.44
-11799816.68,4655534.89,2166.33
-11799818.27,4655533.99,2174.06
-11799818.56,4655533.84,2175.47
-11799819.74,4655533.17,2181.23
-11799815.14,4655535.57,2166.84
-11799815.870000001,4655535.18,2170.36
-11799816.78,4655534.67,2174.81
-11799817.3,4655534.37,2177.29
-11799816.61,4655534.59,2181.92
-11799814.43,4655535.67,2179.3
-11799814.94,4655535.39,2181.71
-11799813.120000001,4655536.23,2180.85
-11799808.24,4655538.79,2165.52
-11799811.72,4655536.87,2182.0
-11799806.6,4655539.55,2165.51
-11799810.39,4655537.46,2183.4
-11799804.950000001,4655540.3100000005,2165.47
-11799806.9,4655539.24,2174.63
-11799803.27,4655541.09,2165.42
-11799805.43,4655539.9,2175.53
-11799799.98,4655542.61,2165.44
-11799801.59,4655541.86,2165.34
-11799796.790000001,4655544.0600000005,2166.05
-11799803.71,4655540.7,2175.23
-11799795.66,4655544.54,2168.4
-11799798.34,4655543.36,2165.61
-11799794.08,4655545.25,2168.9
-11799795.14,4655544.82,2166.07
-11799792.52,4655545.98,2169.36
-11799792.950000001,4655545.74,2171.28
-11799791.4,4655546.45,2171.76
-11799789.790000001,4655547.17,2171.9
-11799789.14,4655547.54,2169.01
-11799787.4,4655548.350000001,2168.61
-11799785.17,4655549.42,2166.09
-11799783.370000001,4655550.2700000005,2165.47
-11799779.99,4655551.82,2165.27
-11799781.64,4655551.0600000005,2165.29
-11799775.01,4655554.14,2165.28
-11799778.32,4655552.59,2165.26
-11799773.3,4655554.92,2165.23
-11799776.67,4655553.36,2165.3
-11799771.61,4655555.71,2165.13
-11799774.0,4655554.4,2175.38
-11799774.33,4655554.23,2176.77
-11799772.17,4655555.2700000005,2174.59
-11799772.81,4655554.9,2177.32
-11799770.25,4655556.17,2173.35
-11799770.81,4655555.87,2175.72
-11799766.700000001,4655557.95,2165.23
-11799771.4,4655555.54,2178.21
-11799769.11,4655556.65,2175.4
-11799769.76,4655556.3,2178.19
-11799767.85,4655557.2,2177.23
-11799768.34,4655556.92,2179.32
-11799765.27,4655558.47,2173.32
-11799766.69,4655557.68,2179.26
-11799766.97,4655557.53,2180.46
-11799761.68,4655560.29,2165.19
-11799764.43,4655558.79,2176.71
-11799759.99,4655561.07,2165.17
-11799762.35,4655559.78,2175.04
-11799758.31,4655561.84,2165.17
-11799756.64,4655562.600000001,2165.17
-11799754.950000001,4655563.39,2165.15
-11799753.28,4655564.17,2165.13
-11799751.6,4655564.94,2165.13
-11799748.200000001,4655566.49,2165.03
-11799749.91,4655565.72,2165.11
-11799744.89,4655568.03,2165.01
-11799746.540000001,4655567.25,2165.06
-11799741.58,4655569.55,2165.26
-11799743.26,4655568.78,2165.24
-11799739.89,4655570.33,2165.23
-11799740.44,4655569.91,2174.03
-11799741.1,4655569.5600000005,2176.65
-11799739.39,4655570.33,2176.51
-11799739.84,4655570.100000001,2178.24
-11799737.48,4655571.24,2175.52
-11799737.88,4655571.03,2177.09
-11799738.26,4655570.82,2178.6
-11799737.18,4655571.82,2174.35
-11799737.52,4655571.64,2175.65
-11799737.92,4655571.41,2177.27
-11799738.99,4655570.98,2174.99
-11799739.47,4655570.7,2176.88
-11799740.26,4655570.43,2173.42
-11799740.450000001,4655570.32,2174.21
-11799741.13,4655569.96,2176.86
-11799739.82,4655570.79,2165.17
-11799741.47,4655570.04,2165.21
-11799743.14,4655569.2700000005,2165.22
-11799744.74,4655568.54,2164.99
-11799746.44,4655567.74,2165.02
-11799748.09,4655566.99,2164.99
-11799749.76,4655566.23,2165.04
-11799751.41,4655565.47,2165.07
-11799754.75,4655563.93,2165.11
-11799753.09,4655564.69,2165.07
-11799756.39,4655563.18,2165.13
-11799758.05,4655562.42,2165.11
-11799759.74,4655561.65,2165.15
-11799761.4,4655560.87,2165.13
-11799764.17,4655559.37,2176.65
-11799763.07,4655560.11,2165.15
-11799766.42,4655558.28,2179.23
-11799767.540000001,4655557.82,2177.11
-11799768.17,4655557.48,2179.79
-11799769.53,4655556.86,2178.67
-11799771.11,4655556.15,2178.3
-11799769.69,4655557.0600000005,2165.13
-11799772.57,4655555.5,2177.38
-11799771.370000001,4655556.3,2165.11
-11799773.55,4655555.100000001,2174.51
-11799773.78,4655554.98,2175.5
-11799774.07,4655554.82,2176.75
-11799772.97,4655555.5600000005,2165.03
-11799774.68,4655554.76,2165.21
-11799776.370000001,4655553.99,2165.25
-11799778.040000001,4655553.23,2165.24
-11799779.68,4655552.46,2165.24
-11799781.3,4655551.73,2165.24
-11799782.97,4655550.94,2165.26
-11799784.77,4655550.11,2165.86
-11799786.34,4655549.4,2165.44
-11799788.74,4655548.24,2168.65
-11799790.450000001,4655547.43,2169.02
-11799793.73,4655545.94,2168.99
-11799790.92,4655547.19,2171.13
-11799795.3,4655545.23,2168.48
-11799792.6,4655546.4,2171.36
-11799798.14,4655543.95,2166.44
-11799796.4,4655544.75,2165.97
-11799799.6,4655543.3100000005,2165.44
-11799801.24,4655542.5600000005,2165.33
-11799802.91,4655541.78,2165.36
-11799805.05,4655540.59,2175.38
-11799804.57,4655541.0200000005,2165.4
-11799806.540000001,4655539.94,2174.61
-11799806.21,4655540.26,2165.42
-11799809.82,4655538.2700000005,2182.42
-11799807.92,4655539.49,2165.53
-11799811.28,4655537.61,2181.5
-11799810.65,4655537.97,2178.47
-11799809.540000001,4655538.74,2165.38
-11799812.35,4655537.18,2178.72
-11799812.81,4655536.93,2180.92
-11799814.27,4655536.2700000005,2180.21
-11799814.6,4655536.08,2181.81
-11799814.83,4655535.95,2182.88
-11799816.26,4655535.32,2182.1
-11799814.77,4655536.3100000005,2166.96
-11799816.56,4655535.3100000005,2175.61
-11799817.31,4655534.89,2179.19
-11799817.76,4655534.63,2181.4
-11799816.3,4655535.61,2166.38
-11799818.23,4655534.5200000005,2175.79
-11799818.5,4655534.39,2177.04
-11799817.92,4655534.87,2166.22
-11799818.76,4655534.4,2170.31
-11799822.82,4655532.28,2182.17
-11799819.700000001,4655533.87,2174.92
-11799823.23,4655532.23,2176.17
-11799820.93,4655533.19,2180.92
-11799824.19,4655531.68,2180.9
-11799822.57,4655532.44,2180.92
-11799824.33,4655531.78,2173.49
-11799823.97,4655531.97,2171.65
-11799825.26,4655531.42,2169.92
-11799824.6,4655531.62,2174.81
-11799825.48,4655531.29,2170.97
-11799825.78,4655531.12,2172.51
-11799826.88,4655530.67,2169.75
-11799827.870000001,4655530.29,2166.33
-11799829.48,4655529.55,2166.25
-11799830.790000001,4655528.8100000005,2172.9
-11799831.09,4655528.82,2166.19
-11799832.14,4655528.22,2171.55
-11799832.72,4655528.0600000005,2165.96
-11799834.38,4655527.29,2165.92
-11799834.9,4655527.01,2168.61
-11799836.0,4655526.5600000005,2165.92
-11799837.63,4655525.8100000005,2165.86
-11799839.27,4655525.05,2165.9
-11799841.02,4655524.22,2166.65
-11799841.43,4655524.01,2168.75
-11799843.11,4655523.22,2169.01
-11799844.73,4655522.47,2168.88
-11799845.84,4655522.03,2166.09
-11799847.49,4655521.26,2166.11
-11799849.16,4655520.5,2166.15
-11799851.11,4655519.57,2167.83
-11799850.85,4655519.71,2166.38
-11799852.450000001,4655518.99,2166.22
-11799854.61,4655517.93,2169.19
-11799857.35,4655516.73,2166.34
-11799855.69,4655517.49,2166.25
-11799859.040000001,4655515.94,2166.57
-11799857.98,4655518.29,2166.48
-11799856.700000001,4655518.84,2168.5
-11799855.25,4655519.5,2169.47
-11799851.36,4655521.34,2166.27
-11799853.02,4655520.59,2166.27
-11799849.74,4655522.100000001,2166.19
-11799848.1,4655522.86,2166.13
-11799846.47,4655523.62,2166.11
-11799844.790000001,4655524.4,2166.11
-11799845.290000001,4655524.11,2168.74
-11799843.09,4655525.19,2165.94
-11799841.450000001,4655525.93,2165.9
-11799839.84,4655526.68,2165.98
-11799838.200000001,4655527.45,2165.96
-11799836.57,4655528.19,2165.97
-11799834.97,4655528.93,2166.15
-11799835.48,4655528.64,2168.8
-11799833.33,4655529.68,2166.27
-11799832.05,4655530.23,2168.1
-11799834.08,4655529.26,2170.07
-11799832.59,4655529.93,2170.86
-11799832.31,4655530.09,2169.42
-11799832.82,4655529.8,2172.0
-11799830.05,4655531.19,2166.31
-11799831.02,4655530.64,2171.21
-11799831.55,4655530.350000001,2173.9
-11799828.39,4655531.95,2166.32
-11799826.75,4655532.71,2166.38
-11799827.09,4655532.53,2168.11
-11799827.32,4655532.39,2169.23
-11799825.09,4655533.48,2166.4
-11799825.700000001,4655533.13,2169.42
-11799825.98,4655532.98,2170.83
-11799826.34,4655532.78,2172.59
-11799824.450000001,4655533.69,2171.31
-11799824.72,4655533.53,2172.67
-11799822.75,4655534.48,2170.92
-11799823.39,4655534.12,2174.02
-11799823.870000001,4655533.850000001,2176.4
-11799820.18,4655535.76,2166.26
-11799821.23,4655535.17,2171.42
-11799821.6,4655534.96,2173.23
-11799822.02,4655534.73,2175.31
-11799818.52,4655536.5,2166.36
-11799820.290000001,4655535.5200000005,2174.97
-11799816.85,4655537.28,2166.35
-11799818.4,4655536.43,2173.84
-11799818.65,4655536.28,2175.1
-11799819.06,4655536.07,2177.04
-11799815.27,4655538.01,2166.71
-11799818.18,4655536.4,2180.74
-11799813.48,4655538.850000001,2165.84
-11799811.790000001,4655539.64,2165.74
-11799816.96,4655536.92,2182.57
-11799815.23,4655537.73,2182.22
-11799814.8,4655537.96,2180.15
-11799813.17,4655538.71,2180.32
-11799813.67,4655538.42,2182.71
-11799811.07,4655539.72,2178.19
-11799811.56,4655539.46,2180.46
-11799806.76,4655541.96,2165.53
-11799809.94,4655540.19,2180.56
-11799805.08,4655542.74,2165.38
-11799808.19,4655541.0200000005,2179.94
-11799808.39,4655540.9,2180.9
-11799803.43,4655543.5,2165.4
-11799801.76,4655544.2700000005,2165.35
-11799800.11,4655545.03,2165.36
-11799798.48,4655545.78,2165.5
-11799796.94,4655546.48,2166.0
-11799795.19,4655547.28,2165.58
-11799794.19,4655547.7,2168.65
-11799792.64,4655548.41,2169.01
-11799790.89,4655549.23,2168.6
-11799788.53,4655550.37,2165.38
-11799786.84,4655551.16,2165.33
-11799785.16,4655551.93,2165.29
-11799783.52,4655552.69,2165.29
-11799781.86,4655553.45,2165.28
-11799780.19,4655554.23,2165.29
-11799778.5,4655554.99,2165.25
-11799776.84,4655555.7700000005,2165.22
-11799775.19,4655556.53,2165.15
-11799777.51,4655555.2700000005,2175.19
-11799773.51,4655557.32,2165.11
-11799775.34,4655556.3100000005,2172.94
-11799775.63,4655556.15,2174.25
-11799771.870000001,4655558.0600000005,2165.19
-11799774.0,4655556.9,2174.36
-11799774.55,4655556.61,2176.67
-11799772.58,4655557.54,2175.46
-11799773.11,4655557.24,2177.72
-11799768.49,4655559.63,2165.17
-11799770.44,4655558.55,2173.46
-11799769.5,4655558.94,2176.67
-11799771.59,4655557.94,2178.33
-11799769.94,4655558.7,2178.47
-11799768.51,4655559.350000001,2179.29
-11799763.52,4655561.93,2165.17
-11799766.99,4655560.03,2179.76
-11799761.82,4655562.7,2165.17
-11799765.44,4655560.74,2180.26
-11799760.16,4655563.46,2165.17
-11799758.49,4655564.24,2165.17
-11799756.81,4655565.01,2165.17
-11799755.16,4655565.78,2165.17
-11799753.450000001,4655566.5600000005,2165.13
-11799751.75,4655567.350000001,2165.1
-11799750.05,4655568.13,2165.1
-11799748.370000001,4655568.91,2165.06
-11799745.03,4655570.45,2165.0
-11799746.72,4655569.66,2165.04
-11799743.39,4655571.2,2165.06
-11799741.76,4655571.96,2165.21
-11799738.38,4655573.51,2165.13
-11799740.06,4655572.72,2165.19
-11799739.59,4655572.73,2176.35
-11799737.870000001,4655573.53,2176.26
-11799737.01,4655574.4,2174.15
-11799737.57,4655574.09,2176.36
-11799739.44,4655573.22,2177.13
-11799738.040000001,4655574.11,2165.06
-11799739.700000001,4655573.34,2165.1
-11799741.35,4655572.58,2165.13
-11799742.96,4655571.850000001,2165.06
-11799744.6,4655571.100000001,2164.92
-11799746.32,4655570.3100000005,2165.0
-11799747.97,4655569.55,2164.99
-11799749.63,4655568.7700000005,2165.03
-11799752.96,4655567.25,2165.11
-11799751.3,4655568.01,2165.07
-11799754.620000001,4655566.47,2165.11
-11799756.27,4655565.71,2165.13
-11799757.950000001,4655564.95,2165.13
-11799761.3,4655563.41,2165.15
-11799759.620000001,4655564.17,2165.13
-11799766.51,4655560.73,2180.02
-11799762.97,4655562.65,2165.19
-11799768.16,4655559.96,2180.09
-11799767.03,4655560.57,2175.33
-11799768.38,4655559.99,2174.01
-11799768.950000001,4655559.67,2176.44
-11799769.5,4655559.37,2178.77
-11799769.75,4655559.24,2179.82
-11799767.96,4655560.350000001,2165.26
-11799770.72,4655558.850000001,2176.92
-11799771.27,4655558.55,2179.29
-11799769.63,4655559.58,2165.21
-11799771.67,4655558.46,2173.92
-11799774.06,4655557.3100000005,2177.05
-11799775.3,4655556.7700000005,2175.36
-11799774.57,4655557.32,2165.09
-11799776.8,4655556.09,2174.76
-11799776.22,4655556.55,2165.11
-11799778.16,4655555.48,2173.55
-11799777.9,4655555.78,2165.17
-11799779.59,4655555.0,2165.23
-11799781.25,4655554.22,2165.27
-11799782.91,4655553.48,2165.26
-11799784.6,4655552.68,2165.27
-11799787.9,4655551.17,2165.32
-11799786.26,4655551.92,2165.3
-11799789.67,4655550.350000001,2165.88
-11799791.94,4655549.24,2168.67
-11799793.620000001,4655548.46,2168.79
-11799794.59,4655548.08,2165.61
-11799795.17,4655547.76,2168.27
-11799796.26,4655547.32,2165.71
-11799797.89,4655546.57,2165.63
-11799799.48,4655545.84,2165.38
-11799802.81,4655544.3100000005,2165.36
-11799801.120000001,4655545.100000001,2165.33
-11799804.46,4655543.5600000005,2165.34
-11799807.620000001,4655541.8,2180.17
-11799810.99,4655540.26,2180.65
-11799809.4,4655540.98,2180.9
-11799809.46,4655541.26,2165.65
-11799807.78,4655542.01,2165.48
-11799812.55,4655539.54,2180.38
-11799811.540000001,4655540.100000001,2175.57
-11799814.71,4655538.5,2182.88
-11799815.77,4655538.07,2180.09
-11799816.25,4655537.8,2182.38
-11799814.41,4655538.98,2165.83
-11799817.42,4655537.3,2180.32
-11799817.870000001,4655537.0600000005,2182.48
-11799816.22,4655538.12,2166.6
-11799818.08,4655537.09,2175.61
-11799818.74,4655536.73,2178.83
-11799819.0,4655536.58,2180.07
-11799817.83,4655537.4,2166.28
-11799819.33,4655536.54,2173.61
-11799819.56,4655536.43,2174.67
-11799819.5,4655536.63,2166.28
-11799821.14,4655535.88,2166.19
-11799822.09,4655535.33,2170.88
-11799823.57,4655534.67,2170.19
-11799823.33,4655534.82,2168.96
-11799823.870000001,4655534.51,2171.63
-11799824.15,4655534.34,2173.02
-11799824.91,4655534.09,2168.57
-11799825.4,4655533.8100000005,2171.03
-11799825.8,4655533.58,2172.97
-11799826.120000001,4655533.58,2166.34
-11799826.700000001,4655533.25,2169.26
-11799827.76,4655532.82,2166.29
-11799829.4,4655532.07,2166.29
-11799831.01,4655531.33,2166.32
-11799831.950000001,4655530.8,2171.08
-11799832.41,4655530.55,2173.35
-11799832.65,4655530.57,2166.33
-11799833.3,4655530.22,2169.61
-11799833.8,4655529.92,2172.21
-11799835.15,4655529.34,2170.67
-11799835.92,4655529.07,2166.11
-11799837.53,4655528.32,2165.96
-11799839.16,4655527.59,2165.99
-11799840.81,4655526.83,2165.98
-11799842.44,4655526.08,2165.9
-11799844.09,4655525.32,2165.92
-11799845.75,4655524.55,2166.08
-11799847.4,4655523.78,2166.1
-11799849.06,4655523.0200000005,2166.15
-11799850.72,4655522.26,2166.32
-11799852.370000001,4655521.51,2166.25
-11799854.56,4655520.44,2169.17
-11799856.17,4655519.68,2169.26
-11799857.27,4655519.23,2166.33
-11799858.93,4655518.47,2166.36
-11799858.19,4655520.44,2166.27
-11799856.620000001,4655521.15,2166.67
-11799856.94,4655520.98,2168.4
-11799855.48,4655521.61,2169.3
-11799853.790000001,4655522.41,2168.96
-11799853.28,4655522.7,2166.23
-11799851.65,4655523.45,2166.23
-11799851.93,4655523.3100000005,2167.67
-11799850.0,4655524.23,2166.13
-11799848.39,4655524.95,2166.3
-11799846.700000001,4655525.75,2166.01
-11799845.02,4655526.5200000005,2165.97
-11799843.39,4655527.2700000005,2166.0
-11799841.75,4655528.03,2165.97
-11799840.13,4655528.78,2166.15
-11799838.78,4655529.38,2167.67
-11799839.57,4655528.93,2171.73
-11799836.86,4655530.28,2166.25
-11799837.22,4655530.100000001,2168.02
-11799835.23,4655531.04,2166.32
-11799833.58,4655531.79,2166.32
-11799831.93,4655532.55,2166.31
-11799830.290000001,4655533.32,2166.3
-11799828.68,4655534.0600000005,2166.32
-11799827.02,4655534.83,2166.32
-11799825.36,4655535.600000001,2166.28
-11799823.71,4655536.36,2166.22
-11799824.14,4655536.11,2168.32
-11799824.6,4655535.87,2170.6
-11799822.040000001,4655537.13,2166.24
-11799820.38,4655537.9,2166.23
-11799818.78,4655538.64,2166.31
-11799820.950000001,4655537.43,2176.86
-11799819.98,4655537.8100000005,2180.32
-11799817.68,4655538.93,2177.17
-11799818.43,4655538.51,2180.81
-11799813.67,4655540.99,2165.79
-11799815.94,4655539.73,2176.67
-11799816.27,4655539.5600000005,2178.24
-11799816.78,4655539.29,2180.69
-11799812.0,4655541.7700000005,2165.65
-11799814.200000001,4655540.55,2176.19
-11799815.02,4655540.100000001,2180.09
-11799815.39,4655539.89,2181.86
-11799810.34,4655542.54,2165.65
-11799812.06,4655541.59,2173.85
-11799812.59,4655541.3100000005,2176.32
-11799813.13,4655540.99,2178.92
-11799811.96,4655541.51,2181.1
-11799810.31,4655542.25,2181.07
-11799805.36,4655544.850000001,2165.38
-11799808.39,4655543.17,2179.59
-11799803.72,4655545.61,2165.4
-11799800.4,4655547.13,2165.4
-11799802.05,4655546.37,2165.38
-11799798.73,4655547.91,2165.44
-11799797.07,4655548.67,2165.49
-11799795.47,4655549.41,2165.72
-11799793.77,4655550.18,2165.55
-11799793.97,4655550.09,2166.46
-11799794.41,4655549.84,2168.47
-11799792.14,4655550.94,2165.81
-11799792.75,4655550.600000001,2168.55
-11799790.5,4655551.71,2165.86
-11799788.73,4655552.5200000005,2165.35
-11799787.07,4655553.29,2165.34
-11799785.43,4655554.04,2165.33
-11799783.790000001,4655554.8100000005,2165.32
-11799782.120000001,4655555.58,2165.29
-11799780.450000001,4655556.350000001,2165.25
-11799778.76,4655557.13,2165.15
-11799777.09,4655557.89,2165.13
-11799775.41,4655558.68,2165.19
-11799773.76,4655559.43,2165.24
-11799775.43,4655558.54,2172.38
-11799775.96,4655558.23,2174.69
-11799772.11,4655560.19,2165.25
-11799774.32,4655559.0,2174.65
-11799770.44,4655560.97,2165.31
-11799771.98,4655560.13,2171.86
-11799772.86,4655559.66,2175.57
-11799768.75,4655561.75,2165.24
-11799771.07,4655560.47,2175.06
-11799767.1,4655562.5200000005,2165.29
-11799770.23,4655560.8,2178.53
-11799763.73,4655564.07,2165.19
-11799768.8,4655561.45,2179.56
-11799760.39,4655565.600000001,2165.21
-11799762.07,4655564.84,2165.19
-11799758.71,4655566.38,2165.17
-11799757.040000001,4655567.14,2165.13
-11799752.05,4655569.44,2165.11
-11799755.38,4655567.91,2165.13
-11799750.36,4655570.24,2165.09
-11799753.72,4655568.68,2165.13
-11799748.67,4655571.01,2165.07
-11799747.0,4655571.79,2165.06
-11799745.32,4655572.5600000005,2165.02
-11799743.59,4655573.37,2164.94
-11799741.93,4655574.13,2165.01
-11799740.290000001,4655574.89,2165.11
-11799738.61,4655575.66,2165.11
-11799736.94,4655576.43,2165.09
-11799739.700000001,4655574.95,2175.92
-11799738.14,4655575.66,2176.34
-11799739.11,4655575.62,2176.27
-11799737.88,4655576.42,2165.04
-11799741.040000001,4655574.73,2177.46
-11799739.5,4655575.67,2165.09
-11799741.17,4655574.91,2165.02
-11799742.81,4655574.14,2164.88
-11799744.49,4655573.37,2164.92
-11799746.15,4655572.61,2164.97
-11799747.8,4655571.84,2165.03
-11799749.48,4655571.07,2165.04
-11799751.14,4655570.3100000005,2165.06
-11799752.8,4655569.55,2165.11
-11799756.16,4655568.01,2165.15
-11799754.5,4655568.7700000005,2165.13
-11799757.82,4655567.25,2165.11
-11799759.51,4655566.47,2165.15
-11799761.19,4655565.7,2165.17
-11799762.85,4655564.93,2165.17
-11799764.48,4655564.17,2165.17
-11799766.1,4655563.44,2165.17
-11799769.46,4655561.62,2179.26
-11799767.78,4655562.65,2165.17
-11799769.6,4655561.67,2172.84
-11799770.85,4655561.0,2178.15
-11799771.68,4655560.68,2174.65
-11799769.46,4655561.9,2165.19
-11799772.6,4655560.33,2171.44
-11799773.46,4655559.86,2175.13
-11799772.78,4655560.350000001,2165.23
-11799774.52,4655559.42,2172.67
-11799775.040000001,4655559.15,2174.86
-11799774.450000001,4655559.600000001,2165.19
-11799776.120000001,4655558.84,2165.15
-11799777.76,4655558.08,2165.13
-11799779.41,4655557.32,2165.1
-11799781.09,4655556.54,2165.22
-11799782.75,4655555.78,2165.27
-11799784.44,4655555.0,2165.31
-11799786.120000001,4655554.22,2165.32
-11799787.76,4655553.48,2165.32
-11799789.39,4655552.73,2165.33
-11799791.11,4655551.92,2165.73
-11799792.78,4655551.15,2165.69
-11799794.41,4655550.42,2165.4
-11799794.77,4655550.21,2167.11
-11799796.11,4655549.62,2165.75
-11799797.69,4655548.91,2165.44
-11799799.34,4655548.15,2165.42
-11799800.98,4655547.37,2165.38
-11799802.65,4655546.61,2165.38
-11799804.32,4655545.86,2165.36
-11799805.96,4655545.100000001,2165.42
-11799809.02,4655543.41,2179.75
-11799810.82,4655542.5600000005,2180.55
-11799812.58,4655541.74,2181.07
-11799810.97,4655542.7700000005,2165.65
-11799812.59,4655541.9,2173.36
-11799813.18,4655541.57,2176.17
-11799812.61,4655542.04,2165.69
-11799815.65,4655540.350000001,2180.27
-11799814.26,4655541.28,2165.73
-11799816.620000001,4655539.97,2177.07
-11799817.290000001,4655539.59,2180.3
-11799819.01,4655538.79,2180.59
-11799818.23,4655539.22,2176.84
-11799820.56,4655538.08,2180.05
-11799819.950000001,4655538.43,2177.11
-11799821.540000001,4655537.69,2176.85
-11799819.370000001,4655538.91,2166.27
-11799820.99,4655538.16,2166.21
-11799822.65,4655537.4,2166.22
-11799824.290000001,4655536.65,2166.23
-11799825.950000001,4655535.88,2166.28
-11799827.59,4655535.12,2166.29
-11799829.23,4655534.38,2166.3
-11799830.84,4655533.63,2166.28
-11799832.48,4655532.87,2166.31
-11799834.15,4655532.11,2166.29
-11799835.8,4655531.33,2166.3
-11799837.450000001,4655530.57,2166.29
-11799837.77,4655530.41,2167.9
-11799839.33,4655529.69,2167.48
-11799840.73,4655529.08,2166.17
-11799842.33,4655528.350000001,2165.99
-11799843.98,4655527.59,2165.97
-11799845.64,4655526.83,2166.1
-11799847.24,4655526.08,2165.97
-11799848.98,4655525.26,2166.67
-11799850.56,4655524.55,2166.19
-11799852.21,4655523.8,2166.13
-11799856.02,4655521.98,2169.01
-11799853.870000001,4655523.0200000005,2166.19
-11799858.75,4655520.7700000005,2166.27
-11799857.15,4655521.5200000005,2166.4
-11799858.56,4655522.73,2166.65
-11799856.88,4655523.51,2166.42
-11799855.19,4655524.28,2166.25
-11799853.870000001,4655524.88,2167.81
-11799853.56,4655525.05,2166.17
-11799851.99,4655525.7700000005,2166.44
-11799850.24,4655526.58,2166.02
-11799848.620000001,4655527.33,2166.21
-11799846.950000001,4655528.11,2166.03
-11799845.31,4655528.86,2166.09
-11799845.69,4655528.65,2168.11
-11799844.19,4655529.32,2168.86
-11799843.67,4655529.62,2166.11
-11799842.35,4655530.2,2167.84
-11799842.06,4655530.350000001,2166.3
-11799840.43,4655531.11,2166.32
-11799840.71,4655530.94,2167.8
-11799838.790000001,4655531.86,2166.32
-11799839.200000001,4655531.64,2168.4
-11799837.15,4655532.63,2166.35
-11799835.49,4655533.37,2166.35
-11799833.84,4655534.14,2166.31
-11799832.22,4655534.9,2166.32
-11799830.620000001,4655535.63,2166.28
-11799828.97,4655536.41,2166.29
-11799830.98,4655535.44,2168.04
-11799827.290000001,4655537.17,2166.38
-11799825.65,4655537.93,2166.47
-11799826.290000001,4655537.58,2169.63
-11799823.96,4655538.72,2166.25
-11799824.65,4655538.34,2169.61
-11799822.32,4655539.47,2166.24
-11799820.67,4655540.23,2166.23
-11799819.02,4655540.98,2166.26
-11799820.82,4655540.0,2174.98
-11799821.18,4655539.8,2176.71
-11799819.26,4655540.71,2175.35
-11799819.6,4655540.5200000005,2177.01
-11799815.74,4655542.5200000005,2166.35
-11799818.57,4655540.93,2179.96
-11799817.03,4655541.64,2180.34
-11799814.01,4655543.32,2165.9
-11799812.32,4655544.09,2165.76
-11799814.42,4655542.94,2175.79
-11799810.63,4655544.87,2165.63
-11799808.98,4655545.66,2165.54
-11799811.44,4655544.2700000005,2177.19
-11799811.84,4655544.07,2179.04
-11799807.31,4655546.42,2165.46
-11799810.120000001,4655544.87,2178.65
-11799809.56,4655545.17,2176.05
-11799805.66,4655547.17,2165.44
-11799810.31,4655544.76,2179.52
-11799808.540000001,4655545.58,2178.9
-11799804.02,4655547.93,2165.44
-11799802.49,4655548.64,2166.02
-11799803.06,4655548.3100000005,2168.69
-11799801.33,4655549.14,2168.28
-11799799.040000001,4655550.23,2165.44
-11799799.6,4655549.93,2168.05
-11799797.43,4655550.98,2165.69
-11799797.71,4655550.83,2166.99
-11799796.23,4655551.49,2167.75
-11799794.63,4655552.22,2167.92
-11799792.81,4655553.08,2167.35
-11799792.38,4655553.3100000005,2165.4
-11799790.74,4655554.0600000005,2165.38
-11799789.08,4655554.82,2165.38
-11799787.39,4655555.63,2165.36
-11799785.75,4655556.36,2165.38
-11799784.07,4655557.15,2165.29
-11799782.39,4655557.92,2165.19
-11799780.74,4655558.7,2165.17
-11799779.09,4655559.46,2165.17
-11799777.4,4655560.24,2165.24
-11799775.72,4655561.01,2165.24
-11799774.09,4655561.76,2165.27
-11799772.44,4655562.5200000005,2165.32
-11799773.91,4655561.72,2171.61
-11799770.75,4655563.3,2165.25
-11799772.55,4655562.33,2172.9
-11799772.82,4655562.18,2174.04
-11799769.1,4655564.0600000005,2165.23
-11799771.33,4655562.850000001,2174.65
-11799767.43,4655564.83,2165.23
-11799765.74,4655565.61,2165.22
-11799764.07,4655566.37,2165.22
-11799760.72,4655567.93,2165.17
-11799762.39,4655567.16,2165.21
-11799759.03,4655568.71,2165.19
-11799757.38,4655569.48,2165.19
-11799755.72,4655570.24,2165.17
-11799754.05,4655571.0200000005,2165.15
-11799752.370000001,4655571.79,2165.15
-11799750.68,4655572.5600000005,2165.1
-11799748.99,4655573.36,2165.08
-11799747.32,4655574.12,2165.06
-11799743.94,4655575.68,2164.92
-11799745.64,4655574.89,2165.01
-11799740.57,4655577.25,2164.9
-11799742.24,4655576.45,2164.92
-11799738.94,4655577.99,2165.03
-11799737.24,4655578.78,2165.02
-11799737.06,4655579.04,2174.63
-11799737.92,4655578.83,2164.99
-11799741.21,4655577.32,2164.85
-11799739.57,4655578.08,2164.92
-11799744.540000001,4655575.78,2164.9
-11799742.870000001,4655576.54,2164.86
-11799746.23,4655575.0,2164.99
-11799747.88,4655574.24,2165.02
-11799749.540000001,4655573.48,2165.06
-11799751.25,4655572.69,2165.1
-11799752.91,4655571.93,2165.11
-11799754.56,4655571.17,2165.13
-11799756.23,4655570.41,2165.15
-11799757.870000001,4655569.64,2165.15
-11799759.52,4655568.88,2165.15
-11799762.88,4655567.350000001,2165.15
-11799761.200000001,4655568.11,2165.17
-11799766.19,4655565.8100000005,2165.19
-11799764.55,4655566.57,2165.22
-11799767.870000001,4655565.03,2165.24
-11799769.540000001,4655564.2700000005,2165.21
-11799771.5,4655563.21,2173.51
-11799771.17,4655563.51,2165.19
-11799772.93,4655562.57,2172.61
-11799774.35,4655561.94,2171.76
-11799772.83,4655562.75,2165.26
-11799774.5,4655561.99,2165.25
-11799776.200000001,4655561.21,2165.24
-11799777.83,4655560.45,2165.19
-11799779.49,4655559.69,2165.19
-11799781.11,4655558.95,2165.13
-11799782.73,4655558.2,2165.11
-11799784.41,4655557.43,2165.25
-11799786.120000001,4655556.64,2165.36
-11799787.8,4655555.850000001,2165.36
-11799789.46,4655555.09,2165.36
-11799791.13,4655554.33,2165.38
-11799792.77,4655553.58,2165.33
-11799793.22,4655553.33,2167.42
-11799794.99,4655552.5,2167.9
-11799796.63,4655551.74,2167.85
-11799798.07,4655551.100000001,2166.86
-11799797.76,4655551.28,2165.48
-11799799.97,4655550.2,2168.03
-11799799.39,4655550.53,2165.36
-11799801.700000001,4655549.4,2168.36
-11799803.0,4655548.850000001,2166.59
-11799803.48,4655548.58,2168.82
-11799804.47,4655548.18,2165.77
-11799808.25,4655546.25,2175.8
-11799806.040000001,4655547.46,2165.49
-11799809.99,4655545.44,2176.32
-11799807.69,4655546.71,2165.49
-11799810.39,4655545.22,2178.25
-11799809.35,4655545.93,2165.56
-11799811.78,4655544.59,2177.03
-11799811.01,4655545.17,2165.63
-11799812.68,4655544.4,2165.71
-11799814.790000001,4655543.22,2175.79
-11799814.370000001,4655543.62,2165.86
-11799817.03,4655542.16,2178.58
-11799817.41,4655541.95,2180.36
-11799816.09,4655542.82,2166.19
-11799818.92,4655541.25,2179.83
-11799817.8,4655542.01,2166.5
-11799819.59,4655541.0200000005,2175.13
-11799819.94,4655540.84,2176.8
-11799821.59,4655540.08,2176.9
-11799819.41,4655541.3,2166.22
-11799821.03,4655540.55,2166.19
-11799822.65,4655539.8,2166.22
-11799825.0,4655538.66,2169.63
-11799824.31,4655539.04,2166.19
-11799826.67,4655537.88,2169.72
-11799827.64,4655537.5,2166.34
-11799832.56,4655535.24,2166.31
-11799829.32,4655536.73,2166.31
-11799834.200000001,4655534.48,2166.3
-11799830.96,4655535.98,2166.29
-11799835.88,4655533.69,2166.32
-11799837.53,4655532.94,2166.31
-11799839.17,4655532.19,2166.3
-11799840.78,4655531.44,2166.3
-11799841.11,4655531.26,2168.01
-11799842.4,4655530.71,2166.15
-11799842.82,4655530.46,2168.33
-11799844.06,4655529.95,2166.21
-11799844.52,4655529.68,2168.61
-11799845.08,4655529.37,2171.56
-11799845.75,4655529.15,2166.5
-11799846.11,4655528.96,2168.33
-11799847.31,4655528.44,2166.03
-11799847.84,4655528.15,2168.78
-11799848.97,4655527.69,2166.08
-11799850.58,4655526.94,2166.06
-11799852.27,4655526.16,2166.28
-11799853.9,4655525.41,2166.11
-11799854.23,4655525.23,2167.86
-11799855.55,4655524.65,2166.21
-11799857.21,4655523.88,2166.4
-11799858.92,4655523.09,2166.63
-11799858.92,4655524.74,2166.47
-11799857.26,4655525.5200000005,2166.3
-11799857.55,4655525.350000001,2167.88
-11799855.59,4655526.29,2166.28
-11799853.9,4655527.07,2166.13
-11799852.290000001,4655527.82,2166.17
-11799850.620000001,4655528.59,2166.06
-11799848.98,4655529.350000001,2166.07
-11799849.23,4655529.21,2167.36
-11799847.99,4655529.74,2169.44
-11799848.370000001,4655529.53,2171.42
-11799845.77,4655530.83,2166.42
-11799846.02,4655530.68,2167.79
-11799844.08,4655531.61,2166.24
-11799844.61,4655531.3100000005,2169.0
-11799842.47,4655532.36,2166.26
-11799842.82,4655532.15,2168.15
-11799840.84,4655533.100000001,2166.33
-11799839.21,4655533.86,2166.32
-11799837.57,4655534.62,2166.32
-11799835.91,4655535.38,2166.34
-11799834.26,4655536.15,2166.35
-11799832.620000001,4655536.91,2166.33
-11799830.99,4655537.64,2166.36
-11799829.35,4655538.4,2166.34
-11799829.97,4655538.08,2169.5
-11799828.4,4655538.79,2169.83
-11799826.83,4655539.51,2170.17
-11799825.14,4655540.3,2169.86
-11799822.77,4655541.46,2166.26
-11799821.11,4655542.23,2166.23
-11799819.46,4655542.99,2166.23
-11799817.82,4655543.75,2166.26
-11799816.25,4655544.47,2166.73
-11799814.42,4655545.33,2165.88
-11799815.18,4655544.7700000005,2177.35
-11799811.06,4655546.89,2165.61
-11799813.06,4655545.79,2175.07
-11799813.31,4655545.63,2176.27
-11799811.68,4655546.4,2176.46
-11799809.370000001,4655547.65,2165.58
-11799807.72,4655548.43,2165.58
-11799809.93,4655547.22,2175.92
-11799806.23,4655549.11,2166.29
-11799805.18,4655549.54,2169.06
-11799803.52,4655550.3100000005,2169.0
-11799801.78,4655551.11,2168.57
-11799800.040000001,4655551.92,2168.17
-11799798.24,4655552.7700000005,2167.48
-11799796.61,4655553.51,2167.74
-11799794.97,4655554.29,2167.75
-11799792.81,4655555.32,2165.46
-11799793.22,4655555.100000001,2167.33
-11799791.13,4655556.08,2165.47
-11799789.48,4655556.87,2165.44
-11799787.82,4655557.62,2165.42
-11799786.13,4655558.41,2165.31
-11799784.46,4655559.2,2165.17
-11799782.81,4655559.95,2165.19
-11799781.16,4655560.72,2165.24
-11799779.49,4655561.48,2165.27
-11799777.84,4655562.24,2165.29
-11799776.15,4655563.03,2165.29
-11799774.47,4655563.8100000005,2165.32
-11799772.81,4655564.57,2165.29
-11799769.47,4655566.12,2165.28
-11799771.14,4655565.33,2165.29
-11799766.1,4655567.67,2165.24
-11799767.790000001,4655566.89,2165.24
-11799764.43,4655568.44,2165.19
-11799762.77,4655569.22,2165.17
-11799761.1,4655569.98,2165.19
-11799759.44,4655570.76,2165.21
-11799757.76,4655571.5200000005,2165.19
-11799756.13,4655572.28,2165.19
-11799754.47,4655573.04,2165.19
-11799752.77,4655573.82,2165.15
-11799751.08,4655574.62,2165.13
-11799749.42,4655575.38,2165.1
-11799747.76,4655576.15,2165.08
-11799746.040000001,4655576.94,2165.02
-11799744.35,4655577.73,2164.97
-11799742.65,4655578.51,2164.92
-11799740.950000001,4655579.29,2164.9
-11799739.27,4655580.0600000005,2164.86
-11799737.6,4655580.84,2164.88
-11799737.94,4655581.22,2164.81
-11799739.59,4655580.46,2164.85
-11799741.25,4655579.7,2164.86
-11799742.91,4655578.94,2164.9
-11799744.59,4655578.16,2164.97
-11799746.28,4655577.39,2165.01
-11799747.96,4655576.61,2165.07
-11799749.620000001,4655575.850000001,2165.11
-11799751.290000001,4655575.0600000005,2165.13
-11799752.950000001,4655574.3100000005,2165.15
-11799754.620000001,4655573.53,2165.15
-11799757.96,4655572.0,2165.15
-11799756.290000001,4655572.7700000005,2165.13
-11799759.620000001,4655571.23,2165.19
-11799761.26,4655570.47,2165.17
-11799762.91,4655569.73,2165.13
-11799764.58,4655568.96,2165.15
-11799766.24,4655568.19,2165.19
-11799767.91,4655567.43,2165.22
-11799769.59,4655566.66,2165.23
-11799771.24,4655565.89,2165.25
-11799772.88,4655565.13,2165.27
-11799774.540000001,4655564.37,2165.29
-11799776.23,4655563.600000001,2165.29
-11799777.92,4655562.82,2165.28
-11799779.56,4655562.0600000005,2165.26
-11799781.19,4655561.3100000005,2165.26
-11799782.86,4655560.55,2165.21
-11799784.52,4655559.79,2165.17
-11799786.15,4655559.0200000005,2165.13
-11799787.84,4655558.25,2165.34
-11799789.5,4655557.49,2165.42
-11799791.18,4655556.71,2165.42
-11799792.86,4655555.94,2165.47
-11799795.07,4655554.86,2167.92
-11799796.68,4655554.14,2167.77
-11799798.32,4655553.38,2167.75
-11799797.83,4655553.65,2165.51
-11799801.82,4655551.75,2168.59
-11799800.08,4655552.5600000005,2168.19
-11799805.18,4655550.2,2168.99
-11799803.57,4655550.95,2169.02
-11799806.73,4655549.49,2168.63
-11799807.75,4655549.07,2165.57
-11799809.4,4655548.32,2165.56
-11799811.59,4655547.100000001,2175.86
-11799811.040000001,4655547.57,2165.53
-11799813.01,4655546.48,2174.86
-11799813.33,4655546.3100000005,2176.36
-11799812.67,4655546.82,2165.55
-11799815.1,4655545.49,2177.1
-11799814.36,4655546.03,2165.81
-11799816.65,4655544.78,2176.77
-11799816.13,4655545.21,2166.32
-11799816.370000001,4655545.09,2167.42
-11799817.97,4655544.350000001,2167.17
-11799819.41,4655543.69,2166.23
-11799821.06,4655542.93,2166.24
-11799822.71,4655542.17,2166.24
-11799825.120000001,4655541.0,2169.9
-11799826.88,4655540.19,2170.32
-11799828.450000001,4655539.47,2170.05
-11799828.77,4655539.2700000005,2171.63
-11799830.0,4655538.76,2169.71
-11799830.96,4655538.39,2166.33
-11799832.61,4655537.63,2166.31
-11799834.290000001,4655536.850000001,2166.32
-11799835.93,4655536.09,2166.32
-11799837.57,4655535.33,2166.3
-11799839.19,4655534.59,2166.3
-11799842.5,4655533.07,2166.28
-11799840.85,4655533.83,2166.3
-11799844.11,4655532.32,2166.26
-11799844.540000001,4655532.100000001,2168.47
-11799845.75,4655531.57,2166.26
-11799847.39,4655530.82,2166.31
-11799847.91,4655530.53,2169.05
-11799849.01,4655530.07,2166.23
-11799849.23,4655529.95,2167.42
-11799849.98,4655529.5200000005,2171.42
-11799850.64,4655529.32,2166.1
-11799852.31,4655528.5600000005,2166.05
-11799853.97,4655527.7700000005,2166.32
-11799855.53,4655527.0600000005,2166.13
-11799857.19,4655526.29,2166.32
-11799858.870000001,4655525.53,2166.34
-11799859.15,4655525.37,2167.88
-11799857.74,4655527.71,2166.19
-11799856.09,4655528.47,2166.15
-11799854.450000001,4655529.23,2166.15
-11799851.18,4655530.73,2166.26
-11799852.870000001,4655529.94,2166.49
-11799851.39,4655530.61,2167.35
-11799849.57,4655531.48,2166.27
-11799847.96,4655532.23,2166.26
-11799846.3,4655532.99,2166.27
-11799844.63,4655533.75,2166.3
-11799842.97,4655534.5200000005,2166.31
-11799841.35,4655535.2700000005,2166.31
-11799838.08,4655536.78,2166.32
-11799839.72,4655536.03,2166.3
-11799836.44,4655537.53,2166.34
-11799834.88,4655538.2700000005,2166.71
-11799830.65,4655540.16,2170.09
-11799833.200000001,4655539.04,2166.5
-11799827.44,4655541.63,2170.69
-11799832.21,4655539.44,2169.73
-11799825.700000001,4655542.43,2170.24
-11799829.06,4655540.87,2170.44
-11799823.99,4655543.25,2169.77
-11799821.620000001,4655544.4,2166.26
-11799819.97,4655545.16,2166.21
-11799818.31,4655545.93,2166.23
-11799818.66,4655545.74,2167.92
-11799816.67,4655546.7,2166.19
-11799814.93,4655547.49,2165.83
-11799813.22,4655548.29,2165.71
-11799811.55,4655549.0600000005,2165.61
-11799809.91,4655549.83,2165.61
-11799808.290000001,4655550.57,2165.73
-11799808.77,4655550.3,2168.03
-11799807.21,4655551.0200000005,2168.38
-11799805.65,4655551.75,2168.74
-11799804.03,4655552.47,2169.08
-11799802.33,4655553.2700000005,2168.92
-11799798.870000001,4655554.88,2168.08
-11799800.620000001,4655554.0600000005,2168.49
-11799797.18,4655555.67,2167.79
-11799798.290000001,4655555.2,2165.4
-11799795.01,4655556.71,2165.48
-11799795.44,4655556.49,2167.38
-11799791.64,4655558.2700000005,2165.44
-11799793.33,4655557.48,2165.52
-11799788.290000001,4655559.83,2165.15
-11799789.98,4655559.03,2165.34
-11799784.98,4655561.36,2165.27
-11799786.620000001,4655560.600000001,2165.21
-11799781.65,4655562.87,2165.32
-11799783.31,4655562.13,2165.29
-11799778.35,4655564.42,2165.32
-11799780.01,4655563.63,2165.32
-11799776.66,4655565.19,2165.33
-11799774.98,4655565.98,2165.32
-11799773.33,4655566.74,2165.33
-11799771.68,4655567.51,2165.28
-11799770.01,4655568.2700000005,2165.27
-11799768.31,4655569.0600000005,2165.21
-11799766.66,4655569.82,2165.22
-11799765.01,4655570.58,2165.15
-11799763.3,4655571.38,2165.19
-11799761.6,4655572.16,2165.19
-11799759.950000001,4655572.92,2165.19
-11799758.31,4655573.68,2165.21
-11799756.620000001,4655574.47,2165.17
-11799754.94,4655575.24,2165.15
-11799753.28,4655576.0,2165.15
-11799751.57,4655576.79,2165.13
-11799749.89,4655577.57,2165.11
-11799748.24,4655578.33,2165.1
-11799746.55,4655579.12,2165.04
-11799744.86,4655579.89,2165.0
-11799743.17,4655580.68,2164.94
-11799741.48,4655581.46,2164.92
-11799739.82,4655582.23,2164.88
-11799738.1,4655583.01,2164.8
-11799738.13,4655583.4,2164.8
-11799739.81,4655582.62,2164.86
-11799741.47,4655581.850000001,2164.9
-11799744.790000001,4655580.32,2164.98
-11799743.14,4655581.08,2164.94
-11799748.120000001,4655578.78,2165.05
-11799746.46,4655579.55,2165.05
-11799751.49,4655577.24,2165.11
-11799749.8,4655578.0200000005,2165.09
-11799753.15,4655576.47,2165.13
-11799754.83,4655575.69,2165.15
-11799756.47,4655574.94,2165.17
-11799758.120000001,4655574.18,2165.21
-11799759.8,4655573.41,2165.22
-11799761.48,4655572.63,2165.15
-11799763.15,4655571.86,2165.13
-11799764.78,4655571.11,2165.15
-11799766.46,4655570.33,2165.17
-11799768.11,4655569.57,2165.19
-11799769.790000001,4655568.8,2165.25
-11799771.47,4655568.0200000005,2165.3
-11799773.120000001,4655567.2700000005,2165.29
-11799774.8,4655566.5,2165.32
-11799776.46,4655565.72,2165.32
-11799778.13,4655564.96,2165.3
-11799779.78,4655564.2,2165.33
-11799781.42,4655563.44,2165.31
-11799783.07,4655562.67,2165.3
-11799786.39,4655561.15,2165.23
-11799784.73,4655561.91,2165.28
-11799788.01,4655560.39,2165.19
-11799789.64,4655559.65,2165.17
-11799791.36,4655558.86,2165.38
-11799793.02,4655558.09,2165.48
-11799794.700000001,4655557.32,2165.55
-11799796.34,4655556.57,2165.4
-11799796.76,4655556.33,2167.32
-11799798.02,4655555.79,2165.51
-11799798.57,4655555.49,2168.06
-11799800.28,4655554.69,2168.42
-11799802.03,4655553.87,2168.82
-11799805.39,4655552.34,2168.78
-11799803.8,4655553.0600000005,2169.13
-11799806.96,4655551.600000001,2168.4
-11799808.53,4655550.89,2168.07
-11799809.64,4655550.43,2165.67
-11799811.26,4655549.67,2165.55
-11799812.91,4655548.92,2165.67
-11799814.58,4655548.16,2165.79
-11799816.32,4655547.350000001,2166.17
-11799818.01,4655546.54,2166.27
-11799819.66,4655545.78,2166.19
-11799821.34,4655545.03,2166.22
-11799823.69,4655543.87,2169.71
-11799825.4,4655543.08,2170.13
-11799827.14,4655542.26,2170.65
-11799828.8,4655541.5,2170.69
-11799830.36,4655540.79,2170.29
-11799832.85,4655539.7,2166.47
-11799831.91,4655540.08,2169.94
-11799833.46,4655539.37,2169.57
-11799834.53,4655538.94,2166.71
-11799836.17,4655538.18,2166.6
-11799837.81,4655537.43,2166.3
-11799839.43,4655536.68,2166.3
-11799841.06,4655535.93,2166.29
-11799842.71,4655535.17,2166.27
-11799844.35,4655534.39,2166.29
-11799845.99,4655533.66,2166.26
-11799847.620000001,4655532.91,2166.29
-11799849.27,4655532.15,2166.24
-11799850.94,4655531.37,2166.25
-11799852.790000001,4655530.51,2167.36
-11799854.23,4655529.850000001,2166.32
-11799855.83,4655529.13,2166.11
-11799857.47,4655528.36,2166.19
-11799859.11,4655527.61,2166.13
-11799858.17,4655529.97,2166.25
-11799856.55,4655530.72,2166.27
-11799857.02,4655530.46,2168.82
-11799857.4,4655530.25,2170.84
-11799854.9,4655531.5,2166.23
-11799855.82,4655530.96,2171.23
-11799853.26,4655532.24,2166.3
-11799851.63,4655533.01,2166.24
-11799849.99,4655533.7700000005,2166.26
-11799848.35,4655534.5200000005,2166.28
-11799846.700000001,4655535.28,2166.27
-11799845.06,4655536.04,2166.29
-11799843.41,4655536.8100000005,2166.3
-11799841.78,4655537.5600000005,2166.32
-11799840.14,4655538.33,2166.34
-11799838.55,4655539.05,2166.65
-11799836.93,4655539.8100000005,2166.72
-11799835.290000001,4655540.57,2166.72
-11799833.63,4655541.33,2166.72
-11799834.14,4655541.05,2169.33
-11799832.620000001,4655541.74,2169.85
-11799831.08,4655542.44,2170.24
-11799829.52,4655543.16,2170.67
-11799827.9,4655543.91,2170.97
-11799826.19,4655544.7,2170.57
-11799824.48,4655545.51,2170.11
-11799821.99,4655546.72,2166.22
-11799822.72,4655546.33,2169.67
-11799820.38,4655547.48,2166.34
-11799818.71,4655548.24,2166.32
-11799817.05,4655549.0200000005,2166.21
-11799815.33,4655549.82,2165.85
-11799813.66,4655550.59,2165.71
-11799811.99,4655551.37,2165.65
-11799810.33,4655552.13,2165.63
-11799808.81,4655552.83,2166.24
-11799807.58,4655553.37,2168.13
-11799806.01,4655554.09,2168.49
-11799802.88,4655555.5200000005,2169.19
-11799804.450000001,4655554.8,2168.85
-11799798.75,4655557.49,2165.59
-11799801.13,4655556.33,2168.82
-11799797.08,4655558.26,2165.61
-11799795.41,4655559.05,2165.53
-11799793.73,4655559.83,2165.4
-11799792.040000001,4655560.61,2165.22
-11799790.39,4655561.38,2165.28
-11799788.75,4655562.14,2165.29
-11799787.11,4655562.89,2165.31
-11799785.43,4655563.66,2165.36
-11799783.78,4655564.44,2165.36
-11799782.14,4655565.19,2165.38
-11799780.450000001,4655565.97,2165.36
-11799778.76,4655566.75,2165.36
-11799777.11,4655567.51,2165.35
-11799775.450000001,4655568.29,2165.33
-11799773.78,4655569.05,2165.33
-11799772.11,4655569.84,2165.28
-11799770.43,4655570.61,2165.22
-11799768.73,4655571.4,2165.19
-11799767.040000001,4655572.16,2165.15
-11799765.34,4655572.97,2164.96
-11799763.74,4655573.7,2165.15
-11799762.1,4655574.46,2165.21
-11799760.450000001,4655575.23,2165.19
-11799758.75,4655576.0,2165.19
-11799757.08,4655576.78,2165.21
-11799755.4,4655577.5600000005,2165.17
-11799753.75,4655578.33,2165.15
-11799752.07,4655579.11,2165.13
-11799750.35,4655579.88,2165.09
-11799748.69,4655580.67,2165.06
-11799747.02,4655581.45,2165.04
-11799745.36,4655582.21,2165.04
-11799743.64,4655583.0,2165.0
-11799741.950000001,4655583.8,2164.94
-11799738.56,4655585.36,2164.86
-11799740.28,4655584.57,2164.92
-11799737.92,4655586.11,2164.86
-11799739.620000001,4655585.32,2164.88
-11799741.31,4655584.55,2164.9
-11799742.96,4655583.79,2164.92
-11799744.65,4655583.01,2164.98
-11799746.33,4655582.22,2165.03
-11799747.98,4655581.46,2165.03
-11799749.66,4655580.69,2165.06
-11799753.0,4655579.15,2165.13
-11799751.33,4655579.92,2165.1
-11799754.68,4655578.37,2165.15
-11799756.370000001,4655577.600000001,2165.17
-11799758.040000001,4655576.84,2165.17
-11799759.68,4655576.08,2165.19
-11799761.34,4655575.3100000005,2165.21
-11799763.03,4655574.53,2165.23
-11799765.040000001,4655573.45,2173.53
-11799764.67,4655573.78,2165.07
-11799766.32,4655573.01,2164.92
-11799768.01,4655572.24,2165.11
-11799769.66,4655571.48,2165.17
-11799771.35,4655570.68,2165.21
-11799773.06,4655569.9,2165.27
-11799774.74,4655569.13,2165.31
-11799776.36,4655568.38,2165.33
-11799778.03,4655567.62,2165.36
-11799779.69,4655566.84,2165.36
-11799781.370000001,4655566.07,2165.35
-11799783.06,4655565.29,2165.36
-11799784.69,4655564.54,2165.36
-11799786.34,4655563.78,2165.35
-11799788.02,4655563.01,2165.34
-11799789.69,4655562.23,2165.3
-11799791.35,4655561.47,2165.24
-11799792.99,4655560.72,2165.22
-11799794.700000001,4655559.92,2165.38
-11799796.4,4655559.13,2165.53
-11799798.06,4655558.36,2165.58
-11799799.68,4655557.62,2165.59
-11799802.11,4655556.44,2169.11
-11799803.75,4655555.68,2168.98
-11799805.31,4655554.97,2168.6
-11799808.11,4655553.71,2166.23
-11799806.9,4655554.25,2168.24
-11799809.65,4655553.0200000005,2165.65
-11799811.3,4655552.26,2165.65
-11799812.98,4655551.49,2165.76
-11799814.65,4655550.7,2165.75
-11799816.4,4655549.9,2166.07
-11799818.07,4655549.11,2166.25
-11799819.700000001,4655548.37,2166.3
-11799821.35,4655547.61,2166.35
-11799823.75,4655546.43,2169.76
-11799825.49,4655545.63,2170.13
-11799827.21,4655544.83,2170.58
-11799828.9,4655544.03,2170.86
-11799830.48,4655543.33,2170.47
-11799832.040000001,4655542.59,2170.1
-11799833.61,4655541.89,2169.75
-11799834.63,4655541.48,2166.69
-11799836.3,4655540.71,2166.71
-11799837.950000001,4655539.95,2166.69
-11799839.58,4655539.2,2166.61
-11799842.8,4655537.71,2166.29
-11799841.18,4655538.47,2166.31
-11799844.44,4655536.96,2166.27
-11799846.08,4655536.2,2166.24
-11799847.72,4655535.45,2166.24
-11799849.39,4655534.66,2166.27
-11799851.03,4655533.92,2166.24
-11799852.67,4655533.16,2166.25
-11799854.35,4655532.21,2175.24
-11799854.290000001,4655532.41,2166.27
-11799855.6,4655531.68,2173.31
-11799856.75,4655531.21,2170.57
-11799857.14,4655530.98,2172.71
-11799858.75,4655530.23,2172.58
-11799858.32,4655530.48,2170.22
-11799859.19,4655530.15,2166.24
-11799858.13,4655532.04,2172.13
-11799858.44,4655531.87,2173.78
-11799859.200000001,4655531.45,2177.88
-11799857.41,4655532.28,2177.07
-11799857.74,4655532.11,2178.8
-11799855.11,4655533.42,2173.53
-11799855.26,4655533.3100000005,2174.38
-11799855.63,4655533.13,2176.36
-11799854.13,4655533.8100000005,2177.09
-11799850.46,4655535.7,2166.28
-11799848.82,4655536.46,2166.27
-11799847.15,4655537.24,2166.28
-11799845.52,4655538.0,2166.31
-11799843.89,4655538.73,2166.32
-11799842.25,4655539.5,2166.33
-11799840.620000001,4655540.26,2166.4
-11799839.01,4655540.99,2166.72
-11799837.41,4655541.74,2166.88
-11799835.84,4655542.45,2167.11
-11799836.31,4655542.2,2169.54
-11799834.75,4655542.91,2169.94
-11799833.16,4655543.65,2170.34
-11799831.59,4655544.37,2170.69
-11799829.97,4655545.12,2170.8
-11799826.58,4655546.71,2169.94
-11799828.290000001,4655545.91,2170.34
-11799824.18,4655547.87,2166.38
-11799824.81,4655547.5200000005,2169.5
-11799822.55,4655548.64,2166.4
-11799820.89,4655549.4,2166.32
-11799819.23,4655550.17,2166.29
-11799817.56,4655550.94,2166.25
-11799815.790000001,4655551.78,2165.81
-11799814.11,4655552.55,2165.73
-11799812.6,4655553.23,2166.31
-11799810.97,4655554.0,2166.25
-11799811.28,4655553.84,2167.65
-11799809.23,4655554.8100000005,2165.76
-11799807.57,4655555.58,2165.79
-11799806.41,4655556.07,2168.23
-11799804.83,4655556.79,2168.61
-11799802.52,4655557.92,2165.57
-11799803.28,4655557.5,2169.09
-11799800.870000001,4655558.68,2165.57
-11799799.200000001,4655559.46,2165.57
-11799797.55,4655560.23,2165.47
-11799795.89,4655561.01,2165.38
-11799794.21,4655561.7700000005,2165.27
-11799792.57,4655562.53,2165.31
-11799790.89,4655563.32,2165.35
-11799789.23,4655564.07,2165.38
-11799787.6,4655564.83,2165.4
-11799785.96,4655565.61,2165.4
-11799784.3,4655566.37,2165.4
-11799782.620000001,4655567.13,2165.4
-11799780.93,4655567.93,2165.38
-11799777.59,4655569.48,2165.36
-11799779.25,4655568.71,2165.38
-11799775.92,4655570.26,2165.31
-11799774.24,4655571.0200000005,2165.27
-11799772.57,4655571.8100000005,2165.21
-11799770.88,4655572.59,2165.17
-11799769.200000001,4655573.37,2165.04
-11799767.56,4655574.13,2165.07
-11799765.9,4655574.89,2165.21
-11799764.27,4655575.65,2165.29
-11799762.58,4655576.43,2165.27
-11799760.89,4655577.2,2165.23
-11799759.22,4655577.99,2165.22
-11799757.55,4655578.7700000005,2165.19
-11799755.84,4655579.55,2165.19
-11799754.17,4655580.32,2165.17
-11799752.51,4655581.09,2165.15
-11799750.82,4655581.88,2165.11
-11799749.15,4655582.65,2165.05
-11799747.47,4655583.44,2165.05
-11799745.790000001,4655584.2,2165.02
-11799744.1,4655584.99,2165.02
-11799742.41,4655585.78,2164.94
-11799740.72,4655586.5600000005,2164.92
-11799737.33,4655588.13,2164.85
-11799739.0,4655587.36,2164.88
-11799739.08,4655587.09,2178.0
-11799737.35,4655587.87,2177.69
-11799738.57,4655587.76,2178.26
-11799740.13,4655587.29,2164.9
-11799738.46,4655588.07,2164.86
-11799743.43,4655585.76,2164.98
-11799741.78,4655586.53,2164.92
-11799746.76,4655584.23,2165.0
-11799745.1,4655584.99,2165.02
-11799748.41,4655583.46,2165.03
-11799750.08,4655582.7,2165.1
-11799751.74,4655581.93,2165.11
-11799753.42,4655581.13,2165.13
-11799755.09,4655580.38,2165.17
-11799758.42,4655578.83,2165.19
-11799756.75,4655579.600000001,2165.19
-11799761.73,4655577.3,2165.23
-11799760.07,4655578.08,2165.15
-11799763.4,4655576.54,2165.29
-11799765.07,4655575.7700000005,2165.31
-11799766.71,4655575.0,2165.22
-11799768.33,4655574.28,2165.07
-11799769.98,4655573.51,2165.05
-11799771.700000001,4655572.7,2165.17
-11799773.370000001,4655571.94,2165.22
-11799775.03,4655571.18,2165.28
-11799776.68,4655570.4,2165.32
-11799778.36,4655569.64,2165.36
-11799780.02,4655568.86,2165.38
-11799781.700000001,4655568.100000001,2165.38
-11799783.34,4655567.34,2165.38
-11799784.99,4655566.58,2165.4
-11799786.64,4655565.8,2165.42
-11799788.290000001,4655565.04,2165.42
-11799789.93,4655564.29,2165.4
-11799791.59,4655563.53,2165.36
-11799794.89,4655562.01,2165.3
-11799793.24,4655562.7700000005,2165.33
-11799796.540000001,4655561.25,2165.36
-11799796.8,4655561.100000001,2166.54
-11799798.21,4655560.47,2165.42
-11799801.57,4655558.91,2165.59
-11799799.91,4655559.68,2165.55
-11799803.21,4655558.15,2165.57
-11799803.94,4655557.7700000005,2168.9
-11799805.49,4655557.0600000005,2168.4
-11799806.540000001,4655556.61,2165.71
-11799807.05,4655556.33,2168.06
-11799808.22,4655555.850000001,2165.82
-11799809.86,4655555.08,2165.74
-11799812.01,4655554.04,2168.05
-11799813.16,4655553.55,2165.72
-11799814.86,4655552.79,2165.75
-11799816.48,4655552.04,2165.63
-11799816.88,4655551.8100000005,2167.55
-11799818.25,4655551.2,2166.28
-11799819.89,4655550.45,2166.29
-11799821.55,4655549.69,2166.33
-11799823.22,4655548.9,2166.38
-11799825.49,4655547.8,2169.52
-11799824.86,4655548.15,2166.4
-11799827.21,4655547.01,2169.88
-11799828.92,4655546.21,2170.3
-11799830.65,4655545.39,2170.69
-11799832.290000001,4655544.63,2170.75
-11799833.84,4655543.93,2170.38
-11799835.4,4655543.2,2170.01
-11799836.99,4655542.49,2169.61
-11799838.09,4655542.03,2166.92
-11799839.68,4655541.3100000005,2166.63
-11799842.92,4655539.8100000005,2166.34
-11799841.290000001,4655540.5600000005,2166.36
-11799844.56,4655539.05,2166.33
-11799846.18,4655538.3,2166.29
-11799849.49,4655536.7700000005,2166.26
-11799847.85,4655537.54,2166.3
-11799855.09,4655533.96,2178.94
-11799851.1,4655536.04,2166.28
-11799855.65,4655533.8,2173.24
-11799854.67,4655534.18,2176.73
-11799856.96,4655533.08,2180.26
-11799856.64,4655533.25,2178.52
-11799858.03,4655532.64,2177.08
-11799858.370000001,4655532.44,2178.99
-11799858.77,4655532.21,2181.17
-11799858.52,4655533.91,2180.61
-11799859.06,4655533.59,2183.52
-11799857.39,4655534.38,2183.32
-11799854.06,4655536.08,2174.09
-11799854.34,4655535.93,2175.61
-11799855.120000001,4655535.49,2179.73
-11799855.44,4655535.32,2181.38
-11799851.38,4655537.42,2168.65
-11799850.94,4655537.67,2166.28
-11799851.65,4655537.28,2170.06
-11799849.3,4655538.4,2166.3
-11799847.700000001,4655539.17,2166.33
-11799846.03,4655539.94,2166.32
-11799844.39,4655540.7,2166.34
-11799842.73,4655541.46,2166.35
-11799841.09,4655542.24,2166.36
-11799839.48,4655542.98,2166.54
-11799838.46,4655543.38,2169.78
-11799836.9,4655544.09,2170.13
-11799835.38,4655544.8,2170.52
-11799833.82,4655545.53,2170.88
-11799830.38,4655547.13,2170.15
-11799832.08,4655546.34,2170.57
-11799828.65,4655547.93,2169.73
-11799826.34,4655549.07,2166.44
-11799824.71,4655549.83,2166.38
-11799823.02,4655550.61,2166.36
-11799821.370000001,4655551.37,2166.32
-11799819.73,4655552.14,2166.29
-11799818.290000001,4655552.79,2167.4
-11799816.28,4655553.75,2165.67
-11799816.72,4655553.51,2167.75
-11799814.69,4655554.48,2165.92
-11799815.14,4655554.22,2168.02
-11799813.56,4655554.95,2168.34
-11799811.86,4655555.76,2168.07
-11799809.76,4655556.7700000005,2166.0
-11799808.21,4655557.48,2166.49
-11799806.370000001,4655558.34,2165.63
-11799806.88,4655558.05,2167.97
-11799803.05,4655559.88,2165.57
-11799804.72,4655559.12,2165.6
-11799801.38,4655560.67,2165.5
-11799799.700000001,4655561.44,2165.38
-11799798.02,4655562.23,2165.34
-11799794.73,4655563.74,2165.38
-11799796.370000001,4655562.98,2165.34
-11799793.09,4655564.5,2165.42
-11799791.43,4655565.28,2165.44
-11799789.77,4655566.04,2165.44
-11799788.120000001,4655566.8,2165.46
-11799786.47,4655567.58,2165.44
-11799784.790000001,4655568.34,2165.42
-11799783.1,4655569.14,2165.4
-11799781.42,4655569.91,2165.42
-11799779.77,4655570.69,2165.38
-11799778.120000001,4655571.45,2165.32
-11799776.43,4655572.22,2165.27
-11799774.74,4655573.01,2165.23
-11799773.05,4655573.8,2165.11
-11799771.36,4655574.58,2165.01
-11799769.74,4655575.32,2165.19
-11799768.11,4655576.09,2165.33
-11799766.47,4655576.850000001,2165.42
-11799763.15,4655578.38,2165.38
-11799764.8,4655577.62,2165.4
-11799759.76,4655579.96,2165.22
-11799761.46,4655579.17,2165.26
-11799758.1,4655580.71,2165.21
-11799756.43,4655581.5,2165.22
-11799754.74,4655582.29,2165.19
-11799749.68,4655584.64,2165.09
-11799753.05,4655583.0600000005,2165.17
-11799746.32,4655586.17,2165.04
-11799751.36,4655583.850000001,2165.13
-11799744.66,4655586.95,2165.0
-11799747.99,4655585.41,2165.07
-11799741.290000001,4655588.5200000005,2164.94
-11799742.97,4655587.75,2164.96
-11799739.59,4655589.3,2164.9
-11799737.88,4655590.100000001,2164.88
-11799736.96,4655590.98,2164.84
-11799738.64,4655590.21,2164.88
-11799740.33,4655589.42,2164.94
-11799742.01,4655588.66,2164.94
-11799745.32,4655587.12,2165.02
-11799743.65,4655587.9,2164.96
-11799748.65,4655585.57,2165.09
-11799746.99,4655586.33,2165.03
-11799750.32,4655584.8,2165.07
-11799751.98,4655584.03,2165.11
-11799753.65,4655583.2700000005,2165.15
-11799755.3,4655582.5,2165.15
-11799756.98,4655581.74,2165.19
-11799758.64,4655580.96,2165.17
-11799760.28,4655580.2,2165.19
-11799761.96,4655579.42,2165.34
-11799763.65,4655578.65,2165.42
-11799766.97,4655577.11,2165.42
-11799765.33,4655577.87,2165.42
-11799770.22,4655575.600000001,2165.23
-11799768.59,4655576.36,2165.36
-11799773.56,4655574.08,2165.09
-11799771.86,4655574.84,2165.01
-11799776.870000001,4655572.54,2165.24
-11799775.21,4655573.3,2165.17
-11799778.53,4655571.7700000005,2165.3
-11799780.23,4655570.98,2165.35
-11799781.91,4655570.19,2165.4
-11799783.56,4655569.44,2165.4
-11799785.200000001,4655568.69,2165.46
-11799786.84,4655567.93,2165.42
-11799788.53,4655567.14,2165.44
-11799790.21,4655566.350000001,2165.46
-11799793.5,4655564.86,2165.42
-11799791.86,4655565.59,2165.42
-11799795.16,4655564.09,2165.4
-11799796.81,4655563.32,2165.36
-11799798.46,4655562.5600000005,2165.32
-11799800.11,4655561.8,2165.35
-11799801.76,4655561.03,2165.44
-11799803.43,4655560.26,2165.57
-11799805.11,4655559.48,2165.56
-11799808.73,4655557.79,2167.1
-11799806.78,4655558.7,2165.63
-11799810.44,4655556.98,2167.58
-11799810.08,4655557.19,2165.85
-11799812.21,4655556.16,2168.15
-11799813.93,4655555.36,2168.28
-11799815.51,4655554.64,2167.88
-11799816.71,4655554.13,2165.76
-11799817.1,4655553.9,2167.61
-11799818.72,4655553.15,2167.55
-11799820.1,4655552.55,2166.28
-11799821.75,4655551.7700000005,2166.31
-11799823.39,4655551.01,2166.33
-11799825.05,4655550.25,2166.36
-11799826.71,4655549.49,2166.4
-11799828.35,4655548.73,2166.35
-11799829.01,4655548.37,2169.58
-11799830.71,4655547.57,2169.99
-11799832.43,4655546.76,2170.4
-11799835.75,4655545.23,2170.63
-11799834.14,4655545.97,2170.82
-11799838.91,4655543.79,2169.88
-11799837.33,4655544.51,2170.26
-11799839.88,4655543.39,2166.46
-11799840.49,4655543.07,2169.56
-11799841.52,4655542.65,2166.35
-11799843.14,4655541.88,2166.34
-11799844.77,4655541.12,2166.33
-11799846.38,4655540.39,2166.31
-11799848.02,4655539.64,2166.3
-11799849.68,4655538.88,2166.27
-11799851.81,4655537.69,2177.47
-11799852.040000001,4655537.71,2170.13
-11799852.44,4655537.49,2172.24
-11799852.790000001,4655537.3,2174.07
-11799853.0,4655537.17,2175.26
-11799855.38,4655536.0,2179.25
-11799855.73,4655535.8100000005,2181.11
-11799856.19,4655535.55,2183.54
-11799858.06,4655534.67,2184.76
-11799858.51,4655536.2,2186.25
-11799855.26,4655537.850000001,2177.61
-11799855.82,4655537.55,2180.54
-11799853.1,4655538.91,2174.75
-11799856.05,4655537.42,2181.78
-11799851.92,4655539.43,2177.09
-11799856.36,4655537.25,2183.44
-11799852.18,4655539.28,2178.5
-11799853.96,4655538.43,2179.36
-11799852.73,4655538.96,2181.4
-11799851.51,4655539.65,2174.99
-11799848.22,4655541.33,2166.3
-11799846.59,4655542.09,2166.32
-11799844.94,4655542.850000001,2166.3
-11799843.3,4655543.600000001,2166.32
-11799842.31,4655544.01,2169.65
-11799839.16,4655545.47,2170.36
-11799840.72,4655544.74,2170.0
-11799837.6,4655546.18,2170.77
-11799835.94,4655546.94,2170.71
-11799832.51,4655548.57,2169.88
-11799834.22,4655547.7700000005,2170.29
-11799826.86,4655551.24,2166.28
-11799830.78,4655549.37,2169.34
-11799827.16,4655551.07,2167.81
-11799828.74,4655550.350000001,2167.4
-11799823.57,4655552.7700000005,2166.34
-11799825.22,4655552.01,2166.36
-11799820.26,4655554.3,2166.25
-11799821.9,4655553.54,2166.31
-11799818.65,4655555.04,2166.25
-11799816.89,4655555.88,2165.86
-11799817.24,4655555.7,2167.51
-11799815.22,4655556.66,2165.82
-11799815.6,4655556.45,2167.61
-11799814.09,4655557.14,2168.19
-11799812.42,4655557.92,2168.21
-11799810.25,4655558.97,2165.84
-11799808.540000001,4655559.74,2165.72
-11799806.88,4655560.53,2165.65
-11799805.23,4655561.3,2165.57
-11799803.52,4655562.09,2165.46
-11799801.870000001,4655562.87,2165.34
-11799800.23,4655563.62,2165.38
-11799798.58,4655564.39,2165.42
-11799796.94,4655565.15,2165.46
-11799795.290000001,4655565.91,2165.48
-11799793.65,4655566.68,2165.49
-11799792.02,4655567.42,2165.51
-11799790.32,4655568.23,2165.48
-11799788.63,4655568.99,2165.5
-11799786.98,4655569.78,2165.46
-11799785.31,4655570.55,2165.46
-11799783.65,4655571.33,2165.42
-11799781.97,4655572.100000001,2165.38
-11799780.290000001,4655572.88,2165.32
-11799778.620000001,4655573.66,2165.27
-11799776.950000001,4655574.44,2165.17
-11799775.290000001,4655575.2,2165.07
-11799773.63,4655575.97,2165.17
-11799771.98,4655576.74,2165.28
-11799770.32,4655577.5,2165.42
-11799768.67,4655578.2700000005,2165.47
-11799766.99,4655579.05,2165.48
-11799765.32,4655579.82,2165.5
-11799763.66,4655580.600000001,2165.49
-11799760.26,4655582.17,2165.29
-11799761.97,4655581.36,2165.44
-11799758.59,4655582.95,2165.17
-11799756.92,4655583.71,2165.15
-11799755.24,4655584.5,2165.15
-11799751.89,4655586.0600000005,2165.15
-11799753.61,4655585.25,2165.17
-11799750.19,4655586.850000001,2165.15
-11799755.68,4655584.15,2173.52
-11799753.200000001,4655585.25,2177.15
-11799748.52,4655587.62,2165.11
-11799750.83,4655586.39,2174.35
-11799751.47,4655586.05,2176.84
-11799746.83,4655588.41,2165.06
-11799745.15,4655589.19,2165.03
-11799743.49,4655589.95,2164.99
-11799741.81,4655590.74,2164.98
-11799740.120000001,4655591.53,2164.94
-11799738.44,4655592.3,2164.92
-11799737.18,4655593.3,2164.88
-11799738.86,4655592.51,2164.92
-11799740.52,4655591.75,2164.97
-11799742.18,4655590.98,2164.97
-11799743.85,4655590.21,2165.0
-11799745.51,4655589.44,2165.03
-11799749.69,4655587.32,2175.05
-11799747.17,4655588.68,2165.06
-11799751.14,4655586.66,2174.19
-11799748.870000001,4655587.89,2165.11
-11799751.82,4655586.32,2176.88
-11799750.52,4655587.13,2165.11
-11799753.63,4655585.45,2177.57
-11799752.17,4655586.37,2165.11
-11799753.85,4655585.57,2165.17
-11799755.9,4655584.49,2173.38
-11799755.5,4655584.82,2165.15
-11799757.5,4655583.76,2173.24
-11799757.16,4655584.05,2165.15
-11799758.8,4655583.29,2165.15
-11799760.49,4655582.49,2165.35
-11799762.18,4655581.73,2165.46
-11799763.870000001,4655580.94,2165.48
-11799767.16,4655579.42,2165.48
-11799765.53,4655580.18,2165.48
-11799768.81,4655578.66,2165.44
-11799770.47,4655577.88,2165.42
-11799772.1,4655577.13,2165.32
-11799773.73,4655576.37,2165.22
-11799775.35,4655575.64,2165.03
-11799777.03,4655574.86,2165.13
-11799778.700000001,4655574.07,2165.24
-11799780.35,4655573.32,2165.29
-11799782.03,4655572.54,2165.34
-11799783.72,4655571.76,2165.42
-11799785.370000001,4655571.0,2165.44
-11799787.03,4655570.22,2165.47
-11799788.700000001,4655569.45,2165.49
-11799790.35,4655568.69,2165.44
-11799792.03,4655567.91,2165.51
-11799793.67,4655567.15,2165.49
-11799795.36,4655566.38,2165.48
-11799797.040000001,4655565.59,2165.48
-11799798.700000001,4655564.83,2165.44
-11799800.3,4655564.09,2165.4
-11799801.9,4655563.34,2165.36
-11799803.58,4655562.57,2165.4
-11799805.27,4655561.78,2165.53
-11799806.950000001,4655560.99,2165.63
-11799810.35,4655559.4,2166.17
-11799808.61,4655560.23,2165.69
-11799814.1,4655557.64,2168.17
-11799812.200000001,4655558.55,2167.0
-11799815.31,4655557.13,2166.11
-11799815.620000001,4655556.96,2167.6
-11799816.9,4655556.39,2165.86
-11799818.63,4655555.59,2166.23
-11799820.28,4655554.8,2166.24
-11799821.93,4655554.04,2166.28
-11799823.61,4655553.2700000005,2166.29
-11799825.26,4655552.51,2166.35
-11799826.89,4655551.74,2166.4
-11799827.19,4655551.57,2167.9
-11799828.77,4655550.86,2167.42
-11799830.19,4655550.23,2166.34
-11799830.78,4655549.91,2169.21
-11799832.52,4655549.100000001,2169.63
-11799834.23,4655548.29,2170.06
-11799835.950000001,4655547.5,2170.48
-11799837.64,4655546.7,2170.88
-11799839.22,4655545.98,2170.56
-11799840.790000001,4655545.26,2170.19
-11799842.35,4655544.55,2169.84
-11799843.32,4655544.15,2166.35
-11799843.94,4655543.8100000005,2169.58
-11799844.950000001,4655543.4,2166.32
-11799846.59,4655542.64,2166.32
-11799848.25,4655541.87,2166.3
-11799849.88,4655541.12,2166.19
-11799852.18,4655539.850000001,2178.32
-11799851.91,4655539.98,2176.88
-11799852.58,4655539.63,2180.44
-11799854.01,4655538.98,2179.55
-11799854.51,4655538.69,2182.23
-11799856.03,4655538.01,2181.67
-11799855.52,4655538.29,2178.97
-11799856.36,4655537.83,2183.42
-11799858.290000001,4655536.9,2185.02
-11799858.540000001,4655536.75,2186.36
-11799857.76,4655538.8100000005,2180.13
-11799855.74,4655539.8,2177.92
-11799858.39,4655538.46,2183.52
-11799856.31,4655539.47,2181.0
-11799856.51,4655539.37,2182.05
-11799855.1,4655540.0,2183.28
-11799856.74,4655539.23,2183.25
-11799852.0,4655541.57,2175.6
-11799854.91,4655540.100000001,2182.28
-11799852.450000001,4655541.3100000005,2177.98
-11799853.08,4655540.98,2181.27
-11799848.59,4655543.3100000005,2166.33
-11799850.450000001,4655542.28,2176.07
-11799846.96,4655544.0600000005,2166.31
-11799845.36,4655544.8100000005,2166.33
-11799845.98,4655544.47,2169.54
-11799844.41,4655545.19,2169.83
-11799842.82,4655545.93,2170.17
-11799839.68,4655547.37,2170.92
-11799841.23,4655546.66,2170.52
-11799838.08,4655548.12,2171.11
-11799836.34,4655548.93,2170.65
-11799834.58,4655549.76,2170.13
-11799832.870000001,4655550.55,2169.69
-11799830.58,4655551.68,2166.49
-11799828.93,4655552.45,2166.36
-11799827.43,4655553.12,2167.0
-11799825.64,4655553.99,2166.32
-11799823.950000001,4655554.76,2166.31
-11799822.32,4655555.53,2166.28
-11799820.68,4655556.29,2166.24
-11799819.01,4655557.0600000005,2166.25
-11799817.290000001,4655557.88,2165.94
-11799815.84,4655558.53,2166.92
-11799814.32,4655559.22,2167.47
-11799812.32,4655560.19,2165.61
-11799812.71,4655559.97,2167.46
-11799810.72,4655560.92,2165.85
-11799811.02,4655560.7700000005,2167.27
-11799809.05,4655561.7,2165.88
-11799807.36,4655562.49,2165.67
-11799805.700000001,4655563.2700000005,2165.51
-11799803.98,4655564.0600000005,2165.35
-11799802.38,4655564.8100000005,2165.44
-11799800.71,4655565.59,2165.48
-11799799.040000001,4655566.36,2165.51
-11799795.75,4655567.9,2165.54
-11799797.38,4655567.14,2165.52
-11799794.09,4655568.66,2165.54
-11799792.4,4655569.43,2165.53
-11799790.74,4655570.22,2165.53
-11799789.09,4655570.98,2165.52
-11799787.42,4655571.76,2165.5
-11799785.76,4655572.53,2165.47
-11799784.07,4655573.32,2165.4
-11799782.38,4655574.11,2165.29
-11799780.74,4655574.87,2165.23
-11799779.06,4655575.66,2165.17
-11799777.370000001,4655576.43,2165.06
-11799775.75,4655577.18,2165.29
-11799774.09,4655577.96,2165.36
-11799772.450000001,4655578.72,2165.46
-11799770.790000001,4655579.49,2165.47
-11799769.11,4655580.2700000005,2165.49
-11799767.46,4655581.03,2165.49
-11799765.8,4655581.79,2165.48
-11799762.46,4655583.37,2165.52
-11799764.13,4655582.59,2165.48
-11799760.81,4655584.13,2165.47
-11799759.07,4655584.94,2165.3
-11799755.69,4655586.51,2165.13
-11799757.35,4655585.73,2165.15
-11799757.67,4655585.46,2173.1
-11799758.25,4655585.16,2175.47
-11799754.02,4655587.3,2165.11
-11799756.64,4655585.89,2175.65
-11799752.33,4655588.07,2165.17
-11799754.56,4655586.89,2174.08
-11799750.64,4655588.86,2165.06
-11799752.9,4655587.65,2174.07
-11799753.34,4655587.43,2175.82
-11799751.85,4655588.11,2176.55
-11799747.28,4655590.42,2165.07
-11799750.27,4655588.84,2176.92
-11799745.61,4655591.21,2165.11
-11799743.950000001,4655591.97,2165.06
-11799742.26,4655592.75,2164.99
-11799740.55,4655593.55,2164.99
-11799738.870000001,4655594.33,2164.92
-11799737.25,4655595.100000001,2164.92
-11799737.290000001,4655595.63,2164.9
-11799738.96,4655594.86,2164.94
-11799740.66,4655594.07,2164.96
-11799742.31,4655593.3100000005,2165.0
-11799743.91,4655592.5600000005,2165.02
-11799745.76,4655591.71,2165.8
-11799747.23,4655591.04,2165.08
-11799749.78,4655589.66,2175.15
-11799751.120000001,4655589.08,2173.88
-11799751.75,4655588.74,2176.36
-11799750.56,4655589.49,2165.1
-11799752.07,4655588.57,2177.65
-11799752.08,4655588.68,2171.17
-11799752.870000001,4655588.2700000005,2174.31
-11799753.290000001,4655588.0200000005,2176.0
-11799752.24,4655588.71,2165.19
-11799753.66,4655587.95,2170.92
-11799754.33,4655587.59,2173.57
-11799754.790000001,4655587.350000001,2175.44
-11799753.9,4655587.94,2165.15
-11799755.52,4655587.09,2171.65
-11799756.52,4655586.55,2175.71
-11799756.84,4655586.38,2176.96
-11799757.71,4655586.04,2173.85
-11799758.18,4655585.7700000005,2175.79
-11799757.21,4655586.41,2165.13
-11799758.92,4655585.61,2165.31
-11799760.64,4655584.8100000005,2165.44
-11799762.34,4655584.0200000005,2165.49
-11799763.97,4655583.26,2165.48
-11799765.58,4655582.53,2165.46
-11799767.3,4655581.73,2165.49
-11799768.96,4655580.96,2165.48
-11799770.6,4655580.21,2165.47
-11799772.24,4655579.45,2165.46
-11799773.88,4655578.69,2165.42
-11799775.53,4655577.93,2165.36
-11799777.15,4655577.18,2165.25
-11799778.77,4655576.42,2165.08
-11799780.44,4655575.66,2165.17
-11799782.1,4655574.88,2165.24
-11799783.78,4655574.11,2165.33
-11799785.48,4655573.32,2165.42
-11799787.14,4655572.5600000005,2165.46
-11799788.78,4655571.8,2165.5
-11799790.47,4655571.01,2165.51
-11799792.120000001,4655570.23,2165.51
-11799793.78,4655569.47,2165.54
-11799795.46,4655568.7,2165.53
-11799797.13,4655567.93,2165.54
-11799798.790000001,4655567.16,2165.54
-11799800.43,4655566.4,2165.52
-11799802.07,4655565.64,2165.48
-11799803.700000001,4655564.87,2165.44
-11799805.32,4655564.12,2165.35
-11799807.05,4655563.32,2165.57
-11799808.73,4655562.55,2165.67
-11799810.370000001,4655561.79,2165.78
-11799811.99,4655561.04,2165.79
-11799812.35,4655560.84,2167.4
-11799814.03,4655560.05,2167.61
-11799815.540000001,4655559.37,2167.03
-11799817.24,4655558.58,2167.19
-11799818.68,4655557.93,2166.21
-11799820.32,4655557.18,2166.19
-11799822.0,4655556.39,2166.23
-11799823.69,4655555.61,2166.27
-11799825.34,4655554.850000001,2166.27
-11799827.08,4655554.0200000005,2166.94
-11799831.88,4655551.82,2166.3
-11799828.6,4655553.33,2166.38
-11799832.56,4655551.44,2169.65
-11799830.28,4655552.55,2166.47
-11799834.32,4655550.62,2170.13
-11799836.06,4655549.8100000005,2170.61
-11799837.78,4655549.0,2171.1
-11799839.39,4655548.23,2171.21
-11799842.540000001,4655546.8,2170.49
-11799840.97,4655547.5200000005,2170.86
-11799844.120000001,4655546.08,2170.13
-11799845.700000001,4655545.36,2169.8
-11799846.64,4655544.97,2166.33
-11799848.32,4655544.19,2166.33
-11799851.07,4655542.82,2172.05
-11799851.26,4655542.71,2173.04
-11799852.27,4655542.17,2178.28
-11799852.91,4655541.82,2181.69
-11799854.32,4655541.17,2180.8
-11799854.72,4655540.96,2182.84
-11799856.08,4655540.34,2181.49
-11799854.97,4655540.82,2184.17
-11799858.14,4655539.36,2183.78
-11799856.34,4655540.2,2182.88
-11799858.200000001,4655539.62,2166.71
-11799858.85,4655540.57,2184.06
-11799857.53,4655541.15,2185.54
-11799857.38,4655541.24,2184.78
-11799855.040000001,4655542.4,2180.92
-11799855.31,4655542.24,2182.36
-11799855.83,4655541.96,2185.06
-11799851.88,4655543.98,2173.01
-11799852.32,4655543.75,2175.34
-11799852.59,4655543.600000001,2176.72
-11799853.39,4655543.17,2180.88
-11799848.950000001,4655545.46,2166.3
-11799850.78,4655544.46,2175.81
-11799847.99,4655545.850000001,2169.75
-11799846.41,4655546.58,2170.1
-11799844.85,4655547.32,2170.44
-11799843.290000001,4655548.03,2170.8
-11799841.71,4655548.75,2171.17
-11799840.16,4655549.46,2171.57
-11799838.51,4655550.24,2171.44
-11799836.77,4655551.05,2170.94
-11799835.01,4655551.89,2170.48
-11799832.870000001,4655552.92,2168.02
-11799833.26,4655552.71,2169.94
-11799830.91,4655553.87,2166.4
-11799831.540000001,4655553.5,2169.57
-11799829.27,4655554.63,2166.44
-11799827.61,4655555.4,2166.31
-11799825.93,4655556.18,2166.29
-11799822.61,4655557.72,2166.17
-11799824.26,4655556.95,2166.23
-11799820.98,4655558.49,2166.11
-11799819.36,4655559.24,2166.17
-11799818.0,4655559.86,2167.69
-11799817.58,4655560.07,2165.69
-11799815.98,4655560.83,2165.88
-11799818.28,4655559.69,2168.99
-11799812.66,4655562.36,2165.76
-11799814.59,4655561.45,2167.15
-11799813.03,4655562.16,2167.44
-11799810.97,4655563.14,2165.63
-11799809.32,4655563.93,2165.61
-11799807.63,4655564.72,2165.38
-11799805.94,4655565.49,2165.44
-11799804.31,4655566.25,2165.52
-11799802.67,4655567.03,2165.56
-11799800.99,4655567.79,2165.57
-11799799.35,4655568.55,2165.6
-11799797.73,4655569.32,2165.57
-11799796.08,4655570.09,2165.57
-11799794.42,4655570.850000001,2165.55
-11799792.73,4655571.65,2165.54
-11799791.06,4655572.42,2165.54
-11799789.4,4655573.2,2165.52
-11799787.76,4655573.96,2165.44
-11799786.07,4655574.74,2165.36
-11799784.38,4655575.54,2165.26
-11799782.72,4655576.3100000005,2165.19
-11799781.02,4655577.09,2165.08
-11799779.38,4655577.87,2165.27
-11799777.75,4655578.62,2165.42
-11799772.77,4655580.92,2165.5
-11799776.1,4655579.38,2165.48
-11799769.46,4655582.47,2165.49
-11799774.42,4655580.17,2165.5
-11799767.790000001,4655583.26,2165.49
-11799771.14,4655581.68,2165.5
-11799766.13,4655584.0200000005,2165.48
-11799764.47,4655584.8,2165.46
-11799762.82,4655585.57,2165.48
-11799761.15,4655586.33,2165.44
-11799759.46,4655587.13,2165.4
-11799757.77,4655587.92,2165.27
-11799756.06,4655588.72,2165.15
-11799756.790000001,4655588.33,2168.15
-11799757.59,4655587.9,2171.38
-11799758.36,4655587.49,2174.44
-11799756.91,4655588.15,2175.25
-11799757.26,4655587.98,2176.69
-11799755.040000001,4655589.04,2174.42
-11799755.58,4655588.75,2176.57
-11799752.290000001,4655590.39,2170.21
-11799753.55,4655589.72,2175.22
-11799754.01,4655589.49,2177.02
-11799749.31,4655591.86,2165.08
-11799751.370000001,4655590.7700000005,2173.25
-11799752.0,4655590.43,2175.75
-11799747.620000001,4655592.65,2165.03
-11799750.34,4655591.21,2175.76
-11799746.21,4655593.29,2165.92
-11799744.64,4655594.0,2166.38
-11799740.93,4655595.75,2164.96
-11799742.83,4655594.87,2165.88
-11799737.57,4655597.32,2164.96
-11799739.23,4655596.55,2164.94
-11799737.27,4655597.92,2164.94
-11799738.94,4655597.14,2164.94
-11799740.6,4655596.37,2164.94
-11799742.24,4655595.61,2164.96
-11799744.26,4655594.65,2166.38
-11799745.59,4655594.04,2165.07
-11799745.82,4655593.93,2165.98
-11799747.23,4655593.29,2165.01
-11799748.89,4655592.51,2165.06
-11799750.96,4655591.42,2173.24
-11799751.66,4655591.17,2169.51
-11799751.42,4655591.18,2175.07
-11799752.68,4655590.62,2173.57
-11799753.16,4655590.37,2175.46
-11799754.19,4655589.92,2173.11
-11799755.120000001,4655589.44,2176.81
-11799755.96,4655589.11,2173.51
-11799756.56,4655588.78,2175.94
-11799756.790000001,4655588.78,2170.13
-11799757.120000001,4655588.600000001,2171.46
-11799757.9,4655588.19,2174.61
-11799757.370000001,4655588.46,2172.46
-11799757.94,4655588.28,2168.08
-11799757.24,4655588.65,2165.3
-11799759.67,4655587.350000001,2175.1
-11799758.92,4655587.86,2165.38
-11799760.59,4655587.08,2165.44
-11799762.28,4655586.3100000005,2165.48
-11799763.92,4655585.55,2165.46
-11799765.58,4655584.7700000005,2165.47
-11799767.25,4655584.0,2165.48
-11799768.92,4655583.21,2165.46
-11799770.56,4655582.46,2165.48
-11799772.21,4655581.7,2165.48
-11799773.88,4655580.91,2165.5
-11799775.53,4655580.16,2165.51
-11799777.16,4655579.41,2165.46
-11799778.8,4655578.64,2165.42
-11799780.44,4655577.89,2165.28
-11799782.06,4655577.13,2165.11
-11799783.77,4655576.34,2165.21
-11799785.42,4655575.58,2165.28
-11799787.06,4655574.8100000005,2165.38
-11799788.75,4655574.01,2165.49
-11799790.44,4655573.24,2165.52
-11799792.1,4655572.48,2165.53
-11799793.72,4655571.72,2165.55
-11799795.38,4655570.95,2165.59
-11799797.06,4655570.17,2165.58
-11799802.040000001,4655567.850000001,2165.59
-11799798.74,4655569.39,2165.6
-11799803.67,4655567.11,2165.55
-11799800.4,4655568.62,2165.59
-11799806.96,4655565.58,2165.44
-11799805.3,4655566.36,2165.49
-11799808.6,4655564.82,2165.4
-11799810.28,4655564.03,2165.61
-11799811.950000001,4655563.26,2165.73
-11799813.64,4655562.47,2165.8
-11799813.97,4655562.29,2167.35
-11799815.31,4655561.69,2165.86
-11799816.97,4655560.92,2165.92
-11799818.65,4655560.13,2166.25
-11799818.89,4655560.0,2167.36
-11799820.27,4655559.4,2166.07
-11799821.93,4655558.62,2166.11
-11799823.58,4655557.850000001,2166.19
-11799825.26,4655557.07,2166.23
-11799826.9,4655556.3100000005,2166.28
-11799828.58,4655555.53,2166.4
-11799830.25,4655554.75,2166.46
-11799832.61,4655553.61,2169.85
-11799834.33,4655552.78,2170.33
-11799836.01,4655552.0,2170.75
-11799839.52,4655550.36,2171.67
-11799837.790000001,4655551.18,2171.27
-11799841.08,4655549.64,2171.52
-11799842.620000001,4655548.93,2171.17
-11799844.17,4655548.22,2170.8
-11799845.75,4655547.5,2170.42
-11799848.94,4655546.03,2169.73
-11799847.33,4655546.76,2170.08
-11799849.91,4655545.63,2166.27
-11799851.97,4655544.49,2177.07
-11799854.16,4655543.43,2180.06
-11799854.35,4655543.3100000005,2181.07
-11799854.64,4655543.16,2182.6
-11799854.83,4655543.0600000005,2183.63
-11799856.09,4655542.5,2181.65
-11799856.49,4655542.28,2183.8
-11799856.82,4655542.11,2185.59
-11799858.27,4655541.45,2184.75
-11799858.44,4655541.34,2185.63
-11799859.370000001,4655540.96,2181.92
-11799858.36,4655543.26,2179.17
-11799858.93,4655542.94,2182.19
-11799859.42,4655542.67,2184.86
-11799857.71,4655543.48,2184.19
-11799854.51,4655545.11,2175.88
-11799855.74,4655544.43,2182.35
-11799855.950000001,4655544.3100000005,2183.52
-11799853.93,4655545.29,2181.3
-11799852.91,4655545.84,2175.9
-11799848.59,4655547.97,2170.34
-11799850.16,4655547.23,2170.0
-11799845.42,4655549.43,2171.17
-11799846.98,4655548.69,2170.71
-11799842.24,4655550.9,2171.74
-11799843.82,4655550.16,2171.44
-11799838.83,4655552.5,2170.94
-11799840.53,4655551.7,2171.38
-11799835.38,4655554.100000001,2170.13
-11799837.1,4655553.3100000005,2170.53
-11799831.370000001,4655556.0600000005,2166.49
-11799833.65,4655554.93,2169.77
-11799828.11,4655557.55,2166.58
-11799829.72,4655556.82,2166.44
-11799824.700000001,4655559.14,2166.15
-11799826.370000001,4655558.37,2166.21
-11799823.07,4655559.93,2166.1
-11799821.43,4655560.69,2166.03
-11799819.76,4655561.47,2165.98
-11799818.6,4655561.98,2168.15
-11799818.15,4655562.2,2166.03
-11799817.11,4655562.64,2168.97
-11799816.450000001,4655563.0200000005,2165.84
-11799814.76,4655563.79,2165.86
-11799813.07,4655564.59,2165.67
-11799811.4,4655565.37,2165.53
-11799809.78,4655566.13,2165.46
-11799808.11,4655566.9,2165.53
-11799806.450000001,4655567.68,2165.59
-11799804.82,4655568.44,2165.61
-11799803.15,4655569.2,2165.63
-11799801.5,4655569.98,2165.63
-11799799.84,4655570.74,2165.63
-11799798.200000001,4655571.53,2165.6
-11799796.55,4655572.3,2165.58
-11799794.86,4655573.08,2165.58
-11799793.200000001,4655573.850000001,2165.56
-11799791.540000001,4655574.62,2165.54
-11799789.89,4655575.39,2165.46
-11799788.21,4655576.19,2165.34
-11799786.49,4655576.98,2165.25
-11799784.82,4655577.76,2165.17
-11799783.18,4655578.51,2165.3
-11799781.56,4655579.2700000005,2165.44
-11799779.91,4655580.04,2165.52
-11799778.23,4655580.84,2165.52
-11799776.58,4655581.600000001,2165.55
-11799774.94,4655582.36,2165.52
-11799773.26,4655583.15,2165.51
-11799771.61,4655583.92,2165.51
-11799769.94,4655584.7,2165.5
-11799768.28,4655585.46,2165.48
-11799766.61,4655586.25,2165.47
-11799764.93,4655587.04,2165.47
-11799763.24,4655587.8100000005,2165.49
-11799761.56,4655588.600000001,2165.46
-11799759.9,4655589.37,2165.42
-11799758.23,4655590.15,2165.46
-11799756.57,4655590.92,2165.47
-11799759.870000001,4655589.28,2172.07
-11799758.43,4655589.94,2173.02
-11799759.09,4655589.59,2175.67
-11799756.18,4655591.0200000005,2170.59
-11799757.23,4655590.48,2174.75
-11799753.9,4655592.13,2168.11
-11799754.38,4655591.88,2170.0
-11799754.74,4655591.69,2171.46
-11799755.94,4655591.04,2176.29
-11799751.48,4655593.29,2165.09
-11799752.26,4655592.89,2168.17
-11799753.82,4655592.07,2174.38
-11799749.75,4655594.100000001,2165.0
-11799752.23,4655592.79,2174.79
-11799748.09,4655594.88,2165.04
-11799750.4,4655593.66,2174.15
-11799750.97,4655593.34,2176.38
-11799746.450000001,4655595.64,2165.01
-11799749.31,4655594.13,2176.29
-11799744.75,4655596.44,2164.88
-11799746.44,4655595.55,2171.49
-11799746.83,4655595.34,2173.06
-11799743.08,4655597.21,2165.02
-11799741.39,4655597.99,2164.99
-11799739.71,4655598.79,2164.96
-11799738.05,4655599.5600000005,2164.94
-11799737.41,4655600.350000001,2164.9
-11799740.75,4655598.8,2164.94
-11799739.08,4655599.5600000005,2164.96
-11799746.040000001,4655596.22,2172.61
-11799742.41,4655598.03,2164.96
-11799745.77,4655596.47,2165.07
-11799744.08,4655597.25,2164.97
-11799747.24,4655595.68,2170.82
-11799747.59,4655595.5,2172.19
-11799747.450000001,4655595.68,2165.05
-11799750.290000001,4655594.18,2176.27
-11799749.09,4655594.92,2164.99
-11799751.08,4655593.87,2172.88
-11799751.47,4655593.66,2174.42
-11799752.22,4655593.2700000005,2177.36
-11799750.75,4655594.14,2165.02
-11799752.19,4655593.38,2170.73
-11799753.1,4655592.91,2174.36
-11799753.28,4655592.82,2175.07
-11799753.200000001,4655592.95,2168.27
-11799754.33,4655592.34,2172.8
-11799754.68,4655592.17,2174.17
-11799755.370000001,4655591.79,2176.92
-11799754.78,4655592.24,2168.01
-11799755.76,4655591.71,2171.9
-11799756.200000001,4655591.47,2173.69
-11799756.8,4655591.16,2176.09
-11799758.36,4655590.43,2175.73
-11799757.49,4655591.0200000005,2165.44
-11799759.23,4655590.100000001,2172.44
-11799759.9,4655589.74,2175.17
-11799759.13,4655590.25,2165.44
-11799760.77,4655589.49,2165.44
-11799762.4,4655588.73,2165.44
-11799764.07,4655587.96,2165.46
-11799765.75,4655587.18,2165.44
-11799767.39,4655586.42,2165.44
-11799769.040000001,4655585.66,2165.47
-11799770.72,4655584.87,2165.49
-11799772.370000001,4655584.11,2165.51
-11799774.03,4655583.33,2165.51
-11799775.71,4655582.54,2165.51
-11799777.36,4655581.78,2165.53
-11799779.03,4655581.01,2165.52
-11799780.65,4655580.25,2165.51
-11799782.27,4655579.51,2165.42
-11799785.52,4655578.0,2165.17
-11799783.9,4655578.75,2165.3
-11799788.89,4655576.44,2165.33
-11799787.22,4655577.21,2165.26
-11799790.58,4655575.65,2165.42
-11799792.23,4655574.87,2165.53
-11799793.88,4655574.11,2165.57
-11799795.56,4655573.32,2165.58
-11799797.21,4655572.5600000005,2165.56
-11799798.85,4655571.8,2165.61
-11799800.53,4655571.03,2165.63
-11799802.18,4655570.25,2165.65
-11799803.81,4655569.49,2165.63
-11799805.47,4655568.73,2165.6
-11799807.15,4655567.94,2165.58
-11799808.790000001,4655567.19,2165.53
-11799812.040000001,4655565.67,2165.48
-11799810.42,4655566.43,2165.46
-11799815.450000001,4655564.08,2165.84
-11799813.73,4655564.87,2165.67
-11799817.120000001,4655563.32,2165.88
-11799817.620000001,4655563.03,2168.3
-11799818.74,4655562.55,2165.96
-11799820.39,4655561.79,2165.97
-11799822.06,4655561.0200000005,2166.02
-11799823.71,4655560.24,2166.07
-11799825.38,4655559.46,2166.13
-11799827.01,4655558.71,2166.19
-11799828.72,4655557.91,2166.48
-11799830.36,4655557.14,2166.44
-11799832.01,4655556.38,2166.46
-11799834.28,4655555.2700000005,2169.65
-11799836.0,4655554.47,2170.04
-11799837.71,4655553.65,2170.46
-11799839.46,4655552.850000001,2170.88
-11799841.18,4655552.04,2171.3
-11799842.9,4655551.24,2171.73
-11799844.49,4655550.5,2171.48
-11799846.06,4655549.76,2171.13
-11799847.63,4655549.0600000005,2170.78
-11799849.22,4655548.32,2170.4
-11799850.8,4655547.58,2170.05
-11799851.99,4655546.94,2176.23
-11799853.6,4655546.19,2176.25
-11799854.77,4655545.54,2182.44
-11799855.67,4655545.17,2178.8
-11799856.32,4655544.83,2182.21
-11799856.88,4655544.5200000005,2185.15
-11799858.33,4655543.86,2184.13
-11799858.92,4655545.26,2180.8
-11799859.16,4655545.13,2182.08
-11799859.39,4655545.0200000005,2183.29
-11799857.5,4655545.91,2181.9
-11799858.05,4655545.61,2184.77
-11799854.91,4655547.19,2176.67
-11799855.24,4655547.0200000005,2178.36
-11799855.8,4655546.72,2181.32
-11799852.07,4655548.63,2170.27
-11799852.89,4655548.18,2174.61
-11799850.48,4655549.37,2170.61
-11799848.89,4655550.11,2170.97
-11799847.34,4655550.82,2171.34
-11799845.78,4655551.54,2171.71
-11799844.1,4655552.34,2171.47
-11799839.07,4655554.69,2170.72
-11799842.38,4655553.14,2171.07
-11799835.59,4655556.33,2169.83
-11799840.77,4655553.89,2171.17
-11799833.290000001,4655557.45,2166.46
-11799837.31,4655555.5200000005,2170.25
-11799829.99,4655558.99,2166.44
-11799831.65,4655558.23,2166.44
-11799828.41,4655559.74,2166.75
-11799826.63,4655560.5600000005,2166.13
-11799824.950000001,4655561.36,2166.07
-11799823.27,4655562.15,2166.02
-11799821.620000001,4655562.91,2165.96
-11799819.98,4655563.68,2165.88
-11799818.33,4655564.44,2165.86
-11799816.65,4655565.25,2165.82
-11799814.96,4655566.03,2165.65
-11799813.3,4655566.8,2165.49
-11799811.66,4655567.58,2165.54
-11799810.0,4655568.33,2165.6
-11799808.33,4655569.13,2165.63
-11799806.700000001,4655569.89,2165.65
-11799805.06,4655570.66,2165.65
-11799803.41,4655571.43,2165.67
-11799801.74,4655572.21,2165.63
-11799800.07,4655572.98,2165.63
-11799798.4,4655573.7700000005,2165.63
-11799796.72,4655574.5600000005,2165.58
-11799795.06,4655575.33,2165.56
-11799793.42,4655576.09,2165.52
-11799791.76,4655576.87,2165.42
-11799790.09,4655577.65,2165.33
-11799788.4,4655578.44,2165.25
-11799786.76,4655579.2,2165.27
-11799785.16,4655579.95,2165.44
-11799783.48,4655580.74,2165.52
-11799781.83,4655581.5,2165.57
-11799780.18,4655582.28,2165.56
-11799778.53,4655583.05,2165.56
-11799776.85,4655583.84,2165.54
-11799775.18,4655584.61,2165.54
-11799773.49,4655585.4,2165.51
-11799770.14,4655586.97,2165.47
-11799771.82,4655586.16,2165.51
-11799766.83,4655588.51,2165.44
-11799768.5,4655587.74,2165.46
-11799765.14,4655589.29,2165.46
-11799763.48,4655590.08,2165.42
-11799761.83,4655590.850000001,2165.42
-11799758.49,4655592.4,2165.42
-11799760.15,4655591.63,2165.42
-11799756.78,4655593.2,2165.35
-11799757.77,4655592.68,2169.31
-11799755.14,4655593.98,2165.3
-11799759.040000001,4655592.01,2174.4
-11799757.86,4655592.54,2176.23
-11799757.200000001,4655592.89,2173.57
-11799753.44,4655594.75,2165.17
-11799755.4,4655593.72,2172.98
-11799756.22,4655593.29,2176.28
-11799751.71,4655595.58,2165.04
-11799753.46,4655594.65,2171.98
-11799753.65,4655594.55,2172.77
-11799754.21,4655594.26,2174.99
-11799750.02,4655596.37,2164.99
-11799752.450000001,4655595.08,2174.63
-11799752.74,4655594.93,2175.77
-11799751.15,4655595.68,2176.02
-11799748.52,4655596.95,2172.24
-11799748.89,4655596.76,2173.69
-11799750.01,4655596.18,2178.11
-11799745.42,4655598.48,2166.61
-11799746.27,4655598.04,2169.98
-11799746.68,4655597.83,2171.57
-11799743.31,4655599.51,2164.96
-11799747.31,4655597.5,2174.03
-11799743.59,4655599.350000001,2166.01
-11799745.05,4655598.59,2171.69
-11799741.620000001,4655600.28,2164.96
-11799739.93,4655601.08,2164.94
-11799738.27,4655601.86,2164.92
-11799737.38,4655602.82,2164.86
-11799739.06,4655602.03,2164.88
-11799740.74,4655601.25,2164.94
-11799742.39,4655600.48,2164.88
-11799745.72,4655598.84,2171.4
-11799744.33,4655599.5600000005,2166.01
-11799746.200000001,4655598.58,2173.31
-11799746.1,4655598.73,2166.58
-11799747.290000001,4655598.100000001,2171.25
-11799747.57,4655597.96,2172.33
-11799749.22,4655597.08,2178.78
-11799749.19,4655597.2,2172.21
-11799749.700000001,4655596.94,2174.19
-11799751.27,4655596.21,2173.85
-11799750.65,4655596.54,2171.38
-11799751.68,4655595.99,2175.47
-11799750.71,4655596.600000001,2165.04
-11799752.450000001,4655595.67,2171.94
-11799753.38,4655595.19,2175.65
-11799752.4,4655595.82,2165.22
-11799753.89,4655595.04,2171.1
-11799754.32,4655594.8100000005,2172.82
-11799754.08,4655595.04,2165.3
-11799755.35,4655594.36,2170.38
-11799756.13,4655593.97,2173.42
-11799756.8,4655593.600000001,2176.13
-11799755.76,4655594.25,2165.4
-11799757.4,4655593.38,2171.98
-11799757.83,4655593.17,2173.71
-11799758.43,4655592.850000001,2176.09
-11799757.42,4655593.48,2165.36
-11799759.68,4655592.29,2174.48
-11799759.09,4655592.7,2165.42
-11799760.73,4655591.95,2165.42
-11799762.38,4655591.18,2165.42
-11799764.07,4655590.39,2165.4
-11799765.76,4655589.600000001,2165.44
-11799767.4,4655588.83,2165.44
-11799769.040000001,4655588.07,2165.44
-11799770.68,4655587.3100000005,2165.48
-11799772.33,4655586.53,2165.5
-11799774.01,4655585.7700000005,2165.53
-11799775.69,4655584.98,2165.53
-11799777.33,4655584.22,2165.56
-11799778.96,4655583.46,2165.56
-11799782.32,4655581.91,2165.58
-11799780.64,4655582.68,2165.57
-11799785.57,4655580.38,2165.49
-11799783.950000001,4655581.15,2165.55
-11799788.83,4655578.87,2165.21
-11799787.200000001,4655579.64,2165.33
-11799792.19,4655577.3100000005,2165.38
-11799787.94,4655579.24,2168.56
-11799793.86,4655576.5200000005,2165.44
-11799790.52,4655578.100000001,2165.28
-11799795.52,4655575.76,2165.54
-11799797.19,4655574.97,2165.57
-11799798.84,4655574.21,2165.6
-11799800.49,4655573.44,2165.61
-11799802.15,4655572.68,2165.63
-11799803.8,4655571.9,2165.65
-11799805.46,4655571.13,2165.67
-11799807.11,4655570.36,2165.65
-11799808.77,4655569.600000001,2165.63
-11799810.38,4655568.84,2165.61
-11799812.01,4655568.09,2165.57
-11799813.67,4655567.32,2165.51
-11799815.34,4655566.54,2165.5
-11799817.040000001,4655565.74,2165.74
-11799818.700000001,4655564.97,2165.74
-11799820.370000001,4655564.19,2165.85
-11799822.03,4655563.42,2165.88
-11799823.67,4655562.65,2165.94
-11799825.31,4655561.89,2166.0
-11799826.96,4655561.12,2166.11
-11799828.64,4655560.33,2166.32
-11799830.4,4655559.5,2166.82
-11799831.98,4655558.78,2166.42
-11799833.620000001,4655558.0200000005,2166.44
-11799835.94,4655556.88,2169.9
-11799837.66,4655556.08,2170.4
-11799839.4,4655555.24,2170.84
-11799841.11,4655554.46,2171.03
-11799842.72,4655553.7,2170.86
-11799844.41,4655552.93,2171.31
-11799846.1,4655552.12,2171.65
-11799849.27,4655550.67,2171.06
-11799847.700000001,4655551.38,2171.44
-11799850.83,4655549.93,2170.63
-11799852.38,4655549.22,2170.19
-11799855.57,4655547.61,2178.44
-11799857.78,4655546.53,2181.54
-11799856.14,4655547.3,2181.48
-11799859.25,4655545.86,2180.75
-11799858.24,4655547.87,2175.42
-11799858.47,4655547.76,2176.67
-11799858.72,4655547.63,2178.01
-11799858.99,4655547.48,2179.44
-11799857.05,4655548.41,2177.65
-11799857.69,4655548.0600000005,2181.07
-11799855.18,4655549.29,2176.36
-11799855.56,4655549.100000001,2178.42
-11799852.35,4655550.71,2170.09
-11799850.8,4655551.44,2170.52
-11799849.24,4655552.17,2170.92
-11799847.69,4655552.88,2171.35
-11799846.03,4655553.66,2171.22
-11799844.290000001,4655554.49,2170.79
-11799842.61,4655555.28,2170.53
-11799841.06,4655555.99,2170.9
-11799839.46,4655556.74,2171.05
-11799837.74,4655557.55,2170.61
-11799835.46,4655558.67,2167.63
-11799835.99,4655558.38,2170.27
-11799833.59,4655559.5600000005,2166.58
-11799833.75,4655559.45,2167.44
-11799832.06,4655560.25,2167.04
-11799830.27,4655561.11,2166.36
-11799828.620000001,4655561.87,2166.31
-11799826.96,4655562.64,2166.13
-11799825.28,4655563.45,2165.97
-11799823.6,4655564.23,2165.92
-11799821.94,4655565.0,2165.86
-11799820.26,4655565.8,2165.74
-11799818.59,4655566.58,2165.61
-11799816.92,4655567.350000001,2165.53
-11799813.700000001,4655568.87,2165.61
-11799815.32,4655568.11,2165.56
-11799812.040000001,4655569.64,2165.65
-11799810.4,4655570.4,2165.69
-11799808.74,4655571.18,2165.72
-11799807.09,4655571.94,2165.71
-11799805.450000001,4655572.7,2165.69
-11799803.8,4655573.48,2165.67
-11799802.15,4655574.2700000005,2165.67
-11799800.47,4655575.05,2165.67
-11799798.78,4655575.83,2165.63
-11799797.14,4655576.59,2165.58
-11799795.48,4655577.39,2165.51
-11799793.77,4655578.18,2165.42
-11799792.08,4655578.98,2165.33
-11799790.43,4655579.74,2165.25
-11799791.85,4655578.99,2171.42
-11799790.620000001,4655579.55,2173.19
-11799791.24,4655579.21,2175.9
-11799788.25,4655580.7,2170.11
-11799788.98,4655580.3100000005,2173.29
-11799785.540000001,4655582.01,2165.57
-11799786.23,4655581.67,2168.54
-11799787.65,4655580.9,2174.72
-11799783.9,4655582.8,2165.63
-11799782.200000001,4655583.59,2165.61
-11799780.51,4655584.39,2165.6
-11799778.86,4655585.15,2165.59
-11799777.23,4655585.91,2165.57
-11799775.55,4655586.7,2165.56
-11799773.870000001,4655587.48,2165.54
-11799772.23,4655588.25,2165.52
-11799770.57,4655589.01,2165.5
-11799768.88,4655589.8100000005,2165.5
-11799767.18,4655590.600000001,2165.42
-11799765.51,4655591.4,2165.44
-11799763.86,4655592.16,2165.44
-11799762.200000001,4655592.95,2165.44
-11799760.53,4655593.71,2165.38
-11799758.870000001,4655594.49,2165.36
-11799757.21,4655595.28,2165.42
-11799755.56,4655596.05,2165.35
-11799757.81,4655594.86,2174.38
-11799753.88,4655596.83,2165.36
-11799756.02,4655595.71,2173.86
-11799756.83,4655595.28,2177.11
-11799752.17,4655597.63,2165.32
-11799750.49,4655598.41,2165.33
-11799751.040000001,4655598.13,2167.48
-11799751.66,4655597.8,2169.96
-11799752.21,4655597.5,2172.11
-11799750.77,4655598.15,2173.22
-11799751.19,4655597.93,2174.85
-11799748.21,4655599.32,2176.09
-11799750.56,4655598.18,2178.88
-11799743.88,4655601.49,2165.65
-11799746.38,4655600.18,2175.38
-11799742.01,4655602.37,2164.9
-11799740.32,4655603.18,2164.88
-11799738.65,4655603.96,2164.85
-11799736.97,4655604.74,2164.84
-11799739.34,4655603.4,2180.42
-11799739.68,4655603.75,2180.23
-11799737.31,4655605.09,2164.83
-11799738.97,4655604.32,2164.84
-11799740.63,4655603.55,2164.88
-11799742.31,4655602.76,2164.88
-11799743.96,4655602.0,2164.86
-11799746.77,4655600.5200000005,2175.79
-11799748.07,4655599.94,2174.46
-11799748.84,4655599.54,2177.48
-11799748.5,4655599.71,2176.13
-11799750.86,4655598.5600000005,2178.96
-11799750.08,4655598.98,2175.86
-11799751.07,4655598.5600000005,2173.28
-11799751.77,4655598.2,2176.02
-11799750.700000001,4655598.850000001,2165.34
-11799752.450000001,4655597.92,2172.3
-11799751.32,4655598.5200000005,2167.8
-11799752.34,4655598.09,2165.32
-11799754.03,4655597.3,2165.36
-11799755.71,4655596.5200000005,2165.36
-11799757.4,4655595.74,2165.42
-11799759.01,4655594.96,2165.38
-11799760.64,4655594.23,2165.33
-11799762.33,4655593.44,2165.38
-11799764.01,4655592.65,2165.4
-11799765.66,4655591.89,2165.4
-11799767.3,4655591.11,2165.38
-11799768.950000001,4655590.350000001,2165.44
-11799770.61,4655589.58,2165.48
-11799772.290000001,4655588.78,2165.48
-11799773.97,4655588.01,2165.5
-11799775.61,4655587.24,2165.53
-11799777.26,4655586.48,2165.55
-11799778.91,4655585.7,2165.56
-11799780.55,4655584.94,2165.59
-11799782.22,4655584.17,2165.59
-11799783.870000001,4655583.39,2165.61
-11799785.51,4655582.63,2165.57
-11799786.33,4655582.2,2169.13
-11799787.64,4655581.5,2174.78
-11799788.950000001,4655580.9,2173.13
-11799791.24,4655579.8100000005,2175.92
-11799789.66,4655580.5200000005,2176.23
-11799790.450000001,4655580.33,2165.26
-11799790.51,4655580.19,2172.78
-11799790.870000001,4655580.11,2167.06
-11799791.89,4655579.57,2171.54
-11799792.1,4655579.57,2165.26
-11799793.370000001,4655578.88,2170.82
-11799793.790000001,4655578.7700000005,2165.34
-11799795.47,4655577.99,2165.42
-11799798.78,4655576.46,2165.59
-11799797.120000001,4655577.22,2165.53
-11799800.43,4655575.68,2165.63
-11799802.08,4655574.91,2165.65
-11799805.41,4655573.350000001,2165.67
-11799803.73,4655574.15,2165.65
-11799810.370000001,4655571.05,2165.67
-11799807.07,4655572.58,2165.69
-11799813.63,4655569.5200000005,2165.63
-11799808.73,4655571.8100000005,2165.69
-11799816.92,4655567.99,2165.52
-11799811.99,4655570.28,2165.67
-11799818.540000001,4655567.23,2165.56
-11799815.31,4655568.75,2165.6
-11799823.540000001,4655564.9,2165.88
-11799820.23,4655566.45,2165.65
-11799825.22,4655564.13,2165.94
-11799821.9,4655565.68,2165.78
-11799826.9,4655563.34,2166.09
-11799828.58,4655562.55,2166.27
-11799830.25,4655561.7700000005,2166.32
-11799831.93,4655560.99,2166.47
-11799833.57,4655560.21,2166.44
-11799835.46,4655559.32,2167.83
-11799839.34,4655557.46,2171.06
-11799837.620000001,4655558.2700000005,2170.63
-11799842.55,4655555.97,2170.5
-11799840.98,4655556.71,2170.9
-11799844.21,4655555.18,2170.56
-11799845.92,4655554.4,2170.94
-11799847.61,4655553.600000001,2171.31
-11799849.18,4655552.89,2170.88
-11799850.73,4655552.16,2170.5
-11799852.290000001,4655551.44,2170.06
-11799855.14,4655550.0200000005,2176.4
-11799854.77,4655550.21,2174.47
-11799855.39,4655549.88,2177.77
-11799857.040000001,4655549.11,2177.92
-11799856.52,4655549.5200000005,2166.46
-11799858.200000001,4655548.61,2175.4
-11799858.76,4655548.29,2178.32
-11799858.55,4655550.350000001,2166.51
-11799859.450000001,4655549.84,2171.33
-11799859.120000001,4655549.89,2178.11
-11799858.38,4655550.3100000005,2174.19
-11799857.63,4655550.59,2178.72
-11799858.74,4655550.11,2176.11
-11799855.8,4655551.47,2177.67
-11799852.66,4655553.05,2169.78
-11799854.3,4655552.16,2178.33
-11799851.11,4655553.78,2170.22
-11799849.55,4655554.48,2170.61
-11799847.98,4655555.23,2170.9
-11799846.23,4655556.05,2170.5
-11799844.53,4655556.86,2170.11
-11799842.93,4655557.61,2170.21
-11799841.38,4655558.32,2170.65
-11799839.85,4655559.03,2171.1
-11799837.47,4655560.21,2167.38
-11799835.86,4655560.94,2167.61
-11799833.97,4655561.86,2166.35
-11799832.36,4655562.62,2166.35
-11799830.71,4655563.39,2166.31
-11799829.03,4655564.17,2166.27
-11799827.35,4655564.96,2166.13
-11799825.67,4655565.75,2165.92
-11799823.98,4655566.55,2165.79
-11799822.290000001,4655567.34,2165.63
-11799820.63,4655568.13,2165.57
-11799818.98,4655568.9,2165.57
-11799817.36,4655569.64,2165.63
-11799815.72,4655570.42,2165.67
-11799814.08,4655571.17,2165.71
-11799810.82,4655572.72,2165.75
-11799812.44,4655571.96,2165.74
-11799809.18,4655573.47,2165.72
-11799807.51,4655574.2700000005,2165.72
-11799805.84,4655575.05,2165.69
-11799804.17,4655575.82,2165.69
-11799802.52,4655576.61,2165.65
-11799799.16,4655578.17,2165.52
-11799800.84,4655577.4,2165.59
-11799797.5,4655578.96,2165.44
-11799795.8,4655579.76,2165.36
-11799794.120000001,4655580.55,2165.28
-11799794.26,4655580.37,2173.1
-11799792.92,4655580.97,2174.49
-11799793.76,4655580.53,2178.15
-11799791.540000001,4655581.600000001,2175.55
-11799792.14,4655581.29,2178.15
-11799791.81,4655581.46,2176.73
-11799790.620000001,4655581.98,2178.71
-11799790.88,4655581.84,2179.81
-11799789.21,4655582.61,2179.73
-11799786.98,4655583.7,2177.11
-11799785.02,4655584.74,2168.72
-11799782.63,4655585.92,2165.59
-11799787.42,4655583.48,2179.05
-11799780.950000001,4655586.71,2165.57
-11799779.24,4655587.51,2165.57
-11799777.57,4655588.28,2165.56
-11799775.93,4655589.0600000005,2165.53
-11799774.28,4655589.83,2165.51
-11799772.61,4655590.62,2165.49
-11799770.9,4655591.42,2165.42
-11799769.22,4655592.18,2165.4
-11799765.91,4655593.76,2165.36
-11799767.61,4655592.94,2165.4
-11799762.53,4655595.33,2165.34
-11799764.23,4655594.53,2165.42
-11799759.25,4655596.87,2165.4
-11799760.88,4655596.11,2165.38
-11799755.91,4655598.42,2165.38
-11799757.61,4655597.64,2165.4
-11799752.55,4655600.01,2165.31
-11799754.23,4655599.22,2165.36
-11799750.89,4655600.7700000005,2165.35
-11799752.06,4655600.17,2169.92
-11799753.64,4655599.34,2176.22
-11799752.22,4655599.99,2177.21
-11799750.11,4655601.0,2175.42
-11799750.41,4655600.83,2176.61
-11799745.84,4655603.16,2165.11
-11799748.0,4655602.0200000005,2173.58
-11799744.14,4655603.95,2165.06
-11799745.83,4655603.0600000005,2171.67
-11799742.4,4655604.76,2164.92
-11799740.67,4655605.58,2164.86
-11799738.98,4655606.38,2164.82
-11799742.83,4655604.36,2179.6
-11799737.290000001,4655607.16,2164.81
-11799740.91,4655605.2700000005,2178.67
-11799741.43,4655604.99,2180.67
-11799739.65,4655605.83,2180.15
-11799738.39,4655606.4,2181.56
-11799737.06,4655607.01,2182.67
-11799738.55,4655606.68,2181.61
-11799739.870000001,4655606.100000001,2180.36
-11799741.56,4655605.3100000005,2180.57
-11799739.07,4655606.7,2164.77
-11799743.040000001,4655604.63,2179.98
-11799740.75,4655605.91,2164.84
-11799742.43,4655605.13,2164.92
-11799744.14,4655604.32,2165.07
-11799745.81,4655603.54,2165.11
-11799748.01,4655602.4,2173.67
-11799750.36,4655601.26,2176.57
-11799751.11,4655600.96,2173.06
-11799752.05,4655600.46,2176.75
-11799750.8,4655601.22,2165.29
-11799752.16,4655600.49,2170.65
-11799753.53,4655599.78,2176.09
-11799752.450000001,4655600.43,2165.27
-11799754.120000001,4655599.67,2165.33
-11799755.76,4655598.9,2165.36
-11799757.42,4655598.12,2165.38
-11799759.1,4655597.350000001,2165.36
-11799760.74,4655596.57,2165.38
-11799762.370000001,4655595.82,2165.36
-11799764.02,4655595.05,2165.35
-11799765.71,4655594.25,2165.33
-11799767.4,4655593.46,2165.49
-11799769.03,4655592.71,2165.4
-11799769.72,4655592.33,2168.28
-11799770.69,4655591.94,2165.42
-11799772.36,4655591.14,2165.42
-11799774.03,4655590.36,2165.48
-11799775.68,4655589.600000001,2165.51
-11799779.03,4655588.04,2165.55
-11799777.35,4655588.82,2165.51
-11799780.65,4655587.2700000005,2165.57
-11799782.32,4655586.5,2165.58
-11799783.950000001,4655585.74,2165.51
-11799784.67,4655585.36,2168.6
-11799785.16,4655585.100000001,2170.69
-11799786.65,4655584.3,2177.08
-11799788.700000001,4655583.3100000005,2178.88
-11799789.11,4655583.09,2180.72
-11799790.86,4655582.28,2181.15
-11799791.89,4655581.83,2178.55
-11799793.39,4655581.15,2177.92
-11799794.11,4655580.87,2173.88
-11799794.68,4655580.57,2176.4
-11799793.790000001,4655581.14,2165.26
-11799794.23,4655580.92,2167.11
-11799797.14,4655579.58,2165.36
-11799795.450000001,4655580.350000001,2165.27
-11799798.81,4655578.79,2165.46
-11799800.48,4655578.0,2165.54
-11799802.17,4655577.23,2165.61
-11799803.82,4655576.45,2165.63
-11799807.11,4655574.92,2165.69
-11799805.47,4655575.68,2165.67
-11799810.43,4655573.37,2165.69
-11799808.75,4655574.14,2165.69
-11799812.08,4655572.58,2165.72
-11799813.71,4655571.82,2165.74
-11799815.35,4655571.07,2165.71
-11799816.97,4655570.3100000005,2165.63
-11799818.6,4655569.55,2165.6
-11799820.24,4655568.78,2165.57
-11799821.89,4655568.01,2165.56
-11799823.57,4655567.22,2165.65
-11799825.26,4655566.43,2165.79
-11799826.92,4655565.63,2166.0
-11799828.61,4655564.86,2166.23
-11799830.25,4655564.100000001,2166.27
-11799831.89,4655563.32,2166.29
-11799833.540000001,4655562.55,2166.32
-11799835.22,4655561.7700000005,2166.46
-11799837.08,4655560.88,2167.46
-11799838.67,4655560.14,2167.22
-11799841.0,4655559.0,2170.75
-11799842.55,4655558.28,2170.31
-11799844.1,4655557.5600000005,2169.9
-11799845.81,4655556.7700000005,2170.19
-11799847.5,4655555.97,2170.57
-11799849.18,4655555.18,2170.72
-11799850.75,4655554.46,2170.28
-11799852.31,4655553.71,2169.86
-11799853.27,4655553.34,2166.42
-11799855.13,4655552.32,2176.22
-11799855.52,4655552.11,2178.21
-11799857.32,4655551.25,2179.28
-11799858.6,4655550.68,2177.46
-11799858.76,4655550.59,2178.25
-11799858.51,4655552.39,2166.52
-11799859.48,4655551.86,2171.65
-11799858.700000001,4655552.17,2176.08
-11799858.34,4655552.36,2174.19
-11799856.46,4655553.26,2172.92
-11799855.23,4655553.92,2166.47
-11799857.64,4655552.61,2179.13
-11799853.58,4655554.7,2166.38
-11799854.96,4655553.95,2173.6
-11799855.66,4655553.5600000005,2177.28
-11799855.82,4655553.48,2178.11
-11799852.57,4655555.13,2169.63
-11799851.99,4655555.45,2166.6
-11799851.03,4655555.84,2170.05
-11799849.51,4655556.5600000005,2170.5
-11799847.84,4655557.34,2170.25
-11799849.17,4655556.62,2177.02
-11799846.08,4655558.18,2169.71
-11799847.040000001,4655557.65,2174.6
-11799846.6,4655557.89,2172.36
-11799847.75,4655557.26,2178.27
-11799844.43,4655558.95,2169.69
-11799842.88,4655559.67,2170.06
-11799840.5,4655560.84,2166.34
-11799841.16,4655560.49,2169.65
-11799838.870000001,4655561.600000001,2166.42
-11799837.25,4655562.37,2166.42
-11799835.59,4655563.14,2166.35
-11799833.94,4655563.93,2166.29
-11799832.28,4655564.7,2166.29
-11799830.63,4655565.48,2166.27
-11799828.99,4655566.25,2166.24
-11799827.28,4655567.05,2166.02
-11799825.58,4655567.84,2165.81
-11799823.92,4655568.64,2165.6
-11799822.28,4655569.4,2165.58
-11799820.65,4655570.18,2165.63
-11799818.99,4655570.95,2165.69
-11799817.35,4655571.71,2165.74
-11799815.71,4655572.49,2165.78
-11799810.76,4655574.8100000005,2165.74
-11799814.07,4655573.25,2165.76
-11799807.49,4655576.350000001,2165.72
-11799812.43,4655574.03,2165.77
-11799805.78,4655577.14,2165.67
-11799809.15,4655575.55,2165.72
-11799804.120000001,4655577.92,2165.67
-11799802.450000001,4655578.71,2165.58
-11799800.78,4655579.49,2165.49
-11799799.1,4655580.29,2165.4
-11799797.42,4655581.08,2165.3
-11799795.74,4655581.86,2165.28
-11799794.1,4655582.61,2165.36
-11799794.82,4655582.26,2168.48
-11799795.74,4655581.76,2172.58
-11799796.1,4655581.5600000005,2174.15
-11799795.11,4655582.0,2176.85
-11799794.46,4655582.34,2174.02
-11799792.98,4655583.0200000005,2174.69
-11799793.290000001,4655582.87,2176.01
-11799793.89,4655582.55,2178.61
-11799794.22,4655582.37,2180.04
-11799792.370000001,4655583.25,2179.19
-11799792.75,4655583.05,2180.83
-11799790.9,4655583.93,2180.05
-11799791.61,4655583.55,2183.09
-11799789.51,4655584.5600000005,2181.17
-11799789.98,4655584.3100000005,2183.15
-11799790.200000001,4655584.19,2184.13
-11799785.46,4655586.61,2170.74
-11799787.24,4655585.68,2178.36
-11799787.48,4655585.54,2179.42
-11799782.58,4655588.0200000005,2165.6
-11799783.86,4655587.350000001,2171.05
-11799780.89,4655588.82,2165.58
-11799779.22,4655589.61,2165.58
-11799777.56,4655590.4,2165.53
-11799775.91,4655591.17,2165.53
-11799774.25,4655591.95,2165.47
-11799772.58,4655592.74,2165.42
-11799771.15,4655593.39,2166.42
-11799771.72,4655593.07,2168.82
-11799767.65,4655595.03,2165.69
-11799770.03,4655593.88,2168.65
-11799768.32,4655594.69,2168.42
-11799765.9,4655595.850000001,2165.36
-11799764.27,4655596.64,2165.38
-11799762.6,4655597.41,2165.42
-11799759.26,4655598.97,2165.38
-11799760.92,4655598.2,2165.4
-11799757.56,4655599.79,2165.36
-11799755.88,4655600.5600000005,2165.35
-11799752.5,4655602.14,2165.29
-11799754.19,4655601.36,2165.34
-11799750.83,4655602.94,2165.25
-11799749.17,4655603.71,2165.25
-11799747.52,4655604.49,2165.25
-11799750.13,4655603.11,2175.52
-11799750.48,4655602.94,2176.84
-11799745.83,4655605.29,2165.17
-11799748.700000001,4655603.78,2176.4
-11799744.14,4655606.08,2165.13
-11799746.46,4655604.86,2174.17
-11799742.47,4655606.850000001,2165.11
-11799740.77,4655607.65,2165.07
-11799744.53,4655605.69,2179.53
-11799739.05,4655608.47,2164.98
-11799742.63,4655606.58,2178.76
-11799743.040000001,4655606.38,2180.29
-11799737.33,4655609.28,2164.84
-11799741.290000001,4655607.21,2179.98
-11799741.620000001,4655607.04,2181.24
-11799738.52,4655608.55,2175.69
-11799738.39,4655608.54,2181.53
-11799737.09,4655609.13,2182.99
-11799738.46,4655609.0200000005,2182.6
-11799738.52,4655609.100000001,2176.58
-11799739.92,4655608.46,2175.73
-11799740.98,4655607.88,2179.78
-11799738.77,4655609.14,2165.05
-11799742.040000001,4655607.43,2177.61
-11799742.370000001,4655607.26,2178.88
-11799742.84,4655607.0,2180.72
-11799740.43,4655608.36,2165.06
-11799744.290000001,4655606.34,2179.9
-11799743.8,4655606.8,2165.13
-11799742.120000001,4655607.57,2165.1
-11799745.450000001,4655606.01,2165.17
-11799748.4,4655604.48,2176.63
-11799747.120000001,4655605.25,2165.22
-11799750.08,4655603.69,2176.81
-11799751.07,4655603.2700000005,2174.25
-11799748.77,4655604.47,2165.24
-11799751.540000001,4655603.01,2176.11
-11799750.42,4655603.7,2165.22
-11799753.75,4655602.15,2165.3
-11799752.09,4655602.92,2165.25
-11799755.4,4655601.36,2165.33
-11799757.1,4655600.57,2165.35
-11799758.76,4655599.8,2165.36
-11799760.4,4655599.01,2165.38
-11799762.06,4655598.25,2165.36
-11799763.700000001,4655597.48,2165.4
-11799765.34,4655596.71,2165.38
-11799766.99,4655595.95,2165.35
-11799769.43,4655594.7700000005,2168.49
-11799771.18,4655593.94,2168.9
-11799772.01,4655593.59,2165.49
-11799772.49,4655593.34,2167.53
-11799773.63,4655592.850000001,2165.4
-11799775.290000001,4655592.0600000005,2165.44
-11799776.97,4655591.29,2165.51
-11799778.67,4655590.48,2165.51
-11799780.34,4655589.71,2165.54
-11799781.950000001,4655588.94,2165.56
-11799783.59,4655588.18,2165.54
-11799784.8,4655587.55,2170.73
-11799788.03,4655585.94,2177.53
-11799788.43,4655585.71,2179.22
-11799788.950000001,4655585.45,2181.5
-11799789.43,4655585.2,2183.56
-11799791.25,4655584.34,2184.23
-11799791.870000001,4655584.11,2179.81
-11799792.52,4655583.7700000005,2182.63
-11799793.96,4655583.09,2181.83
-11799794.43,4655582.97,2176.82
-11799794.67,4655582.84,2177.86
-11799795.43,4655582.53,2173.9
-11799795.84,4655582.32,2175.67
-11799795.14,4655582.79,2165.34
-11799795.8,4655582.43,2168.27
-11799796.74,4655582.05,2165.27
-11799798.39,4655581.2700000005,2165.27
-11799800.11,4655580.46,2165.38
-11799801.790000001,4655579.68,2165.47
-11799803.450000001,4655578.91,2165.57
-11799805.08,4655578.15,2165.63
-11799806.74,4655577.37,2165.69
-11799808.42,4655576.58,2165.72
-11799810.09,4655575.8100000005,2165.72
-11799811.71,4655575.03,2165.75
-11799813.36,4655574.2700000005,2165.76
-11799815.040000001,4655573.48,2165.75
-11799816.67,4655572.72,2165.76
-11799818.31,4655571.96,2165.73
-11799819.950000001,4655571.19,2165.69
-11799823.200000001,4655569.68,2165.57
-11799821.56,4655570.44,2165.63
-11799824.84,4655568.9,2165.59
-11799826.55,4655568.100000001,2165.86
-11799828.23,4655567.3100000005,2166.08
-11799829.9,4655566.51,2166.23
-11799831.55,4655565.76,2166.26
-11799833.200000001,4655564.97,2166.26
-11799834.85,4655564.21,2166.29
-11799836.52,4655563.44,2166.36
-11799838.13,4655562.68,2166.4
-11799839.76,4655561.91,2166.38
-11799840.41,4655561.5600000005,2169.61
-11799842.13,4655560.75,2169.96
-11799843.76,4655560.0,2169.82
-11799844.66,4655559.5,2174.36
-11799846.33,4655558.73,2174.57
-11799846.950000001,4655558.39,2177.73
-11799848.66,4655557.57,2178.27
-11799849.14,4655557.43,2172.26
-11799850.08,4655556.93,2177.09
-11799851.96,4655556.16,2169.88
-11799850.38,4655556.89,2170.22
-11799852.94,4655555.73,2166.47
-11799854.55,4655554.99,2166.49
-11799856.15,4655554.25,2166.38
-11799856.53,4655553.92,2176.92
-11799857.65,4655553.43,2174.25
-11799858.13,4655553.16,2176.8
-11799857.83,4655553.46,2166.49
-11799858.41,4655553.14,2169.55
-11799859.040000001,4655552.8,2172.85
-11799858.58,4655554.48,2166.5
-11799859.25,4655554.11,2170.05
-11799856.950000001,4655555.24,2166.49
-11799858.16,4655554.58,2172.85
-11799855.3,4655556.01,2166.49
-11799853.92,4655556.63,2167.9
-11799852.01,4655557.5600000005,2166.42
-11799852.4,4655557.34,2168.47
-11799852.620000001,4655557.23,2169.61
-11799852.98,4655557.04,2171.47
-11799851.040000001,4655557.97,2169.88
-11799852.47,4655557.21,2177.26
-11799850.13,4655558.350000001,2173.65
-11799850.68,4655558.05,2176.42
-11799850.93,4655557.92,2177.75
-11799849.4,4655558.63,2178.26
-11799849.71,4655558.47,2179.81
-11799847.59,4655559.5,2177.31
-11799847.92,4655559.3100000005,2179.0
-11799848.32,4655559.09,2181.08
-11799845.35,4655560.600000001,2174.24
-11799845.88,4655560.3,2176.94
-11799846.32,4655560.07,2179.13
-11799846.6,4655559.92,2180.53
-11799842.870000001,4655561.82,2169.9
-11799840.52,4655562.97,2166.36
-11799838.86,4655563.75,2166.38
-11799837.22,4655564.51,2166.35
-11799835.59,4655565.2700000005,2166.32
-11799833.97,4655566.0600000005,2166.28
-11799832.31,4655566.83,2166.25
-11799830.66,4655567.61,2166.21
-11799828.96,4655568.39,2166.05
-11799827.28,4655569.21,2165.84
-11799825.620000001,4655569.98,2165.6
-11799823.98,4655570.74,2165.65
-11799822.3,4655571.54,2165.71
-11799820.65,4655572.32,2165.76
-11799819.02,4655573.08,2165.8
-11799817.38,4655573.86,2165.82
-11799815.76,4655574.62,2165.78
-11799814.09,4655575.39,2165.77
-11799810.8,4655576.95,2165.76
-11799812.43,4655576.19,2165.78
-11799809.14,4655577.73,2165.75
-11799807.47,4655578.5200000005,2165.69
-11799805.81,4655579.3,2165.61
-11799804.120000001,4655580.09,2165.56
-11799802.450000001,4655580.87,2165.48
-11799800.790000001,4655581.67,2165.35
-11799799.120000001,4655582.44,2165.29
-11799797.47,4655583.22,2165.32
-11799795.82,4655584.0,2165.42
-11799796.6,4655583.59,2168.9
-11799796.06,4655583.7700000005,2173.84
-11799796.57,4655583.5,2176.08
-11799794.56,4655584.47,2174.46
-11799794.88,4655584.3,2175.86
-11799795.68,4655583.88,2179.33
-11799794.0,4655584.67,2179.17
-11799794.51,4655584.4,2181.36
-11799793.16,4655585.01,2182.67
-11799793.4,4655584.86,2183.73
-11799792.08,4655585.49,2185.0
-11799789.51,4655586.75,2181.03
-11799789.8,4655586.600000001,2182.29
-11799790.21,4655586.37,2184.04
-11799784.23,4655589.44,2165.47
-11799785.56,4655588.75,2171.15
-11799786.97,4655587.97,2177.23
-11799782.59,4655590.22,2165.58
-11799780.94,4655590.99,2165.56
-11799779.26,4655591.78,2165.55
-11799777.59,4655592.55,2165.52
-11799775.9,4655593.34,2165.4
-11799774.46,4655594.0200000005,2166.31
-11799774.82,4655593.83,2167.86
-11799773.6,4655594.38,2169.59
-11799771.85,4655595.19,2169.19
-11799770.1,4655596.05,2168.82
-11799768.36,4655596.86,2168.42
-11799766.03,4655597.99,2165.8
-11799764.26,4655598.83,2165.44
-11799762.6,4655599.62,2165.4
-11799760.91,4655600.39,2165.4
-11799759.24,4655601.19,2165.38
-11799757.58,4655601.97,2165.38
-11799755.9,4655602.74,2165.35
-11799754.22,4655603.54,2165.33
-11799752.53,4655604.33,2165.31
-11799750.870000001,4655605.12,2165.29
-11799751.73,4655604.58,2175.17
-11799749.22,4655605.91,2165.29
-11799752.14,4655604.37,2176.79
-11799747.5,4655606.71,2165.26
-11799750.49,4655605.15,2176.88
-11799745.82,4655607.49,2165.17
-11799748.4,4655606.15,2175.21
-11799748.75,4655605.96,2176.57
-11799746.450000001,4655607.09,2173.94
-11799744.16,4655608.2700000005,2165.11
-11799747.31,4655606.63,2177.31
-11799746.89,4655606.850000001,2175.67
-11799742.48,4655609.07,2165.11
-11799744.64,4655607.94,2173.44
-11799745.1,4655607.62,2181.67
-11799740.78,4655609.86,2165.11
-11799739.13,4655610.65,2165.17
-11799743.05,4655608.59,2180.19
-11799743.38,4655608.42,2181.44
-11799737.450000001,4655611.43,2165.08
-11799739.23,4655610.5,2171.84
-11799741.200000001,4655609.48,2179.36
-11799738.08,4655611.0200000005,2173.92
-11799738.33,4655610.88,2174.86
-11799739.790000001,4655610.13,2180.4
-11799737.17,4655611.4,2176.76
-11799738.08,4655610.93,2180.22
-11799737.03,4655611.4,2182.5
-11799737.450000001,4655611.72,2180.11
-11799737.77,4655611.55,2181.31
-11799739.22,4655610.88,2180.61
-11799739.0,4655611.0600000005,2173.55
-11799738.57,4655611.3100000005,2171.9
-11799739.35,4655610.89,2174.88
-11799738.41,4655611.47,2165.07
-11799740.1,4655610.600000001,2171.5
-11799741.86,4655609.67,2178.26
-11799742.22,4655609.47,2179.61
-11799740.06,4655610.7,2165.06
-11799744.32,4655608.49,2181.36
-11799741.71,4655609.92,2165.05
-11799743.96,4655608.75,2173.69
-11799746.06,4655607.66,2181.75
-11799743.39,4655609.14,2165.09
-11799745.64,4655607.96,2173.81
-11799748.27,4655606.67,2177.61
-11799746.72,4655607.57,2165.19
-11799748.4,4655606.79,2165.17
-11799749.72,4655606.0,2176.88
-11799751.5,4655605.18,2177.32
-11799750.07,4655606.01,2165.28
-11799752.370000001,4655604.8100000005,2174.33
-11799752.97,4655604.49,2176.63
-11799751.73,4655605.24,2165.26
-11799753.39,4655604.45,2165.28
-11799755.06,4655603.66,2165.3
-11799758.36,4655602.12,2165.35
-11799756.71,4655602.9,2165.33
-11799760.01,4655601.350000001,2165.38
-11799761.66,4655600.58,2165.36
-11799763.32,4655599.8,2165.38
-11799764.98,4655599.01,2165.4
-11799769.07,4655597.04,2168.57
-11799766.76,4655598.19,2165.92
-11799770.84,4655596.23,2168.94
-11799772.58,4655595.4,2169.33
-11799774.32,4655594.59,2169.72
-11799776.14,4655593.71,2170.4
-11799774.94,4655594.350000001,2165.44
-11799776.58,4655593.59,2165.38
-11799778.24,4655592.82,2165.48
-11799779.9,4655592.04,2165.5
-11799781.55,4655591.2700000005,2165.52
-11799783.23,4655590.48,2165.56
-11799790.42,4655586.87,2182.36
-11799787.68,4655588.22,2177.56
-11799790.700000001,4655586.73,2183.57
-11799792.68,4655585.78,2185.01
-11799793.81,4655585.2700000005,2182.85
-11799794.46,4655585.03,2178.59
-11799795.02,4655584.73,2181.05
-11799794.790000001,4655584.95,2172.85
-11799795.17,4655584.76,2174.53
-11799795.59,4655584.5200000005,2176.36
-11799796.39,4655584.11,2179.83
-11799796.41,4655584.19,2172.67
-11799796.64,4655584.07,2173.72
-11799796.38,4655584.32,2165.36
-11799798.03,4655583.53,2165.32
-11799799.700000001,4655582.76,2165.29
-11799801.34,4655582.0,2165.29
-11799803.0,4655581.21,2165.38
-11799804.69,4655580.41,2165.5
-11799806.35,4655579.64,2165.58
-11799808.0,4655578.87,2165.69
-11799809.68,4655578.08,2165.73
-11799811.33,4655577.29,2165.74
-11799812.950000001,4655576.55,2165.76
-11799814.61,4655575.76,2165.74
-11799816.27,4655575.0,2165.8
-11799817.94,4655574.21,2165.78
-11799819.59,4655573.43,2165.78
-11799821.200000001,4655572.67,2165.76
-11799824.47,4655571.15,2165.67
-11799822.84,4655571.91,2165.69
-11799826.09,4655570.39,2165.61
-11799827.8,4655569.57,2165.75
-11799829.47,4655568.8,2165.98
-11799832.8,4655567.22,2166.22
-11799831.15,4655568.01,2166.15
-11799836.1,4655565.7,2166.26
-11799834.44,4655566.46,2166.24
-11799837.71,4655564.93,2166.32
-11799839.36,4655564.16,2166.35
-11799841.01,4655563.39,2166.31
-11799843.34,4655562.25,2169.73
-11799844.58,4655561.58,2176.06
-11799846.68,4655560.5600000005,2178.4
-11799846.35,4655560.74,2176.77
-11799848.86,4655559.49,2181.38
-11799846.870000001,4655560.46,2179.42
-11799850.120000001,4655558.94,2179.49
-11799850.39,4655558.78,2180.9
-11799851.46,4655558.34,2178.01
-11799851.47,4655558.44,2169.72
-11799852.91,4655557.65,2177.15
-11799852.450000001,4655558.03,2166.36
-11799853.36,4655557.53,2171.15
-11799854.13,4655557.24,2166.55
-11799854.39,4655557.100000001,2167.92
-11799855.6,4655556.45,2174.26
-11799855.77,4655556.47,2166.48
-11799856.86,4655555.88,2172.22
-11799857.42,4655555.68,2166.46
-11799859.07,4655554.92,2166.44
-11799858.41,4655556.68,2166.44
-11799859.44,4655556.15,2171.85
-11799856.81,4655557.46,2166.52
-11799857.42,4655557.12,2169.72
-11799857.78,4655556.93,2171.59
-11799856.77,4655557.37,2174.9
-11799858.02,4655556.8,2172.86
-11799855.31,4655558.04,2175.9
-11799855.15,4655558.22,2166.4
-11799851.870000001,4655559.78,2166.42
-11799854.370000001,4655558.54,2171.06
-11799852.83,4655559.26,2171.42
-11799853.51,4655558.9,2174.92
-11799852.01,4655559.59,2175.47
-11799852.620000001,4655559.26,2178.63
-11799852.290000001,4655559.44,2176.92
-11799851.43,4655559.8,2181.0
-11799850.21,4655560.350000001,2183.07
-11799848.4,4655561.2,2182.13
-11799848.82,4655560.98,2184.24
-11799846.4,4655562.16,2180.33
-11799846.870000001,4655561.93,2182.65
-11799843.96,4655563.38,2176.17
-11799842.0,4655564.43,2166.29
-11799840.38,4655565.19,2166.27
-11799838.74,4655565.97,2166.3
-11799837.09,4655566.74,2166.27
-11799835.450000001,4655567.5200000005,2166.25
-11799833.81,4655568.29,2166.21
-11799832.16,4655569.08,2166.08
-11799827.11,4655571.45,2165.67
-11799830.47,4655569.87,2165.9
-11799825.5,4655572.2,2165.75
-11799828.77,4655570.68,2165.58
-11799823.86,4655572.98,2165.78
-11799822.22,4655573.75,2165.81
-11799820.6,4655574.51,2165.84
-11799817.290000001,4655576.08,2165.8
-11799818.96,4655575.29,2165.82
-11799815.64,4655576.850000001,2165.8
-11799813.99,4655577.62,2165.77
-11799812.32,4655578.4,2165.79
-11799810.65,4655579.2,2165.74
-11799808.99,4655579.97,2165.69
-11799807.34,4655580.76,2165.57
-11799805.68,4655581.55,2165.48
-11799803.97,4655582.34,2165.4
-11799802.31,4655583.14,2165.32
-11799800.73,4655583.87,2165.51
-11799799.06,4655584.66,2165.44
-11799797.370000001,4655585.45,2165.4
-11799796.01,4655586.07,2166.55
-11799796.69,4655585.73,2169.56
-11799797.36,4655585.36,2172.55
-11799795.76,4655586.12,2172.83
-11799796.26,4655585.850000001,2175.03
-11799795.13,4655586.36,2177.3
-11799795.52,4655586.15,2179.04
-11799793.58,4655587.08,2177.72
-11799794.26,4655586.71,2180.69
-11799792.98,4655587.3100000005,2182.15
-11799790.39,4655588.58,2178.04
-11799791.040000001,4655588.24,2180.81
-11799790.65,4655588.42,2179.17
-11799786.72,4655590.41,2169.3
-11799791.39,4655588.04,2182.35
-11799787.94,4655589.7700000005,2174.51
-11799785.84,4655590.87,2165.52
-11799788.81,4655589.3100000005,2178.28
-11799784.18,4655591.65,2165.55
-11799782.51,4655592.45,2165.53
-11799780.86,4655593.22,2165.51
-11799779.17,4655594.0200000005,2165.42
-11799778.06,4655594.51,2167.78
-11799777.02,4655594.97,2170.4
-11799775.32,4655595.7700000005,2170.11
-11799773.55,4655596.61,2169.71
-11799771.77,4655597.44,2169.36
-11799770.040000001,4655598.2700000005,2168.97
-11799768.290000001,4655599.08,2168.57
-11799765.86,4655600.29,2165.44
-11799766.19,4655600.12,2166.78
-11799762.53,4655601.850000001,2165.38
-11799764.21,4655601.05,2165.4
-11799760.84,4655602.64,2165.4
-11799759.17,4655603.44,2165.38
-11799757.49,4655604.22,2165.35
-11799755.82,4655605.01,2165.35
-11799754.120000001,4655605.8100000005,2165.34
-11799752.44,4655606.600000001,2165.31
-11799750.8,4655607.36,2165.3
-11799753.83,4655605.79,2177.17
-11799749.13,4655608.16,2165.25
-11799747.450000001,4655608.95,2165.23
-11799749.98,4655607.62,2175.09
-11799750.41,4655607.41,2176.77
-11799745.790000001,4655609.74,2165.23
-11799748.540000001,4655608.3,2175.94
-11799744.08,4655610.51,2165.22
-11799746.18,4655609.43,2173.3
-11799742.39,4655611.33,2165.09
-11799744.64,4655610.16,2173.72
-11799745.21,4655609.86,2175.96
-11799746.44,4655609.21,2180.67
-11799740.73,4655612.100000001,2165.06
-11799744.89,4655609.95,2181.06
-11799739.02,4655612.92,2165.08
-11799743.14,4655610.7700000005,2180.8
-11799737.36,4655613.69,2165.15
-11799739.15,4655612.76,2171.96
-11799739.44,4655612.62,2173.09
-11799739.9,4655612.29,2181.05
-11799742.38,4655611.07,2184.25
-11799737.19,4655613.63,2177.01
-11799738.02,4655613.2,2180.15
-11799737.200000001,4655613.53,2183.38
-11799737.17,4655613.96,2180.55
-11799737.950000001,4655613.58,2183.44
-11799737.83,4655613.72,2176.85
-11799738.71,4655613.25,2180.19
-11799738.91,4655613.24,2174.76
-11799739.24,4655613.07,2176.03
-11799740.39,4655612.47,2180.36
-11799741.58,4655611.850000001,2184.88
-11799739.77,4655612.88,2171.72
-11799738.03,4655613.79,2165.08
-11799739.66,4655613.01,2165.05
-11799743.03,4655611.17,2184.17
-11799741.3,4655612.25,2164.98
-11799743.67,4655610.93,2180.36
-11799745.51,4655610.05,2181.15
-11799743.58,4655611.0600000005,2173.71
-11799745.790000001,4655610.0,2175.86
-11799742.99,4655611.44,2165.11
-11799744.700000001,4655610.65,2165.19
-11799745.17,4655610.32,2173.46
-11799749.07,4655608.46,2175.76
-11799746.35,4655609.87,2165.22
-11799750.57,4655607.76,2175.32
-11799747.99,4655609.11,2165.25
-11799749.64,4655608.32,2165.27
-11799752.61,4655606.78,2176.88
-11799752.97,4655606.78,2165.28
-11799751.32,4655607.55,2165.28
-11799756.27,4655605.2,2165.33
-11799754.6,4655606.0,2165.3
-11799759.620000001,4655603.65,2165.36
-11799757.94,4655604.44,2165.33
-11799761.27,4655602.88,2165.36
-11799762.92,4655602.100000001,2165.36
-11799764.58,4655601.3100000005,2165.36
-11799764.91,4655601.14,2166.71
-11799766.26,4655600.53,2165.49
-11799766.53,4655600.38,2166.6
-11799766.96,4655600.16,2168.38
-11799768.68,4655599.34,2168.61
-11799770.42,4655598.53,2169.04
-11799772.15,4655597.7,2169.36
-11799773.91,4655596.88,2169.76
-11799775.67,4655596.05,2170.17
-11799777.36,4655595.25,2170.31
-11799778.42,4655594.79,2167.85
-11799779.49,4655594.3100000005,2165.44
-11799781.17,4655593.53,2165.47
-11799782.82,4655592.75,2165.51
-11799784.47,4655591.96,2165.51
-11799786.120000001,4655591.19,2165.42
-11799787.05,4655590.71,2169.38
-11799788.27,4655590.08,2174.6
-11799789.1,4655589.64,2178.11
-11799790.700000001,4655588.9,2178.0
-11799790.19,4655589.16,2175.84
-11799790.99,4655588.74,2179.27
-11799792.72,4655587.91,2179.74
-11799793.34,4655587.58,2182.42
-11799793.81,4655587.43,2177.4
-11799794.17,4655587.25,2178.94
-11799794.61,4655587.0200000005,2180.86
-11799795.42,4655586.68,2177.28
-11799795.870000001,4655586.44,2179.23
-11799796.38,4655586.2700000005,2174.28
-11799796.21,4655586.46,2166.34
-11799796.98,4655586.04,2169.74
-11799797.64,4655585.8100000005,2165.38
-11799799.28,4655585.03,2165.48
-11799800.97,4655584.23,2165.55
-11799802.59,4655583.47,2165.42
-11799804.21,4655582.71,2165.34
-11799805.91,4655581.92,2165.44
-11799807.58,4655581.13,2165.54
-11799809.24,4655580.36,2165.63
-11799810.89,4655579.57,2165.71
-11799812.540000001,4655578.79,2165.76
-11799814.18,4655578.01,2165.78
-11799815.85,4655577.25,2165.77
-11799817.53,4655576.46,2165.81
-11799819.15,4655575.7,2165.79
-11799820.78,4655574.93,2165.8
-11799822.43,4655574.15,2165.82
-11799824.06,4655573.39,2165.78
-11799825.71,4655572.600000001,2165.74
-11799827.31,4655571.86,2165.69
-11799828.92,4655571.100000001,2165.61
-11799830.63,4655570.3,2165.82
-11799832.33,4655569.5,2166.03
-11799833.99,4655568.71,2166.17
-11799835.65,4655567.94,2166.22
-11799837.290000001,4655567.17,2166.25
-11799838.94,4655566.39,2166.26
-11799840.58,4655565.63,2166.25
-11799842.23,4655564.850000001,2166.28
-11799847.11,4655562.350000001,2182.63
-11799847.3,4655562.24,2183.6
-11799848.66,4655561.600000001,2182.35
-11799848.96,4655561.44,2183.92
-11799851.76,4655560.17,2181.61
-11799850.63,4655560.67,2184.13
-11799852.69,4655559.79,2177.99
-11799851.4,4655560.36,2179.79
-11799853.69,4655559.350000001,2174.83
-11799853.91,4655559.23,2175.98
-11799855.18,4655558.67,2174.15
-11799855.49,4655558.49,2175.81
-11799856.89,4655557.83,2174.65
-11799857.0,4655557.9,2166.5
-11799857.61,4655557.58,2169.69
-11799857.96,4655557.38,2171.57
-11799858.42,4655557.15,2174.01
-11799859.46,4655556.67,2170.9
-11799858.620000001,4655557.14,2166.44
-11799858.16,4655558.97,2166.47
-11799859.13,4655558.45,2171.58
-11799859.4,4655558.3100000005,2172.98
-11799857.620000001,4655559.15,2172.06
-11799857.86,4655559.0200000005,2173.35
-11799858.23,4655558.83,2175.26
-11799856.47,4655559.67,2174.54
-11799856.8,4655559.48,2176.27
-11799853.28,4655561.28,2166.46
-11799854.69,4655560.5200000005,2173.81
-11799855.75,4655559.96,2179.29
-11799853.05,4655561.28,2173.63
-11799853.63,4655560.98,2176.6
-11799852.74,4655561.36,2180.28
-11799852.200000001,4655561.65,2177.48
-11799850.26,4655562.48,2184.4
-11799851.42,4655561.97,2181.94
-11799848.870000001,4655563.12,2185.67
-11799846.450000001,4655564.3,2181.61
-11799841.82,4655566.69,2166.29
-11799846.74,4655564.16,2183.05
-11799840.14,4655567.46,2166.22
-11799838.49,4655568.26,2166.23
-11799836.83,4655569.04,2166.23
-11799835.18,4655569.8100000005,2166.13
-11799833.52,4655570.61,2165.94
-11799831.81,4655571.4,2165.65
-11799830.19,4655572.19,2165.72
-11799828.55,4655572.94,2165.76
-11799826.91,4655573.73,2165.8
-11799825.3,4655574.49,2165.85
-11799823.66,4655575.26,2165.86
-11799821.99,4655576.05,2165.84
-11799820.290000001,4655576.850000001,2165.84
-11799818.65,4655577.63,2165.82
-11799815.38,4655579.17,2165.8
-11799817.06,4655578.37,2165.83
-11799813.72,4655579.94,2165.78
-11799812.08,4655580.74,2165.75
-11799810.4,4655581.5200000005,2165.61
-11799808.72,4655582.3100000005,2165.54
-11799807.06,4655583.100000001,2165.44
-11799805.38,4655583.9,2165.31
-11799803.77,4655584.65,2165.53
-11799802.14,4655585.41,2165.61
-11799800.49,4655586.2,2165.61
-11799798.84,4655586.97,2165.56
-11799797.16,4655587.76,2165.44
-11799795.51,4655588.55,2165.49
-11799796.49,4655588.0200000005,2169.79
-11799797.05,4655587.74,2172.24
-11799795.08,4655588.68,2170.92
-11799795.72,4655588.34,2173.75
-11799794.1,4655589.12,2173.78
-11799794.76,4655588.75,2176.67
-11799793.0,4655589.59,2176.24
-11799793.51,4655589.33,2178.4
-11799790.9,4655590.61,2174.38
-11799791.5,4655590.28,2177.01
-11799788.07,4655592.0,2169.29
-11799788.6,4655591.74,2171.51
-11799789.71,4655591.15,2176.29
-11799785.56,4655593.24,2165.53
-11799783.92,4655594.0,2165.51
-11799782.26,4655594.8,2165.42
-11799780.58,4655595.59,2165.54
-11799781.11,4655595.3100000005,2167.8
-11799778.32,4655596.600000001,2169.92
-11799779.870000001,4655595.86,2169.58
-11799775.07,4655598.13,2170.21
-11799776.75,4655597.33,2170.27
-11799773.35,4655598.95,2169.82
-11799771.57,4655599.79,2169.42
-11799769.81,4655600.61,2169.06
-11799768.1,4655601.44,2168.69
-11799766.38,4655602.26,2168.44
-11799766.01,4655602.43,2166.96
-11799762.25,4655604.22,2165.36
-11799763.94,4655603.44,2165.4
-11799758.94,4655605.8,2165.36
-11799760.6,4655605.01,2165.38
-11799757.27,4655606.57,2165.35
-11799755.58,4655607.39,2165.35
-11799753.9,4655608.16,2165.32
-11799752.24,4655608.96,2165.3
-11799750.56,4655609.75,2165.27
-11799748.91,4655610.54,2165.26
-11799747.23,4655611.33,2165.28
-11799750.08,4655609.850000001,2176.35
-11799745.56,4655612.100000001,2165.19
-11799747.75,4655610.96,2173.74
-11799748.48,4655610.59,2176.54
-11799743.85,4655612.92,2165.13
-11799746.65,4655611.45,2175.9
-11799742.15,4655613.72,2165.1
-11799744.370000001,4655612.5600000005,2173.65
-11799744.68,4655612.41,2174.81
-11799743.66,4655612.850000001,2177.28
-11799740.47,4655614.5200000005,2165.07
-11799738.78,4655615.3,2165.1
-11799740.51,4655614.4,2171.72
-11799743.98,4655612.61,2184.9
-11799737.07,4655616.12,2164.99
-11799742.36,4655613.37,2185.1
-11799737.1,4655616.03,2171.44
-11799739.07,4655615.01,2178.9
-11799740.790000001,4655614.5600000005,2184.13
-11799739.4,4655615.3,2178.83
-11799737.36,4655616.41,2164.94
-11799740.78,4655614.65,2177.92
-11799742.63,4655613.69,2184.96
-11799744.200000001,4655612.96,2184.77
-11799739.03,4655615.65,2165.04
-11799740.67,4655614.87,2165.03
-11799743.82,4655613.24,2177.08
-11799742.32,4655614.100000001,2164.96
-11799744.57,4655612.92,2173.61
-11799744.02,4655613.3,2165.21
-11799746.5,4655611.99,2174.77
-11799745.68,4655612.5200000005,2165.19
-11799746.78,4655611.86,2175.84
-11799748.620000001,4655610.99,2176.58
-11799747.950000001,4655611.33,2173.98
-11799747.34,4655611.74,2165.27
-11799749.88,4655610.4,2175.15
-11799750.16,4655610.2700000005,2176.24
-11799748.98,4655610.95,2165.22
-11799750.64,4655610.17,2165.24
-11799752.3,4655609.4,2165.27
-11799753.950000001,4655608.62,2165.28
-11799755.620000001,4655607.82,2165.3
-11799757.290000001,4655607.0600000005,2165.33
-11799758.94,4655606.2700000005,2165.32
-11799760.59,4655605.5,2165.34
-11799762.26,4655604.71,2165.34
-11799763.94,4655603.94,2165.35
-11799765.92,4655602.98,2166.77
-11799766.32,4655602.7700000005,2168.4
-11799768.05,4655601.96,2168.61
-11799769.790000001,4655601.13,2168.98
-11799771.52,4655600.3100000005,2169.38
-11799773.25,4655599.5,2169.77
-11799775.02,4655598.66,2170.15
-11799776.71,4655597.86,2170.26
-11799778.26,4655597.14,2169.9
-11799779.81,4655596.41,2169.58
-11799781.1,4655595.82,2168.05
-11799781.36,4655595.68,2169.15
-11799782.13,4655595.38,2165.4
-11799783.8,4655594.59,2165.42
-11799785.450000001,4655593.8100000005,2165.51
-11799787.06,4655593.05,2165.38
-11799788.02,4655592.55,2169.47
-11799788.6,4655592.24,2171.99
-11799790.53,4655591.3100000005,2173.19
-11799791.09,4655591.03,2175.59
-11799791.8,4655590.74,2171.63
-11799792.950000001,4655590.15,2176.56
-11799793.44,4655589.89,2178.71
-11799793.98,4655589.69,2173.9
-11799794.51,4655589.42,2176.19
-11799795.06,4655589.22,2171.38
-11799795.65,4655588.91,2173.99
-11799796.39,4655588.600000001,2170.1
-11799797.0,4655588.38,2165.42
-11799798.68,4655587.59,2165.51
-11799800.33,4655586.82,2165.58
-11799801.97,4655586.04,2165.57
-11799805.21,4655584.5200000005,2165.38
-11799803.61,4655585.28,2165.54
-11799806.85,4655583.74,2165.35
-11799808.53,4655582.96,2165.46
-11799810.19,4655582.17,2165.53
-11799811.84,4655581.39,2165.65
-11799813.51,4655580.62,2165.71
-11799815.16,4655579.82,2165.75
-11799816.83,4655579.0600000005,2165.78
-11799818.48,4655578.28,2165.8
-11799820.13,4655577.51,2165.82
-11799821.74,4655576.73,2165.81
-11799823.4,4655575.96,2165.82
-11799825.09,4655575.17,2165.84
-11799826.75,4655574.38,2165.83
-11799828.34,4655573.63,2165.78
-11799829.950000001,4655572.87,2165.74
-11799831.6,4655572.100000001,2165.67
-11799833.24,4655571.34,2165.69
-11799834.93,4655570.53,2165.96
-11799836.6,4655569.75,2166.13
-11799838.25,4655568.97,2166.19
-11799839.88,4655568.2,2166.17
-11799841.55,4655567.4,2166.24
-11799845.48,4655565.42,2177.69
-11799845.8,4655565.26,2179.27
-11799846.18,4655565.05,2181.23
-11799846.57,4655564.83,2183.17
-11799848.620000001,4655563.84,2185.44
-11799850.26,4655563.08,2185.47
-11799851.02,4655562.75,2181.19
-11799851.41,4655562.5600000005,2183.19
-11799852.51,4655562.08,2180.52
-11799853.38,4655561.71,2176.56
-11799853.69,4655561.54,2178.11
-11799853.6,4655561.71,2169.23
-11799854.4,4655561.2700000005,2173.38
-11799855.07,4655560.91,2176.86
-11799857.13,4655559.93,2178.98
-11799855.48,4655560.7,2178.94
-11799858.0,4655559.5600000005,2175.02
-11799858.25,4655559.42,2176.35
-11799857.99,4655559.68,2166.48
-11799858.71,4655559.28,2170.3
-11799859.09,4655559.09,2172.32
-11799859.5,4655558.87,2174.44
-11799859.57,4655558.92,2166.4
-11799859.46,4655560.37,2166.44
-11799858.94,4655560.53,2172.25
-11799859.33,4655560.34,2174.28
-11799858.27,4655560.8,2177.3
-11799857.11,4655561.33,2179.75
-11799854.39,4655562.67,2174.0
-11799854.75,4655562.48,2175.84
-11799855.08,4655562.3100000005,2177.57
-11799855.32,4655562.17,2178.77
-11799852.75,4655563.45,2173.88
-11799853.34,4655563.14,2176.92
-11799852.48,4655563.48,2180.92
-11799851.42,4655563.97,2183.78
-11799849.98,4655564.64,2184.58
-11799847.48,4655565.87,2180.06
-11799847.77,4655565.71,2181.57
-11799847.97,4655565.61,2182.57
-11799843.11,4655568.100000001,2166.26
-11799844.67,4655567.26,2174.11
-11799845.84,4655566.65,2179.99
-11799841.46,4655568.89,2166.25
-11799839.790000001,4655569.66,2166.15
-11799838.14,4655570.45,2166.15
-11799836.47,4655571.25,2165.98
-11799834.76,4655572.05,2165.72
-11799831.51,4655573.600000001,2165.8
-11799833.120000001,4655572.84,2165.75
-11799828.23,4655575.14,2165.86
-11799829.89,4655574.350000001,2165.83
-11799826.58,4655575.92,2165.9
-11799824.950000001,4655576.7,2165.9
-11799823.31,4655577.47,2165.86
-11799820.01,4655579.03,2165.83
-11799821.67,4655578.25,2165.86
-11799818.370000001,4655579.8100000005,2165.83
-11799816.69,4655580.600000001,2165.79
-11799815.0,4655581.4,2165.74
-11799813.36,4655582.17,2165.69
-11799811.71,4655582.96,2165.6
-11799810.040000001,4655583.75,2165.48
-11799808.370000001,4655584.53,2165.36
-11799806.700000001,4655585.3100000005,2165.36
-11799805.06,4655586.100000001,2165.48
-11799803.450000001,4655586.86,2165.61
-11799801.81,4655587.63,2165.61
-11799800.22,4655588.37,2165.69
-11799798.53,4655589.18,2165.61
-11799796.83,4655589.98,2165.5
-11799795.18,4655590.7700000005,2165.58
-11799796.040000001,4655590.3100000005,2169.38
-11799794.43,4655591.07,2169.55
-11799794.84,4655590.850000001,2171.36
-11799795.53,4655590.5,2174.36
-11799793.5,4655591.48,2172.59
-11799793.69,4655591.38,2173.44
-11799790.85,4655592.78,2168.31
-11799791.25,4655592.57,2170.03
-11799789.16,4655593.57,2168.1
-11799789.950000001,4655593.16,2171.48
-11799786.9,4655594.68,2165.4
-11799787.47,4655594.38,2167.85
-11799785.25,4655595.46,2165.44
-11799783.57,4655596.25,2165.44
-11799784.06,4655596.0,2167.51
-11799782.72,4655596.61,2168.83
-11799781.120000001,4655597.36,2169.17
-11799779.540000001,4655598.11,2169.52
-11799777.98,4655598.850000001,2169.85
-11799776.43,4655599.57,2170.19
-11799774.78,4655600.36,2170.29
-11799773.01,4655601.2,2169.92
-11799771.26,4655602.0200000005,2169.54
-11799769.52,4655602.850000001,2169.13
-11799767.790000001,4655603.68,2168.77
-11799766.02,4655604.5,2168.42
-11799763.61,4655605.68,2165.38
-11799761.96,4655606.47,2165.38
-11799760.24,4655607.2700000005,2165.38
-11799758.58,4655608.0600000005,2165.36
-11799755.22,4655609.65,2165.35
-11799756.91,4655608.850000001,2165.36
-11799751.88,4655611.24,2165.31
-11799753.53,4655610.45,2165.32
-11799750.22,4655612.0,2165.3
-11799748.58,4655612.79,2165.31
-11799750.56,4655611.76,2173.02
-11799751.24,4655611.4,2175.71
-11799751.59,4655611.23,2177.02
-11799749.9,4655612.03,2176.92
-11799745.21,4655614.39,2165.23
-11799747.72,4655613.08,2174.94
-11799748.08,4655612.88,2176.33
-11799743.48,4655615.2,2165.07
-11799746.28,4655613.75,2175.82
-11799741.8,4655615.99,2165.06
-11799742.92,4655615.34,2175.65
-11799745.23,4655614.14,2184.48
-11799743.71,4655614.850000001,2185.04
-11799742.07,4655615.62,2185.02
-11799739.3,4655616.98,2180.86
-11799740.48,4655616.38,2185.36
-11799740.1,4655616.57,2183.92
-11799737.71,4655617.74,2181.11
-11799738.55,4655617.3,2184.3
-11799738.120000001,4655618.03,2182.55
-11799738.6,4655617.78,2184.35
-11799737.27,4655618.55,2173.13
-11799739.1,4655617.600000001,2180.06
-11799740.63,4655616.89,2179.69
-11799742.01,4655616.15,2184.92
-11799743.09,4655615.69,2182.85
-11799743.69,4655615.38,2185.15
-11799745.16,4655614.7,2184.42
-11799740.06,4655617.34,2164.94
-11799741.75,4655616.53,2165.07
-11799744.16,4655615.2700000005,2174.34
-11799743.41,4655615.75,2165.11
-11799745.4,4655614.72,2172.79
-11799745.040000001,4655614.99,2165.09
-11799747.48,4655613.72,2174.5
-11799747.82,4655613.55,2175.81
-11799746.68,4655614.22,2164.98
-11799749.84,4655612.58,2177.25
-11799751.02,4655612.04,2175.36
-11799748.42,4655613.39,2165.24
-11799751.39,4655611.86,2176.78
-11799750.08,4655612.62,2165.26
-11799752.52,4655611.33,2174.77
-11799753.39,4655611.05,2165.28
-11799751.75,4655611.83,2165.26
-11799756.700000001,4655609.49,2165.31
-11799755.03,4655610.28,2165.28
-11799760.02,4655607.93,2165.33
-11799758.36,4655608.7,2165.33
-11799761.67,4655607.15,2165.35
-11799763.32,4655606.38,2165.36
-11799765.74,4655605.2,2168.4
-11799764.98,4655605.61,2165.31
-11799767.47,4655604.39,2168.67
-11799769.18,4655603.5600000005,2169.03
-11799770.94,4655602.74,2169.42
-11799772.66,4655601.92,2169.81
-11799774.4,4655601.100000001,2170.17
-11799776.11,4655600.3,2170.25
-11799777.66,4655599.57,2169.9
-11799779.18,4655598.86,2169.56
-11799780.77,4655598.100000001,2169.22
-11799782.35,4655597.37,2168.86
-11799783.9,4655596.65,2168.51
-11799784.83,4655596.23,2165.44
-11799786.46,4655595.47,2165.42
-11799788.700000001,4655594.39,2167.94
-11799790.43,4655593.58,2168.28
-11799793.03,4655592.29,2172.28
-11799793.83,4655591.97,2168.63
-11799794.65,4655591.53,2172.15
-11799794.75,4655591.57,2165.55
-11799795.370000001,4655591.24,2168.3
-11799796.07,4655590.88,2171.32
-11799796.39,4655590.8100000005,2165.54
-11799798.07,4655590.0,2165.57
-11799799.76,4655589.22,2165.65
-11799801.38,4655588.45,2165.69
-11799801.75,4655588.25,2167.32
-11799803.0,4655587.7,2165.58
-11799804.620000001,4655586.92,2165.5
-11799807.9,4655585.39,2165.34
-11799806.24,4655586.16,2165.34
-11799809.540000001,4655584.61,2165.4
-11799811.19,4655583.8100000005,2165.5
-11799812.88,4655583.04,2165.6
-11799814.56,4655582.25,2165.65
-11799816.200000001,4655581.46,2165.73
-11799817.870000001,4655580.69,2165.77
-11799821.18,4655579.11,2165.83
-11799819.540000001,4655579.9,2165.82
-11799822.83,4655578.350000001,2165.83
-11799824.46,4655577.57,2165.86
-11799827.73,4655576.04,2165.88
-11799826.1,4655576.8,2165.88
-11799829.370000001,4655575.26,2165.85
-11799831.0,4655574.49,2165.82
-11799832.63,4655573.73,2165.76
-11799834.27,4655572.95,2165.73
-11799835.9,4655572.19,2165.73
-11799837.59,4655571.39,2165.98
-11799839.24,4655570.62,2166.11
-11799840.89,4655569.83,2166.19
-11799842.540000001,4655569.04,2166.25
-11799846.77,4655566.9,2179.36
-11799848.11,4655566.29,2177.8
-11799848.450000001,4655566.09,2179.56
-11799848.97,4655565.82,2182.15
-11799849.200000001,4655565.71,2183.31
-11799850.9,4655564.9,2183.65
-11799851.790000001,4655564.53,2179.88
-11799853.040000001,4655563.96,2178.0
-11799853.39,4655563.78,2179.81
-11799853.81,4655563.63,2173.71
-11799854.31,4655563.38,2176.27
-11799856.68,4655562.2,2180.15
-11799857.82,4655561.72,2177.6
-11799858.24,4655561.5,2179.77
-11799858.69,4655561.34,2173.56
-11799859.16,4655561.100000001,2176.07
-11799859.43,4655560.96,2177.44
-11799858.99,4655561.29,2166.42
-11799859.02,4655562.8100000005,2166.44
-11799858.98,4655562.72,2174.75
-11799859.38,4655562.5,2176.88
-11799858.11,4655563.100000001,2178.61
-11799855.28,4655564.5200000005,2172.15
-11799855.57,4655564.36,2173.63
-11799855.96,4655564.14,2175.65
-11799853.98,4655565.11,2173.77
-11799856.43,4655563.9,2178.1
-11799854.73,4655564.69,2177.65
-11799852.950000001,4655565.57,2176.88
-11799853.33,4655565.34,2178.86
-11799853.65,4655565.19,2180.48
-11799851.61,4655566.18,2178.49
-11799851.82,4655566.05,2179.58
-11799850.51,4655566.66,2181.19
-11799845.93,4655569.0,2166.26
-11799848.540000001,4655567.62,2179.44
-11799848.84,4655567.47,2180.88
-11799844.26,4655569.79,2166.27
-11799842.620000001,4655570.58,2166.23
-11799839.290000001,4655572.15,2165.86
-11799840.98,4655571.350000001,2166.17
-11799837.63,4655572.94,2165.74
-11799835.99,4655573.72,2165.8
-11799834.39,4655574.48,2165.85
-11799832.78,4655575.24,2165.85
-11799829.5,4655576.78,2165.92
-11799831.15,4655576.01,2165.86
-11799827.85,4655577.58,2165.9
-11799826.19,4655578.36,2165.9
-11799824.540000001,4655579.13,2165.86
-11799822.93,4655579.89,2165.86
-11799821.26,4655580.7,2165.85
-11799819.59,4655581.48,2165.82
-11799817.93,4655582.28,2165.76
-11799816.32,4655583.04,2165.69
-11799814.68,4655583.8100000005,2165.63
-11799812.950000001,4655584.63,2165.54
-11799811.26,4655585.44,2165.46
-11799809.61,4655586.21,2165.46
-11799807.97,4655587.0,2165.35
-11799806.32,4655587.76,2165.36
-11799804.68,4655588.54,2165.5
-11799803.05,4655589.33,2165.6
-11799803.48,4655589.08,2167.54
-11799801.78,4655589.9,2167.3
-11799799.790000001,4655590.86,2165.69
-11799798.14,4655591.65,2165.65
-11799796.99,4655592.15,2167.92
-11799795.42,4655592.91,2168.23
-11799793.81,4655593.66,2168.52
-11799792.23,4655594.41,2168.75
-11799790.540000001,4655595.21,2168.48
-11799788.8,4655596.03,2168.15
-11799786.46,4655597.18,2165.36
-11799787.05,4655596.87,2167.88
-11799785.47,4655597.61,2168.17
-11799783.88,4655598.37,2168.4
-11799782.3,4655599.09,2168.76
-11799780.73,4655599.84,2169.11
-11799779.14,4655600.600000001,2169.44
-11799777.56,4655601.34,2169.8
-11799774.41,4655602.8100000005,2170.38
-11799776.0,4655602.07,2170.13
-11799772.64,4655603.66,2169.99
-11799770.88,4655604.5,2169.61
-11799765.67,4655606.97,2168.48
-11799769.15,4655605.33,2169.19
-11799763.22,4655608.18,2165.36
-11799767.43,4655606.14,2168.81
-11799761.55,4655608.96,2165.38
-11799764.870000001,4655607.4,2165.25
-11799759.86,4655609.75,2165.36
-11799758.200000001,4655610.55,2165.33
-11799756.53,4655611.34,2165.33
-11799754.85,4655612.14,2165.32
-11799753.19,4655612.93,2165.3
-11799751.5,4655613.73,2165.28
-11799749.82,4655614.5200000005,2165.28
-11799752.96,4655612.91,2177.47
-11799751.33,4655613.67,2177.58
-11799748.120000001,4655615.33,2165.1
-11799749.1,4655614.76,2175.25
-11799746.57,4655616.05,2165.5
-11799746.1,4655616.21,2170.04
-11799743.13,4655617.69,2165.08
-11799741.41,4655618.51,2164.98
-11799744.13,4655617.09,2175.38
-11799739.75,4655619.3,2164.99
-11799744.27,4655616.95,2182.23
-11799741.66,4655618.24,2178.65
-11799742.700000001,4655617.7,2182.61
-11799741.09,4655618.45,2182.81
-11799741.57,4655618.19,2184.61
-11799739.92,4655618.99,2184.65
-11799738.24,4655619.7700000005,2184.52
-11799737.96,4655620.34,2185.01
-11799739.06,4655619.84,2182.94
-11799739.46,4655619.63,2184.44
-11799741.21,4655618.8100000005,2184.84
-11799740.31,4655619.26,2181.44
-11799737.56,4655620.7700000005,2164.85
-11799742.4,4655618.2700000005,2183.19
-11799743.0,4655617.95,2185.46
-11799739.23,4655619.98,2164.92
-11799743.98,4655617.5200000005,2183.01
-11799740.86,4655619.21,2164.88
-11799745.33,4655616.9,2181.97
-11799743.76,4655617.71,2175.98
-11799742.55,4655618.39,2165.0
-11799745.76,4655616.75,2177.3
-11799744.21,4655617.62,2165.09
-11799746.69,4655616.41,2168.32
-11799748.450000001,4655615.49,2175.11
-11799749.81,4655614.88,2173.86
-11799747.57,4655616.04,2165.15
-11799751.94,4655613.850000001,2175.67
-11799749.23,4655615.25,2165.13
-11799750.88,4655614.45,2165.23
-11799752.55,4655613.68,2165.26
-11799754.200000001,4655612.9,2165.26
-11799755.84,4655612.13,2165.28
-11799757.49,4655611.36,2165.29
-11799759.15,4655610.57,2165.3
-11799760.82,4655609.78,2165.33
-11799762.47,4655609.01,2165.35
-11799764.11,4655608.22,2165.33
-11799766.59,4655607.01,2168.63
-11799765.74,4655607.44,2165.23
-11799768.33,4655606.2,2168.99
-11799770.06,4655605.37,2169.36
-11799771.790000001,4655604.5600000005,2169.74
-11799773.540000001,4655603.73,2170.15
-11799775.24,4655602.92,2170.27
-11799776.82,4655602.18,2169.92
-11799778.370000001,4655601.43,2169.58
-11799779.94,4655600.71,2169.25
-11799781.52,4655599.97,2168.9
-11799783.09,4655599.23,2168.56
-11799784.65,4655598.5,2168.21
-11799786.25,4655597.74,2168.06
-11799787.89,4655596.98,2167.94
-11799789.61,4655596.17,2168.27
-11799791.34,4655595.34,2168.58
-11799792.99,4655594.54,2168.65
-11799794.57,4655593.82,2168.36
-11799796.16,4655593.07,2168.07
-11799797.48,4655592.46,2166.6
-11799797.73,4655592.33,2167.69
-11799798.93,4655591.79,2165.72
-11799800.620000001,4655590.98,2165.9
-11799802.25,4655590.22,2165.9
-11799802.56,4655590.05,2167.33
-11799803.82,4655589.48,2165.61
-11799805.44,4655588.72,2165.4
-11799807.1,4655587.92,2165.4
-11799808.700000001,4655587.17,2165.35
-11799811.99,4655585.62,2165.38
-11799810.370000001,4655586.39,2165.5
-11799813.67,4655584.84,2165.52
-11799815.35,4655584.04,2165.59
-11799818.700000001,4655582.45,2165.75
-11799817.02,4655583.25,2165.69
-11799820.34,4655581.67,2165.8
-11799822.01,4655580.9,2165.83
-11799823.64,4655580.12,2165.86
-11799825.26,4655579.34,2165.86
-11799826.89,4655578.59,2165.88
-11799828.55,4655577.8,2165.88
-11799830.200000001,4655577.0200000005,2165.9
-11799831.83,4655576.25,2165.88
-11799833.46,4655575.49,2165.83
-11799835.08,4655574.71,2165.83
-11799836.71,4655573.95,2165.78
-11799838.33,4655573.19,2165.69
-11799841.700000001,4655571.59,2166.13
-11799840.01,4655572.39,2165.88
-11799843.370000001,4655570.8,2166.19
-11799845.01,4655570.03,2166.24
-11799846.63,4655569.25,2166.27
-11799849.16,4655567.9,2179.07
-11799851.08,4655566.97,2180.57
-11799852.3,4655566.45,2178.38
-11799853.02,4655566.16,2173.74
-11799853.67,4655565.82,2177.08
-11799854.040000001,4655565.61,2179.0
-11799854.65,4655565.38,2173.76
-11799855.39,4655564.99,2177.58
-11799857.03,4655564.21,2177.65
-11799858.8,4655563.36,2178.38
-11799858.4,4655565.29,2166.44
-11799859.51,4655564.71,2172.19
-11799856.75,4655566.09,2166.34
-11799856.73,4655566.0,2174.79
-11799858.81,4655564.99,2177.05
-11799854.3,4655567.21,2170.67
-11799855.1,4655566.86,2166.35
-11799854.72,4655566.98,2172.82
-11799853.47,4655567.64,2166.42
-11799853.16,4655567.72,2173.08
-11799853.55,4655567.51,2175.09
-11799850.97,4655568.78,2170.11
-11799851.38,4655568.57,2172.17
-11799848.59,4655569.96,2166.28
-11799849.33,4655569.5600000005,2169.99
-11799846.92,4655570.76,2166.28
-11799850.69,4655568.850000001,2176.94
-11799845.26,4655571.5200000005,2166.24
-11799843.6,4655572.33,2166.13
-11799841.94,4655573.11,2165.99
-11799840.27,4655573.91,2165.78
-11799838.63,4655574.69,2165.83
-11799837.02,4655575.46,2165.85
-11799835.39,4655576.22,2165.9
-11799833.74,4655577.0,2165.92
-11799832.11,4655577.79,2165.94
-11799830.47,4655578.5600000005,2165.9
-11799828.82,4655579.350000001,2165.92
-11799827.200000001,4655580.11,2165.9
-11799823.870000001,4655581.7,2165.86
-11799825.540000001,4655580.9,2165.88
-11799822.24,4655582.46,2165.85
-11799820.6,4655583.23,2165.8
-11799818.91,4655584.05,2165.73
-11799817.26,4655584.84,2165.69
-11799815.61,4655585.62,2165.56
-11799813.950000001,4655586.4,2165.53
-11799812.33,4655587.17,2165.63
-11799810.65,4655587.97,2165.61
-11799807.32,4655589.55,2165.42
-11799808.97,4655588.7700000005,2165.51
-11799805.67,4655590.34,2165.46
-11799804.040000001,4655591.11,2165.61
-11799802.450000001,4655591.86,2165.79
-11799802.89,4655591.64,2167.71
-11799801.18,4655592.45,2167.46
-11799799.1,4655593.46,2165.51
-11799799.48,4655593.26,2167.17
-11799797.47,4655594.22,2165.54
-11799794.77,4655595.48,2168.21
-11799796.370000001,4655594.72,2167.9
-11799791.620000001,4655596.97,2168.79
-11799793.18,4655596.23,2168.49
-11799789.870000001,4655597.8100000005,2168.48
-11799788.15,4655598.62,2168.15
-11799786.44,4655599.42,2167.92
-11799784.86,4655600.18,2168.13
-11799783.24,4655600.94,2168.38
-11799781.67,4655601.69,2168.74
-11799780.08,4655602.43,2169.06
-11799778.5,4655603.19,2169.42
-11799776.93,4655603.91,2169.77
-11799775.38,4655604.66,2170.11
-11799772.02,4655606.26,2169.98
-11799773.77,4655605.42,2170.42
-11799768.08,4655608.15,2167.61
-11799770.24,4655607.100000001,2169.63
-11799768.5,4655607.93,2169.3
-11799765.9,4655609.21,2165.38
-11799764.21,4655610.01,2165.38
-11799762.52,4655610.8,2165.38
-11799760.85,4655611.600000001,2165.36
-11799759.22,4655612.38,2165.35
-11799755.91,4655613.95,2165.29
-11799757.56,4655613.15,2165.33
-11799752.52,4655615.55,2165.24
-11799754.23,4655614.74,2165.28
-11799750.83,4655616.350000001,2165.19
-11799749.34,4655617.0600000005,2165.94
-11799747.48,4655617.94,2165.13
-11799745.82,4655618.73,2165.07
-11799744.17,4655619.5200000005,2165.1
-11799746.19,4655618.46,2172.88
-11799747.14,4655617.98,2176.53
-11799747.44,4655617.83,2177.71
-11799746.27,4655618.350000001,2179.54
-11799740.77,4655621.13,2164.94
-11799743.450000001,4655619.74,2175.17
-11799744.1,4655619.41,2177.61
-11799745.5,4655618.68,2182.96
-11799743.07,4655619.87,2180.11
-11799742.4,4655620.2,2177.55
-11799741.57,4655620.57,2180.8
-11799738.370000001,4655622.22,2168.69
-11799742.08,4655620.3100000005,2182.72
-11799739.27,4655621.69,2178.42
-11799740.77,4655620.93,2184.06
-11799739.16,4655621.69,2184.23
-11799737.51,4655622.45,2184.22
-11799737.75,4655622.82,2184.06
-11799738.25,4655622.63,2179.71
-11799738.72,4655622.38,2181.44
-11799739.4,4655622.04,2184.02
-11799738.71,4655622.54,2168.94
-11799736.98,4655623.350000001,2168.69
-11799742.35,4655620.67,2182.72
-11799741.07,4655621.26,2184.08
-11799739.31,4655622.3,2164.92
-11799742.65,4655620.57,2177.6
-11799743.700000001,4655620.03,2181.59
-11799743.200000001,4655620.3,2179.69
-11799741.0,4655621.5,2164.94
-11799743.59,4655620.16,2174.8
-11799744.17,4655619.86,2177.03
-11799745.86,4655619.05,2177.15
-11799746.44,4655618.76,2179.36
-11799744.38,4655619.91,2165.04
-11799747.67,4655618.21,2177.67
-11799746.03,4655619.12,2165.03
-11799747.72,4655618.32,2165.09
-11799749.61,4655617.41,2165.98
-11799751.09,4655616.74,2165.09
-11799752.790000001,4655615.92,2165.19
-11799756.1,4655614.36,2165.25
-11799754.47,4655615.13,2165.25
-11799757.77,4655613.57,2165.31
-11799759.43,4655612.78,2165.31
-11799761.11,4655611.98,2165.31
-11799762.78,4655611.21,2165.33
-11799764.43,4655610.42,2165.36
-11799766.11,4655609.63,2165.36
-11799767.73,4655608.86,2165.32
-11799768.3,4655608.57,2167.6
-11799770.450000001,4655607.51,2169.63
-11799772.200000001,4655606.68,2170.0
-11799773.96,4655605.87,2170.38
-11799775.51,4655605.13,2170.05
-11799777.07,4655604.38,2169.69
-11799778.67,4655603.62,2169.36
-11799780.24,4655602.9,2169.01
-11799781.82,4655602.14,2168.67
-11799783.44,4655601.4,2168.3
-11799785.05,4655600.64,2168.07
-11799786.64,4655599.89,2167.88
-11799788.32,4655599.08,2168.13
-11799791.790000001,4655597.44,2168.74
-11799790.06,4655598.26,2168.49
-11799794.94,4655595.97,2168.17
-11799793.370000001,4655596.7,2168.42
-11799796.51,4655595.22,2167.86
-11799797.64,4655594.71,2165.54
-11799799.3,4655593.93,2165.54
-11799801.370000001,4655592.93,2167.38
-11799802.66,4655592.33,2165.74
-11799803.08,4655592.12,2167.61
-11799804.27,4655591.58,2165.56
-11799805.870000001,4655590.82,2165.44
-11799807.48,4655590.0600000005,2165.36
-11799809.16,4655589.2700000005,2165.51
-11799810.84,4655588.47,2165.57
-11799812.51,4655587.68,2165.65
-11799814.18,4655586.88,2165.59
-11799815.790000001,4655586.13,2165.51
-11799817.44,4655585.350000001,2165.61
-11799819.13,4655584.53,2165.67
-11799820.82,4655583.74,2165.75
-11799822.48,4655582.97,2165.83
-11799824.09,4655582.2,2165.85
-11799825.75,4655581.41,2165.86
-11799827.39,4655580.63,2165.86
-11799829.03,4655579.86,2165.9
-11799830.67,4655579.08,2165.92
-11799832.31,4655578.3,2165.92
-11799833.99,4655577.5200000005,2165.92
-11799835.64,4655576.73,2165.9
-11799837.27,4655575.97,2165.86
-11799840.53,4655574.41,2165.81
-11799838.89,4655575.2,2165.85
-11799842.200000001,4655573.64,2165.86
-11799843.9,4655572.82,2166.07
-11799845.540000001,4655572.05,2166.19
-11799847.18,4655571.2700000005,2166.24
-11799848.82,4655570.5,2166.25
-11799849.53,4655570.12,2169.88
-11799850.48,4655569.71,2166.29
-11799851.22,4655569.32,2170.04
-11799851.700000001,4655569.07,2172.48
-11799853.42,4655568.23,2172.96
-11799853.9,4655567.99,2175.4
-11799853.75,4655568.16,2166.4
-11799854.43,4655567.8,2169.92
-11799854.64,4655567.68,2170.96
-11799855.040000001,4655567.47,2173.07
-11799855.4,4655567.39,2166.36
-11799857.01,4655566.5200000005,2174.72
-11799857.040000001,4655566.61,2166.36
-11799859.15,4655565.49,2177.36
-11799858.68,4655565.83,2166.4
-11799859.4,4655565.45,2170.21
-11799859.370000001,4655567.05,2166.38
-11799857.700000001,4655567.84,2166.35
-11799858.0,4655567.68,2167.88
-11799858.72,4655567.3,2171.67
-11799856.06,4655568.61,2166.36
-11799854.44,4655569.39,2166.36
-11799854.96,4655569.11,2169.07
-11799852.790000001,4655570.16,2166.28
-11799853.34,4655569.87,2169.19
-11799853.540000001,4655569.78,2170.17
-11799853.870000001,4655569.600000001,2171.86
-11799852.18,4655570.41,2171.42
-11799850.1,4655571.42,2169.22
-11799850.32,4655571.3,2170.34
-11799850.6,4655571.15,2171.71
-11799847.89,4655572.51,2166.25
-11799846.23,4655573.3,2166.17
-11799844.55,4655574.100000001,2165.97
-11799842.9,4655574.89,2165.82
-11799841.290000001,4655575.63,2165.86
-11799839.63,4655576.43,2165.92
-11799837.97,4655577.22,2165.94
-11799836.33,4655578.01,2165.97
-11799834.700000001,4655578.7700000005,2165.97
-11799833.06,4655579.5600000005,2165.97
-11799831.43,4655580.33,2165.94
-11799829.77,4655581.12,2165.92
-11799828.13,4655581.89,2165.94
-11799826.5,4655582.68,2165.88
-11799824.84,4655583.47,2165.86
-11799823.18,4655584.26,2165.82
-11799821.55,4655585.03,2165.73
-11799819.88,4655585.83,2165.65
-11799818.200000001,4655586.62,2165.59
-11799816.57,4655587.41,2165.61
-11799814.93,4655588.18,2165.73
-11799813.28,4655588.97,2165.72
-11799811.63,4655589.74,2165.67
-11799810.0,4655590.53,2165.61
-11799808.34,4655591.32,2165.56
-11799806.66,4655592.12,2165.5
-11799805.03,4655592.89,2165.5
-11799803.38,4655593.67,2165.59
-11799801.82,4655594.42,2165.88
-11799800.120000001,4655595.23,2165.59
-11799798.48,4655596.01,2165.61
-11799796.790000001,4655596.79,2165.57
-11799795.68,4655597.32,2167.9
-11799794.1,4655598.05,2168.19
-11799792.52,4655598.82,2168.5
-11799790.93,4655599.5600000005,2168.81
-11799788.48,4655600.76,2165.4
-11799787.36,4655601.2700000005,2167.74
-11799785.74,4655602.04,2167.94
-11799784.13,4655602.8100000005,2168.15
-11799782.55,4655603.55,2168.4
-11799779.39,4655605.04,2169.1
-11799780.98,4655604.29,2168.73
-11799777.83,4655605.79,2169.42
-11799776.25,4655606.53,2169.76
-11799774.69,4655607.2700000005,2170.11
-11799773.1,4655608.0,2170.42
-11799771.35,4655608.86,2170.09
-11799770.19,4655609.46,2165.38
-11799768.540000001,4655610.23,2165.4
-11799766.89,4655611.0200000005,2165.4
-11799765.22,4655611.82,2165.38
-11799763.57,4655612.600000001,2165.36
-11799761.91,4655613.4,2165.36
-11799760.23,4655614.19,2165.34
-11799758.55,4655615.0,2165.32
-11799756.86,4655615.7700000005,2165.3
-11799753.52,4655617.39,2165.19
-11799755.21,4655616.59,2165.27
-11799751.8,4655618.2,2165.01
-11799750.14,4655618.99,2164.96
-11799748.46,4655619.79,2165.04
-11799746.77,4655620.59,2165.0
-11799745.11,4655621.38,2165.0
-11799745.36,4655621.18,2172.32
-11799743.44,4655622.18,2164.97
-11799741.76,4655622.97,2164.92
-11799744.43,4655621.600000001,2175.06
-11799744.98,4655621.3,2177.15
-11799740.06,4655623.78,2164.9
-11799744.41,4655621.54,2181.38
-11799742.59,4655622.42,2180.81
-11799742.07,4655622.67,2178.84
-11799740.86,4655623.25,2180.57
-11799737.88,4655624.78,2169.32
-11799740.43,4655623.46,2178.97
-11799740.17,4655623.5200000005,2184.3
-11799738.88,4655624.19,2179.4
-11799739.46,4655624.43,2179.47
-11799741.03,4655623.68,2179.34
-11799738.43,4655625.0,2169.52
-11799742.26,4655623.12,2177.86
-11799740.11,4655624.23,2169.73
-11799743.05,4655622.71,2180.85
-11799743.56,4655622.43,2182.78
-11799744.81,4655621.88,2181.24
-11799742.19,4655623.3,2164.86
-11799745.44,4655621.62,2177.26
-11799743.85,4655622.5,2164.92
-11799745.48,4655621.72,2164.96
-11799747.120000001,4655620.96,2164.94
-11799748.78,4655620.17,2164.99
-11799750.42,4655619.4,2164.9
-11799752.1,4655618.600000001,2164.94
-11799753.78,4655617.78,2165.13
-11799755.44,4655617.01,2165.23
-11799757.11,4655616.22,2165.26
-11799758.77,4655615.43,2165.29
-11799760.450000001,4655614.63,2165.32
-11799762.09,4655613.84,2165.35
-11799763.73,4655613.08,2165.35
-11799765.38,4655612.3,2165.38
-11799767.040000001,4655611.5,2165.36
-11799768.71,4655610.72,2165.38
-11799770.36,4655609.95,2165.38
-11799773.25,4655608.53,2170.4
-11799774.81,4655607.78,2170.04
-11799776.38,4655607.05,2169.69
-11799777.96,4655606.3,2169.35
-11799779.540000001,4655605.5600000005,2169.02
-11799781.09,4655604.83,2168.67
-11799782.64,4655604.100000001,2168.32
-11799784.24,4655603.34,2168.1
-11799787.4,4655601.850000001,2167.69
-11799785.83,4655602.58,2167.92
-11799788.5,4655601.350000001,2165.36
-11799786.86,4655602.13,2165.36
-11799792.52,4655599.41,2168.49
-11799790.15,4655600.5600000005,2165.44
-11799794.120000001,4655598.64,2168.17
-11799795.69,4655597.92,2167.86
-11799796.81,4655597.41,2165.56
-11799798.48,4655596.62,2165.58
-11799800.13,4655595.83,2165.59
-11799801.81,4655595.03,2165.82
-11799806.69,4655592.74,2165.42
-11799803.4,4655594.28,2165.55
-11799810.0,4655591.15,2165.6
-11799805.05,4655593.5,2165.48
-11799811.65,4655590.39,2165.65
-11799808.36,4655591.95,2165.55
-11799813.290000001,4655589.61,2165.73
-11799814.93,4655588.82,2165.73
-11799816.58,4655588.05,2165.65
-11799818.19,4655587.29,2165.51
-11799819.82,4655586.5,2165.58
-11799821.47,4655585.73,2165.65
-11799823.16,4655584.91,2165.76
-11799824.85,4655584.12,2165.81
-11799826.5,4655583.32,2165.86
-11799828.120000001,4655582.5600000005,2165.9
-11799829.73,4655581.8100000005,2165.9
-11799831.370000001,4655581.03,2165.9
-11799833.05,4655580.24,2165.94
-11799834.69,4655579.46,2165.97
-11799836.31,4655578.68,2165.97
-11799839.59,4655577.14,2165.9
-11799837.950000001,4655577.91,2165.94
-11799842.86,4655575.59,2165.85
-11799841.23,4655576.37,2165.88
-11799844.47,4655574.83,2165.81
-11799846.17,4655574.0200000005,2166.03
-11799847.84,4655573.23,2166.17
-11799850.3,4655572.01,2170.35
-11799848.32,4655572.97,2168.61
-11799850.540000001,4655571.89,2171.58
-11799852.11,4655571.16,2171.13
-11799852.540000001,4655570.91,2173.36
-11799853.8,4655570.34,2171.58
-11799854.36,4655570.13,2166.28
-11799855.19,4655569.7,2170.55
-11799854.93,4655569.82,2169.19
-11799856.02,4655569.34,2166.31
-11799856.450000001,4655569.11,2168.57
-11799857.67,4655568.5600000005,2166.38
-11799858.0,4655568.38,2168.09
-11799859.27,4655567.79,2166.38
-11799858.28,4655568.23,2169.53
-11799858.27,4655569.78,2166.35
-11799858.85,4655569.49,2169.31
-11799856.63,4655570.58,2166.31
-11799855.88,4655570.87,2170.88
-11799857.120000001,4655570.32,2168.8
-11799854.68,4655571.45,2173.02
-11799853.25,4655572.12,2174.04
-11799851.09,4655573.17,2171.3
-11799851.46,4655572.96,2173.17
-11799848.43,4655574.48,2166.02
-11799849.700000001,4655573.82,2172.42
-11799849.14,4655574.100000001,2169.61
-11799846.74,4655575.29,2165.82
-11799845.08,4655576.09,2165.84
-11799843.43,4655576.87,2165.9
-11799841.82,4655577.64,2165.97
-11799840.200000001,4655578.4,2165.97
-11799838.58,4655579.18,2166.02
-11799836.93,4655579.95,2166.0
-11799835.3,4655580.74,2165.98
-11799833.69,4655581.51,2165.96
-11799832.03,4655582.3,2165.94
-11799830.4,4655583.08,2165.94
-11799828.73,4655583.88,2165.92
-11799827.05,4655584.68,2165.86
-11799825.41,4655585.45,2165.82
-11799823.78,4655586.24,2165.75
-11799822.11,4655587.03,2165.63
-11799820.42,4655587.83,2165.53
-11799818.78,4655588.61,2165.59
-11799817.15,4655589.39,2165.63
-11799815.5,4655590.18,2165.74
-11799813.86,4655590.95,2165.78
-11799812.200000001,4655591.75,2165.74
-11799810.55,4655592.53,2165.69
-11799808.9,4655593.33,2165.67
-11799807.22,4655594.11,2165.54
-11799805.59,4655594.9,2165.55
-11799803.94,4655595.69,2165.49
-11799802.33,4655596.45,2165.61
-11799800.81,4655597.17,2166.17
-11799799.03,4655598.0,2165.61
-11799797.36,4655598.8100000005,2165.61
-11799795.69,4655599.61,2165.55
-11799794.6,4655600.11,2167.96
-11799792.39,4655601.18,2165.47
-11799793.040000001,4655600.850000001,2168.31
-11799790.74,4655601.98,2165.48
-11799789.03,4655602.79,2165.34
-11799787.36,4655603.58,2165.36
-11799786.28,4655604.08,2167.81
-11799784.700000001,4655604.83,2167.97
-11799783.1,4655605.59,2168.17
-11799781.51,4655606.34,2168.48
-11799779.94,4655607.08,2168.81
-11799778.36,4655607.83,2169.15
-11799776.82,4655608.55,2169.48
-11799772.48,4655610.67,2165.38
-11799775.26,4655609.3,2169.84
-11799772.91,4655610.44,2167.17
-11799771.73,4655610.98,2169.24
-11799769.120000001,4655612.2700000005,2165.4
-11799770.41,4655611.600000001,2170.61
-11799771.01,4655611.29,2173.07
-11799767.47,4655613.04,2165.38
-11799765.82,4655613.84,2165.34
-11799768.33,4655612.53,2175.48
-11799764.17,4655614.63,2165.35
-11799762.49,4655615.42,2165.35
-11799760.82,4655616.22,2165.31
-11799759.16,4655617.01,2165.28
-11799757.5,4655617.79,2165.25
-11799755.82,4655618.61,2165.22
-11799754.09,4655619.42,2165.09
-11799752.36,4655620.25,2164.94
-11799750.77,4655621.01,2165.09
-11799749.03,4655621.84,2164.9
-11799747.33,4655622.64,2164.9
-11799744.01,4655624.23,2164.94
-11799745.68,4655623.42,2164.92
-11799742.35,4655625.01,2164.94
-11799746.200000001,4655623.03,2179.61
-11799746.59,4655622.84,2181.13
-11799744.82,4655623.68,2180.71
-11799745.28,4655623.44,2182.44
-11799740.96,4655625.61,2172.38
-11799743.4,4655624.350000001,2181.59
-11799741.17,4655625.44,2179.42
-11799739.77,4655626.09,2180.36
-11799741.02,4655625.94,2180.17
-11799740.59,4655626.24,2172.31
-11799742.73,4655625.12,2180.42
-11799743.01,4655624.99,2181.49
-11799744.63,4655624.22,2181.42
-11799741.950000001,4655625.66,2164.9
-11799746.19,4655623.48,2181.07
-11799743.620000001,4655624.87,2164.9
-11799745.290000001,4655624.08,2164.9
-11799746.950000001,4655623.3,2164.85
-11799748.63,4655622.49,2164.86
-11799750.31,4655621.69,2164.97
-11799752.0,4655620.89,2165.09
-11799753.64,4655620.12,2164.94
-11799755.32,4655619.32,2165.11
-11799756.99,4655618.5200000005,2165.19
-11799758.68,4655617.72,2165.24
-11799760.36,4655616.92,2165.26
-11799762.02,4655616.13,2165.31
-11799763.700000001,4655615.33,2165.33
-11799765.370000001,4655614.54,2165.32
-11799767.02,4655613.7700000005,2165.35
-11799769.46,4655612.51,2175.17
-11799768.68,4655612.96,2165.38
-11799769.38,4655612.61,2168.19
-11799769.89,4655612.350000001,2170.23
-11799771.01,4655611.850000001,2168.02
-11799770.34,4655612.19,2165.3
-11799772.52,4655611.0600000005,2174.19
-11799771.85,4655611.39,2171.48
-11799772.700000001,4655611.04,2168.23
-11799773.64,4655610.63,2165.22
-11799774.43,4655610.21,2168.46
-11799775.0,4655609.91,2170.82
-11799776.35,4655609.29,2169.54
-11799777.92,4655608.54,2169.19
-11799779.53,4655607.78,2168.85
-11799781.120000001,4655607.03,2168.52
-11799782.67,4655606.3,2168.17
-11799784.27,4655605.54,2167.98
-11799785.89,4655604.7700000005,2167.8
-11799786.96,4655604.3,2165.35
-11799787.450000001,4655604.04,2167.46
-11799788.61,4655603.51,2165.38
-11799790.23,4655602.74,2165.34
-11799791.94,4655601.93,2165.46
-11799793.61,4655601.14,2165.5
-11799794.200000001,4655600.84,2168.04
-11799795.25,4655600.36,2165.55
-11799796.91,4655599.58,2165.58
-11799795.75,4655600.100000001,2167.67
-11799798.6,4655598.7700000005,2165.6
-11799800.41,4655597.88,2166.36
-11799801.950000001,4655597.17,2165.8
-11799803.5,4655596.44,2165.48
-11799805.17,4655595.64,2165.52
-11799806.82,4655594.86,2165.5
-11799808.48,4655594.08,2165.65
-11799811.86,4655592.46,2165.69
-11799810.17,4655593.2700000005,2165.65
-11799813.5,4655591.69,2165.75
-11799815.14,4655590.91,2165.75
-11799816.77,4655590.14,2165.63
-11799818.41,4655589.350000001,2165.59
-11799820.06,4655588.58,2165.55
-11799821.68,4655587.8100000005,2165.53
-11799823.34,4655587.01,2165.63
-11799825.03,4655586.21,2165.74
-11799826.69,4655585.41,2165.81
-11799828.33,4655584.64,2165.86
-11799829.97,4655583.88,2165.94
-11799831.620000001,4655583.08,2165.94
-11799833.290000001,4655582.29,2165.94
-11799834.94,4655581.51,2165.96
-11799836.56,4655580.74,2165.98
-11799838.22,4655579.94,2166.0
-11799839.84,4655579.18,2165.98
-11799841.48,4655578.4,2165.96
-11799843.13,4655577.61,2165.92
-11799844.790000001,4655576.83,2165.88
-11799846.4,4655576.05,2165.83
-11799848.01,4655575.29,2165.88
-11799848.8,4655574.88,2169.88
-11799850.76,4655573.93,2171.58
-11799851.1,4655573.76,2173.31
-11799854.46,4655572.16,2173.69
-11799852.97,4655572.850000001,2174.38
-11799855.540000001,4655571.67,2170.78
-11799856.34,4655571.34,2166.33
-11799856.790000001,4655571.08,2168.74
-11799857.94,4655570.58,2166.32
-11799858.46,4655570.3,2169.0
-11799859.56,4655569.8,2166.32
-11799859.32,4655571.62,2166.35
-11799857.700000001,4655572.39,2166.35
-11799856.09,4655573.16,2166.35
-11799856.65,4655572.88,2169.21
-11799855.35,4655573.47,2170.99
-11799855.85,4655573.2,2173.54
-11799853.94,4655574.14,2172.13
-11799854.27,4655573.94,2173.81
-11799850.23,4655575.91,2169.82
-11799852.620000001,4655574.75,2173.53
-11799847.8,4655577.13,2165.88
-11799849.44,4655576.34,2165.8
-11799846.16,4655577.9,2165.94
-11799844.56,4655578.66,2165.99
-11799842.92,4655579.45,2166.01
-11799841.28,4655580.23,2166.03
-11799839.63,4655581.03,2166.04
-11799836.41,4655582.5600000005,2165.99
-11799838.03,4655581.79,2166.02
-11799834.77,4655583.350000001,2165.98
-11799833.11,4655584.14,2165.96
-11799831.44,4655584.92,2165.97
-11799829.790000001,4655585.72,2165.9
-11799828.15,4655586.51,2165.83
-11799826.49,4655587.3,2165.74
-11799824.83,4655588.09,2165.65
-11799823.19,4655588.86,2165.6
-11799819.89,4655590.45,2165.69
-11799821.55,4655589.66,2165.61
-11799818.23,4655591.24,2165.72
-11799816.58,4655592.0200000005,2165.72
-11799814.99,4655592.79,2165.81
-11799813.370000001,4655593.5600000005,2165.8
-11799811.700000001,4655594.34,2165.78
-11799810.040000001,4655595.15,2165.71
-11799808.39,4655595.92,2165.69
-11799805.05,4655597.54,2165.53
-11799806.71,4655596.74,2165.61
-11799803.39,4655598.32,2165.46
-11799801.78,4655599.100000001,2165.6
-11799800.19,4655599.850000001,2165.9
-11799798.46,4655600.67,2165.61
-11799796.8,4655601.47,2165.63
-11799795.16,4655602.26,2165.61
-11799793.48,4655603.0600000005,2165.5
-11799791.82,4655603.850000001,2165.38
-11799790.15,4655604.64,2165.42
-11799788.46,4655605.44,2165.38
-11799786.82,4655606.24,2165.36
-11799785.72,4655606.74,2167.77
-11799783.48,4655607.83,2165.32
-11799784.1,4655607.5,2167.98
-11799781.86,4655608.600000001,2165.38
-11799782.35,4655608.34,2167.48
-11799780.950000001,4655609.0,2168.44
-11799779.4,4655609.74,2168.78
-11799776.86,4655610.99,2165.24
-11799777.48,4655610.68,2167.79
-11799777.81,4655610.51,2169.15
-11799775.22,4655611.7700000005,2165.4
-11799775.91,4655611.4,2168.23
-11799776.39,4655611.16,2170.24
-11799774.26,4655612.21,2168.27
-11799774.700000001,4655611.98,2170.11
-11799774.99,4655611.82,2171.31
-11799773.57,4655612.49,2172.24
-11799771.790000001,4655613.350000001,2171.67
-11799772.5,4655612.99,2174.56
-11799773.59,4655612.42,2178.99
-11799769.4,4655614.51,2168.61
-11799770.33,4655614.0200000005,2172.36
-11799770.91,4655613.74,2174.69
-11799771.790000001,4655613.29,2178.27
-11799766.91,4655615.74,2165.22
-11799767.99,4655615.18,2169.57
-11799768.94,4655614.68,2173.4
-11799770.24,4655614.03,2178.63
-11799765.26,4655616.53,2165.35
-11799763.57,4655617.33,2165.32
-11799761.91,4655618.12,2165.29
-11799760.27,4655618.89,2165.26
-11799758.58,4655619.71,2165.21
-11799756.870000001,4655620.5200000005,2165.1
-11799755.18,4655621.33,2164.99
-11799753.49,4655622.15,2164.9
-11799751.790000001,4655622.96,2164.86
-11799750.11,4655623.76,2164.9
-11799748.41,4655624.5600000005,2164.86
-11799746.77,4655625.350000001,2164.92
-11799745.11,4655626.15,2164.9
-11799746.25,4655625.43,2181.96
-11799745.78,4655625.68,2180.15
-11799744.47,4655626.2700000005,2181.48
-11799745.68,4655626.26,2180.54
-11799746.13,4655626.04,2182.21
-11799746.98,4655625.67,2179.17
-11799747.23,4655625.54,2180.15
-11799746.47,4655626.05,2164.83
-11799748.120000001,4655625.26,2164.83
-11799749.83,4655624.44,2164.92
-11799751.44,4655623.68,2164.8
-11799753.11,4655622.89,2164.84
-11799754.76,4655622.11,2164.92
-11799756.450000001,4655621.28,2165.07
-11799759.8,4655619.69,2165.21
-11799758.14,4655620.49,2165.15
-11799761.450000001,4655618.92,2165.25
-11799763.09,4655618.14,2165.28
-11799764.76,4655617.34,2165.31
-11799766.41,4655616.5600000005,2165.27
-11799767.120000001,4655616.19,2168.11
-11799767.48,4655616.0200000005,2169.53
-11799770.06,4655614.75,2173.35
-11799771.31,4655614.100000001,2178.4
-11799771.94,4655613.84,2174.32
-11799772.43,4655613.53,2182.92
-11799773.19,4655613.25,2172.75
-11799773.120000001,4655613.24,2179.08
-11799773.47,4655613.12,2173.88
-11799774.16,4655612.75,2176.72
-11799775.23,4655612.2700000005,2174.38
-11799774.55,4655612.63,2171.61
-11799776.08,4655611.91,2170.99
-11799776.36,4655611.7700000005,2172.11
-11799776.33,4655611.84,2165.26
-11799777.44,4655611.2700000005,2169.83
-11799778.56,4655610.7700000005,2167.74
-11799778.85,4655610.61,2168.92
-11799780.370000001,4655609.89,2168.51
-11799781.23,4655609.5200000005,2165.33
-11799781.790000001,4655609.23,2167.63
-11799782.92,4655608.71,2165.38
-11799784.56,4655607.94,2165.31
-11799785.15,4655607.63,2167.83
-11799786.25,4655607.12,2165.4
-11799786.72,4655606.89,2167.36
-11799787.9,4655606.34,2165.36
-11799789.540000001,4655605.57,2165.36
-11799792.8,4655604.0200000005,2165.38
-11799791.15,4655604.79,2165.38
-11799794.49,4655603.21,2165.5
-11799796.16,4655602.42,2165.57
-11799797.8,4655601.64,2165.61
-11799799.6,4655600.78,2166.25
-11799801.16,4655600.04,2165.63
-11799802.75,4655599.28,2165.42
-11799804.39,4655598.51,2165.51
-11799806.01,4655597.73,2165.5
-11799807.68,4655596.93,2165.67
-11799809.31,4655596.16,2165.69
-11799810.96,4655595.36,2165.73
-11799812.63,4655594.58,2165.77
-11799817.59,4655592.22,2165.69
-11799814.3,4655593.7700000005,2165.82
-11799820.85,4655590.66,2165.67
-11799815.94,4655593.01,2165.69
-11799822.5,4655589.88,2165.67
-11799819.22,4655591.44,2165.69
-11799824.14,4655589.11,2165.61
-11799825.78,4655588.33,2165.61
-11799827.44,4655587.53,2165.71
-11799829.08,4655586.76,2165.83
-11799830.73,4655585.97,2165.88
-11799832.370000001,4655585.18,2165.94
-11799834.01,4655584.41,2165.96
-11799835.65,4655583.63,2165.97
-11799837.28,4655582.86,2165.99
-11799840.58,4655581.28,2166.0
-11799838.94,4655582.0600000005,2166.03
-11799842.22,4655580.51,2166.04
-11799843.870000001,4655579.72,2166.03
-11799845.49,4655578.95,2165.98
-11799847.09,4655578.19,2165.92
-11799848.71,4655577.41,2165.88
-11799850.34,4655576.64,2165.83
-11799850.82,4655576.38,2168.27
-11799851.1,4655576.24,2169.69
-11799853.03,4655575.3100000005,2171.33
-11799854.74,4655574.49,2171.82
-11799855.33,4655574.25,2166.31
-11799856.99,4655573.47,2166.3
-11799858.620000001,4655572.7,2166.32
-11799858.53,4655574.2700000005,2166.33
-11799856.88,4655575.05,2166.29
-11799855.22,4655575.850000001,2166.19
-11799855.81,4655575.53,2169.22
-11799853.52,4655576.65,2165.97
-11799854.23,4655576.29,2169.58
-11799851.88,4655577.44,2165.86
-11799852.620000001,4655577.0600000005,2169.63
-11799850.27,4655578.2,2165.94
-11799848.63,4655579.0,2165.98
-11799847.01,4655579.7700000005,2166.05
-11799843.8,4655581.3100000005,2166.05
-11799845.44,4655580.53,2166.06
-11799842.120000001,4655582.11,2166.06
-11799840.47,4655582.9,2166.04
-11799837.22,4655584.46,2166.0
-11799838.84,4655583.68,2166.01
-11799833.94,4655586.03,2165.94
-11799835.58,4655585.24,2165.96
-11799832.26,4655586.83,2165.88
-11799830.58,4655587.61,2165.84
-11799828.91,4655588.43,2165.75
-11799827.26,4655589.23,2165.61
-11799825.67,4655589.99,2165.72
-11799824.05,4655590.75,2165.78
-11799822.43,4655591.54,2165.77
-11799820.78,4655592.3100000005,2165.71
-11799819.120000001,4655593.11,2165.73
-11799817.47,4655593.9,2165.74
-11799815.82,4655594.69,2165.72
-11799814.17,4655595.48,2165.8
-11799812.52,4655596.28,2165.81
-11799810.9,4655597.04,2165.77
-11799809.24,4655597.84,2165.69
-11799805.9,4655599.43,2165.56
-11799807.59,4655598.63,2165.67
-11799804.23,4655600.24,2165.49
-11799802.58,4655601.03,2165.42
-11799799.36,4655602.5600000005,2165.75
-11799800.950000001,4655601.8,2165.52
-11799797.700000001,4655603.350000001,2165.72
-11799795.97,4655604.18,2165.44
-11799794.32,4655604.96,2165.49
-11799792.68,4655605.75,2165.44
-11799791.02,4655606.55,2165.42
-11799789.34,4655607.350000001,2165.42
-11799787.67,4655608.14,2165.4
-11799786.06,4655608.93,2165.38
-11799782.72,4655610.5200000005,2165.38
-11799784.4,4655609.7,2165.38
-11799780.05,4655611.76,2168.21
-11799781.03,4655611.33,2165.38
-11799777.73,4655612.9,2165.4
-11799779.35,4655612.100000001,2165.35
-11799779.25,4655612.11,2171.67
-11799778.09,4655612.71,2166.94
-11799777.58,4655612.91,2171.65
-11799778.53,4655612.5,2168.67
-11799776.26,4655613.54,2172.9
-11799776.700000001,4655613.3100000005,2174.69
-11799774.88,4655614.18,2174.02
-11799775.61,4655613.8100000005,2177.0
-11799775.86,4655613.68,2178.0
-11799773.8,4655614.68,2176.29
-11799774.88,4655614.13,2180.69
-11799771.99,4655615.5600000005,2175.52
-11799772.82,4655615.13,2178.88
-11799773.78,4655614.63,2182.79
-11799771.88,4655615.55,2181.69
-11799772.46,4655615.23,2184.07
-11799772.74,4655615.11,2185.17
-11799767.43,4655617.78,2170.53
-11799767.74,4655617.62,2171.78
-11799770.71,4655616.100000001,2183.67
-11799764.47,4655619.22,2165.28
-11799762.82,4655620.03,2165.24
-11799761.120000001,4655620.850000001,2165.19
-11799759.41,4655621.66,2165.13
-11799757.700000001,4655622.47,2164.96
-11799756.05,4655623.26,2164.94
-11799754.38,4655624.0600000005,2164.92
-11799752.69,4655624.87,2164.85
-11799751.02,4655625.68,2164.79
-11799749.34,4655626.48,2164.84
-11799750.42,4655626.48,2164.79
-11799752.06,4655625.7,2164.78
-11799753.75,4655624.89,2164.96
-11799755.38,4655624.13,2164.88
-11799757.03,4655623.33,2164.97
-11799758.75,4655622.51,2165.13
-11799761.4,4655621.15,2175.61
-11799760.42,4655621.71,2165.17
-11799762.24,4655620.78,2172.38
-11799762.85,4655620.47,2174.8
-11799762.05,4655620.94,2165.19
-11799763.700000001,4655620.14,2165.25
-11799765.370000001,4655619.36,2165.28
-11799766.24,4655618.9,2168.8
-11799767.370000001,4655618.33,2173.31
-11799770.09,4655616.99,2177.57
-11799768.58,4655617.76,2171.53
-11799771.58,4655616.23,2183.59
-11799771.26,4655616.39,2182.29
-11799772.98,4655615.57,2182.67
-11799773.22,4655615.45,2183.63
-11799773.69,4655615.2700000005,2178.97
-11799773.98,4655615.11,2180.15
-11799774.68,4655614.76,2183.0
-11799774.92,4655614.69,2177.29
-11799776.42,4655614.0,2176.63
-11799776.31,4655614.11,2169.44
-11799777.02,4655613.73,2172.36
-11799777.620000001,4655613.43,2174.81
-11799778.450000001,4655613.0600000005,2171.59
-11799779.32,4655612.68,2168.22
-11799778.61,4655613.05,2165.28
-11799779.66,4655612.51,2169.63
-11799780.290000001,4655612.26,2165.33
-11799781.92,4655611.47,2165.38
-11799783.58,4655610.67,2165.38
-11799785.200000001,4655609.91,2165.36
-11799788.49,4655608.32,2165.38
-11799786.84,4655609.12,2165.38
-11799791.81,4655606.76,2165.42
-11799790.16,4655607.55,2165.42
-11799795.11,4655605.19,2165.5
-11799793.48,4655605.97,2165.47
-11799797.05,4655604.26,2166.73
-11799796.72,4655604.43,2165.29
-11799798.67,4655603.48,2166.59
-11799800.13,4655602.8,2165.74
-11799801.72,4655602.04,2165.44
-11799803.35,4655601.26,2165.47
-11799806.65,4655599.69,2165.65
-11799804.96,4655600.5,2165.46
-11799808.32,4655598.9,2165.71
-11799809.96,4655598.100000001,2165.72
-11799811.63,4655597.3100000005,2165.8
-11799813.27,4655596.54,2165.8
-11799814.92,4655595.75,2165.77
-11799816.6,4655594.95,2165.73
-11799818.23,4655594.16,2165.76
-11799819.84,4655593.39,2165.75
-11799821.48,4655592.63,2165.73
-11799823.15,4655591.84,2165.79
-11799826.41,4655590.28,2165.75
-11799824.8,4655591.04,2165.8
-11799829.69,4655588.71,2165.74
-11799828.03,4655589.5,2165.61
-11799831.35,4655587.91,2165.82
-11799833.02,4655587.13,2165.88
-11799834.66,4655586.34,2165.94
-11799836.3,4655585.5600000005,2165.98
-11799837.92,4655584.78,2166.01
-11799839.58,4655583.99,2166.01
-11799841.21,4655583.21,2166.02
-11799844.47,4655581.67,2166.07
-11799842.85,4655582.44,2166.05
-11799846.120000001,4655580.87,2166.05
-11799847.77,4655580.09,2166.03
-11799849.4,4655579.32,2166.01
-11799851.0,4655578.55,2165.92
-11799853.48,4655577.33,2170.11
-11799852.64,4655577.75,2165.9
-11799854.28,4655576.98,2165.92
-11799855.03,4655576.600000001,2169.77
-11799855.950000001,4655576.19,2166.15
-11799859.23,4655574.63,2166.32
-11799857.59,4655575.4,2166.27
-11799859.19,4655576.34,2166.28
-11799857.52,4655577.14,2166.15
-11799855.85,4655577.92,2165.92
-11799854.22,4655578.7,2165.98
-11799852.59,4655579.49,2166.04
-11799850.99,4655580.26,2166.06
-11799849.370000001,4655581.05,2166.08
-11799847.73,4655581.8100000005,2166.11
-11799846.11,4655582.600000001,2166.09
-11799844.49,4655583.38,2166.09
-11799842.86,4655584.16,2166.05
-11799841.22,4655584.93,2166.04
-11799839.56,4655585.73,2166.03
-11799837.9,4655586.53,2166.0
-11799836.25,4655587.32,2165.94
-11799834.61,4655588.100000001,2165.88
-11799832.950000001,4655588.91,2165.82
-11799831.3,4655589.68,2165.75
-11799829.63,4655590.5,2165.67
-11799828.02,4655591.26,2165.8
-11799826.39,4655592.03,2165.86
-11799824.75,4655592.83,2165.86
-11799823.1,4655593.62,2165.86
-11799821.42,4655594.42,2165.83
-11799819.8,4655595.2,2165.8
-11799818.17,4655595.97,2165.81
-11799816.51,4655596.7700000005,2165.75
-11799814.84,4655597.5600000005,2165.74
-11799813.23,4655598.350000001,2165.84
-11799811.59,4655599.13,2165.84
-11799809.91,4655599.93,2165.74
-11799810.17,4655599.8,2166.9
-11799808.6,4655600.55,2167.15
-11799806.620000001,4655601.5200000005,2165.61
-11799804.92,4655602.32,2165.48
-11799803.24,4655603.14,2165.42
-11799800.03,4655604.67,2165.63
-11799801.6,4655603.92,2165.4
-11799798.64,4655605.33,2166.71
-11799798.39,4655605.46,2165.61
-11799796.700000001,4655606.26,2165.44
-11799797.03,4655606.09,2166.86
-11799795.02,4655607.07,2165.55
-11799793.36,4655607.87,2165.5
-11799791.700000001,4655608.66,2165.44
-11799790.040000001,4655609.45,2165.4
-11799788.39,4655610.25,2165.4
-11799786.75,4655611.04,2165.4
-11799785.07,4655611.84,2165.38
-11799783.39,4655612.64,2165.36
-11799781.75,4655613.43,2165.35
-11799780.120000001,4655614.21,2165.38
-11799781.0,4655613.75,2169.05
-11799779.870000001,4655614.28,2171.11
-11799778.450000001,4655614.95,2172.11
-11799777.290000001,4655615.49,2174.29
-11799778.040000001,4655615.09,2177.36
-11799778.55,4655614.83,2179.42
-11799776.870000001,4655615.65,2179.19
-11799774.84,4655616.63,2177.56
-11799777.44,4655615.33,2181.52
-11799775.5,4655616.29,2180.24
-11799776.47,4655615.78,2184.17
-11799774.51,4655616.74,2182.9
-11799774.9,4655616.54,2184.51
-11799775.25,4655616.36,2185.92
-11799773.700000001,4655617.09,2186.25
-11799773.92,4655616.97,2187.17
-11799774.18,4655616.86,2188.17
-11799771.47,4655618.18,2184.01
-11799772.59,4655617.62,2188.51
-11799771.8,4655618.01,2185.36
-11799767.09,4655620.37,2173.15
-11799765.11,4655621.39,2165.27
-11799763.44,4655622.19,2165.21
-11799761.78,4655622.98,2165.19
-11799762.69,4655622.5200000005,2168.82
-11799761.89,4655622.86,2172.25
-11799762.38,4655622.63,2174.13
-11799762.58,4655622.5200000005,2174.92
-11799762.85,4655622.38,2176.01
-11799761.09,4655623.23,2175.58
-11799761.57,4655622.98,2177.47
-11799756.72,4655625.39,2165.0
-11799759.61,4655623.93,2176.3
-11799755.07,4655626.21,2164.92
-11799755.65,4655626.41,2164.92
-11799760.13,4655624.16,2176.07
-11799762.19,4655623.17,2177.77
-11799763.46,4655622.58,2176.31
-11799762.31,4655623.23,2165.19
-11799763.18,4655622.76,2168.67
-11799762.76,4655622.98,2167.02
-11799764.33,4655622.2,2173.19
-11799763.96,4655622.43,2165.17
-11799765.620000001,4655621.59,2171.81
-11799765.61,4655621.64,2165.25
-11799771.92,4655618.47,2183.96
-11799772.24,4655618.3,2185.25
-11799772.700000001,4655618.0600000005,2187.07
-11799772.98,4655617.93,2188.17
-11799774.15,4655617.38,2186.28
-11799774.63,4655617.13,2188.21
-11799774.41,4655617.29,2180.82
-11799774.88,4655617.07,2182.69
-11799775.620000001,4655616.69,2185.67
-11799776.07,4655616.51,2180.92
-11799776.8,4655616.13,2183.94
-11799776.66,4655616.28,2176.65
-11799777.32,4655615.92,2179.32
-11799777.81,4655615.69,2181.32
-11799777.71,4655615.79,2174.19
-11799778.39,4655615.44,2176.97
-11799780.22,4655614.61,2170.84
-11799778.85,4655615.2700000005,2172.02
-11799781.450000001,4655614.04,2169.27
-11799779.870000001,4655614.8100000005,2169.38
-11799782.14,4655613.75,2165.32
-11799780.51,4655614.54,2165.34
-11799785.46,4655612.18,2165.34
-11799783.790000001,4655612.97,2165.32
-11799788.72,4655610.62,2165.36
-11799787.1,4655611.38,2165.36
-11799790.38,4655609.83,2165.4
-11799792.01,4655609.03,2165.42
-11799793.73,4655608.22,2165.49
-11799795.39,4655607.43,2165.55
-11799797.0,4655606.67,2165.42
-11799798.66,4655605.87,2165.49
-11799800.290000001,4655605.09,2165.46
-11799801.91,4655604.32,2165.38
-11799803.55,4655603.53,2165.38
-11799805.18,4655602.74,2165.5
-11799806.84,4655601.97,2165.54
-11799807.14,4655601.8100000005,2166.84
-11799808.91,4655600.96,2167.3
-11799810.5,4655600.21,2167.09
-11799811.870000001,4655599.55,2165.88
-11799813.48,4655598.79,2165.84
-11799815.09,4655598.03,2165.75
-11799816.74,4655597.22,2165.76
-11799818.39,4655596.46,2165.78
-11799820.05,4655595.65,2165.79
-11799821.71,4655594.87,2165.85
-11799823.35,4655594.08,2165.86
-11799824.99,4655593.3100000005,2165.88
-11799826.63,4655592.5200000005,2165.86
-11799828.28,4655591.73,2165.82
-11799829.89,4655590.96,2165.78
-11799831.48,4655590.19,2165.67
-11799833.13,4655589.39,2165.81
-11799834.790000001,4655588.62,2165.84
-11799836.46,4655587.82,2165.92
-11799838.13,4655587.0200000005,2165.97
-11799839.75,4655586.23,2166.02
-11799841.38,4655585.46,2166.05
-11799842.99,4655584.7,2166.05
-11799844.620000001,4655583.92,2166.06
-11799846.26,4655583.15,2166.09
-11799847.9,4655582.350000001,2166.1
-11799849.58,4655581.5600000005,2166.08
-11799851.21,4655580.76,2166.07
-11799852.82,4655580.0,2166.04
-11799854.42,4655579.25,2165.98
-11799856.03,4655578.46,2165.94
-11799857.66,4655577.7,2166.06
-11799859.35,4655576.87,2166.22
-11799858.370000001,4655579.0,2165.98
-11799856.75,4655579.7700000005,2166.04
-11799853.49,4655581.32,2166.1
-11799855.11,4655580.5600000005,2166.06
-11799850.28,4655582.87,2166.13
-11799851.89,4655582.08,2166.13
-11799848.63,4655583.67,2166.13
-11799846.950000001,4655584.47,2166.11
-11799845.31,4655585.26,2166.09
-11799843.700000001,4655586.0200000005,2166.07
-11799842.07,4655586.8100000005,2166.06
-11799840.41,4655587.61,2166.01
-11799838.74,4655588.41,2165.97
-11799837.1,4655589.2,2165.88
-11799835.450000001,4655590.0,2165.82
-11799833.8,4655590.79,2165.73
-11799832.16,4655591.57,2165.8
-11799830.53,4655592.350000001,2165.86
-11799828.92,4655593.12,2165.88
-11799827.28,4655593.9,2165.88
-11799825.65,4655594.68,2165.94
-11799824.03,4655595.47,2165.92
-11799822.39,4655596.24,2165.94
-11799820.75,4655597.05,2165.85
-11799819.1,4655597.83,2165.82
-11799817.42,4655598.63,2165.79
-11799815.76,4655599.42,2165.77
-11799814.09,4655600.23,2165.78
-11799812.76,4655600.86,2167.21
-11799811.3,4655601.5600000005,2167.94
-11799809.64,4655602.350000001,2167.81
-11799807.48,4655603.41,2165.61
-11799807.83,4655603.23,2167.11
-11799805.83,4655604.2,2165.57
-11799804.17,4655605.0,2165.46
-11799802.52,4655605.8,2165.38
-11799800.86,4655606.59,2165.36
-11799799.200000001,4655607.37,2165.44
-11799797.64,4655608.12,2165.81
-11799796.32,4655608.75,2167.08
-11799794.68,4655609.54,2167.13
-11799792.620000001,4655610.5200000005,2165.44
-11799790.93,4655611.34,2165.42
-11799787.620000001,4655612.93,2165.38
-11799789.26,4655612.14,2165.38
-11799785.99,4655613.73,2165.36
-11799784.35,4655614.5,2165.34
-11799782.67,4655615.3100000005,2165.34
-11799781.02,4655616.100000001,2165.38
-11799781.94,4655615.600000001,2169.24
-11799780.83,4655616.14,2171.32
-11799781.26,4655615.92,2173.11
-11799779.5,4655616.76,2172.79
-11799779.97,4655616.5200000005,2174.69
-11799778.26,4655617.350000001,2174.42
-11799777.040000001,4655617.93,2176.17
-11799778.56,4655617.19,2175.69
-11799777.85,4655617.51,2179.51
-11799778.18,4655617.34,2180.86
-11799778.540000001,4655617.14,2182.31
-11799775.73,4655618.53,2177.59
-11799776.34,4655618.23,2180.04
-11799776.77,4655618.01,2181.81
-11799775.59,4655618.5600000005,2183.61
-11799776.11,4655618.28,2185.69
-11799774.6,4655619.01,2186.23
-11799774.92,4655618.83,2187.49
-11799767.71,4655622.48,2165.17
-11799772.27,4655620.15,2183.5
-11799772.55,4655619.99,2184.58
-11799773.34,4655619.600000001,2187.79
-11799766.040000001,4655623.2700000005,2165.22
-11799764.33,4655624.11,2165.13
-11799765.58,4655623.46,2170.08
-11799766.05,4655623.23,2171.96
-11799764.73,4655623.850000001,2173.34
-11799766.34,4655623.07,2173.13
-11799765.06,4655623.68,2174.65
-11799764.07,4655624.13,2177.19
-11799762.27,4655625.0,2176.51
-11799760.41,4655625.89,2175.78
-11799760.47,4655626.32,2175.05
-11799762.58,4655625.3100000005,2176.92
-11799763.38,4655624.95,2173.63
-11799764.25,4655624.5200000005,2177.06
-11799764.9,4655624.23,2173.23
-11799765.18,4655624.07,2174.34
-11799764.47,4655624.5200000005,2165.03
-11799765.25,4655624.11,2168.15
-11799765.82,4655623.79,2170.44
-11799766.23,4655623.61,2172.07
-11799766.17,4655623.69,2165.22
-11799766.8,4655623.36,2167.78
-11799767.82,4655622.9,2165.17
-11799770.120000001,4655621.72,2174.42
-11799772.41,4655620.5600000005,2183.59
-11799774.67,4655619.45,2186.15
-11799774.43,4655619.64,2178.61
-11799774.870000001,4655619.41,2180.4
-11799776.03,4655618.8100000005,2185.1
-11799775.42,4655619.12,2182.65
-11799775.82,4655618.98,2177.59
-11799776.43,4655618.66,2180.09
-11799776.84,4655618.49,2175.06
-11799778.290000001,4655617.7700000005,2180.94
-11799777.98,4655617.98,2172.94
-11799778.4,4655617.76,2174.65
-11799778.65,4655617.64,2175.63
-11799778.91,4655617.51,2176.71
-11799779.18,4655617.43,2171.11
-11799779.64,4655617.18,2172.99
-11799780.28,4655616.850000001,2175.61
-11799779.42,4655617.350000001,2165.3
-11799780.32,4655616.9,2169.0
-11799780.81,4655616.64,2171.03
-11799781.05,4655616.57,2165.33
-11799782.67,4655615.8,2165.31
-11799781.99,4655616.09,2169.19
-11799784.34,4655615.0,2165.34
-11799785.99,4655614.21,2165.35
-11799787.65,4655613.41,2165.36
-11799789.31,4655612.64,2165.38
-11799792.620000001,4655611.05,2165.42
-11799790.96,4655611.850000001,2165.38
-11799794.76,4655610.0,2167.56
-11799793.0,4655610.84,2167.08
-11799796.4,4655609.23,2167.58
-11799796.16,4655609.34,2166.49
-11799797.59,4655608.65,2165.63
-11799799.21,4655607.89,2165.42
-11799800.82,4655607.13,2165.35
-11799802.47,4655606.34,2165.38
-11799805.790000001,4655604.75,2165.57
-11799804.120000001,4655605.54,2165.46
-11799807.44,4655603.95,2165.57
-11799807.83,4655603.75,2167.29
-11799809.59,4655602.91,2167.69
-11799811.31,4655602.09,2168.01
-11799812.78,4655601.38,2167.48
-11799814.03,4655600.8,2165.78
-11799815.700000001,4655600.01,2165.78
-11799817.35,4655599.21,2165.81
-11799818.99,4655598.42,2165.81
-11799820.63,4655597.65,2165.83
-11799822.27,4655596.86,2165.94
-11799823.91,4655596.07,2165.92
-11799825.57,4655595.29,2165.94
-11799827.21,4655594.49,2165.92
-11799828.82,4655593.73,2165.88
-11799830.46,4655592.95,2165.88
-11799832.09,4655592.16,2165.85
-11799833.700000001,4655591.4,2165.67
-11799835.36,4655590.600000001,2165.78
-11799837.0,4655589.83,2165.85
-11799838.63,4655589.04,2165.9
-11799840.3,4655588.24,2165.96
-11799843.59,4655586.66,2166.05
-11799841.950000001,4655587.45,2166.01
-11799846.870000001,4655585.08,2166.09
-11799845.23,4655585.88,2166.08
-11799850.120000001,4655583.54,2166.11
-11799848.49,4655584.3100000005,2166.13
-11799851.76,4655582.75,2166.13
-11799853.35,4655581.99,2166.11
-11799854.99,4655581.2,2166.1
-11799856.66,4655580.42,2166.06
-11799858.290000001,4655579.62,2166.0
-11799858.83,4655581.100000001,2166.1
-11799857.18,4655581.9,2166.13
-11799855.57,4655582.67,2166.15
-11799853.94,4655583.45,2166.17
-11799852.3,4655584.22,2166.13
-11799850.66,4655585.0200000005,2166.17
-11799849.03,4655585.8100000005,2166.11
-11799847.4,4655586.600000001,2166.11
-11799845.74,4655587.38,2166.08
-11799844.13,4655588.16,2166.04
-11799842.48,4655588.96,2165.99
-11799840.81,4655589.75,2165.94
-11799839.17,4655590.55,2165.86
-11799837.540000001,4655591.33,2165.8
-11799835.870000001,4655592.13,2165.75
-11799834.27,4655592.91,2165.9
-11799832.620000001,4655593.68,2165.94
-11799830.97,4655594.48,2165.94
-11799829.33,4655595.2700000005,2165.96
-11799827.700000001,4655596.0600000005,2165.97
-11799826.05,4655596.850000001,2166.0
-11799824.42,4655597.62,2166.0
-11799822.78,4655598.42,2165.99
-11799821.14,4655599.21,2165.96
-11799819.47,4655600.01,2165.83
-11799817.83,4655600.8100000005,2165.82
-11799816.18,4655601.600000001,2165.82
-11799814.55,4655602.37,2165.81
-11799811.74,4655603.71,2168.06
-11799813.25,4655602.98,2167.47
-11799810.05,4655604.51,2167.77
-11799807.92,4655605.55,2165.63
-11799808.370000001,4655605.32,2167.61
-11799806.26,4655606.36,2165.63
-11799804.6,4655607.16,2165.53
-11799802.92,4655607.97,2165.38
-11799801.25,4655608.7700000005,2165.4
-11799799.59,4655609.5600000005,2165.38
-11799797.99,4655610.34,2165.53
-11799796.56,4655611.0200000005,2166.47
-11799794.69,4655611.92,2165.44
-11799795.15,4655611.69,2167.4
-11799793.01,4655612.71,2165.42
-11799791.33,4655613.53,2165.42
-11799789.700000001,4655614.33,2165.38
-11799788.03,4655615.11,2165.38
-11799786.38,4655615.91,2165.38
-11799784.71,4655616.7,2165.36
-11799783.05,4655617.5200000005,2165.31
-11799781.4,4655618.29,2165.3
-11799781.14,4655618.38,2171.02
-11799781.51,4655618.2,2172.55
-11799779.49,4655619.16,2171.05
-11799779.82,4655619.0,2172.42
-11799780.290000001,4655618.76,2174.32
-11799778.86,4655619.43,2175.19
-11799777.8,4655619.93,2177.69
-11799778.68,4655619.49,2181.3
-11799775.32,4655621.15,2174.3
-11799776.01,4655620.8,2177.09
-11799774.870000001,4655621.34,2179.1
-11799775.32,4655621.100000001,2180.92
-11799775.68,4655620.92,2182.36
-11799771.32,4655623.09,2171.44
-11799772.71,4655622.39,2177.06
-11799774.08,4655621.68,2182.58
-11799769.72,4655623.87,2171.65
-11799774.38,4655621.53,2183.77
-11799766.43,4655625.49,2165.15
-11799767.42,4655625.0,2169.09
-11799764.8,4655626.2700000005,2165.19
-11799766.0,4655625.67,2169.96
-11799765.32,4655625.94,2173.94
-11799764.5,4655626.37,2170.67
-11799764.290000001,4655626.43,2176.42
-11799765.85,4655626.26,2170.36
-11799766.18,4655626.15,2165.15
-11799767.05,4655625.71,2168.6
-11799767.5,4655625.47,2170.44
-11799769.48,4655624.51,2171.75
-11799770.09,4655624.18,2174.19
-11799770.620000001,4655623.94,2176.31
-11799771.31,4655623.63,2172.44
-11799772.64,4655622.95,2177.75
-11799773.89,4655622.3100000005,2182.81
-11799772.83,4655622.91,2171.9
-11799775.13,4655621.72,2181.23
-11799775.81,4655621.44,2177.34
-11799776.07,4655621.3100000005,2178.4
-11799776.540000001,4655621.11,2173.72
-11799777.32,4655620.72,2176.9
-11799777.55,4655620.600000001,2177.85
-11799777.91,4655620.46,2172.58
-11799778.48,4655620.18,2174.94
-11799779.47,4655619.73,2172.19
-11799780.21,4655619.34,2175.25
-11799779.41,4655619.8,2165.27
-11799780.82,4655619.09,2171.08
-11799781.14,4655618.93,2172.36
-11799781.06,4655619.0200000005,2165.36
-11799782.5,4655618.28,2171.3
-11799784.33,4655617.45,2165.35
-11799782.67,4655618.25,2165.31
-11799786.0,4655616.66,2165.36
-11799787.67,4655615.86,2165.36
-11799789.33,4655615.05,2165.36
-11799790.96,4655614.29,2165.4
-11799792.6,4655613.5,2165.4
-11799794.24,4655612.7,2165.44
-11799795.89,4655611.92,2165.49
-11799796.13,4655611.79,2166.53
-11799797.58,4655611.11,2165.61
-11799800.81,4655609.5600000005,2165.4
-11799799.18,4655610.350000001,2165.38
-11799804.120000001,4655607.97,2165.58
-11799802.43,4655608.79,2165.36
-11799805.790000001,4655607.17,2165.65
-11799805.11,4655607.48,2169.92
-11799807.43,4655606.4,2165.61
-11799809.08,4655605.61,2165.65
-11799809.52,4655605.36,2167.63
-11799811.21,4655604.57,2167.69
-11799812.85,4655603.79,2167.59
-11799814.06,4655603.22,2165.79
-11799815.67,4655602.45,2165.8
-11799817.33,4655601.65,2165.82
-11799818.97,4655600.87,2165.84
-11799820.64,4655600.0600000005,2165.94
-11799822.28,4655599.29,2165.98
-11799823.91,4655598.5,2166.0
-11799825.56,4655597.71,2166.0
-11799827.200000001,4655596.92,2165.99
-11799828.84,4655596.15,2165.97
-11799830.46,4655595.36,2165.96
-11799832.120000001,4655594.57,2165.96
-11799833.78,4655593.7700000005,2165.94
-11799835.38,4655593.01,2165.86
-11799836.93,4655592.26,2165.72
-11799838.61,4655591.46,2165.82
-11799840.27,4655590.66,2165.88
-11799841.91,4655589.88,2165.94
-11799843.56,4655589.08,2166.0
-11799845.18,4655588.3,2166.05
-11799846.790000001,4655587.54,2166.06
-11799848.43,4655586.75,2166.11
-11799850.07,4655585.98,2166.13
-11799854.99,4655583.600000001,2166.17
-11799851.72,4655585.18,2166.17
-11799858.25,4655582.05,2166.11
-11799853.35,4655584.4,2166.15
-11799856.63,4655582.84,2166.15
-11799859.200000001,4655583.3100000005,2166.15
-11799857.57,4655584.09,2166.19
-11799855.92,4655584.87,2166.19
-11799852.64,4655586.46,2166.15
-11799854.3,4655585.67,2166.21
-11799851.0,4655587.25,2166.13
-11799849.36,4655588.04,2166.15
-11799847.73,4655588.8100000005,2166.09
-11799846.07,4655589.63,2166.03
-11799844.43,4655590.4,2165.99
-11799842.78,4655591.21,2165.94
-11799841.13,4655592.01,2165.86
-11799839.49,4655592.79,2165.77
-11799837.92,4655593.5600000005,2165.92
-11799836.290000001,4655594.34,2165.98
-11799834.66,4655595.12,2166.01
-11799833.0,4655595.92,2165.99
-11799831.36,4655596.71,2166.01
-11799829.75,4655597.49,2166.02
-11799828.120000001,4655598.2700000005,2166.03
-11799824.84,4655599.850000001,2166.05
-11799826.47,4655599.0600000005,2166.03
-11799821.56,4655601.42,2165.98
-11799823.19,4655600.62,2166.03
-11799819.92,4655602.21,2165.92
-11799818.290000001,4655603.0,2165.85
-11799816.63,4655603.8,2165.84
-11799815.01,4655604.5600000005,2165.82
-11799813.370000001,4655605.36,2165.81
-11799811.69,4655606.17,2165.82
-11799812.3,4655605.86,2168.54
-11799810.03,4655606.96,2165.77
-11799807.4,4655608.22,2168.61
-11799808.370000001,4655607.76,2165.67
-11799806.39,4655608.68,2171.3
-11799807.1,4655608.36,2167.35
-11799805.040000001,4655609.3100000005,2172.58
-11799801.74,4655610.96,2165.35
-11799800.120000001,4655611.72,2165.36
-11799798.5,4655612.5200000005,2165.34
-11799796.91,4655613.29,2165.44
-11799795.25,4655614.07,2165.47
-11799793.61,4655614.87,2165.47
-11799790.32,4655616.45,2165.38
-11799791.98,4655615.65,2165.44
-11799787.03,4655618.04,2165.36
-11799788.68,4655617.24,2165.38
-11799783.790000001,4655619.600000001,2165.33
-11799785.4,4655618.82,2165.35
-11799781.67,4655620.58,2170.11
-11799782.14,4655620.39,2165.29
-11799782.17,4655620.3100000005,2172.22
-11799781.22,4655620.8100000005,2168.27
-11799778.82,4655621.99,2165.19
-11799779.82,4655621.47,2169.35
-11799780.120000001,4655621.32,2170.56
-11799780.450000001,4655621.15,2171.9
-11799778.700000001,4655621.99,2171.49
-11799777.43,4655622.59,2172.9
-11799779.61,4655621.5200000005,2175.17
-11799775.64,4655623.46,2172.17
-11799777.040000001,4655622.75,2177.84
-11799774.69,4655623.89,2174.85
-11799775.91,4655623.26,2179.76
-11799772.870000001,4655624.78,2174.15
-11799773.33,4655624.55,2175.98
-11799771.68,4655625.33,2175.92
-11799772.07,4655625.12,2177.54
-11799769.64,4655626.32,2174.19
-11799772.5,4655624.9,2179.24
-11799770.13,4655626.08,2176.15
-11799770.75,4655625.7700000005,2178.61
-11799771.21,4655626.03,2178.46
-11799771.59,4655625.82,2180.02
-11799772.67,4655625.32,2177.82
-11799772.950000001,4655625.19,2178.94
-11799773.86,4655624.7700000005,2175.94
-11799775.0,4655624.23,2174.02
-11799776.450000001,4655623.5,2179.88
-11799775.88,4655623.850000001,2170.98
-11799776.73,4655623.41,2174.48
-11799777.49,4655623.03,2177.55
-11799777.88,4655622.87,2172.55
-11799777.76,4655623.0,2165.24
-11799779.18,4655622.26,2171.08
-11799779.41,4655622.2,2165.11
-11799780.39,4655621.7,2169.17
-11799780.74,4655621.5,2170.63
-11799781.09,4655621.38,2165.17
-11799781.82,4655621.0,2168.17
-11799782.790000001,4655620.5200000005,2172.17
-11799782.76,4655620.57,2165.3
-11799784.39,4655619.8100000005,2165.33
-11799786.02,4655619.03,2165.34
-11799787.69,4655618.22,2165.34
-11799789.36,4655617.43,2165.38
-11799790.99,4655616.63,2165.4
-11799794.3,4655615.05,2165.44
-11799792.65,4655615.850000001,2165.44
-11799797.59,4655613.48,2165.4
-11799796.120000001,4655614.17,2166.15
-11799799.18,4655612.72,2165.28
-11799800.82,4655611.93,2165.36
-11799802.48,4655611.13,2165.38
-11799805.86,4655609.46,2172.98
-11799807.13,4655608.850000001,2171.3
-11799807.82,4655608.5600000005,2167.11
-11799809.13,4655607.93,2165.69
-11799810.81,4655607.14,2165.79
-11799811.42,4655606.83,2168.54
-11799812.46,4655606.34,2165.84
-11799813.06,4655606.04,2168.54
-11799814.1,4655605.5600000005,2165.82
-11799815.71,4655604.7700000005,2165.82
-11799817.36,4655603.99,2165.85
-11799819.02,4655603.21,2165.86
-11799820.69,4655602.39,2165.96
-11799822.34,4655601.59,2165.99
-11799823.96,4655600.83,2166.04
-11799825.6,4655600.04,2166.03
-11799827.26,4655599.24,2166.04
-11799828.9,4655598.46,2166.04
-11799830.52,4655597.68,2166.04
-11799832.14,4655596.9,2166.0
-11799833.81,4655596.11,2165.99
-11799835.43,4655595.3100000005,2166.01
-11799837.07,4655594.53,2165.98
-11799838.69,4655593.76,2165.9
-11799840.290000001,4655593.0,2165.75
-11799841.91,4655592.22,2165.84
-11799843.540000001,4655591.42,2165.9
-11799845.200000001,4655590.63,2165.98
-11799846.870000001,4655589.83,2166.01
-11799848.49,4655589.0600000005,2166.06
-11799850.120000001,4655588.2700000005,2166.11
-11799851.72,4655587.51,2166.13
-11799853.370000001,4655586.72,2166.15
-11799855.0,4655585.94,2166.19
-11799856.61,4655585.16,2166.19
-11799858.24,4655584.39,2166.23
-11799859.870000001,4655583.600000001,2166.19
-11799859.26,4655585.66,2166.23
-11799857.620000001,4655586.45,2166.22
-11799855.97,4655587.22,2166.19
-11799854.35,4655588.0200000005,2166.15
-11799852.71,4655588.8100000005,2166.13
-11799851.07,4655589.61,2166.13
-11799849.42,4655590.4,2166.07
-11799847.81,4655591.16,2166.01
-11799846.18,4655591.96,2165.97
-11799844.5,4655592.7700000005,2165.9
-11799842.82,4655593.57,2165.76
-11799841.23,4655594.33,2165.92
-11799839.64,4655595.09,2165.98
-11799838.01,4655595.89,2166.05
-11799836.370000001,4655596.68,2166.05
-11799834.72,4655597.48,2166.04
-11799833.06,4655598.2700000005,2166.06
-11799831.44,4655599.0600000005,2166.06
-11799829.81,4655599.84,2166.05
-11799828.200000001,4655600.62,2166.06
-11799826.52,4655601.43,2166.06
-11799824.86,4655602.23,2166.05
-11799823.25,4655603.01,2166.02
-11799821.6,4655603.79,2165.99
-11799819.950000001,4655604.59,2165.94
-11799818.27,4655605.41,2165.88
-11799816.620000001,4655606.2,2165.88
-11799815.08,4655606.93,2166.3
-11799815.58,4655606.68,2168.53
-11799813.99,4655607.44,2168.83
-11799809.98,4655609.4,2165.69
-11799812.34,4655608.24,2168.85
-11799810.620000001,4655609.07,2168.55
-11799808.4,4655610.16,2165.88
-11799807.52,4655610.55,2169.19
-11799806.02,4655611.2700000005,2169.86
-11799806.370000001,4655611.09,2171.42
-11799803.36,4655612.600000001,2165.49
-11799800.03,4655614.2,2165.36
-11799803.6,4655612.47,2166.59
-11799798.36,4655615.0,2165.3
-11799801.65,4655613.41,2165.34
-11799795.34,4655616.44,2166.35
-11799796.8,4655615.75,2165.55
-11799793.47,4655617.350000001,2165.42
-11799795.120000001,4655616.5600000005,2165.4
-11799788.5,4655619.75,2165.32
-11799791.81,4655618.15,2165.4
-11799788.93,4655619.53,2167.11
-11799790.17,4655618.94,2165.38
-11799786.83,4655620.55,2165.36
-11799785.15,4655621.37,2165.33
-11799783.53,4655622.14,2165.31
-11799781.88,4655622.93,2165.25
-11799782.92,4655622.4,2169.55
-11799780.19,4655623.75,2165.21
-11799778.53,4655624.55,2165.22
-11799778.16,4655624.69,2170.51
-11799778.72,4655624.41,2172.78
-11799775.540000001,4655625.93,2173.35
-11799776.52,4655625.47,2170.67
-11799776.08,4655625.66,2175.49
-11799774.97,4655626.16,2177.67
-11799775.48,4655626.47,2177.04
-11799776.49,4655626.01,2174.57
-11799776.120000001,4655626.2,2173.07
-11799777.48,4655625.62,2165.19
-11799776.96,4655625.82,2169.74
-11799779.44,4655624.61,2173.17
-11799779.02,4655624.83,2171.46
-11799780.8,4655624.0200000005,2165.22
-11799779.13,4655624.82,2165.19
-11799782.46,4655623.23,2165.27
-11799784.1,4655622.43,2165.3
-11799785.74,4655621.64,2165.35
-11799787.38,4655620.84,2165.34
-11799789.040000001,4655620.07,2165.33
-11799790.69,4655619.25,2165.36
-11799792.35,4655618.48,2165.4
-11799794.01,4655617.66,2165.44
-11799795.73,4655616.850000001,2165.73
-11799797.25,4655616.13,2165.35
-11799798.88,4655615.34,2165.3
-11799800.55,4655614.54,2165.31
-11799802.24,4655613.73,2165.36
-11799802.78,4655613.45,2167.71
-11799803.16,4655613.24,2169.38
-11799803.58,4655613.05,2171.19
-11799803.92,4655612.91,2165.52
-11799804.26,4655612.74,2167.03
-11799804.66,4655612.55,2168.72
-11799805.1,4655612.3100000005,2170.67
-11799806.3,4655611.76,2168.86
-11799807.34,4655611.2700000005,2166.26
-11799807.68,4655611.09,2167.81
-11799808.85,4655610.55,2165.65
-11799811.14,4655609.41,2168.61
-11799812.85,4655608.600000001,2169.0
-11799814.47,4655607.82,2168.9
-11799816.040000001,4655607.0600000005,2168.63
-11799817.11,4655606.59,2165.96
-11799818.75,4655605.8,2165.88
-11799820.38,4655605.01,2165.92
-11799822.0,4655604.24,2166.0
-11799823.65,4655603.44,2166.03
-11799825.33,4655602.63,2166.06
-11799826.950000001,4655601.86,2166.07
-11799828.57,4655601.08,2166.05
-11799830.22,4655600.28,2166.07
-11799831.85,4655599.5,2166.06
-11799833.49,4655598.71,2166.06
-11799835.13,4655597.93,2166.07
-11799836.77,4655597.15,2166.09
-11799838.39,4655596.37,2166.08
-11799839.98,4655595.600000001,2165.99
-11799841.61,4655594.82,2165.96
-11799844.91,4655593.23,2165.86
-11799843.25,4655594.04,2165.81
-11799846.55,4655592.45,2165.92
-11799848.18,4655591.67,2166.01
-11799849.82,4655590.88,2166.05
-11799851.48,4655590.08,2166.11
-11799853.11,4655589.29,2166.13
-11799854.73,4655588.5200000005,2166.17
-11799856.39,4655587.7,2166.19
-11799858.03,4655586.93,2166.22
-11799859.65,4655586.16,2166.23
-11799857.61,4655588.73,2166.19
-11799859.24,4655587.94,2166.23
-11799855.96,4655589.5200000005,2166.15
-11799854.31,4655590.32,2166.13
-11799852.67,4655591.100000001,2166.08
-11799851.03,4655591.91,2166.06
-11799849.39,4655592.69,2165.98
-11799847.75,4655593.48,2165.92
-11799844.46,4655595.07,2165.94
-11799846.1,4655594.28,2165.83
-11799841.19,4655596.63,2166.03
-11799842.82,4655595.86,2166.01
-11799837.92,4655598.22,2166.09
-11799839.53,4655597.44,2166.04
-11799834.68,4655599.79,2166.1
-11799836.33,4655598.98,2166.08
-11799833.040000001,4655600.57,2166.06
-11799831.42,4655601.350000001,2166.06
-11799828.11,4655602.95,2166.09
-11799829.77,4655602.15,2166.08
-11799826.44,4655603.74,2166.08
-11799824.8,4655604.55,2166.04
-11799823.18,4655605.33,2166.02
-11799821.5,4655606.14,2165.92
-11799819.870000001,4655606.93,2165.86
-11799818.26,4655607.7,2165.9
-11799818.83,4655607.4,2168.5
-11799817.27,4655608.16,2168.8
-11799815.68,4655608.93,2169.1
-11799814.09,4655609.7,2169.34
-11799812.36,4655610.53,2168.96
-11799810.61,4655611.38,2168.6
-11799808.31,4655612.51,2165.65
-11799806.68,4655613.29,2165.69
-11799806.99,4655613.14,2167.01
-11799805.93,4655613.62,2169.67
-11799806.25,4655613.47,2171.07
-11799805.22,4655613.94,2173.72
-11799801.6,4655615.75,2165.15
-11799803.620000001,4655614.71,2173.92
-11799804.120000001,4655614.45,2176.07
-11799800.01,4655616.51,2165.3
-11799798.34,4655617.32,2165.28
-11799796.700000001,4655618.11,2165.33
-11799795.07,4655618.88,2165.46
-11799793.42,4655619.68,2165.44
-11799791.790000001,4655620.47,2165.38
-11799790.14,4655621.2700000005,2165.36
-11799788.450000001,4655622.09,2165.33
-11799786.77,4655622.87,2165.35
-11799785.11,4655623.69,2165.32
-11799783.48,4655624.46,2165.3
-11799781.83,4655625.2700000005,2165.26
-11799780.14,4655626.09,2165.22
-11799780.39,4655626.51,2165.23
-11799782.03,4655625.71,2165.24
-11799783.69,4655624.92,2165.28
-11799785.36,4655624.12,2165.31
-11799787.0,4655623.33,2165.33
-11799788.63,4655622.53,2165.33
-11799790.31,4655621.75,2165.38
-11799791.96,4655620.94,2165.36
-11799793.59,4655620.17,2165.38
-11799795.26,4655619.37,2165.4
-11799796.88,4655618.58,2165.3
-11799798.48,4655617.82,2165.29
-11799800.120000001,4655617.01,2165.27
-11799803.540000001,4655615.32,2172.92
-11799803.91,4655615.15,2174.49
-11799804.4,4655614.88,2176.65
-11799805.6,4655614.33,2174.77
-11799806.41,4655613.95,2171.15
-11799806.700000001,4655613.82,2172.42
-11799806.78,4655613.83,2165.61
-11799807.120000001,4655613.65,2167.15
-11799807.4,4655613.5,2168.36
-11799808.46,4655613.0200000005,2165.71
-11799810.78,4655611.88,2168.67
-11799812.48,4655611.05,2169.05
-11799814.21,4655610.22,2169.44
-11799815.790000001,4655609.46,2169.22
-11799817.35,4655608.7,2168.92
-11799819.96,4655607.49,2165.86
-11799818.94,4655607.97,2168.65
-11799821.620000001,4655606.68,2165.92
-11799823.26,4655605.91,2166.02
-11799823.81,4655605.62,2168.55
-11799824.91,4655605.09,2166.03
-11799826.56,4655604.32,2166.05
-11799828.22,4655603.5,2166.09
-11799829.84,4655602.74,2166.07
-11799833.07,4655601.18,2166.04
-11799831.44,4655601.97,2166.06
-11799836.36,4655599.61,2166.08
-11799834.72,4655600.39,2166.08
-11799837.99,4655598.8100000005,2166.08
-11799838.35,4655598.64,2167.85
-11799841.25,4655597.26,2166.03
-11799839.6,4655598.04,2166.05
-11799842.9,4655596.46,2166.02
-11799844.53,4655595.68,2165.96
-11799846.11,4655594.92,2165.81
-11799847.73,4655594.13,2165.88
-11799849.38,4655593.33,2165.94
-11799851.02,4655592.5600000005,2166.01
-11799852.67,4655591.75,2166.07
-11799854.33,4655590.97,2166.11
-11799855.950000001,4655590.18,2166.15
-11799857.55,4655589.42,2166.19
-11799859.18,4655588.64,2166.21
-11799857.69,4655590.97,2166.17
-11799859.33,4655590.17,2166.22
-11799854.370000001,4655592.57,2166.09
-11799856.05,4655591.76,2166.13
-11799852.71,4655593.37,2166.05
-11799851.09,4655594.15,2165.98
-11799849.47,4655594.94,2165.9
-11799847.84,4655595.72,2165.86
-11799846.200000001,4655596.51,2165.94
-11799844.57,4655597.29,2166.01
-11799842.99,4655598.0600000005,2166.09
-11799841.32,4655598.86,2166.11
-11799839.69,4655599.65,2166.13
-11799840.02,4655599.48,2167.67
-11799838.08,4655600.43,2166.32
-11799838.39,4655600.28,2167.8
-11799836.38,4655601.25,2166.11
-11799834.76,4655602.03,2166.1
-11799833.14,4655602.8100000005,2166.07
-11799831.49,4655603.61,2166.08
-11799829.86,4655604.4,2166.09
-11799828.23,4655605.18,2166.1
-11799826.59,4655605.97,2166.06
-11799824.96,4655606.7700000005,2166.04
-11799825.53,4655606.47,2168.67
-11799823.93,4655607.24,2168.88
-11799821.64,4655608.37,2165.9
-11799822.19,4655608.08,2168.44
-11799820.6,4655608.850000001,2168.75
-11799819.03,4655609.59,2169.05
-11799815.9,4655611.12,2169.63
-11799817.47,4655610.350000001,2169.34
-11799814.23,4655611.92,2169.55
-11799812.49,4655612.76,2169.19
-11799810.77,4655613.58,2168.82
-11799808.44,4655614.74,2165.69
-11799809.09,4655614.41,2168.57
-11799806.790000001,4655615.54,2165.67
-11799807.47,4655615.17,2168.73
-11799808.120000001,4655614.84,2171.55
-11799806.23,4655615.7700000005,2170.46
-11799806.57,4655615.600000001,2171.96
-11799806.94,4655615.42,2173.54
-11799805.65,4655616.0200000005,2175.11
-11799803.28,4655617.19,2171.81
-11799803.71,4655616.97,2173.69
-11799803.88,4655616.89,2174.4
-11799804.24,4655616.69,2176.01
-11799800.11,4655618.7700000005,2165.27
-11799798.46,4655619.54,2165.27
-11799796.790000001,4655620.37,2165.26
-11799795.15,4655621.15,2165.38
-11799793.53,4655621.93,2165.55
-11799791.88,4655622.72,2165.48
-11799790.19,4655623.53,2165.38
-11799788.53,4655624.34,2165.35
-11799786.86,4655625.16,2165.35
-11799785.200000001,4655625.94,2165.31
-11799786.72,4655625.75,2165.31
-11799788.370000001,4655624.95,2165.33
-11799790.040000001,4655624.15,2165.36
-11799793.36,4655622.53,2165.58
-11799791.72,4655623.350000001,2165.5
-11799794.94,4655621.8,2165.34
-11799796.56,4655621.01,2165.26
-11799798.24,4655620.21,2165.27
-11799799.870000001,4655619.42,2165.26
-11799801.540000001,4655618.62,2165.36
-11799802.14,4655618.3100000005,2168.0
-11799803.14,4655617.78,2172.33
-11799804.64,4655617.07,2171.69
-11799805.08,4655616.850000001,2173.59
-11799805.36,4655616.72,2174.81
-11799806.63,4655616.12,2173.25
-11799806.51,4655616.23,2165.61
-11799807.27,4655615.84,2168.98
-11799807.52,4655615.71,2170.01
-11799808.16,4655615.43,2165.69
-11799810.48,4655614.28,2168.78
-11799812.200000001,4655613.46,2169.15
-11799815.66,4655611.8,2169.81
-11799813.96,4655612.62,2169.52
-11799817.21,4655611.05,2169.54
-11799818.790000001,4655610.29,2169.25
-11799820.36,4655609.53,2168.94
-11799821.94,4655608.78,2168.65
-11799823.59,4655607.99,2168.82
-11799825.200000001,4655607.21,2168.88
-11799826.21,4655606.73,2166.01
-11799826.77,4655606.46,2168.58
-11799827.88,4655605.94,2166.08
-11799829.540000001,4655605.14,2166.1
-11799831.16,4655604.36,2166.07
-11799832.790000001,4655603.58,2166.07
-11799834.44,4655602.78,2166.09
-11799836.1,4655601.98,2166.11
-11799837.78,4655601.16,2166.38
-11799839.370000001,4655600.39,2166.22
-11799840.97,4655599.65,2166.1
-11799842.6,4655598.86,2166.11
-11799844.22,4655598.07,2166.04
-11799845.84,4655597.3,2165.96
-11799847.46,4655596.51,2165.92
-11799849.07,4655595.75,2165.86
-11799850.700000001,4655594.96,2165.9
-11799852.34,4655594.16,2165.98
-11799854.01,4655593.37,2166.05
-11799855.63,4655592.57,2166.1
-11799857.290000001,4655591.79,2166.15
-11799858.93,4655590.99,2166.19
-11799855.66,4655594.18,2166.07
-11799858.93,4655592.61,2166.17
-11799854.03,4655594.99,2166.01
-11799857.3,4655593.4,2166.13
-11799852.370000001,4655595.76,2165.9
-11799850.84,4655596.5200000005,2166.48
-11799847.49,4655598.14,2166.01
-11799849.120000001,4655597.350000001,2166.02
-11799844.200000001,4655599.73,2166.06
-11799845.84,4655598.94,2166.03
-11799841.0,4655601.2700000005,2166.15
-11799842.620000001,4655600.5,2166.15
-11799839.34,4655602.07,2166.13
-11799837.8,4655602.8100000005,2166.67
-11799836.1,4655603.64,2166.35
-11799834.41,4655604.45,2166.11
-11799832.790000001,4655605.25,2166.09
-11799831.14,4655606.04,2166.05
-11799829.5,4655606.82,2166.04
-11799828.4,4655607.350000001,2168.69
-11799827.85,4655607.63,2166.13
-11799826.81,4655608.11,2169.03
-11799825.27,4655608.86,2169.31
-11799823.58,4655609.69,2168.97
-11799821.96,4655610.46,2169.06
-11799820.35,4655611.23,2169.38
-11799818.78,4655612.0,2169.65
-11799817.22,4655612.74,2169.94
-11799815.6,4655613.53,2170.05
-11799813.9,4655614.36,2169.65
-11799812.16,4655615.2,2169.26
-11799810.43,4655616.04,2168.9
-11799808.040000001,4655617.19,2165.61
-11799808.72,4655616.86,2168.57
-11799806.39,4655618.0,2165.6
-11799807.08,4655617.65,2168.61
-11799804.73,4655618.8,2165.6
-11799805.02,4655618.66,2166.83
-11799805.3,4655618.5,2168.07
-11799803.13,4655619.58,2165.69
-11799803.74,4655619.28,2168.31
-11799801.370000001,4655620.42,2165.3
-11799802.25,4655619.99,2169.1
-11799799.71,4655621.23,2165.29
-11799798.040000001,4655622.03,2165.25
-11799796.39,4655622.82,2165.22
-11799794.74,4655623.63,2165.26
-11799791.51,4655625.19,2165.4
-11799793.19,4655624.38,2165.65
-11799789.86,4655626.0,2165.35
-11799791.07,4655625.93,2165.36
-11799792.78,4655625.100000001,2165.67
-11799794.33,4655624.37,2165.25
-11799795.96,4655623.58,2165.19
-11799797.63,4655622.78,2165.19
-11799800.92,4655621.19,2165.3
-11799799.28,4655621.98,2165.22
-11799802.58,4655620.39,2165.44
-11799803.26,4655620.05,2168.36
-11799804.27,4655619.58,2165.5
-11799804.68,4655619.37,2167.32
-11799805.950000001,4655618.7700000005,2165.6
-11799806.24,4655618.61,2166.92
-11799806.63,4655618.42,2168.58
-11799808.290000001,4655617.62,2168.65
-11799809.97,4655616.8,2168.83
-11799811.67,4655615.98,2169.17
-11799815.1,4655614.33,2169.92
-11799813.370000001,4655615.16,2169.56
-11799818.31,4655612.78,2169.9
-11799816.78,4655613.5200000005,2170.19
-11799819.88,4655612.03,2169.61
-11799821.47,4655611.2700000005,2169.33
-11799823.07,4655610.5,2169.02
-11799824.76,4655609.69,2169.22
-11799826.370000001,4655608.91,2169.19
-11799827.92,4655608.16,2168.85
-11799828.98,4655607.66,2166.02
-11799830.63,4655606.88,2166.09
-11799832.23,4655606.100000001,2166.07
-11799833.85,4655605.32,2166.08
-11799835.48,4655604.54,2166.1
-11799837.26,4655603.68,2166.76
-11799838.78,4655602.95,2166.26
-11799840.4,4655602.17,2166.17
-11799842.05,4655601.38,2166.17
-11799843.66,4655600.600000001,2166.1
-11799845.290000001,4655599.82,2166.05
-11799846.92,4655599.03,2166.04
-11799848.56,4655598.24,2166.03
-11799850.26,4655597.42,2166.5
-11799851.78,4655596.68,2165.96
-11799853.38,4655595.91,2165.92
-11799855.040000001,4655595.12,2166.01
-11799856.700000001,4655594.32,2166.07
-11799858.35,4655593.51,2166.13
-11799858.5,4655595.09,2166.08
-11799856.85,4655595.89,2166.04
-11799855.19,4655596.69,2165.92
-11799853.59,4655597.46,2166.04
-11799851.98,4655598.26,2166.07
-11799850.34,4655599.04,2166.09
-11799848.71,4655599.83,2166.11
-11799847.06,4655600.63,2166.09
-11799845.44,4655601.42,2166.11
-11799843.81,4655602.21,2166.1
-11799842.21,4655602.98,2166.24
-11799840.58,4655603.7700000005,2166.19
-11799838.96,4655604.55,2166.17
-11799837.38,4655605.3,2166.63
-11799835.66,4655606.14,2166.32
-11799834.25,4655606.8100000005,2167.4
-11799833.99,4655606.96,2166.15
-11799831.0,4655608.39,2167.32
-11799832.59,4655607.62,2167.23
-11799829.040000001,4655609.34,2165.9
-11799829.35,4655609.19,2167.31
-11799827.46,4655610.12,2166.09
-11799828.0,4655609.82,2168.63
-11799826.450000001,4655610.58,2169.04
-11799824.89,4655611.34,2169.36
-11799823.25,4655612.11,2169.38
-11799821.69,4655612.87,2169.69
-11799820.1,4655613.65,2169.99
-11799818.51,4655614.41,2170.24
-11799815.07,4655616.08,2169.57
-11799816.8,4655615.25,2169.9
-11799813.38,4655616.9,2169.42
-11799811.69,4655617.72,2169.13
-11799810.02,4655618.53,2168.86
-11799808.38,4655619.32,2168.94
-11799805.92,4655620.5200000005,2165.44
-11799806.64,4655620.14,2168.61
-11799804.33,4655621.3,2165.61
-11799804.790000001,4655621.0600000005,2167.58
-11799799.3,4655623.74,2165.26
-11799802.67,4655622.100000001,2165.61
-11799797.620000001,4655624.53,2165.21
-11799800.96,4655622.92,2165.36
-11799795.96,4655625.34,2165.13
-11799794.28,4655626.15,2165.19
-11799796.51,4655625.7,2165.13
-11799798.19,4655624.89,2165.17
-11799799.870000001,4655624.09,2165.29
-11799801.57,4655623.25,2165.47
-11799803.28,4655622.42,2165.57
-11799804.99,4655621.61,2165.63
-11799807.38,4655620.44,2168.73
-11799809.15,4655619.59,2169.1
-11799810.790000001,4655618.8,2168.92
-11799812.52,4655617.95,2169.29
-11799814.16,4655617.18,2169.22
-11799815.91,4655616.34,2169.52
-11799817.64,4655615.48,2169.84
-11799819.4,4655614.64,2170.21
-11799821.01,4655613.87,2170.0
-11799822.6,4655613.11,2169.67
-11799824.21,4655612.33,2169.4
-11799825.82,4655611.55,2169.13
-11799827.4,4655610.79,2168.81
-11799828.47,4655610.29,2166.0
-11799829.0,4655610.0200000005,2168.47
-11799830.49,4655609.3,2167.59
-11799832.14,4655608.51,2167.72
-11799833.78,4655607.73,2167.63
-11799835.23,4655607.04,2166.52
-11799836.94,4655606.22,2166.74
-11799838.52,4655605.46,2166.24
-11799840.16,4655604.66,2166.21
-11799841.81,4655603.87,2166.22
-11799843.47,4655603.07,2166.13
-11799845.13,4655602.26,2166.11
-11799850.06,4655599.89,2166.13
-11799846.75,4655601.48,2166.09
-11799851.67,4655599.12,2166.09
-11799848.4,4655600.69,2166.13
-11799853.33,4655598.32,2166.07
-11799855.0,4655597.5200000005,2165.99
-11799856.64,4655596.73,2165.94
-11799858.290000001,4655595.93,2166.05
-11799859.94,4655595.13,2166.1
-11799859.58,4655596.95,2166.03
-11799854.69,4655599.32,2166.13
-11799857.94,4655597.75,2165.94
-11799853.06,4655600.100000001,2166.15
-11799856.34,4655598.53,2166.08
-11799851.47,4655600.88,2166.17
-11799849.84,4655601.67,2166.19
-11799848.21,4655602.45,2166.21
-11799844.91,4655604.05,2166.17
-11799846.55,4655603.25,2166.13
-11799843.290000001,4655604.84,2166.21
-11799841.69,4655605.600000001,2166.28
-11799840.02,4655606.42,2166.26
-11799838.370000001,4655607.22,2166.22
-11799836.78,4655607.99,2166.35
-11799835.11,4655608.8,2166.08
-11799833.89,4655609.38,2168.13
-11799832.3,4655610.14,2168.44
-11799830.71,4655610.9,2168.63
-11799829.16,4655611.66,2168.9
-11799827.58,4655612.42,2169.21
-11799826.01,4655613.19,2169.52
-11799824.43,4655613.95,2169.81
-11799822.83,4655614.71,2170.11
-11799821.21,4655615.5,2170.13
-11799819.49,4655616.32,2169.79
-11799816.07,4655617.99,2169.15
-11799817.76,4655617.17,2169.48
-11799814.39,4655618.8,2169.02
-11799812.83,4655619.55,2169.4
-11799811.15,4655620.36,2169.21
-11799809.58,4655621.14,2169.4
-11799807.85,4655621.98,2169.01
-11799805.41,4655623.16,2165.69
-11799806.09,4655622.83,2168.61
-11799803.77,4655623.96,2165.73
-11799802.16,4655624.75,2165.76
-11799800.42,4655625.58,2165.34
-11799798.74,4655626.4,2165.25
-11799802.44,4655625.17,2165.61
-11799800.74,4655625.98,2165.32
-11799804.120000001,4655624.34,2165.71
-11799806.42,4655623.24,2168.63
-11799808.11,4655622.41,2169.03
-11799809.8,4655621.600000001,2169.35
-11799811.42,4655620.82,2169.28
-11799813.09,4655620.01,2169.32
-11799814.66,4655619.26,2168.94
-11799816.31,4655618.46,2169.0
-11799818.0,4655617.65,2169.33
-11799819.700000001,4655616.82,2169.65
-11799821.43,4655615.98,2169.96
-11799823.13,4655615.15,2170.19
-11799824.69,4655614.39,2169.88
-11799826.24,4655613.67,2169.61
-11799827.790000001,4655612.92,2169.31
-11799829.370000001,4655612.15,2169.01
-11799830.93,4655611.41,2168.72
-11799832.49,4655610.67,2168.46
-11799835.57,4655609.18,2167.6
-11799834.07,4655609.9,2168.17
-11799836.950000001,4655608.51,2166.22
-11799835.26,4655609.34,2166.11
-11799837.31,4655608.33,2167.92
-11799838.59,4655607.73,2166.17
-11799840.19,4655606.95,2166.26
-11799841.83,4655606.16,2166.28
-11799843.450000001,4655605.39,2166.22
-11799845.1,4655604.59,2166.17
-11799846.73,4655603.79,2166.15
-11799848.34,4655603.0200000005,2166.21
-11799849.94,4655602.25,2166.22
-11799851.58,4655601.47,2166.17
-11799853.23,4655600.67,2166.15
-11799854.86,4655599.88,2166.13
-11799856.46,4655599.100000001,2166.1
-11799858.07,4655598.32,2166.02
-11799859.71,4655597.54,2165.97
-11799858.84,4655599.69,2166.11
-11799857.21,4655600.47,2166.15
-11799855.59,4655601.2700000005,2166.17
-11799852.34,4655602.84,2166.24
-11799853.96,4655602.0600000005,2166.21
-11799850.700000001,4655603.63,2166.22
-11799849.1,4655604.41,2166.27
-11799847.46,4655605.21,2166.25
-11799845.8,4655606.01,2166.22
-11799844.18,4655606.79,2166.25
-11799840.93,4655608.37,2166.34
-11799842.53,4655607.59,2166.27
-11799839.27,4655609.16,2166.28
-11799837.6,4655609.98,2166.17
-11799837.96,4655609.8,2167.88
-11799835.93,4655610.79,2165.99
-11799836.450000001,4655610.5200000005,2168.44
-11799834.72,4655611.37,2167.94
-11799833.1,4655612.16,2168.02
-11799832.64,4655612.38,2165.88
-11799830.02,4655613.64,2168.98
-11799831.6,4655612.88,2168.65
-11799826.96,4655615.11,2169.67
-11799828.49,4655614.38,2169.34
-11799825.370000001,4655615.89,2170.03
-11799823.700000001,4655616.7,2170.0
-11799821.98,4655617.53,2169.63
-11799820.28,4655618.34,2169.31
-11799818.55,4655619.19,2168.99
-11799816.83,4655620.0200000005,2168.67
-11799813.66,4655621.57,2169.01
-11799815.21,4655620.8100000005,2168.65
-11799810.38,4655623.14,2169.09
-11799812.1,4655622.32,2169.38
-11799808.65,4655623.97,2168.69
-11799806.35,4655625.11,2165.78
-11799804.71,4655625.91,2165.73
-11799804.77,4655626.46,2165.65
-11799806.41,4655625.67,2165.72
-11799808.700000001,4655624.55,2168.65
-11799812.11,4655622.91,2169.35
-11799810.42,4655623.72,2169.06
-11799813.69,4655622.14,2169.0
-11799815.22,4655621.41,2168.63
-11799816.22,4655620.94,2165.74
-11799818.56,4655619.8,2168.81
-11799816.84,4655620.62,2168.54
-11799821.96,4655618.15,2169.44
-11799820.26,4655618.98,2169.11
-11799825.34,4655616.51,2170.01
-11799823.69,4655617.32,2169.78
-11799826.89,4655615.75,2169.67
-11799828.47,4655614.99,2169.31
-11799830.03,4655614.26,2168.97
-11799831.59,4655613.51,2168.63
-11799832.64,4655613.01,2165.88
-11799834.25,4655612.24,2165.75
-11799834.67,4655612.03,2167.74
-11799835.91,4655611.44,2165.98
-11799836.38,4655611.2,2168.19
-11799838.1,4655610.37,2168.57
-11799839.24,4655609.82,2166.31
-11799840.870000001,4655609.03,2166.32
-11799842.51,4655608.25,2166.27
-11799844.15,4655607.45,2166.26
-11799845.75,4655606.69,2166.23
-11799847.39,4655605.9,2166.27
-11799849.03,4655605.100000001,2166.27
-11799850.65,4655604.32,2166.24
-11799852.27,4655603.55,2166.25
-11799853.89,4655602.75,2166.23
-11799855.53,4655601.96,2166.19
-11799857.15,4655601.19,2166.15
-11799858.73,4655600.43,2166.13
-11799859.97,4655601.2700000005,2166.19
-11799858.34,4655602.0600000005,2166.21
-11799856.73,4655602.850000001,2166.24
-11799855.1,4655603.63,2166.26
-11799853.48,4655604.41,2166.28
-11799851.84,4655605.22,2166.3
-11799850.21,4655606.0,2166.3
-11799848.58,4655606.8,2166.33
-11799845.32,4655608.37,2166.29
-11799846.950000001,4655607.58,2166.32
-11799843.71,4655609.16,2166.32
-11799842.05,4655609.96,2166.31
-11799840.44,4655610.73,2166.42
-11799839.25,4655611.3,2168.59
-11799837.67,4655612.0600000005,2168.78
-11799835.46,4655613.16,2166.05
-11799833.77,4655613.97,2165.94
-11799832.120000001,4655614.7700000005,2165.9
-11799831.06,4655615.2700000005,2168.59
-11799829.53,4655616.0200000005,2168.97
-11799827.99,4655616.76,2169.31
-11799826.44,4655617.5,2169.63
-11799824.81,4655618.29,2169.67
-11799823.08,4655619.14,2169.33
-11799821.38,4655619.96,2169.01
-11799819.67,4655620.8,2168.67
-11799815.700000001,4655622.72,2165.75
-11799817.98,4655621.61,2168.63
-11799813.17,4655623.95,2169.0
-11799814.71,4655623.2,2168.63
-11799809.89,4655625.51,2169.11
-11799811.620000001,4655624.69,2169.36
-11799808.14,4655626.37,2168.71
-11799811.18,4655625.49,2169.38
-11799809.46,4655626.32,2168.96
-11799814.290000001,4655624.0,2168.73
-11799812.72,4655624.73,2169.09
-11799815.25,4655623.55,2165.75
-11799816.89,4655622.75,2165.74
-11799817.41,4655622.49,2168.04
-11799819.22,4655621.61,2168.8
-11799820.83,4655620.83,2168.71
-11799822.57,4655620.0,2169.05
-11799824.28,4655619.16,2169.34
-11799825.99,4655618.33,2169.69
-11799829.08,4655616.86,2169.06
-11799827.540000001,4655617.59,2169.38
-11799830.65,4655616.100000001,2168.71
-11799831.67,4655615.600000001,2165.83
-11799833.28,4655614.84,2165.9
-11799834.96,4655614.01,2166.01
-11799836.620000001,4655613.22,2166.09
-11799837.09,4655612.98,2168.27
-11799838.83,4655612.15,2168.78
-11799840.27,4655611.44,2167.9
-11799841.540000001,4655610.850000001,2166.33
-11799843.17,4655610.0600000005,2166.32
-11799844.81,4655609.26,2166.31
-11799846.44,4655608.49,2166.31
-11799848.05,4655607.7,2166.33
-11799849.66,4655606.93,2166.31
-11799851.3,4655606.14,2166.28
-11799852.94,4655605.350000001,2166.29
-11799854.56,4655604.55,2166.26
-11799856.19,4655603.78,2166.23
-11799859.43,4655602.2,2166.19
-11799857.8,4655603.0,2166.23
-11799856.06,4655605.53,2166.28
-11799859.33,4655603.95,2166.26
-11799852.82,4655607.11,2166.32
-11799857.68,4655604.73,2166.28
-11799849.55,4655608.67,2166.33
-11799854.44,4655606.32,2166.3
-11799847.950000001,4655609.46,2166.35
-11799851.19,4655607.9,2166.34
-11799846.32,4655610.25,2166.36
-11799844.65,4655611.0600000005,2166.35
-11799843.01,4655611.850000001,2166.38
-11799839.73,4655613.45,2166.33
-11799841.38,4655612.65,2166.4
-11799836.46,4655615.01,2166.17
-11799838.11,4655614.22,2166.28
-11799833.06,4655616.67,2165.74
-11799834.76,4655615.83,2165.99
-11799833.950000001,4655616.22,2169.84
-11799831.47,4655617.45,2165.92
-11799832.370000001,4655616.98,2170.11
-11799830.43,4655617.95,2168.67
-11799831.19,4655617.55,2172.25
-11799831.53,4655617.38,2173.81
-11799828.85,4655618.71,2169.0
-11799829.59,4655618.33,2172.38
-11799830.07,4655618.08,2174.58
-11799827.290000001,4655619.44,2169.35
-11799827.89,4655619.15,2172.07
-11799825.620000001,4655620.26,2169.21
-11799823.92,4655621.08,2168.88
-11799821.57,4655622.25,2165.61
-11799822.22,4655621.9,2168.56
-11799820.68,4655622.66,2169.02
-11799819.03,4655623.46,2169.03
-11799816.64,4655624.63,2165.76
-11799815.03,4655625.4,2165.79
-11799814.05,4655625.87,2168.63
-11799814.42,4655626.18,2166.13
-11799814.93,4655625.91,2168.38
-11799815.99,4655625.41,2165.75
-11799817.61,4655624.63,2165.67
-11799818.31,4655624.29,2168.82
-11799820.0,4655623.46,2169.11
-11799820.9,4655623.04,2165.67
-11799821.450000001,4655622.76,2168.13
-11799823.18,4655621.94,2168.6
-11799822.540000001,4655622.25,2165.73
-11799824.88,4655621.11,2168.9
-11799826.57,4655620.3,2169.23
-11799828.93,4655619.13,2172.61
-11799829.450000001,4655618.87,2175.02
-11799830.61,4655618.33,2172.72
-11799830.97,4655618.15,2174.32
-11799832.47,4655617.41,2173.72
-11799832.07,4655617.62,2171.85
-11799832.39,4655617.5,2165.88
-11799833.19,4655617.08,2169.6
-11799833.55,4655616.91,2171.29
-11799834.03,4655616.7,2166.02
-11799834.790000001,4655616.3100000005,2169.57
-11799835.68,4655615.9,2166.07
-11799837.35,4655615.100000001,2166.25
-11799839.01,4655614.29,2166.25
-11799839.64,4655613.96,2169.25
-11799840.67,4655613.5,2166.38
-11799842.290000001,4655612.7,2166.38
-11799843.93,4655611.93,2166.36
-11799845.57,4655611.13,2166.36
-11799848.78,4655609.58,2166.34
-11799847.17,4655610.350000001,2166.36
-11799852.05,4655608.0,2166.32
-11799850.42,4655608.79,2166.33
-11799853.67,4655607.22,2166.29
-11799855.27,4655606.44,2166.28
-11799856.9,4655605.65,2166.28
-11799858.53,4655604.87,2166.25
-11799858.71,4655606.28,2166.31
-11799857.07,4655607.09,2166.32
-11799855.43,4655607.86,2166.31
-11799853.8,4655608.66,2166.34
-11799852.200000001,4655609.44,2166.36
-11799850.56,4655610.24,2166.36
-11799848.92,4655611.0200000005,2166.42
-11799847.290000001,4655611.82,2166.38
-11799845.67,4655612.61,2166.42
-11799844.02,4655613.41,2166.38
-11799842.44,4655614.17,2166.69
-11799842.99,4655613.87,2169.33
-11799841.38,4655614.67,2169.4
-11799839.76,4655615.46,2169.42
-11799837.46,4655616.59,2166.28
-11799834.11,4655618.21,2165.81
-11799835.82,4655617.38,2166.15
-11799835.040000001,4655617.74,2170.13
-11799833.83,4655618.32,2172.08
-11799830.86,4655619.78,2165.76
-11799831.67,4655619.38,2169.46
-11799832.47,4655618.98,2173.19
-11799832.85,4655618.78,2174.97
-11799826.55,4655621.850000001,2168.8
-11799831.14,4655619.62,2174.57
-11799827.06,4655621.61,2171.11
-11799829.4,4655620.46,2174.29
-11799828.01,4655621.13,2175.42
-11799827.67,4655621.3,2173.88
-11799824.870000001,4655622.68,2168.53
-11799824.25,4655622.99,2165.67
-11799822.64,4655623.76,2165.71
-11799821.0,4655624.57,2165.69
-11799819.32,4655625.38,2165.65
-11799819.950000001,4655625.0600000005,2168.48
-11799817.71,4655626.17,2165.88
-11799818.27,4655626.47,2165.94
-11799821.47,4655624.93,2165.65
-11799819.85,4655625.72,2165.63
-11799823.13,4655624.13,2165.69
-11799823.950000001,4655623.7,2169.4
-11799824.78,4655623.32,2165.69
-11799825.4,4655623.0200000005,2168.53
-11799825.72,4655622.86,2169.97
-11799825.96,4655622.74,2171.07
-11799828.17,4655621.65,2173.73
-11799827.85,4655621.82,2172.26
-11799829.8,4655620.88,2173.71
-11799828.51,4655621.48,2175.29
-11799831.26,4655620.17,2172.94
-11799831.59,4655619.99,2174.49
-11799832.88,4655619.38,2173.02
-11799833.290000001,4655619.16,2174.9
-11799834.32,4655618.7,2172.11
-11799834.64,4655618.5600000005,2165.96
-11799835.51,4655618.12,2170.1
-11799836.33,4655617.74,2166.15
-11799837.99,4655616.95,2166.25
-11799838.63,4655616.63,2169.25
-11799840.3,4655615.8100000005,2169.55
-11799841.9,4655615.05,2169.47
-11799842.92,4655614.57,2166.5
-11799843.450000001,4655614.29,2169.08
-11799844.52,4655613.79,2166.36
-11799846.17,4655612.98,2166.5
-11799847.790000001,4655612.22,2166.36
-11799848.05,4655612.09,2167.65
-11799849.620000001,4655611.32,2167.42
-11799851.0,4655610.67,2166.35
-11799852.65,4655609.87,2166.36
-11799854.28,4655609.08,2166.32
-11799855.91,4655608.28,2166.31
-11799857.56,4655607.51,2166.29
-11799859.17,4655606.72,2166.3
-11799859.63,4655608.01,2166.34
-11799858.01,4655608.8,2166.35
-11799856.39,4655609.58,2166.36
-11799854.77,4655610.37,2166.36
-11799853.13,4655611.15,2166.38
-11799851.5,4655611.96,2166.4
-11799850.23,4655612.5600000005,2168.19
-11799848.69,4655613.3100000005,2168.52
-11799846.66,4655614.29,2166.58
-11799845.03,4655615.08,2166.61
-11799845.55,4655614.8100000005,2169.11
-11799843.98,4655615.57,2169.47
-11799842.42,4655616.34,2169.84
-11799840.83,4655617.100000001,2169.92
-11799839.09,4655617.96,2169.42
-11799836.78,4655619.07,2166.26
-11799837.51,4655618.72,2169.69
-11799836.18,4655619.350000001,2171.19
-11799836.58,4655619.15,2173.1
-11799833.83,4655620.49,2167.9
-11799834.4,4655620.21,2170.57
-11799834.98,4655619.92,2173.23
-11799833.65,4655620.57,2174.5
-11799831.48,4655621.63,2171.98
-11799831.96,4655621.39,2174.17
-11799830.24,4655622.22,2173.9
-11799826.8,4655623.91,2165.69
-11799828.27,4655623.18,2172.36
-11799828.88,4655622.88,2175.17
-11799825.17,4655624.7,2165.74
-11799826.120000001,4655624.24,2169.98
-11799823.51,4655625.51,2165.65
-11799824.36,4655625.08,2169.48
-11799821.870000001,4655626.3100000005,2165.65
-11799824.76,4655624.9,2171.26
-11799822.950000001,4655625.76,2170.53
-11799823.25,4655626.14,2170.92
-11799823.74,4655625.92,2165.67
-11799824.63,4655625.47,2169.71
-11799824.94,4655625.33,2171.07
-11799826.370000001,4655624.63,2170.07
-11799825.41,4655625.12,2165.73
-11799828.1,4655623.8100000005,2170.57
-11799827.02,4655624.350000001,2165.65
-11799828.99,4655623.36,2174.63
-11799828.59,4655623.55,2172.75
-11799830.01,4655622.88,2171.86
-11799830.42,4655622.67,2173.73
-11799831.75,4655622.04,2172.32
-11799832.03,4655621.89,2173.65
-11799833.82,4655621.03,2174.4
-11799834.68,4655620.62,2170.81
-11799835.22,4655620.36,2173.28
-11799836.950000001,4655619.5600000005,2166.21
-11799836.77,4655619.61,2173.02
-11799839.27,4655618.4,2169.46
-11799837.73,4655619.15,2169.92
-11799842.64,4655616.79,2169.96
-11799841.0,4655617.58,2169.92
-11799844.18,4655616.04,2169.61
-11799845.18,4655615.55,2166.65
-11799848.39,4655614.0200000005,2166.38
-11799845.71,4655615.3,2169.21
-11799848.790000001,4655613.8100000005,2168.32
-11799846.81,4655614.79,2166.59
-11799853.27,4655611.67,2166.35
-11799850.43,4655613.03,2168.26
-11799854.93,4655610.86,2166.35
-11799851.76,4655612.39,2166.88
-11799856.56,4655610.07,2166.35
-11799858.17,4655609.3100000005,2166.33
-11799859.78,4655608.51,2166.31
-11799858.91,4655610.57,2166.38
-11799857.28,4655611.36,2166.38
-11799855.64,4655612.16,2166.38
-11799854.040000001,4655612.93,2166.42
-11799852.620000001,4655613.61,2167.44
-11799850.75,4655614.5200000005,2166.42
-11799850.97,4655614.41,2167.48
-11799849.75,4655615.0,2169.38
-11799847.55,4655616.07,2166.63
-11799848.07,4655615.82,2169.15
-11799846.49,4655616.57,2169.54
-11799844.93,4655617.33,2169.92
-11799843.39,4655618.07,2170.3
-11799841.790000001,4655618.850000001,2170.38
-11799840.06,4655619.68,2169.85
-11799838.34,4655620.5200000005,2169.38
-11799838.700000001,4655620.33,2171.07
-11799836.9,4655621.21,2170.4
-11799837.32,4655621.01,2172.35
-11799835.88,4655621.7,2173.27
-11799835.4,4655621.92,2171.07
-11799833.700000001,4655622.73,2178.23
-11799834.73,4655622.25,2175.38
-11799831.26,4655623.94,2174.54
-11799830.88,4655624.12,2172.83
-11799831.73,4655623.69,2176.74
-11799832.19,4655623.47,2178.84
-11799827.700000001,4655625.68,2165.8
-11799828.53,4655625.25,2169.57
-11799826.05,4655626.49,2165.72
-11799827.1,4655625.96,2170.53
-11799827.5,4655626.25,2165.79
-11799828.200000001,4655625.9,2168.92
-11799828.55,4655625.73,2170.53
-11799831.11,4655624.48,2174.84
-11799832.08,4655623.98,2179.24
-11799831.620000001,4655624.21,2177.17
-11799833.25,4655623.43,2177.29
-11799833.78,4655623.17,2179.73
-11799834.92,4655622.62,2177.36
-11799835.370000001,4655622.43,2171.73
-11799835.52,4655622.34,2172.46
-11799836.370000001,4655621.95,2169.01
-11799836.58,4655621.86,2169.94
-11799838.07,4655621.13,2169.35
-11799838.44,4655620.95,2171.11
-11799839.82,4655620.29,2169.78
-11799841.540000001,4655619.44,2170.25
-11799843.21,4655618.65,2170.51
-11799844.73,4655617.92,2170.11
-11799846.3,4655617.15,2169.72
-11799847.870000001,4655616.38,2169.38
-11799849.5,4655615.61,2169.42
-11799851.11,4655614.84,2169.25
-11799852.38,4655614.23,2167.58
-11799853.89,4655613.48,2167.1
-11799855.38,4655612.78,2166.38
-11799857.01,4655612.0,2166.36
-11799858.620000001,4655611.23,2166.36
-11799859.63,4655612.33,2166.36
-11799858.03,4655613.11,2166.38
-11799856.52,4655613.83,2167.08
-11799854.98,4655614.58,2167.49
-11799853.35,4655615.36,2167.42
-11799853.16,4655615.45,2166.46
-11799852.13,4655615.94,2169.52
-11799853.700000001,4655615.19,2169.09
-11799850.56,4655616.7,2169.85
-11799848.89,4655617.51,2169.65
-11799847.35,4655618.25,2170.01
-11799845.790000001,4655619.01,2170.36
-11799844.23,4655619.7700000005,2170.76
-11799842.55,4655620.5600000005,2170.61
-11799840.82,4655621.41,2170.15
-11799839.1,4655622.25,2169.72
-11799837.52,4655623.01,2170.07
-11799836.53,4655623.48,2173.05
-11799836.1,4655623.67,2178.34
-11799835.0,4655624.21,2180.67
-11799833.39,4655624.98,2180.77
-11799830.98,4655626.16,2177.13
-11799831.65,4655625.83,2180.21
-11799833.23,4655625.57,2182.35
-11799834.73,4655624.86,2181.76
-11799835.92,4655624.29,2179.79
-11799836.57,4655623.98,2175.35
-11799836.88,4655623.83,2176.79
-11799837.5,4655623.55,2172.21
-11799836.97,4655623.8100000005,2169.67
-11799840.28,4655622.21,2169.83
-11799838.56,4655623.05,2169.4
-11799843.74,4655620.55,2170.65
-11799842.02,4655621.36,2170.23
-11799845.31,4655619.79,2170.65
-11799846.85,4655619.04,2170.28
-11799851.67,4655616.71,2169.76
-11799848.43,4655618.29,2169.92
-11799853.22,4655615.98,2169.42
-11799850.040000001,4655617.51,2169.72
-11799854.48,4655615.38,2167.57
-11799854.77,4655615.23,2168.99
-11799856.06,4655614.61,2167.32
-11799857.59,4655613.87,2166.9
-11799859.1,4655613.15,2166.36
-11799859.38,4655614.48,2167.96
-11799857.66,4655615.32,2167.4
-11799856.040000001,4655616.08,2167.38
-11799856.39,4655615.92,2169.08
-11799854.82,4655616.68,2169.49
-11799853.26,4655617.43,2169.86
-11799851.71,4655618.19,2170.21
-11799850.02,4655619.0,2170.01
-11799848.47,4655619.75,2170.36
-11799846.92,4655620.5,2170.73
-11799845.23,4655621.3100000005,2170.57
-11799843.51,4655622.15,2170.15
-11799841.81,4655622.97,2169.77
-11799840.11,4655623.79,2169.33
-11799837.82,4655624.91,2166.28
-11799837.38,4655625.100000001,2171.8
-11799836.36,4655625.59,2174.81
-11799836.77,4655625.38,2176.65
-11799835.81,4655625.84,2179.8
-11799836.02,4655626.2700000005,2176.42
-11799836.47,4655626.0600000005,2178.42
-11799836.6,4655626.0200000005,2171.57
-11799836.870000001,4655625.88,2172.86
-11799837.31,4655625.67,2174.85
-11799837.07,4655625.8,2166.22
-11799837.56,4655625.5600000005,2168.51
-11799837.92,4655625.39,2170.15
-11799838.3,4655625.2,2171.94
-11799838.700000001,4655625.01,2166.26
-11799842.73,4655623.07,2169.77
-11799841.02,4655623.88,2169.35
-11799844.42,4655622.24,2170.17
-11799846.120000001,4655621.43,2170.58
-11799847.81,4655620.600000001,2170.72
-11799849.39,4655619.84,2170.31
-11799850.97,4655619.100000001,2170.15
-11799852.59,4655618.3100000005,2170.17
-11799855.69,4655616.8100000005,2169.46
-11799854.13,4655617.57,2169.82
-11799856.93,4655616.23,2167.46
-11799857.24,4655616.0600000005,2169.05
-11799858.59,4655615.41,2167.73
-11799858.8,4655617.0,2167.54
-11799858.57,4655617.11,2166.4
-11799857.59,4655617.59,2169.54
-11799859.13,4655616.84,2169.15
-11799854.47,4655619.100000001,2170.28
-11799856.040000001,4655618.32,2169.92
-11799852.89,4655619.86,2170.65
-11799851.21,4655620.66,2170.46
-11799849.68,4655621.39,2170.81
-11799846.4,4655622.99,2170.59
-11799848.11,4655622.15,2171.08
-11799842.92,4655624.67,2169.63
-11799844.67,4655623.82,2170.11
-11799841.200000001,4655625.49,2169.19
-11799839.43,4655626.350000001,2168.6
-11799840.21,4655626.41,2168.98
-11799841.92,4655625.59,2169.34
-11799843.64,4655624.75,2169.82
-11799845.41,4655623.89,2170.27
-11799848.85,4655622.25,2171.11
-11799847.14,4655623.0600000005,2170.74
-11799850.42,4655621.49,2170.76
-11799852.01,4655620.73,2170.61
-11799853.63,4655619.94,2170.61
-11799855.22,4655619.18,2170.24
-11799856.8,4655618.42,2169.83
-11799858.33,4655617.68,2169.42
-11799859.31,4655617.21,2166.22
-11799859.59,4655617.08,2167.58
-11799859.86,4655618.55,2166.31
-11799858.22,4655619.34,2166.31
-11799858.790000001,4655619.05,2169.15
-11799855.72,4655620.54,2169.99
-11799857.26,4655619.8,2169.59
-11799854.18,4655621.28,2170.42
-11799852.66,4655622.0,2170.82
-11799851.06,4655622.79,2171.1
-11799849.39,4655623.59,2171.06
-11799847.63,4655624.44,2170.46
-11799845.92,4655625.2700000005,2170.04
-11799844.22,4655626.09,2169.63
-11799846.11,4655625.7,2169.85
-11799847.84,4655624.89,2170.24
-11799849.51,4655624.0600000005,2170.61
-11799851.25,4655623.23,2171.07
-11799852.82,4655622.47,2170.78
-11799854.34,4655621.75,2170.35
-11799855.89,4655621.0,2169.92
-11799857.43,4655620.2700000005,2169.5
-11799858.41,4655619.8,2166.25
-11799858.98,4655619.5200000005,2169.09
-11799860.03,4655619.0200000005,2166.3
-11799859.94,4655620.73,2166.29
-11799858.3,4655621.5,2166.23
-11799857.28,4655622.0,2169.38
-11799855.73,4655622.75,2169.82
-11799854.21,4655623.47,2170.25
-11799852.67,4655624.22,2170.67
-11799851.02,4655625.01,2170.51
-11799849.28,4655625.86,2170.09
-11799849.31,4655626.36,2169.88
-11799851.0,4655625.55,2170.3
-11799854.24,4655624.0,2170.22
-11799852.69,4655624.74,2170.6
-11799855.790000001,4655623.25,2169.76
-11799857.32,4655622.5,2169.33
-11799858.33,4655622.04,2166.21
-11799859.97,4655621.24,2166.28
-11799858.84,4655623.47,2166.19
-11799857.200000001,4655624.25,2166.19
-11799857.790000001,4655623.97,2169.07
-11799856.25,4655624.71,2169.49
-11799854.73,4655625.45,2169.92
-11799853.18,4655626.19,2170.3
-11799854.620000001,4655626.07,2169.88
-11799856.15,4655625.32,2169.49
-11799857.08,4655624.89,2166.17
-11799857.68,4655624.600000001,2169.08
-11799859.47,4655623.72,2177.82
-11799858.71,4655624.11,2166.11
-11799859.290000001,4655625.600000001,2178.42
-11799857.75,4655626.32,2178.75
-11799859.01,4655626.24,2179.04
-11799859.32,4655626.100000001,2180.55
-11799884.98,4655503.94,2176.47
-11799885.370000001,4655503.86,2174.19
-11799885.57,4655503.8,2172.99
-11799886.51,4655503.58,2178.98
-11799888.47,4655503.12,2179.03
-11799888.84,4655503.05,2176.81
-11799887.76,4655502.28,2179.31
-11799885.97,4655502.68,2178.05
-11799884.25,4655503.08,2176.42
-11799884.42,4655503.0600000005,2175.42
-11799882.25,4655503.55,2176.63
-11799880.56,4655503.94,2174.69
-11799880.81,4655503.9,2173.28
-11799881.39,4655503.7700000005,2169.74
-11799869.84,4655504.18,2170.33
-11799871.790000001,4655503.74,2170.32
-11799873.790000001,4655503.2700000005,2170.35
-11799875.81,4655502.8,2170.36
-11799877.77,4655502.34,2170.38
-11799879.01,4655502.0600000005,2174.79
-11799880.92,4655501.61,2175.4
-11799882.6,4655501.22,2177.23
-11799882.870000001,4655501.17,2175.67
-11799884.5,4655500.78,2177.82
-11799886.08,4655500.4,2180.22
-11799886.39,4655500.350000001,2178.4
-11799886.86,4655500.24,2175.67
-11799887.040000001,4655500.21,2174.58
-11799888.43,4655499.87,2178.04
-11799888.76,4655499.8100000005,2176.07
-11799889.78,4655498.65,2180.01
-11799888.06,4655499.0600000005,2178.23
-11799888.28,4655499.0,2176.94
-11799885.92,4655499.53,2179.3
-11799884.25,4655499.92,2177.5
-11799884.65,4655499.850000001,2175.11
-11799882.3,4655500.36,2177.33
-11799882.58,4655500.3100000005,2175.65
-11799880.700000001,4655500.75,2174.96
-11799878.77,4655501.2,2174.32
-11799879.38,4655501.0600000005,2170.6
-11799877.43,4655501.5,2170.4
-11799875.450000001,4655501.97,2170.38
-11799873.5,4655502.41,2170.38
-11799871.540000001,4655502.87,2170.36
-11799869.52,4655503.33,2170.38
-11799868.08,4655503.66,2166.54
-11799865.55,4655504.23,2170.05
-11799865.84,4655504.17,2168.17
-11799866.13,4655504.11,2166.31
-11799859.71,4655503.5200000005,2169.92
-11799860.26,4655503.39,2166.38
-11799861.59,4655503.09,2170.63
-11799863.49,4655502.65,2171.24
-11799865.82,4655502.100000001,2168.97
-11799866.21,4655502.03,2166.44
-11799868.21,4655501.57,2166.53
-11799869.58,4655501.23,2170.5
-11799871.56,4655500.78,2170.52
-11799873.08,4655500.41,2173.4
-11799873.55,4655500.3100000005,2170.5
-11799874.84,4655500.01,2174.84
-11799875.540000001,4655499.86,2170.52
-11799877.0,4655499.51,2173.71
-11799879.21,4655499.0,2172.28
-11799879.620000001,4655498.91,2169.82
-11799880.8,4655498.62,2174.61
-11799881.620000001,4655498.45,2169.75
-11799883.620000001,4655497.99,2169.76
-11799884.46,4655497.78,2176.57
-11799884.8,4655497.71,2174.47
-11799886.11,4655497.39,2178.63
-11799886.69,4655497.26,2175.28
-11799888.39,4655496.86,2176.81
-11799888.65,4655495.76,2177.08
-11799888.97,4655495.7,2175.19
-11799886.34,4655496.2700000005,2178.86
-11799886.9,4655496.17,2175.61
-11799884.71,4655496.66,2176.67
-11799885.03,4655496.600000001,2174.82
-11799885.18,4655496.5600000005,2173.88
-11799882.93,4655497.07,2175.4
-11799883.96,4655496.86,2169.26
-11799884.38,4655496.76,2166.77
-11799881.96,4655497.32,2169.44
-11799879.99,4655497.7700000005,2169.4
-11799877.35,4655498.37,2173.13
-11799874.8,4655498.93,2176.51
-11799873.31,4655499.3,2173.75
-11799871.55,4655499.69,2172.4
-11799871.78,4655499.63,2170.97
-11799869.83,4655500.100000001,2170.56
-11799870.33,4655500.0,2167.46
-11799868.44,4655500.41,2166.61
-11799866.07,4655500.97,2168.99
-11799866.48,4655500.88,2166.44
-11799863.65,4655501.5200000005,2171.94
-11799861.86,4655501.93,2170.73
-11799859.93,4655502.37,2170.51
-11799860.56,4655502.24,2166.42
-11799860.33,4655500.28,2170.09
-11799862.15,4655499.87,2171.07
-11799862.36,4655499.83,2169.79
-11799864.18,4655499.4,2170.61
-11799866.83,4655498.78,2166.55
-11799868.27,4655498.44,2169.94
-11799870.14,4655498.01,2170.56
-11799871.77,4655497.63,2172.75
-11799873.56,4655497.2,2174.15
-11799875.52,4655496.76,2174.36
-11799877.790000001,4655496.23,2172.59
-11799880.73,4655495.57,2166.78
-11799882.69,4655495.12,2166.82
-11799884.700000001,4655494.64,2166.82
-11799886.74,4655494.17,2166.8
-11799888.73,4655493.72,2166.8
-11799889.33,4655492.54,2166.81
-11799887.290000001,4655493.01,2166.79
-11799885.23,4655493.48,2166.79
-11799883.21,4655493.94,2166.81
-11799880.3,4655494.600000001,2172.23
-11799881.18,4655494.43,2166.99
-11799878.25,4655495.07,2172.24
-11799879.09,4655494.9,2167.17
-11799875.94,4655495.61,2173.83
-11799873.790000001,4655496.08,2174.6
-11799872.03,4655496.51,2173.11
-11799870.4,4655496.89,2170.67
-11799868.47,4655497.34,2170.1
-11799867.03,4655497.67,2166.57
-11799864.64,4655498.21,2168.77
-11799864.84,4655498.18,2167.52
-11799865.01,4655498.14,2166.48
-11799862.56,4655498.7,2169.36
-11799863.02,4655498.600000001,2166.42
-11799860.36,4655499.21,2170.6
-11799861.02,4655499.0600000005,2166.34
-11799859.01,4655499.53,2166.32
-11799860.14,4655497.23,2166.42
-11799862.15,4655496.78,2166.42
-11799864.120000001,4655496.32,2166.48
-11799866.07,4655495.850000001,2166.51
-11799867.53,4655495.51,2169.86
-11799867.78,4655495.46,2168.36
-11799868.03,4655495.39,2166.73
-11799869.450000001,4655495.05,2170.47
-11799871.09,4655494.66,2172.59
-11799872.85,4655494.26,2173.98
-11799874.75,4655493.82,2174.63
-11799876.91,4655493.32,2173.44
-11799878.9,4655492.86,2173.28
-11799881.540000001,4655492.25,2169.3
-11799881.97,4655492.17,2166.71
-11799883.57,4655491.78,2169.09
-11799885.63,4655491.3,2169.01
-11799885.98,4655491.23,2166.9
-11799887.94,4655490.7700000005,2166.97
-11799889.22,4655490.47,2171.31
-11799888.790000001,4655489.61,2171.31
-11799889.53,4655489.46,2166.96
-11799887.200000001,4655490.0,2168.8
-11799887.5,4655489.93,2166.99
-11799885.23,4655490.44,2168.73
-11799885.55,4655490.38,2166.86
-11799883.18,4655490.9,2169.36
-11799881.23,4655491.37,2168.81
-11799881.6,4655491.29,2166.61
-11799878.38,4655492.0200000005,2173.72
-11799876.31,4655492.49,2174.09
-11799874.24,4655492.96,2174.85
-11799872.450000001,4655493.37,2173.83
-11799870.68,4655493.8,2172.48
-11799869.040000001,4655494.17,2170.38
-11799867.13,4655494.61,2169.88
-11799867.540000001,4655494.54,2167.36
-11799865.69,4655494.94,2166.49
-11799863.69,4655495.43,2166.5
-11799861.700000001,4655495.88,2166.51
-11799859.71,4655496.34,2166.5
-11799860.6,4655494.14,2166.52
-11799862.6,4655493.67,2166.51
-11799864.56,4655493.21,2166.54
-11799866.44,4655492.78,2167.1
-11799867.39,4655492.54,2173.54
-11799869.35,4655492.07,2173.57
-11799871.31,4655491.62,2173.65
-11799873.18,4655491.17,2174.65
-11799875.09,4655490.72,2175.11
-11799877.17,4655490.25,2174.29
-11799879.44,4655489.71,2172.67
-11799880.09,4655489.59,2168.75
-11799882.15,4655489.09,2168.42
-11799882.450000001,4655489.04,2166.69
-11799884.46,4655488.58,2166.81
-11799886.4,4655488.12,2166.94
-11799888.08,4655487.73,2168.79
-11799888.4,4655487.67,2166.94
-11799888.72,4655486.67,2166.99
-11799886.69,4655487.16,2166.98
-11799884.73,4655487.62,2166.82
-11799882.49,4655488.13,2168.42
-11799882.78,4655488.0600000005,2166.69
-11799880.47,4655488.59,2168.53
-11799880.78,4655488.5200000005,2166.75
-11799877.61,4655489.25,2173.71
-11799875.35,4655489.76,2175.08
-11799873.120000001,4655490.2700000005,2176.77
-11799873.42,4655490.2,2175.03
-11799871.56,4655490.65,2174.4
-11799869.59,4655491.09,2174.3
-11799867.620000001,4655491.55,2174.24
-11799866.19,4655491.88,2170.59
-11799864.83,4655492.22,2166.53
-11799862.870000001,4655492.68,2166.48
-11799860.88,4655493.12,2166.49
-11799859.94,4655491.62,2166.5
-11799861.98,4655491.13,2166.51
-11799863.94,4655490.69,2166.52
-11799865.290000001,4655490.350000001,2170.36
-11799865.540000001,4655490.3100000005,2168.92
-11799865.89,4655490.23,2166.61
-11799866.63,4655490.05,2174.63
-11799868.64,4655489.5600000005,2174.6
-11799870.67,4655489.09,2174.44
-11799872.65,4655488.63,2174.36
-11799874.620000001,4655488.16,2174.29
-11799876.61,4655487.7,2174.38
-11799878.81,4655487.21,2173.34
-11799881.58,4655486.57,2168.75
-11799881.92,4655486.48,2166.69
-11799883.9,4655486.03,2166.83
-11799885.86,4655485.58,2166.98
-11799887.83,4655485.11,2167.0
-11799888.790000001,4655484.0200000005,2166.99
-11799886.83,4655484.48,2167.01
-11799884.83,4655484.95,2166.92
-11799882.540000001,4655485.46,2168.65
-11799882.84,4655485.4,2166.79
-11799880.57,4655485.9,2168.46
-11799880.870000001,4655485.850000001,2166.74
-11799877.68,4655486.58,2173.88
-11799875.49,4655487.09,2174.96
-11799873.71,4655487.51,2173.69
-11799871.450000001,4655488.0200000005,2175.63
-11799869.5,4655488.47,2175.54
-11799867.74,4655488.88,2173.92
-11799866.27,4655489.22,2170.61
-11799864.63,4655489.61,2168.42
-11799862.950000001,4655490.0,2166.54
-11799860.950000001,4655490.48,2166.48
-11799859.02,4655490.92,2166.48
-11799860.08,4655488.86,2166.48
-11799862.11,4655488.4,2166.57
-11799863.88,4655487.96,2168.15
-11799864.13,4655487.9,2166.54
-11799865.75,4655487.54,2168.63
-11799866.02,4655487.47,2166.98
-11799867.120000001,4655487.21,2172.44
-11799868.6,4655486.84,2175.69
-11799870.200000001,4655486.47,2178.06
-11799872.58,4655485.93,2175.63
-11799872.97,4655485.83,2173.29
-11799874.73,4655485.42,2174.63
-11799876.88,4655484.92,2173.92
-11799879.72,4655484.26,2168.65
-11799880.040000001,4655484.2,2166.76
-11799882.01,4655483.75,2166.85
-11799883.98,4655483.28,2166.9
-11799885.97,4655482.8100000005,2167.03
-11799887.99,4655482.350000001,2167.02
-11799889.59,4655481.21,2166.9
-11799887.540000001,4655481.7,2167.03
-11799885.53,4655482.17,2166.99
-11799883.58,4655482.61,2166.88
-11799881.61,4655483.0600000005,2166.83
-11799878.71,4655483.73,2172.4
-11799879.67,4655483.5200000005,2166.73
-11799876.47,4655484.24,2173.94
-11799874.39,4655484.73,2174.53
-11799869.88,4655485.78,2177.9
-11799868.25,4655486.15,2175.58
-11799867.09,4655486.42,2170.32
-11799865.35,4655486.850000001,2168.81
-11799865.64,4655486.79,2167.0
-11799863.47,4655487.2700000005,2168.38
-11799863.77,4655487.22,2166.54
-11799861.790000001,4655487.69,2166.54
-11799859.78,4655488.14,2166.49
-11799860.85,4655486.11,2166.55
-11799862.83,4655485.65,2166.59
-11799864.59,4655485.23,2168.05
-11799864.790000001,4655485.19,2166.77
-11799866.26,4655484.83,2170.11
-11799868.13,4655484.39,2170.84
-11799869.31,4655484.100000001,2175.75
-11799871.33,4655483.63,2175.63
-11799874.14,4655482.99,2170.57
-11799876.13,4655482.53,2170.53
-11799878.07,4655482.07,2170.69
-11799878.73,4655481.92,2166.73
-11799880.700000001,4655481.47,2166.8
-11799882.700000001,4655480.99,2166.86
-11799884.68,4655480.54,2166.96
-11799886.69,4655480.07,2167.0
-11799887.81,4655479.78,2172.13
-11799888.700000001,4655479.57,2166.98
-11799887.72,4655479.07,2172.08
-11799888.61,4655478.88,2166.98
-11799886.58,4655479.350000001,2166.99
-11799884.57,4655479.82,2166.94
-11799882.33,4655480.33,2168.35
-11799882.58,4655480.28,2166.85
-11799880.620000001,4655480.72,2166.81
-11799878.64,4655481.19,2166.74
-11799876.06,4655481.79,2170.28
-11799874.06,4655482.26,2170.3
-11799872.03,4655482.73,2170.61
-11799870.01,4655483.19,2170.78
-11799868.02,4655483.64,2170.78
-11799866.16,4655484.09,2170.15
-11799864.73,4655484.42,2166.73
-11799862.74,4655484.89,2166.58
-11799860.78,4655485.350000001,2166.55
-11799859.94,4655484.05,2166.57
-11799861.9,4655483.59,2166.58
-11799863.85,4655483.14,2166.59
-11799865.26,4655482.79,2169.98
-11799865.77,4655482.68,2166.86
-11799867.23,4655482.33,2170.02
-11799867.56,4655482.25,2167.97
-11799869.11,4655481.89,2170.73
-11799869.71,4655481.75,2167.04
-11799871.57,4655481.32,2168.01
-11799873.620000001,4655480.84,2167.72
-11799875.65,4655480.350000001,2167.56
-11799877.74,4655479.88,2166.94
-11799879.77,4655479.4,2166.82
-11799881.41,4655479.01,2168.9
-11799881.71,4655478.94,2167.15
-11799883.49,4655478.5200000005,2168.44
-11799883.76,4655478.47,2166.86
-11799885.74,4655478.0,2166.98
-11799887.74,4655477.53,2167.01
-11799888.68,4655476.5,2166.92
-11799886.65,4655476.98,2167.02
-11799884.63,4655477.45,2166.96
-11799882.33,4655477.97,2168.79
-11799882.66,4655477.9,2166.82
-11799880.33,4655478.43,2168.85
-11799880.66,4655478.38,2166.88
-11799878.68,4655478.82,2166.79
-11799876.66,4655479.3,2167.02
-11799874.71,4655479.76,2166.92
-11799872.55,4655480.26,2168.06
-11799870.75,4655480.69,2166.85
-11799868.76,4655481.15,2166.73
-11799866.6,4655481.64,2167.88
-11799864.82,4655482.0600000005,2166.6
-11799862.81,4655482.5200000005,2166.6
-11799860.85,4655482.99,2166.56
-11799858.85,4655483.46,2166.55
-11799860.0,4655481.69,2166.58
-11799862.0,4655481.22,2166.6
-11799863.98,4655480.76,2166.61
-11799865.96,4655480.29,2166.63
-11799867.91,4655479.84,2166.69
-11799869.93,4655479.36,2166.71
-11799871.96,4655478.88,2166.73
-11799873.950000001,4655478.42,2166.74
-11799875.93,4655477.94,2166.75
-11799877.9,4655477.49,2166.8
-11799879.91,4655477.0200000005,2166.88
-11799881.93,4655476.54,2166.86
-11799883.9,4655476.08,2166.98
-11799885.88,4655475.62,2167.02
-11799887.86,4655475.14,2167.02
-11799889.07,4655474.36,2166.77
-11799887.06,4655474.83,2167.05
-11799885.040000001,4655475.3,2167.0
-11799883.03,4655475.7700000005,2166.88
-11799881.06,4655476.23,2166.88
-11799879.08,4655476.7,2166.84
-11799877.09,4655477.16,2166.79
-11799875.11,4655477.63,2166.73
-11799873.13,4655478.09,2166.71
-11799871.16,4655478.5600000005,2166.72
-11799869.14,4655479.03,2166.69
-11799867.13,4655479.48,2166.69
-11799865.14,4655479.96,2166.63
-11799863.19,4655480.41,2166.6
-11799861.23,4655480.87,2166.59
-11799859.22,4655481.33,2166.55
-11799860.27,4655479.59,2166.56
-11799862.24,4655479.13,2166.56
-11799864.200000001,4655478.66,2166.61
-11799866.18,4655478.2,2166.63
-11799868.18,4655477.73,2166.72
-11799869.46,4655477.42,2171.34
-11799870.22,4655477.24,2166.72
-11799871.08,4655477.03,2173.54
-11799872.200000001,4655476.79,2166.73
-11799872.870000001,4655476.59,2174.48
-11799876.120000001,4655475.86,2166.74
-11799878.13,4655475.39,2166.79
-11799879.82,4655474.99,2168.73
-11799880.13,4655474.91,2166.84
-11799881.82,4655474.51,2168.65
-11799882.120000001,4655474.45,2166.86
-11799884.11,4655473.99,2167.02
-11799881.25,4655474.03,2169.13
-11799879.290000001,4655474.5,2168.61
-11799879.58,4655474.42,2166.85
-11799877.55,4655474.91,2166.8
-11799874.08,4655475.69,2175.44
-11799874.41,4655475.61,2173.51
-11799875.540000001,4655475.38,2166.74
-11799872.31,4655476.11,2174.13
-11799873.53,4655475.850000001,2166.8
-11799870.39,4655476.5600000005,2173.54
-11799871.52,4655476.32,2166.76
-11799868.64,4655476.98,2171.88
-11799869.49,4655476.78,2166.65
-11799867.450000001,4655477.28,2166.69
-11799865.41,4655477.73,2166.59
-11799863.4,4655478.22,2166.58
-11799861.4,4655478.69,2166.53
-11799859.370000001,4655479.16,2166.53
-11799860.46,4655477.63,2166.54
-11799862.47,4655477.16,2166.6
-11799864.47,4655476.68,2166.61
-11799865.55,4655476.4,2171.97
-11799866.42,4655476.23,2166.67
-11799867.0,4655476.0600000005,2175.17
-11799867.64,4655475.93,2171.32
-11799868.39,4655475.76,2166.69
-11799869.11,4655475.58,2174.67
-11799871.03,4655475.11,2175.11
-11799871.27,4655475.05,2173.63
-11799872.42,4655474.82,2166.73
-11799872.98,4655474.66,2175.34
-11799874.98,4655474.19,2175.17
-11799876.38,4655473.89,2166.79
-11799873.23,4655474.07,2175.42
-11799874.69,4655473.7700000005,2166.65
-11799871.08,4655474.58,2176.57
-11799871.3,4655474.54,2175.24
-11799869.33,4655475.0,2174.92
-11799870.68,4655474.71,2166.76
-11799867.27,4655475.47,2175.24
-11799868.67,4655475.18,2166.69
-11799865.74,4655475.84,2172.48
-11799866.68,4655475.64,2166.65
-11799864.68,4655476.11,2166.61
-11799862.68,4655476.58,2166.6
-11799860.69,4655477.04,2166.53
-11799859.28,4655476.15,2166.54
-11799861.32,4655475.67,2166.53
-11799863.32,4655475.19,2166.61
-11799865.25,4655474.75,2166.63
-11799866.11,4655474.5200000005,2173.67
-11799866.32,4655474.47,2172.33
-11799867.24,4655474.28,2166.69
-11799867.71,4655474.13,2175.84
-11799868.07,4655474.05,2173.65
-11799869.22,4655473.82,2166.73
-11799869.75,4655473.65,2175.49
-11799866.76,4655473.7700000005,2174.57
-11799866.06,4655473.97,2166.65
-11799864.09,4655474.43,2166.58
-11799862.13,4655474.88,2166.55
-11799860.14,4655475.350000001,2166.51
-11799860.4,4655474.42,2166.55
-11799862.38,4655473.94,2166.54
-11799861.59,4655473.66,2166.51
-11799859.59,4655474.14,2166.5
-11799862.52,4655473.87,2166.59
-11799861.05,4655474.63,2166.57
-11799860.66,4655474.16,2173.25
-11799859.6,4655475.350000001,2166.57
-11799858.81,4655476.47,2166.55
-11799860.27,4655475.75,2166.57
-11799861.76,4655475.0,2166.57
-11799863.26,4655474.26,2166.61
-11799867.61,4655474.23,2166.67
-11799867.25,4655473.67,2174.21
-11799866.97,4655474.0,2172.4
-11799866.09,4655475.01,2166.69
-11799866.08,4655474.08,2176.07
-11799865.8,4655474.39,2174.31
-11799864.61,4655475.74,2166.69
-11799863.14,4655476.48,2166.65
-11799861.65,4655477.24,2166.61
-11799860.15,4655478.0,2166.57
-11799859.74,4655478.86,2166.57
-11799861.23,4655478.100000001,2166.57
-11799862.74,4655477.34,2166.63
-11799865.44,4655475.22,2174.44
-11799865.120000001,4655475.58,2172.48
-11799864.21,4655476.62,2166.65
-11799867.01,4655474.36,2175.13
-11799866.58,4655474.86,2172.36
-11799865.700000001,4655475.86,2166.65
-11799868.28,4655473.88,2173.69
-11799868.120000001,4655474.0600000005,2172.67
-11799867.21,4655475.100000001,2166.72
-11799873.540000001,4655474.22,2166.82
-11799873.03,4655473.83,2173.36
-11799872.81,4655474.07,2171.83
-11799872.03,4655474.0200000005,2176.58
-11799871.76,4655474.3,2174.9
-11799871.59,4655474.51,2173.72
-11799870.540000001,4655475.73,2166.81
-11799870.540000001,4655474.74,2176.55
-11799870.31,4655475.01,2175.02
-11799869.040000001,4655476.49,2166.72
-11799868.75,4655475.86,2174.48
-11799867.4,4655476.43,2175.44
-11799866.040000001,4655478.0,2166.67
-11799864.540000001,4655478.76,2166.65
-11799863.06,4655479.49,2166.65
-11799861.58,4655480.24,2166.61
-11799860.11,4655480.98,2166.59
-11799859.34,4655481.96,2166.59
-11799860.84,4655481.21,2166.61
-11799862.31,4655480.47,2166.61
-11799863.8,4655479.71,2166.65
-11799865.3,4655478.97,2166.65
-11799868.17,4655476.63,2175.73
-11799867.91,4655476.94,2174.0
-11799866.77,4655478.23,2166.65
-11799869.57,4655476.01,2175.04
-11799869.15,4655476.46,2172.36
-11799871.26,4655475.0,2176.4
-11799871.07,4655475.25,2175.13
-11799870.790000001,4655475.5600000005,2173.31
-11799869.78,4655476.71,2166.74
-11799872.53,4655474.5,2175.09
-11799871.27,4655475.96,2166.78
-11799873.93,4655473.84,2174.72
-11799873.450000001,4655474.41,2171.52
-11799872.73,4655475.23,2166.79
-11799874.22,4655474.48,2166.82
-11799875.74,4655473.72,2166.85
-11799879.66,4655473.83,2168.88
-11799879.370000001,4655474.17,2166.9
-11799877.86,4655474.93,2166.85
-11799876.36,4655475.69,2166.82
-11799874.88,4655476.44,2166.82
-11799874.6,4655475.76,2175.06
-11799874.370000001,4655476.03,2173.53
-11799873.35,4655477.21,2166.79
-11799873.18,4655476.44,2175.4
-11799871.870000001,4655477.96,2166.74
-11799871.44,4655477.5,2173.57
-11799870.4,4655478.69,2166.77
-11799869.97,4655478.25,2173.53
-11799868.92,4655479.44,2166.73
-11799867.43,4655480.17,2166.75
-11799865.91,4655480.96,2166.69
-11799864.42,4655481.71,2166.67
-11799862.92,4655482.47,2166.65
-11799861.42,4655483.21,2166.63
-11799859.94,4655483.96,2166.61
-11799858.84,4655485.08,2166.57
-11799860.32,4655484.34,2166.59
-11799861.81,4655483.600000001,2166.61
-11799863.3,4655482.84,2166.65
-11799864.78,4655482.08,2166.63
-11799866.27,4655481.34,2166.67
-11799867.76,4655480.59,2166.71
-11799870.290000001,4655478.67,2173.42
-11799869.25,4655479.83,2166.73
-11799871.76,4655477.92,2173.4
-11799870.75,4655479.100000001,2166.76
-11799873.43,4655476.95,2174.72
-11799873.21,4655477.21,2173.27
-11799872.23,4655478.350000001,2166.77
-11799874.72,4655476.44,2173.51
-11799873.700000001,4655477.62,2166.75
-11799875.21,4655476.86,2166.79
-11799876.69,4655476.11,2166.81
-11799878.17,4655475.350000001,2166.84
-11799880.0,4655474.24,2169.04
-11799879.66,4655474.64,2166.69
-11799884.93,4655474.12,2167.07
-11799883.43,4655474.87,2167.02
-11799881.92,4655475.66,2166.88
-11799880.44,4655476.4,2166.92
-11799878.97,4655477.14,2166.88
-11799877.47,4655477.9,2166.84
-11799875.99,4655478.63,2166.82
-11799874.49,4655479.4,2166.78
-11799873.03,4655480.14,2166.78
-11799871.74,4655480.65,2168.1
-11799871.56,4655480.86,2166.94
-11799870.03,4655481.65,2166.79
-11799868.57,4655482.350000001,2166.92
-11799867.24,4655482.93,2167.97
-11799866.06,4655483.33,2170.01
-11799865.66,4655483.7700000005,2167.48
-11799864.06,4655484.65,2166.69
-11799862.56,4655485.41,2166.63
-11799861.06,4655486.17,2166.61
-11799859.56,4655486.94,2166.57
-11799859.69,4655487.44,2166.55
-11799861.17,4655486.69,2166.59
-11799862.88,4655485.66,2168.28
-11799862.620000001,4655485.95,2166.61
-11799864.11,4655485.2,2166.69
-11799866.17,4655483.82,2170.13
-11799867.66,4655483.100000001,2170.06
-11799867.450000001,4655483.33,2168.76
-11799867.3,4655483.48,2167.82
-11799868.700000001,4655482.83,2167.3
-11799870.14,4655482.16,2166.98
-11799871.81,4655481.19,2168.17
-11799873.08,4655480.69,2166.88
-11799874.56,4655479.95,2166.84
-11799876.040000001,4655479.21,2166.83
-11799877.540000001,4655478.46,2166.82
-11799879.03,4655477.71,2166.86
-11799880.53,4655476.95,2166.9
-11799882.0,4655476.22,2166.86
-11799883.5,4655475.46,2167.0
-11799884.99,4655474.69,2167.05
-11799886.5,4655473.93,2167.08
-11799888.86,4655474.89,2166.8
-11799887.43,4655475.57,2167.09
-11799886.72,4655475.4,2172.47
-11799885.950000001,4655476.32,2167.07
-11799884.450000001,4655477.08,2167.03
-11799882.950000001,4655477.84,2166.92
-11799881.700000001,4655478.3,2168.61
-11799881.450000001,4655478.600000001,2166.9
-11799880.27,4655478.98,2168.96
-11799879.97,4655479.34,2166.86
-11799878.49,4655480.09,2166.81
-11799877.08,4655480.75,2167.44
-11799875.59,4655481.47,2167.57
-11799874.49,4655481.79,2170.01
-11799874.11,4655482.23,2167.52
-11799873.03,4655482.51,2170.13
-11799871.67,4655483.12,2170.85
-11799870.18,4655483.88,2170.85
-11799868.68,4655484.64,2170.86
-11799867.14,4655485.45,2170.51
-11799865.370000001,4655486.5200000005,2168.61
-11799863.77,4655487.37,2168.1
-11799863.53,4655487.64,2166.6
-11799862.040000001,4655488.4,2166.61
-11799860.540000001,4655489.15,2166.58
-11799859.040000001,4655489.91,2166.54
-11799860.26,4655489.87,2166.54
-11799861.76,4655489.14,2166.59
-11799863.53,4655488.05,2168.44
-11799863.22,4655488.39,2166.48
-11799865.08,4655487.23,2168.94
-11799866.78,4655486.25,2170.3
-11799869.08,4655484.58,2175.4
-11799868.56,4655485.18,2172.07
-11799868.41,4655485.34,2171.05
-11799869.88,4655484.64,2170.88
-11799871.34,4655483.9,2170.86
-11799872.73,4655483.26,2170.36
-11799874.200000001,4655482.5200000005,2170.19
-11799875.65,4655481.82,2170.07
-11799875.49,4655482.0,2169.01
-11799875.25,4655482.28,2167.36
-11799876.77,4655481.5,2167.58
-11799878.16,4655480.88,2166.86
-11799879.65,4655480.13,2166.84
-11799881.48,4655478.98,2169.13
-11799882.61,4655478.64,2166.9
-11799884.11,4655477.88,2166.98
-11799885.59,4655477.13,2167.03
-11799887.07,4655476.38,2167.06
-11799888.57,4655475.63,2167.01
-11799889.59,4655477.2,2166.76
-11799888.11,4655477.92,2167.04
-11799886.63,4655478.67,2167.05
-11799885.15,4655479.42,2167.02
-11799883.65,4655480.18,2166.92
-11799882.36,4655480.7,2168.29
-11799882.15,4655480.92,2166.9
-11799880.88,4655481.44,2168.33
-11799880.67,4655481.68,2166.86
-11799879.19,4655482.43,2166.81
-11799877.72,4655483.15,2167.02
-11799876.75,4655483.28,2170.61
-11799875.3,4655484.01,2170.76
-11799874.46,4655484.0200000005,2174.86
-11799873.91,4655484.67,2171.22
-11799872.75,4655485.03,2173.34
-11799871.71,4655485.28,2176.22
-11799870.370000001,4655485.86,2177.21
-11799868.73,4655486.78,2176.21
-11799866.69,4655488.15,2172.61
-11799864.620000001,4655489.55,2168.9
-11799862.77,4655490.74,2166.59
-11799861.27,4655491.49,2166.57
-11799859.8,4655492.22,2166.55
-11799859.23,4655493.14,2166.54
-11799860.72,4655492.41,2166.55
-11799862.19,4655491.66,2166.55
-11799863.68,4655490.9,2166.57
-11799866.24,4655488.97,2173.21
-11799865.61,4655489.68,2169.19
-11799867.67,4655488.29,2172.82
-11799869.94,4655486.65,2177.86
-11799871.31,4655486.03,2177.26
-11799872.51,4655485.59,2175.55
-11799872.11,4655486.05,2172.96
-11799873.76,4655485.12,2174.06
-11799875.38,4655484.2,2174.88
-11799876.69,4655483.68,2173.76
-11799876.25,4655484.18,2170.85
-11799877.99,4655483.12,2172.65
-11799877.700000001,4655483.46,2170.71
-11799878.6,4655483.4,2166.82
-11799880.08,4655482.65,2166.82
-11799881.83,4655481.61,2168.63
-11799881.56,4655481.89,2166.86
-11799883.28,4655480.9,2168.3
-11799883.06,4655481.16,2166.86
-11799884.56,4655480.38,2166.99
-11799886.02,4655479.65,2167.01
-11799887.53,4655478.89,2167.04
-11799889.05,4655478.14,2166.94
-11799888.93,4655480.3,2167.0
-11799887.44,4655481.05,2167.05
-11799885.94,4655481.79,2167.05
-11799884.48,4655482.54,2167.01
-11799882.97,4655483.3100000005,2166.9
-11799881.47,4655484.0600000005,2166.88
-11799879.99,4655484.82,2166.83
-11799879.03,4655484.95,2170.42
-11799878.790000001,4655485.22,2168.86
-11799878.49,4655485.58,2166.8
-11799877.92,4655485.2700000005,2172.92
-11799876.59,4655485.83,2173.94
-11799875.25,4655486.4,2175.01
-11799873.59,4655487.37,2173.75
-11799872.46,4655487.72,2175.85
-11799871.03,4655488.39,2176.38
-11799869.42,4655489.28,2175.61
-11799867.78,4655490.21,2174.38
-11799866.39,4655490.89,2174.78
-11799865.07,4655492.37,2166.52
-11799863.56,4655493.12,2166.55
-11799862.05,4655493.89,2166.55
-11799860.56,4655494.63,2166.56
-11799859.08,4655495.39,2166.57
-11799859.58,4655495.68,2166.55
-11799861.05,4655494.94,2166.55
-11799862.540000001,4655494.19,2166.55
-11799864.040000001,4655493.43,2166.55
-11799866.85,4655491.18,2174.92
-11799868.28,4655490.5,2174.63
-11799869.75,4655489.8100000005,2174.34
-11799871.46,4655488.79,2175.79
-11799872.91,4655488.08,2175.58
-11799874.13,4655487.63,2174.04
-11799875.72,4655486.75,2174.84
-11799877.03,4655486.2,2173.73
-11799878.41,4655485.58,2172.99
-11799879.22,4655485.62,2168.54
-11799878.94,4655485.92,2166.75
-11799880.42,4655485.16,2166.85
-11799881.91,4655484.43,2166.88
-11799883.44,4655483.65,2166.9
-11799884.96,4655482.87,2167.02
-11799886.43,4655482.13,2167.05
-11799887.91,4655481.39,2167.02
-11799889.38,4655480.67,2166.96
-11799889.290000001,4655482.92,2167.01
-11799887.82,4655483.66,2167.05
-11799886.33,4655484.4,2167.06
-11799884.83,4655485.17,2166.99
-11799883.33,4655485.93,2166.9
-11799882.1,4655486.37,2168.61
-11799881.83,4655486.7,2166.8
-11799880.67,4655487.07,2169.02
-11799880.35,4655487.46,2166.8
-11799879.4,4655487.57,2170.35
-11799878.41,4655487.7700000005,2173.54
-11799876.99,4655488.43,2174.04
-11799875.66,4655489.01,2175.0
-11799874.18,4655489.76,2175.01
-11799872.98,4655490.18,2176.88
-11799872.69,4655490.5200000005,2174.97
-11799871.15,4655491.3,2174.63
-11799869.59,4655492.15,2174.17
-11799868.07,4655492.97,2173.73
-11799865.43,4655495.0,2166.59
-11799863.94,4655495.76,2166.58
-11799862.44,4655496.5200000005,2166.57
-11799860.950000001,4655497.26,2166.56
-11799859.46,4655498.0200000005,2166.5
-11799859.34,4655498.69,2166.42
-11799860.85,4655497.92,2166.48
-11799862.4,4655497.14,2166.51
-11799863.92,4655496.37,2166.55
-11799865.4,4655495.64,2166.54
-11799867.96,4655493.69,2173.15
-11799869.57,4655492.83,2173.57
-11799871.16,4655492.0,2174.0
-11799872.71,4655491.17,2174.47
-11799874.58,4655490.01,2176.83
-11799874.35,4655490.26,2175.38
-11799875.81,4655489.5600000005,2175.06
-11799877.18,4655488.96,2174.09
-11799878.53,4655488.39,2173.05
-11799879.49,4655488.26,2169.46
-11799881.0,4655487.5,2169.34
-11799880.61,4655487.97,2166.75
-11799882.4,4655486.88,2168.53
-11799882.14,4655487.17,2166.82
-11799883.69,4655486.41,2166.88
-11799885.22,4655485.62,2166.99
-11799886.76,4655484.850000001,2167.05
-11799888.25,4655484.09,2167.03
-11799889.74,4655483.350000001,2166.96
-11799888.370000001,4655486.26,2167.05
-11799886.870000001,4655487.0200000005,2167.05
-11799885.34,4655487.78,2166.98
-11799883.85,4655488.5600000005,2166.88
-11799882.59,4655489.04,2168.46
-11799882.35,4655489.3100000005,2166.83
-11799881.09,4655489.8,2168.35
-11799880.85,4655490.07,2166.77
-11799879.65,4655490.49,2168.73
-11799879.35,4655490.84,2166.71
-11799878.81,4655490.5,2172.94
-11799877.49,4655491.07,2174.0
-11799876.19,4655491.61,2175.11
-11799874.75,4655492.33,2175.13
-11799873.18,4655493.19,2174.53
-11799871.450000001,4655494.19,2173.11
-11799869.59,4655495.37,2170.59
-11799868.01,4655496.24,2170.11
-11799865.94,4655497.63,2166.57
-11799864.42,4655498.41,2166.49
-11799863.44,4655498.57,2169.8
-11799862.91,4655499.17,2166.51
-11799861.93,4655499.36,2169.61
-11799861.44,4655499.9,2166.52
-11799860.61,4655499.91,2170.59
-11799860.22,4655500.36,2168.17
-11799859.09,4655501.37,2170.74
-11799860.48,4655500.74,2170.13
-11799861.85,4655500.100000001,2169.65
-11799861.33,4655500.67,2166.47
-11799863.370000001,4655499.29,2169.92
-11799862.81,4655499.94,2166.44
-11799864.700000001,4655498.74,2168.9
-11799864.34,4655499.12,2166.67
-11799865.83,4655498.42,2166.54
-11799867.88,4655497.03,2169.98
-11799867.34,4655497.64,2166.57
-11799869.46,4655496.18,2170.51
-11799871.28,4655495.03,2172.85
-11799872.97,4655494.05,2174.25
-11799874.53,4655493.23,2174.67
-11799876.07,4655492.42,2175.05
-11799877.41,4655491.83,2174.21
-11799878.75,4655491.22,2173.4
-11799879.57,4655491.26,2168.94
-11799879.24,4655491.64,2166.76
-11799881.06,4655490.5200000005,2168.96
-11799880.73,4655490.9,2166.72
-11799882.47,4655489.83,2168.57
-11799882.200000001,4655490.14,2166.79
-11799883.700000001,4655489.38,2166.86
-11799885.21,4655488.62,2166.92
-11799886.71,4655487.86,2167.03
-11799888.21,4655487.100000001,2167.05
-11799889.700000001,4655486.34,2167.01
-11799888.94,4655488.62,2169.22
-11799888.61,4655489.01,2167.0
-11799887.48,4655489.34,2169.38
-11799887.14,4655489.73,2167.04
-11799885.66,4655490.5,2166.97
-11799884.48,4655490.89,2169.03
-11799883.05,4655491.58,2169.38
-11799881.47,4655492.44,2168.82
-11799881.18,4655492.78,2166.83
-11799880.19,4655492.95,2170.21
-11799879.89,4655493.29,2168.19
-11799879.66,4655493.5600000005,2166.73
-11799879.200000001,4655493.13,2173.42
-11799877.76,4655493.850000001,2173.63
-11799876.24,4655494.61,2173.49
-11799874.91,4655495.19,2174.58
-11799873.4,4655495.96,2174.4
-11799871.700000001,4655496.95,2172.9
-11799869.86,4655498.13,2170.54
-11799868.290000001,4655498.98,2170.06
-11799867.76,4655499.5600000005,2166.73
-11799866.21,4655500.37,2166.56
-11799865.19,4655500.59,2169.49
-11799865.01,4655500.8,2168.33
-11799864.71,4655501.13,2166.5
-11799863.85,4655501.18,2170.38
-11799862.48,4655501.8100000005,2170.92
-11799861.05,4655502.5200000005,2171.23
-11799859.46,4655503.350000001,2170.8
-11799859.290000001,4655503.54,2169.84
-11799860.52,4655503.48,2170.52
-11799862.07,4655502.66,2170.9
-11799863.72,4655501.73,2171.86
-11799864.950000001,4655501.26,2170.36
-11799864.73,4655501.5200000005,2168.94
-11799864.33,4655501.96,2166.51
-11799866.11,4655500.89,2168.24
-11799865.83,4655501.19,2166.57
-11799867.34,4655500.43,2166.67
-11799869.4,4655499.0200000005,2170.29
-11799871.23,4655497.91,2172.4
-11799870.96,4655498.19,2170.67
-11799872.9,4655496.93,2173.69
-11799874.58,4655495.96,2175.01
-11799875.9,4655495.39,2173.98
-11799877.22,4655494.82,2172.97
-11799878.76,4655494.03,2173.3
-11799880.120000001,4655493.42,2172.4
-11799880.73,4655493.67,2166.71
-11799882.57,4655492.51,2169.08
-11799882.22,4655492.93,2166.73
-11799884.11,4655491.73,2169.31
-11799885.48,4655491.11,2168.58
-11799885.23,4655491.41,2166.85
-11799887.16,4655490.13,2170.0
-11799886.72,4655490.65,2166.98
-11799888.81,4655489.15,2171.44
-11799888.51,4655489.51,2169.34
-11799888.200000001,4655489.87,2167.22
-11799889.64,4655489.17,2167.01
-11799888.86,4655491.83,2167.03
-11799887.35,4655492.600000001,2167.02
-11799885.85,4655493.36,2166.92
-11799884.38,4655494.12,2166.88
-11799882.89,4655494.86,2166.86
-11799881.42,4655495.600000001,2166.96
-11799879.92,4655496.36,2166.94
-11799878.53,4655496.99,2167.67
-11799877.81,4655496.86,2172.63
-11799876.5,4655497.41,2173.74
-11799875.17,4655497.99,2174.77
-11799873.61,4655498.84,2174.13
-11799871.9,4655499.86,2172.61
-11799870.1,4655500.97,2170.55
-11799868.61,4655501.72,2170.57
-11799867.98,4655502.43,2166.54
-11799866.82,4655502.8,2168.69
-11799866.48,4655503.19,2166.56
-11799865.35,4655503.54,2168.81
-11799864.97,4655503.97,2166.46
-11799864.25,4655503.850000001,2171.35
-11799863.96,4655504.17,2169.54
-11799866.120000001,4655503.75,2168.55
-11799865.78,4655504.14,2166.44
-11799867.27,4655503.36,2166.59
-11799869.39,4655501.9,2170.55
-11799870.89,4655501.13,2170.67
-11799872.78,4655499.93,2173.31
-11799874.48,4655498.92,2174.77
-11799875.9,4655498.25,2174.33
-11799877.23,4655497.7,2173.21
-11799878.56,4655497.12,2172.21
-11799877.97,4655497.8,2168.36
-11799877.75,4655498.05,2166.94
-11799879.34,4655497.18,2167.63
-11799880.71,4655496.5600000005,2166.86
-11799882.200000001,4655495.8100000005,2166.94
-11799883.69,4655495.07,2166.86
-11799885.16,4655494.33,2166.86
-11799886.620000001,4655493.58,2166.92
-11799888.15,4655492.8100000005,2167.01
-11799889.620000001,4655492.0600000005,2167.03
-11799889.64,4655493.96,2169.97
-11799889.19,4655494.51,2166.85
-11799887.72,4655495.24,2166.85
-11799886.25,4655495.97,2166.88
-11799884.76,4655496.73,2166.88
-11799884.48,4655496.100000001,2174.85
-11799883.290000001,4655497.47,2166.9
-11799883.14,4655496.66,2175.92
-11799882.17,4655497.79,2169.5
-11799881.78,4655498.24,2166.88
-11799880.67,4655498.55,2169.5
-11799879.24,4655499.26,2169.67
-11799878.22,4655499.47,2172.65
-11799876.86,4655500.05,2173.73
-11799875.81,4655500.3100000005,2176.59
-11799875.53,4655500.61,2174.83
-11799873.39,4655502.13,2170.52
-11799871.91,4655502.88,2170.5
-11799870.44,4655503.62,2170.47
-11799870.94,4655504.09,2170.4
-11799872.42,4655503.350000001,2170.46
-11799873.89,4655502.600000001,2170.48
-11799875.38,4655501.84,2170.51
-11799877.35,4655500.53,2173.6
-11799876.88,4655501.09,2170.53
-11799878.64,4655500.0200000005,2172.4
-11799878.33,4655500.38,2170.3
-11799879.76,4655499.7,2169.88
-11799881.23,4655498.99,2169.69
-11799883.63,4655497.17,2175.86
-11799882.67,4655498.2700000005,2169.5
-11799884.97,4655496.57,2175.08
-11799884.11,4655497.57,2169.31
-11799886.34,4655495.95,2174.36
-11799885.58,4655496.84,2169.21
-11799885.23,4655497.24,2166.86
-11799887.86,4655495.16,2174.58
-11799886.73,4655496.49,2166.86
-11799888.200000001,4655495.76,2166.83
-11799889.68,4655495.0,2166.83
-11799889.56,4655496.48,2175.06
-11799888.370000001,4655497.9,2166.84
-11799888.34,4655496.93,2176.82
-11799888.09,4655497.21,2175.1
-11799886.88,4655498.65,2166.88
-11799887.0,4655497.5,2177.88
-11799886.620000001,4655497.92,2175.38
-11799886.43,4655498.17,2174.08
-11799885.61,4655498.14,2178.5
-11799885.31,4655498.49,2176.52
-11799885.05,4655498.78,2174.82
-11799884.200000001,4655498.8100000005,2178.94
-11799883.86,4655499.21,2176.65
-11799883.53,4655499.59,2174.46
-11799882.17,4655500.21,2175.11
-11799880.58,4655501.09,2174.33
-11799879.11,4655501.82,2174.5
-11799878.56,4655502.47,2170.84
-11799876.99,4655503.3,2170.44
-11799875.51,4655504.04,2170.4
-11799877.24,4655503.9,2170.4
-11799879.540000001,4655502.22,2175.61
-11799879.39,4655502.41,2174.57
-11799881.3,4655501.17,2177.36
-11799880.950000001,4655501.59,2175.03
-11799882.75,4655500.48,2177.05
-11799882.56,4655500.68,2175.79
-11799884.5,4655499.4,2178.94
-11799883.82,4655500.19,2174.38
-11799885.94,4655498.7,2178.84
-11799887.3,4655498.07,2178.11
-11799886.870000001,4655498.58,2175.19
-11799888.63,4655497.51,2176.98
-11799889.0,4655500.55,2166.88
-11799889.4,4655499.09,2179.49
-11799888.81,4655499.79,2175.49
-11799887.73,4655500.09,2178.07
-11799887.23,4655500.66,2174.81
-11799886.3,4655500.76,2178.48
-11799885.91,4655501.21,2175.9
-11799884.700000001,4655501.66,2177.58
-11799883.22,4655502.43,2177.44
-11799882.83,4655502.87,2174.85
-11799881.42,4655503.5600000005,2175.33
-11799883.18,4655503.34,2176.6
-11799882.870000001,4655503.71,2174.55
-11799884.55,4655502.7,2175.94
-11799886.72,4655501.18,2180.48
-11799886.41,4655501.54,2178.44
-11799888.05,4655500.600000001,2179.57
-11799887.790000001,4655500.89,2177.83
-11799889.64,4655499.72,2180.36
-11799889.14,4655501.3,2166.83
-11799889.76,4655502.64,2175.15
-11799889.58,4655502.88,2173.9
-11799888.8,4655502.79,2178.6
-11799888.64,4655502.98,2177.54
-11799887.44,4655503.4,2179.46
-11799887.18,4655503.72,2177.63
-11799888.620000001,4655503.5,2179.33
-11799888.25,4655503.93,2176.88
-11799889.52,4655503.43,2175.49
-11799859.1,4655474.04,2166.44
-11799862.28,4655473.73,2166.49
-11799860.64,4655474.5,2166.47
-11799859.0,4655475.26,2166.47
-11799860.31,4655475.17,2166.44
-11799861.97,4655474.4,2166.46
-11799865.48,4655474.05,2166.54
-11799863.86,4655474.8100000005,2166.54
-11799862.200000001,4655475.58,2166.51
-11799865.17,4655473.98,2174.38
-11799860.56,4655476.350000001,2166.46
-11799858.92,4655477.11,2166.46
-11799859.9,4655477.08,2166.44
-11799861.540000001,4655476.3100000005,2166.47
-11799863.17,4655475.5600000005,2166.52
-11799866.09,4655473.99,2174.25
-11799864.81,4655474.8,2166.55
-11799866.43,4655474.04,2166.57
-11799867.040000001,4655475.05,2166.6
-11799868.24,4655474.3,2173.8
-11799865.39,4655475.8100000005,2166.49
-11799866.370000001,4655475.21,2172.35
-11799866.81,4655474.94,2174.99
-11799863.790000001,4655476.5600000005,2166.55
-11799862.14,4655477.33,2166.51
-11799860.49,4655478.100000001,2166.48
-11799858.83,4655478.87,2166.46
-11799859.49,4655478.98,2166.46
-11799861.15,4655478.23,2166.44
-11799862.8,4655477.44,2166.51
-11799864.44,4655476.68,2166.5
-11799865.4,4655476.100000001,2172.17
-11799867.5,4655475.04,2175.15
-11799867.700000001,4655475.18,2166.52
-11799868.9,4655474.44,2173.76
-11799869.19,4655474.26,2175.54
-11799870.450000001,4655473.73,2173.44
-11799870.96,4655473.67,2166.65
-11799872.91,4655473.8,2171.77
-11799871.83,4655474.24,2175.08
-11799868.790000001,4655475.86,2166.58
-11799870.200000001,4655474.99,2175.09
-11799867.98,4655476.13,2171.32
-11799867.16,4655476.62,2166.49
-11799868.39,4655475.87,2173.82
-11799868.55,4655475.76,2174.75
-11799865.540000001,4655477.39,2166.57
-11799863.870000001,4655478.16,2166.53
-11799862.22,4655478.92,2166.49
-11799860.59,4655479.66,2166.5
-11799858.98,4655480.42,2166.48
-11799860.88,4655479.96,2166.48
-11799859.25,4655480.71,2166.47
-11799862.540000001,4655479.19,2166.5
-11799864.19,4655478.43,2166.51
-11799865.85,4655477.65,2166.54
-11799867.49,4655476.89,2166.58
-11799868.31,4655476.37,2171.51
-11799868.82,4655476.07,2174.58
-11799869.1,4655476.14,2166.61
-11799870.01,4655475.58,2172.11
-11799870.74,4655475.38,2166.63
-11799870.48,4655475.28,2174.9
-11799872.19,4655474.48,2175.42
-11799871.94,4655474.62,2173.94
-11799872.38,4655474.62,2166.67
-11799873.76,4655473.74,2175.11
-11799873.99,4655473.88,2166.67
-11799876.94,4655473.8100000005,2166.73
-11799875.33,4655474.59,2166.69
-11799873.68,4655475.350000001,2166.69
-11799874.4,4655474.9,2171.08
-11799875.03,4655474.5,2175.0
-11799873.46,4655475.23,2175.28
-11799870.4,4655476.87,2166.65
-11799871.46,4655476.21,2173.07
-11799871.790000001,4655476.01,2175.04
-11799868.76,4655477.63,2166.6
-11799869.55,4655477.15,2171.34
-11799869.89,4655476.94,2173.36
-11799867.16,4655478.38,2166.63
-11799865.49,4655479.16,2166.58
-11799863.83,4655479.92,2166.56
-11799862.18,4655480.69,2166.54
-11799860.55,4655481.45,2166.51
-11799858.92,4655482.19,2166.48
-11799858.84,4655482.600000001,2166.46
-11799860.5,4655481.84,2166.48
-11799862.14,4655481.07,2166.52
-11799863.78,4655480.32,2166.54
-11799865.42,4655479.55,2166.56
-11799867.06,4655478.79,2166.61
-11799868.67,4655478.04,2166.6
-11799870.3,4655477.3,2166.57
-11799869.82,4655477.34,2173.44
-11799871.450000001,4655476.58,2173.54
-11799871.950000001,4655476.5200000005,2166.63
-11799873.370000001,4655475.65,2175.28
-11799873.58,4655475.7700000005,2166.67
-11799874.68,4655475.09,2173.38
-11799874.9,4655474.95,2174.75
-11799875.21,4655475.01,2166.69
-11799876.86,4655474.25,2166.69
-11799880.5,4655473.72,2169.13
-11799878.47,4655474.73,2166.75
-11799876.85,4655475.48,2166.69
-11799875.26,4655476.22,2166.67
-11799873.620000001,4655476.98,2166.65
-11799874.72,4655476.3,2173.35
-11799871.99,4655477.74,2166.65
-11799873.06,4655477.09,2173.09
-11799873.34,4655476.9,2174.82
-11799870.34,4655478.49,2166.65
-11799871.47,4655477.8100000005,2173.54
-11799868.69,4655479.28,2166.61
-11799863.81,4655481.53,2166.56
-11799867.09,4655480.01,2166.58
-11799862.15,4655482.3100000005,2166.53
-11799865.46,4655480.7700000005,2166.54
-11799858.88,4655483.82,2166.48
-11799860.53,4655483.0600000005,2166.5
-11799860.09,4655483.69,2166.47
-11799861.73,4655482.93,2166.5
-11799863.39,4655482.14,2166.53
-11799865.01,4655481.41,2166.51
-11799866.66,4655480.64,2166.74
-11799868.26,4655479.9,2166.61
-11799869.92,4655479.13,2166.61
-11799871.56,4655478.36,2166.65
-11799873.18,4655477.62,2166.63
-11799874.82,4655476.86,2166.65
-11799876.47,4655476.100000001,2166.67
-11799878.1,4655475.350000001,2166.71
-11799879.74,4655474.59,2166.73
-11799880.1,4655474.37,2169.01
-11799881.63,4655473.66,2168.44
-11799881.71,4655475.03,2166.78
-11799880.09,4655475.78,2166.82
-11799883.36,4655474.25,2166.88
-11799878.43,4655476.55,2166.75
-11799876.790000001,4655477.29,2166.72
-11799875.200000001,4655478.05,2166.69
-11799873.56,4655478.8,2166.65
-11799871.92,4655479.5600000005,2166.69
-11799870.27,4655480.34,2166.63
-11799868.72,4655481.04,2166.98
-11799865.36,4655482.59,2166.61
-11799867.24,4655481.7,2167.88
-11799863.72,4655483.37,2166.51
-11799862.07,4655484.13,2166.5
-11799860.46,4655484.88,2166.49
-11799858.84,4655485.64,2166.44
-11799859.790000001,4655485.62,2166.46
-11799861.43,4655484.86,2166.48
-11799863.040000001,4655484.11,2166.48
-11799864.67,4655483.36,2166.53
-11799865.25,4655483.01,2170.03
-11799866.540000001,4655482.45,2167.88
-11799866.88,4655482.26,2169.88
-11799868.1,4655481.76,2167.38
-11799869.63,4655481.0600000005,2166.73
-11799871.47,4655480.18,2168.01
-11799872.870000001,4655479.5600000005,2166.74
-11799874.52,4655478.8,2166.69
-11799876.16,4655478.04,2166.69
-11799877.78,4655477.28,2166.69
-11799879.450000001,4655476.5200000005,2166.79
-11799881.06,4655475.7700000005,2166.78
-11799882.68,4655475.0200000005,2166.81
-11799884.32,4655474.26,2166.92
-11799888.26,4655473.75,2166.9
-11799886.63,4655474.51,2166.97
-11799885.0,4655475.26,2166.92
-11799883.370000001,4655476.0200000005,2166.84
-11799881.74,4655476.79,2166.78
-11799880.09,4655477.55,2166.8
-11799878.43,4655478.3100000005,2166.72
-11799876.870000001,4655479.03,2166.97
-11799875.3,4655479.75,2167.19
-11799873.71,4655480.48,2167.49
-11799872.14,4655481.19,2168.02
-11799870.34,4655482.05,2167.17
-11799870.94,4655481.69,2170.69
-11799869.33,4655482.42,2170.76
-11799867.63,4655483.24,2170.22
-11799865.34,4655484.36,2166.47
-11799865.950000001,4655484.01,2170.06
-11799863.72,4655485.13,2166.54
-11799864.0,4655484.97,2168.15
-11799862.09,4655485.89,2166.54
-11799860.43,4655486.66,2166.48
-11799859.33,4655487.64,2166.44
-11799862.66,4655486.100000001,2166.5
-11799861.03,4655486.850000001,2166.48
-11799864.28,4655485.34,2166.61
-11799864.51,4655485.19,2167.99
-11799866.540000001,4655484.21,2170.17
-11799868.26,4655483.41,2170.81
-11799869.870000001,4655482.66,2170.72
-11799871.51,4655481.89,2170.76
-11799872.66,4655481.44,2167.9
-11799872.99,4655481.23,2169.9
-11799874.17,4655480.74,2167.22
-11799875.88,4655479.95,2167.56
-11799877.42,4655479.26,2166.98
-11799878.99,4655478.55,2166.73
-11799880.61,4655477.79,2166.78
-11799880.94,4655477.59,2168.86
-11799882.24,4655477.04,2166.76
-11799883.88,4655476.28,2166.88
-11799885.540000001,4655475.51,2166.92
-11799887.17,4655474.75,2166.97
-11799888.76,4655474.03,2166.76
-11799888.38,4655475.61,2166.92
-11799886.77,4655476.36,2166.94
-11799885.14,4655477.12,2166.9
-11799883.47,4655477.9,2166.83
-11799881.870000001,4655478.62,2167.09
-11799882.15,4655478.46,2168.78
-11799880.21,4655479.39,2166.77
-11799878.57,4655480.15,2166.69
-11799877.07,4655480.84,2167.44
-11799877.48,4655480.59,2169.94
-11799875.86,4655481.34,2170.09
-11799874.26,4655482.07,2170.23
-11799872.66,4655482.82,2170.36
-11799871.11,4655483.5200000005,2170.76
-11799871.86,4655483.0600000005,2175.27
-11799870.28,4655483.8,2175.54
-11799868.73,4655484.51,2175.92
-11799865.81,4655486.01,2168.49
-11799866.08,4655485.87,2170.03
-11799863.83,4655487.0,2166.44
-11799864.120000001,4655486.83,2168.13
-11799862.23,4655487.73,2166.51
-11799860.59,4655488.5,2166.47
-11799858.93,4655489.24,2166.42
-11799859.19,4655489.61,2166.42
-11799860.83,4655488.850000001,2166.44
-11799864.540000001,4655487.08,2168.92
-11799862.47,4655488.08,2166.51
-11799866.370000001,4655486.2,2170.05
-11799869.07,4655484.8,2176.46
-11799870.620000001,4655484.09,2175.94
-11799871.41,4655483.86,2170.78
-11799872.19,4655483.38,2175.47
-11799874.58,4655482.39,2170.36
-11799873.01,4655483.14,2170.52
-11799877.73,4655480.96,2170.03
-11799876.16,4655481.68,2170.23
-11799878.84,4655480.5200000005,2166.69
-11799877.3,4655481.22,2167.38
-11799880.51,4655479.76,2166.72
-11799880.76,4655479.61,2168.28
-11799882.200000001,4655478.96,2167.15
-11799882.42,4655478.83,2168.57
-11799883.76,4655478.25,2166.83
-11799885.4,4655477.49,2166.9
-11799887.03,4655476.74,2166.97
-11799888.67,4655475.98,2166.9
-11799888.31,4655477.57,2166.92
-11799886.700000001,4655478.3100000005,2166.94
-11799887.51,4655477.8100000005,2172.11
-11799885.07,4655479.07,2166.88
-11799883.41,4655479.83,2166.82
-11799881.74,4655480.61,2166.77
-11799882.01,4655480.44,2168.4
-11799880.09,4655481.37,2166.74
-11799878.46,4655482.13,2166.69
-11799877.48,4655482.5,2170.57
-11799875.91,4655483.22,2170.69
-11799874.98,4655483.55,2174.92
-11799876.42,4655482.91,2173.85
-11799871.92,4655484.93,2176.1
-11799873.09,4655484.47,2173.42
-11799870.620000001,4655485.5,2177.9
-11799868.620000001,4655486.48,2175.67
-11799866.450000001,4655487.5600000005,2172.65
-11799863.75,4655488.95,2166.38
-11799864.13,4655488.73,2168.59
-11799862.16,4655489.68,2166.46
-11799860.51,4655490.45,2166.42
-11799860.43,4655490.96,2166.44
-11799862.02,4655490.22,2166.46
-11799863.65,4655489.46,2166.42
-11799864.040000001,4655489.24,2168.69
-11799866.43,4655488.03,2173.06
-11799868.49,4655487.04,2175.65
-11799870.59,4655486.0,2178.48
-11799871.88,4655485.45,2176.4
-11799872.99,4655485.01,2173.19
-11799874.92,4655484.08,2174.88
-11799876.38,4655483.42,2173.97
-11799877.790000001,4655482.8100000005,2172.77
-11799878.4,4655482.66,2166.72
-11799880.06,4655481.9,2166.73
-11799881.72,4655481.13,2166.78
-11799883.32,4655480.37,2166.77
-11799884.98,4655479.61,2166.88
-11799886.61,4655478.86,2166.92
-11799887.41,4655478.38,2172.0
-11799888.25,4655478.11,2166.92
-11799888.4,4655479.48,2166.92
-11799887.58,4655479.74,2171.94
-11799886.78,4655480.22,2166.92
-11799885.14,4655480.98,2166.9
-11799883.47,4655481.76,2166.8
-11799881.83,4655482.5200000005,2166.8
-11799880.19,4655483.28,2166.72
-11799878.71,4655483.95,2167.59
-11799877.950000001,4655484.18,2172.82
-11799876.51,4655484.82,2173.98
-11799875.03,4655485.49,2174.85
-11799873.13,4655486.4,2173.19
-11799872.06,4655486.8100000005,2176.44
-11799870.4,4655487.59,2176.25
-11799868.33,4655488.600000001,2173.69
-11799868.63,4655488.43,2175.47
-11799866.78,4655489.3100000005,2174.09
-11799863.81,4655490.850000001,2166.44
-11799862.18,4655491.61,2166.42
-11799860.56,4655492.37,2166.46
-11799858.91,4655493.13,2166.42
-11799860.11,4655493.100000001,2166.44
-11799861.790000001,4655492.34,2166.44
-11799863.42,4655491.58,2166.44
-11799866.47,4655490.0,2174.58
-11799865.06,4655490.83,2166.36
-11799868.02,4655489.29,2174.17
-11799869.86,4655488.41,2175.47
-11799871.59,4655487.59,2176.08
-11799872.73,4655487.12,2173.19
-11799873.09,4655486.92,2175.31
-11799874.55,4655486.28,2174.24
-11799876.19,4655485.5200000005,2174.34
-11799877.620000001,4655484.87,2173.19
-11799878.76,4655484.42,2170.42
-11799879.81,4655484.01,2166.72
-11799881.46,4655483.25,2166.76
-11799883.1,4655482.49,2166.79
-11799884.76,4655481.73,2166.88
-11799886.38,4655480.98,2166.96
-11799888.01,4655480.22,2166.94
-11799889.65,4655479.48,2166.75
-11799889.790000001,4655480.8,2166.75
-11799888.19,4655481.54,2166.92
-11799886.6,4655482.26,2166.96
-11799884.950000001,4655483.05,2166.9
-11799883.26,4655483.84,2166.79
-11799881.59,4655484.600000001,2166.78
-11799879.94,4655485.36,2166.67
-11799880.22,4655485.19,2168.38
-11799878.97,4655485.73,2170.5
-11799877.93,4655486.14,2173.96
-11799876.36,4655486.850000001,2174.36
-11799874.73,4655487.600000001,2174.34
-11799873.09,4655488.36,2174.22
-11799871.55,4655489.0600000005,2174.54
-11799870.0,4655489.76,2174.86
-11799868.31,4655490.55,2174.77
-11799865.22,4655492.16,2166.38
-11799866.620000001,4655491.34,2174.49
-11799863.64,4655492.91,2166.42
-11799862.01,4655493.65,2166.44
-11799860.36,4655494.41,2166.44
-11799859.65,4655495.33,2166.44
-11799861.27,4655494.58,2166.44
-11799862.89,4655493.83,2166.42
-11799864.540000001,4655493.07,2166.42
-11799867.5,4655491.54,2174.17
-11799869.17,4655490.74,2174.49
-11799870.88,4655489.95,2174.88
-11799872.51,4655489.2,2174.8
-11799874.05,4655488.49,2174.44
-11799875.73,4655487.73,2174.86
-11799877.18,4655487.07,2173.81
-11799878.8,4655486.33,2173.82
-11799878.42,4655486.5600000005,2171.55
-11799879.72,4655486.0,2169.49
-11799880.89,4655485.53,2166.67
-11799881.15,4655485.37,2168.32
-11799882.540000001,4655484.7700000005,2166.77
-11799884.21,4655483.99,2166.82
-11799885.870000001,4655483.23,2166.94
-11799887.51,4655482.47,2166.94
-11799888.26,4655482.0200000005,2171.65
-11799889.11,4655481.73,2166.88
-11799889.71,4655482.92,2166.86
-11799888.1,4655483.68,2166.94
-11799886.47,4655484.43,2166.96
-11799884.82,4655485.19,2166.86
-11799883.19,4655485.95,2166.77
-11799881.540000001,4655486.7,2166.65
-11799880.38,4655487.18,2169.71
-11799881.870000001,4655486.5200000005,2168.69
-11799879.200000001,4655487.66,2172.38
-11799877.76,4655488.3100000005,2173.48
-11799876.33,4655488.94,2174.67
-11799874.78,4655489.65,2175.07
-11799875.040000001,4655489.49,2176.65
-11799873.1,4655490.42,2174.72
-11799873.450000001,4655490.23,2176.81
-11799871.32,4655491.28,2173.83
-11799869.59,4655492.09,2173.46
-11799867.9,4655492.88,2173.07
-11799865.15,4655494.29,2166.44
-11799861.93,4655495.78,2166.46
-11799863.53,4655495.04,2166.46
-11799860.290000001,4655496.54,2166.42
-11799859.13,4655497.68,2166.32
-11799860.81,4655496.92,2166.38
-11799862.450000001,4655496.16,2166.4
-11799864.07,4655495.41,2166.42
-11799865.69,4655494.66,2166.46
-11799868.4,4655493.26,2172.71
-11799870.11,4655492.48,2173.07
-11799871.8,4655491.69,2173.5
-11799873.700000001,4655490.78,2175.04
-11799875.32,4655490.03,2175.04
-11799876.8,4655489.37,2174.36
-11799878.24,4655488.71,2173.19
-11799879.22,4655488.37,2169.17
-11799879.74,4655488.0600000005,2172.28
-11799880.88,4655487.59,2169.4
-11799882.07,4655487.12,2166.71
-11799882.35,4655486.95,2168.42
-11799883.72,4655486.34,2166.77
-11799885.370000001,4655485.58,2166.86
-11799887.01,4655484.82,2166.94
-11799888.64,4655484.08,2166.92
-11799889.49,4655485.100000001,2166.92
-11799887.85,4655485.850000001,2166.96
-11799888.540000001,4655485.45,2171.26
-11799886.19,4655486.61,2166.92
-11799884.56,4655487.36,2166.8
-11799882.93,4655488.12,2166.77
-11799883.21,4655487.95,2168.51
-11799881.290000001,4655488.88,2166.67
-11799881.55,4655488.73,2168.19
-11799879.67,4655489.63,2166.59
-11799880.01,4655489.44,2168.67
-11799879.06,4655489.79,2172.79
-11799877.57,4655490.45,2173.86
-11799876.15,4655491.08,2175.02
-11799874.49,4655491.84,2174.86
-11799872.75,4655492.67,2174.11
-11799870.85,4655493.58,2172.55
-11799868.85,4655494.54,2170.29
-11799866.58,4655495.68,2166.48
-11799863.27,4655497.21,2166.36
-11799864.93,4655496.45,2166.42
-11799861.63,4655497.97,2166.36
-11799862.1,4655497.69,2169.1
-11799859.94,4655498.75,2166.29
-11799860.57,4655498.4,2169.79
-11799860.77,4655498.25,2170.96
-11799859.1,4655499.71,2168.8
-11799860.26,4655499.22,2166.19
-11799860.57,4655499.04,2167.98
-11799861.03,4655498.78,2170.57
-11799861.92,4655498.46,2166.35
-11799862.33,4655498.22,2168.69
-11799863.56,4655497.68,2166.36
-11799865.200000001,4655496.95,2166.38
-11799866.85,4655496.19,2166.5
-11799867.44,4655495.83,2169.9
-11799869.13,4655495.0600000005,2170.34
-11799873.08,4655493.14,2174.19
-11799871.16,4655494.07,2172.61
-11799874.77,4655492.37,2174.48
-11799876.42,4655491.59,2174.72
-11799877.91,4655490.94,2173.8
-11799879.43,4655490.24,2173.33
-11799879.92,4655490.17,2166.56
-11799880.3,4655489.92,2168.86
-11799881.85,4655489.24,2168.35
-11799881.57,4655489.41,2166.63
-11799883.22,4655488.65,2166.76
-11799884.86,4655487.88,2166.79
-11799886.51,4655487.12,2166.92
-11799888.14,4655486.36,2166.94
-11799889.78,4655485.61,2166.88
-11799889.32,4655487.36,2166.92
-11799887.71,4655488.12,2166.88
-11799887.98,4655487.95,2168.56
-11799886.08,4655488.87,2166.9
-11799884.39,4655489.65,2166.71
-11799884.700000001,4655489.48,2168.56
-11799882.74,4655490.41,2166.67
-11799883.14,4655490.19,2169.08
-11799881.120000001,4655491.17,2166.63
-11799881.56,4655490.91,2169.33
-11799879.5,4655491.91,2166.69
-11799879.72,4655491.79,2167.98
-11799880.03,4655491.58,2169.94
-11799878.98,4655492.0,2173.59
-11799877.36,4655492.75,2173.73
-11799875.76,4655493.48,2173.69
-11799874.35,4655494.12,2174.83
-11799872.540000001,4655494.97,2173.56
-11799870.39,4655496.03,2170.6
-11799870.69,4655495.850000001,2172.38
-11799868.65,4655496.83,2170.11
-11799866.36,4655497.97,2166.47
-11799864.77,4655498.71,2166.63
-11799865.11,4655498.51,2168.63
-11799863.78,4655499.08,2170.22
-11799861.450000001,4655500.25,2166.34
-11799862.06,4655499.89,2169.79
-11799862.28,4655499.78,2171.04
-11799860.450000001,4655500.63,2170.13
-11799860.67,4655500.5,2171.36
-11799860.65,4655501.04,2172.0
-11799860.46,4655501.14,2170.97
-11799862.06,4655500.42,2170.9
-11799863.56,4655499.75,2170.17
-11799864.57,4655499.350000001,2166.48
-11799864.98,4655499.12,2168.84
-11799868.42,4655497.5200000005,2169.99
-11799866.200000001,4655498.600000001,2166.44
-11799872.25,4655495.67,2173.19
-11799870.17,4655496.7,2170.51
-11799874.16,4655494.7700000005,2174.86
-11799875.64,4655494.100000001,2174.0
-11799877.120000001,4655493.44,2173.22
-11799878.77,4655492.68,2173.32
-11799879.28,4655492.59,2166.63
-11799879.55,4655492.43,2168.24
-11799880.19,4655492.05,2172.15
-11799880.97,4655491.8,2166.73
-11799881.34,4655491.59,2168.98
-11799882.6,4655491.0600000005,2166.49
-11799883.040000001,4655490.79,2169.26
-11799884.59,4655490.08,2168.94
-11799885.870000001,4655489.54,2166.86
-11799889.15,4655488.03,2166.88
-11799887.91,4655488.5600000005,2169.33
-11799889.26,4655489.55,2166.92
-11799887.63,4655490.32,2166.9
-11799887.9,4655490.16,2168.61
-11799885.99,4655491.08,2166.88
-11799884.65,4655491.66,2168.82
-11799884.290000001,4655491.850000001,2166.67
-11799882.64,4655492.61,2166.69
-11799883.06,4655492.38,2169.26
-11799881.05,4655493.36,2166.69
-11799881.370000001,4655493.17,2168.63
-11799880.32,4655493.58,2172.17
-11799877.83,4655494.83,2167.03
-11799878.71,4655494.3100000005,2172.3
-11799877.17,4655495.0200000005,2172.84
-11799875.74,4655495.67,2173.98
-11799874.27,4655496.32,2174.83
-11799872.38,4655497.22,2173.25
-11799870.27,4655498.25,2170.54
-11799868.52,4655499.08,2169.99
-11799866.28,4655500.17,2166.44
-11799864.66,4655500.94,2166.42
-11799865.06,4655500.69,2168.77
-11799863.96,4655501.14,2171.67
-11799865.33,4655500.54,2170.34
-11799860.46,4655502.78,2170.38
-11799862.13,4655502.01,2170.56
-11799859.370000001,4655503.96,2166.36
-11799859.96,4655503.61,2169.63
-11799861.76,4655502.7700000005,2170.65
-11799863.5,4655501.96,2171.27
-11799864.74,4655501.44,2168.82
-11799864.290000001,4655501.69,2166.34
-11799864.97,4655501.3100000005,2170.19
-11799865.18,4655501.18,2171.42
-11799865.98,4655500.91,2166.6
-11799866.38,4655500.69,2168.85
-11799867.58,4655500.18,2166.44
-11799868.18,4655499.83,2169.88
-11799871.94,4655498.03,2172.74
-11799869.92,4655499.01,2170.36
-11799873.85,4655497.14,2174.31
-11799875.5,4655496.37,2174.38
-11799876.89,4655495.76,2173.22
-11799877.59,4655495.5600000005,2167.51
-11799878.35,4655495.11,2172.11
-11799879.16,4655494.850000001,2167.02
-11799880.0,4655494.350000001,2172.13
-11799880.84,4655494.07,2167.15
-11799882.39,4655493.36,2166.69
-11799883.99,4655492.63,2166.67
-11799884.35,4655492.42,2168.86
-11799885.61,4655491.88,2166.77
-11799885.91,4655491.71,2168.63
-11799887.26,4655491.12,2166.92
-11799888.9,4655490.350000001,2166.92
-11799889.09,4655491.850000001,2166.9
-11799887.48,4655492.600000001,2166.84
-11799885.84,4655493.36,2166.78
-11799884.19,4655494.12,2166.78
-11799882.53,4655494.89,2166.79
-11799880.92,4655495.63,2166.8
-11799879.4,4655496.32,2167.4
-11799877.65,4655497.15,2166.86
-11799877.9,4655496.99,2168.35
-11799878.53,4655496.62,2172.1
-11799877.07,4655497.28,2173.19
-11799874.07,4655498.63,2174.33
-11799875.68,4655497.9,2174.34
-11799872.15,4655499.55,2172.75
-11799870.14,4655500.54,2170.48
-11799867.77,4655501.7,2166.35
-11799868.48,4655501.3,2170.48
-11799866.14,4655502.46,2166.44
-11799866.53,4655502.23,2168.71
-11799864.51,4655503.21,2166.4
-11799864.93,4655502.97,2168.76
-11799865.26,4655502.78,2170.67
-11799863.41,4655503.66,2169.38
-11799863.78,4655503.45,2171.5
-11799865.33,4655503.49,2166.34
-11799863.68,4655504.25,2166.26
-11799865.74,4655503.25,2168.67
-11799864.28,4655503.91,2169.6
-11799867.02,4655502.71,2166.47
-11799869.36,4655501.5600000005,2170.42
-11799870.98,4655500.8100000005,2170.44
-11799873.1,4655499.7700000005,2173.36
-11799875.26,4655498.72,2176.44
-11799875.0,4655498.87,2174.94
-11799877.85,4655497.600000001,2172.69
-11799876.43,4655498.24,2173.88
-11799878.49,4655497.42,2166.85
-11799878.86,4655497.2,2169.09
-11799880.1,4655496.7,2166.81
-11799883.24,4655495.0600000005,2175.81
-11799881.75,4655495.93,2166.77
-11799883.41,4655495.17,2166.77
-11799885.03,4655494.41,2166.77
-11799886.65,4655493.67,2166.75
-11799888.3,4655492.92,2166.74
-11799889.0,4655494.28,2166.72
-11799889.73,4655493.86,2171.23
-11799887.36,4655495.03,2166.76
-11799888.72,4655494.24,2175.26
-11799885.71,4655495.79,2166.79
-11799886.88,4655495.11,2173.99
-11799884.09,4655496.55,2166.81
-11799884.47,4655496.33,2169.17
-11799885.39,4655495.78,2174.86
-11799883.98,4655496.4,2176.05
-11799881.290000001,4655497.79,2169.49
-11799878.47,4655499.0200000005,2172.31
-11799879.65,4655498.53,2169.65
-11799876.540000001,4655499.95,2170.44
-11799877.07,4655499.65,2173.59
-11799873.27,4655501.46,2170.4
-11799874.91,4655500.71,2170.44
-11799871.64,4655502.23,2170.36
-11799869.99,4655502.99,2170.36
-11799867.69,4655504.12,2166.5
-11799868.93,4655504.13,2170.36
-11799870.56,4655503.38,2170.3
-11799872.18,4655502.62,2170.36
-11799873.81,4655501.88,2170.35
-11799875.46,4655501.12,2170.38
-11799877.1,4655500.37,2170.42
-11799878.68,4655499.65,2170.19
-11799879.02,4655499.44,2172.22
-11799881.03,4655498.45,2174.56
-11799880.24,4655498.94,2169.8
-11799881.86,4655498.2,2169.59
-11799882.81,4655497.64,2175.4
-11799884.620000001,4655496.76,2176.4
-11799885.06,4655496.73,2169.26
-11799885.790000001,4655496.3,2173.69
-11799886.02,4655496.16,2175.13
-11799886.27,4655496.23,2166.78
-11799887.56,4655495.45,2174.79
-11799887.91,4655495.47,2166.75
-11799889.3,4655494.66,2175.36
-11799889.55,4655494.72,2166.75
-11799888.71,4655496.72,2166.76
-11799889.78,4655496.11,2173.34
-11799886.8,4655497.46,2175.03
-11799888.75,4655496.51,2177.03
-11799887.27,4655497.17,2177.98
-11799885.13,4655498.23,2174.63
-11799885.8,4655497.84,2178.76
-11799883.41,4655499.0200000005,2174.19
-11799884.200000001,4655498.57,2178.92
-11799881.86,4655499.73,2174.65
-11799882.23,4655499.5200000005,2176.9
-11799877.88,4655501.64,2170.36
-11799880.21,4655500.5,2174.46
-11799878.56,4655501.26,2174.36
-11799876.28,4655502.41,2170.31
-11799874.67,4655503.15,2170.3
-11799873.0,4655503.92,2170.28
-11799874.85,4655503.82,2170.25
-11799876.49,4655503.07,2170.27
-11799878.13,4655502.32,2170.28
-11799878.870000001,4655501.89,2174.69
-11799880.57,4655501.100000001,2175.05
-11799882.53,4655500.16,2177.17
-11799882.31,4655500.29,2175.82
-11799883.69,4655499.68,2174.46
-11799884.15,4655499.41,2177.28
-11799884.42,4655499.25,2178.94
-11799886.09,4655498.48,2179.17
-11799887.24,4655498.0200000005,2176.23
-11799887.540000001,4655497.83,2178.04
-11799888.950000001,4655497.2,2176.74
-11799889.35,4655496.98,2179.29
-11799888.620000001,4655499.12,2166.77
-11799888.61,4655498.94,2176.69
-11799888.99,4655498.69,2179.09
-11799887.200000001,4655499.55,2177.99
-11799884.93,4655500.66,2174.07
-11799885.66,4655500.25,2178.46
-11799885.38,4655500.42,2176.74
-11799883.64,4655501.25,2175.86
-11799883.92,4655501.08,2177.57
-11799881.88,4655502.0600000005,2175.09
-11799882.23,4655501.87,2177.13
-11799880.22,4655502.84,2174.99
-11799878.620000001,4655503.5600000005,2175.24
-11799880.1,4655503.54,2174.73
-11799881.84,4655502.73,2175.29
-11799883.540000001,4655501.94,2175.78
-11799883.81,4655501.78,2177.35
-11799885.35,4655501.09,2176.94
-11799885.56,4655500.97,2178.17
-11799886.75,4655500.47,2175.63
-11799887.11,4655500.26,2177.88
-11799887.52,4655500.03,2180.3
-11799888.28,4655499.7700000005,2175.1
-11799888.78,4655499.49,2178.22
-11799889.11,4655499.28,2180.17
-11799888.58,4655499.8,2166.84
-11799888.9,4655501.5200000005,2166.8
-11799889.8,4655501.01,2172.38
-11799888.98,4655501.29,2177.34
-11799887.68,4655501.86,2179.34
-11799887.38,4655502.03,2177.48
-11799885.450000001,4655502.96,2175.59
-11799885.86,4655502.72,2178.1
-11799883.91,4655503.66,2176.25
-11799885.21,4655503.71,2176.32
-11799885.65,4655503.46,2179.0
-11799886.68,4655503.05,2175.23
-11799887.09,4655502.8100000005,2177.77
-11799887.35,4655502.67,2179.32
-11799888.86,4655501.99,2178.63
-11799889.51,4655501.79,2172.86
-11799889.66,4655501.71,2173.83
-11799889.17,4655503.69,2177.33
-11799856.3,4655504.32,2166.36
-11799857.8,4655503.95,2169.51
-11799858.05,4655503.91,2167.92
-11799858.290000001,4655503.86,2166.38
-11799858.01,4655502.8100000005,2169.9
-11799856.52,4655503.16,2166.34
-11799854.56,4655503.62,2166.32
-11799852.59,4655504.0600000005,2166.28
-11799842.97,4655504.32,2166.26
-11799844.94,4655503.88,2166.3
-11799846.950000001,4655503.41,2166.34
-11799848.950000001,4655502.95,2166.3
-11799850.92,4655502.48,2166.29
-11799852.93,4655502.0200000005,2166.31
-11799854.92,4655501.5600000005,2166.36
-11799856.9,4655501.100000001,2166.36
-11799858.5,4655500.71,2169.07
-11799858.92,4655500.62,2166.38
-11799858.61,4655499.61,2168.9
-11799856.96,4655500.0,2166.36
-11799854.92,4655500.46,2166.33
-11799852.93,4655500.93,2166.31
-11799850.9,4655501.39,2166.29
-11799848.88,4655501.86,2166.29
-11799846.870000001,4655502.3,2166.4
-11799844.85,4655502.79,2166.29
-11799842.81,4655503.26,2166.26
-11799840.8,4655503.7,2166.27
-11799838.81,4655504.16,2166.27
-11799828.32,4655504.63,2166.19
-11799830.0,4655504.23,2168.67
-11799830.35,4655504.16,2166.25
-11799832.33,4655503.69,2166.25
-11799833.57,4655503.4,2171.42
-11799833.8,4655503.36,2169.78
-11799834.3,4655503.25,2166.27
-11799835.870000001,4655502.87,2168.94
-11799836.22,4655502.79,2166.52
-11799837.91,4655502.4,2168.6
-11799838.23,4655502.33,2166.36
-11799839.8,4655501.96,2169.51
-11799840.26,4655501.86,2166.3
-11799842.24,4655501.39,2166.26
-11799844.25,4655500.93,2166.28
-11799846.17,4655500.49,2166.51
-11799848.16,4655500.0200000005,2166.35
-11799850.17,4655499.55,2166.32
-11799852.18,4655499.09,2166.31
-11799854.18,4655498.62,2166.35
-11799856.16,4655498.16,2166.36
-11799858.16,4655497.69,2166.4
-11799857.71,4655496.79,2166.49
-11799855.74,4655497.24,2166.47
-11799853.74,4655497.71,2166.42
-11799851.75,4655498.17,2166.33
-11799849.75,4655498.63,2166.32
-11799847.64,4655499.13,2167.3
-11799845.78,4655499.5600000005,2166.44
-11799843.790000001,4655500.0200000005,2166.28
-11799841.83,4655500.46,2166.24
-11799839.41,4655501.0,2169.15
-11799839.84,4655500.92,2166.23
-11799837.44,4655501.47,2169.05
-11799837.81,4655501.39,2166.52
-11799835.51,4655501.91,2168.61
-11799835.8,4655501.86,2166.56
-11799833.19,4655502.44,2171.05
-11799833.46,4655502.39,2169.19
-11799833.88,4655502.29,2166.26
-11799831.01,4655502.94,2172.6
-11799831.26,4655502.9,2170.81
-11799829.34,4655503.34,2170.35
-11799829.67,4655503.26,2167.92
-11799829.91,4655503.22,2166.24
-11799827.42,4655503.79,2169.94
-11799827.94,4655503.66,2166.15
-11799825.43,4655504.24,2169.84
-11799823.44,4655504.7,2169.8
-11799815.76,4655504.57,2174.86
-11799816.120000001,4655504.49,2172.17
-11799816.41,4655504.41,2170.0
-11799816.92,4655504.3100000005,2166.15
-11799818.03,4655504.04,2172.86
-11799818.25,4655503.99,2171.24
-11799818.48,4655503.95,2169.56
-11799820.35,4655503.5,2170.4
-11799822.200000001,4655503.0600000005,2171.3
-11799824.290000001,4655502.59,2170.26
-11799826.24,4655502.13,2170.28
-11799828.21,4655501.67,2170.4
-11799828.78,4655501.54,2166.27
-11799830.02,4655501.24,2171.54
-11799830.21,4655501.2,2170.22
-11799830.76,4655501.09,2166.36
-11799831.83,4655500.8100000005,2172.98
-11799832.120000001,4655500.76,2170.94
-11799832.25,4655500.73,2170.0
-11799834.290000001,4655500.25,2169.58
-11799834.76,4655500.14,2166.29
-11799836.28,4655499.8,2169.27
-11799836.700000001,4655499.7,2166.36
-11799838.200000001,4655499.350000001,2169.6
-11799840.21,4655498.87,2169.67
-11799840.71,4655498.7700000005,2166.26
-11799842.74,4655498.3,2166.26
-11799844.67,4655497.84,2166.47
-11799846.51,4655497.42,2167.24
-11799848.63,4655496.92,2166.38
-11799850.67,4655496.44,2166.36
-11799852.63,4655495.99,2166.42
-11799854.620000001,4655495.5200000005,2166.42
-11799856.620000001,4655495.07,2166.47
-11799858.61,4655494.600000001,2166.5
-11799858.870000001,4655493.59,2166.49
-11799856.88,4655494.0600000005,2166.46
-11799854.9,4655494.51,2166.42
-11799852.94,4655494.97,2166.36
-11799850.98,4655495.42,2166.38
-11799849.01,4655495.87,2166.33
-11799846.85,4655496.38,2167.26
-11799846.99,4655496.350000001,2166.32
-11799844.99,4655496.8100000005,2166.46
-11799843.06,4655497.25,2166.25
-11799840.65,4655497.8100000005,2168.98
-11799841.06,4655497.72,2166.23
-11799838.58,4655498.28,2169.5
-11799836.61,4655498.73,2169.47
-11799837.06,4655498.64,2166.33
-11799834.620000001,4655499.21,2169.46
-11799832.4,4655499.72,2171.15
-11799832.6,4655499.66,2169.76
-11799830.53,4655500.13,2170.1
-11799828.540000001,4655500.61,2170.4
-11799826.61,4655501.05,2170.19
-11799824.66,4655501.51,2169.9
-11799822.71,4655501.96,2169.61
-11799820.59,4655502.44,2170.73
-11799820.790000001,4655502.41,2169.32
-11799818.73,4655502.88,2169.84
-11799816.06,4655503.49,2175.0
-11799816.43,4655503.41,2172.32
-11799816.86,4655503.3100000005,2169.0
-11799817.26,4655503.22,2166.1
-11799814.700000001,4655503.8100000005,2170.49
-11799815.18,4655503.71,2166.76
-11799812.4,4655504.33,2173.04
-11799813.21,4655504.16,2166.9
-11799810.5,4655504.78,2172.28
-11799804.05,4655504.64,2168.78
-11799806.03,4655504.2,2168.71
-11799808.03,4655503.73,2168.67
-11799808.4,4655503.66,2165.77
-11799809.53,4655503.38,2172.56
-11799811.370000001,4655502.93,2173.65
-11799813.34,4655502.48,2173.58
-11799815.33,4655502.01,2173.54
-11799816.14,4655501.84,2167.42
-11799816.32,4655501.8,2166.08
-11799817.89,4655501.43,2169.06
-11799819.81,4655500.98,2169.19
-11799821.8,4655500.5,2169.44
-11799823.76,4655500.04,2169.76
-11799825.700000001,4655499.600000001,2170.04
-11799827.61,4655499.15,2170.35
-11799829.61,4655498.7,2170.22
-11799831.66,4655498.2,2169.88
-11799833.69,4655497.74,2169.59
-11799835.69,4655497.2700000005,2169.33
-11799836.13,4655497.18,2166.21
-11799837.61,4655496.83,2169.72
-11799838.11,4655496.72,2166.31
-11799839.65,4655496.34,2169.32
-11799840.09,4655496.26,2166.29
-11799842.09,4655495.79,2166.26
-11799844.040000001,4655495.33,2166.32
-11799846.02,4655494.87,2166.34
-11799848.02,4655494.4,2166.36
-11799850.02,4655493.93,2166.38
-11799852.01,4655493.48,2166.36
-11799854.01,4655493.0,2166.42
-11799855.98,4655492.53,2166.46
-11799857.94,4655492.09,2166.48
-11799857.02,4655491.39,2166.48
-11799855.0,4655491.850000001,2166.46
-11799853.040000001,4655492.3,2166.42
-11799851.05,4655492.7700000005,2166.4
-11799849.1,4655493.22,2166.36
-11799847.120000001,4655493.68,2166.34
-11799845.09,4655494.15,2166.35
-11799843.1,4655494.600000001,2166.31
-11799841.13,4655495.07,2166.25
-11799838.61,4655495.65,2169.94
-11799838.75,4655495.61,2169.0
-11799839.13,4655495.54,2166.29
-11799836.67,4655496.100000001,2169.65
-11799837.15,4655496.0,2166.32
-11799834.56,4655496.59,2170.46
-11799834.68,4655496.5600000005,2169.53
-11799832.69,4655497.01,2169.69
-11799830.68,4655497.49,2169.99
-11799828.63,4655497.96,2170.33
-11799826.66,4655498.41,2170.22
-11799824.74,4655498.86,2169.9
-11799822.85,4655499.3100000005,2169.63
-11799820.92,4655499.75,2169.33
-11799818.94,4655500.21,2169.15
-11799816.71,4655500.71,2170.98
-11799816.97,4655500.65,2168.97
-11799814.41,4655501.25,2173.44
-11799812.43,4655501.72,2173.72
-11799810.450000001,4655502.18,2173.65
-11799808.6,4655502.61,2172.22
-11799808.96,4655502.5200000005,2169.44
-11799809.43,4655502.43,2165.88
-11799807.09,4655502.96,2168.65
-11799805.120000001,4655503.4,2168.73
-11799803.16,4655503.87,2168.79
-11799801.15,4655504.34,2169.01
-11799799.15,4655504.8,2168.97
-11799792.32,4655504.71,2169.08
-11799794.290000001,4655504.25,2169.09
-11799796.24,4655503.79,2169.11
-11799798.23,4655503.32,2169.11
-11799800.200000001,4655502.86,2169.11
-11799802.21,4655502.39,2168.84
-11799804.200000001,4655501.94,2168.77
-11799806.19,4655501.47,2168.69
-11799807.86,4655501.07,2171.17
-11799808.15,4655501.01,2168.83
-11799808.53,4655500.93,2165.92
-11799809.790000001,4655500.62,2171.4
-11799810.52,4655500.46,2165.9
-11799811.78,4655500.15,2171.6
-11799813.72,4655499.7,2171.92
-11799814.27,4655499.58,2167.73
-11799815.49,4655499.2700000005,2173.24
-11799817.67,4655498.7700000005,2171.79
-11799818.040000001,4655498.69,2169.04
-11799819.97,4655498.24,2169.23
-11799821.92,4655497.7700000005,2169.51
-11799823.89,4655497.32,2169.82
-11799825.83,4655496.86,2170.13
-11799827.77,4655496.41,2170.44
-11799829.8,4655495.92,2170.13
-11799831.84,4655495.47,2169.8
-11799833.63,4655495.0200000005,2171.05
-11799833.85,4655494.99,2169.52
-11799835.81,4655494.54,2169.69
-11799837.620000001,4655494.11,2171.1
-11799837.81,4655494.07,2169.81
-11799838.33,4655493.96,2166.22
-11799839.84,4655493.600000001,2169.4
-11799840.290000001,4655493.5,2166.26
-11799842.27,4655493.03,2166.26
-11799844.26,4655492.5600000005,2166.36
-11799846.09,4655492.14,2167.47
-11799846.27,4655492.100000001,2166.28
-11799848.24,4655491.63,2166.38
-11799850.21,4655491.17,2166.42
-11799852.18,4655490.7,2166.44
-11799854.16,4655490.26,2166.48
-11799856.13,4655489.79,2166.52
-11799858.09,4655489.33,2166.51
-11799857.78,4655488.62,2166.5
-11799855.8,4655489.0600000005,2166.5
-11799853.83,4655489.53,2166.49
-11799851.85,4655489.99,2166.44
-11799849.85,4655490.46,2166.42
-11799847.870000001,4655490.92,2166.36
-11799845.74,4655491.41,2167.51
-11799843.94,4655491.83,2166.36
-11799841.950000001,4655492.29,2166.24
-11799839.97,4655492.76,2166.25
-11799837.57,4655493.3100000005,2169.07
-11799837.98,4655493.22,2166.23
-11799835.47,4655493.8,2169.69
-11799835.98,4655493.69,2166.21
-11799833.52,4655494.25,2169.49
-11799831.49,4655494.71,2169.81
-11799829.47,4655495.17,2170.15
-11799827.46,4655495.65,2170.4
-11799825.52,4655496.11,2170.13
-11799823.39,4655496.600000001,2171.13
-11799823.57,4655496.5600000005,2169.85
-11799821.65,4655497.01,2169.51
-11799819.71,4655497.46,2169.22
-11799817.3,4655498.01,2172.31
-11799817.44,4655497.98,2171.32
-11799817.75,4655497.91,2169.04
-11799815.24,4655498.48,2173.19
-11799815.51,4655498.43,2171.21
-11799813.43,4655498.91,2172.15
-11799811.53,4655499.350000001,2171.65
-11799809.51,4655499.83,2171.86
-11799807.56,4655500.28,2171.42
-11799805.950000001,4655500.66,2168.69
-11799803.96,4655501.12,2168.76
-11799801.98,4655501.59,2168.85
-11799799.96,4655502.0600000005,2169.15
-11799797.99,4655502.5200000005,2169.15
-11799796.01,4655502.97,2169.15
-11799794.06,4655503.42,2169.15
-11799792.09,4655503.89,2169.13
-11799790.1,4655504.350000001,2169.11
-11799788.09,4655504.82,2169.17
-11799781.14,4655504.78,2169.27
-11799783.13,4655504.32,2169.25
-11799785.06,4655503.86,2169.27
-11799787.03,4655503.41,2169.27
-11799789.0,4655502.94,2169.29
-11799791.0,4655502.48,2169.26
-11799793.01,4655502.01,2169.28
-11799794.99,4655501.54,2169.28
-11799796.96,4655501.08,2169.3
-11799798.950000001,4655500.61,2169.29
-11799800.77,4655500.18,2170.34
-11799800.96,4655500.14,2168.78
-11799802.93,4655499.68,2168.8
-11799804.9,4655499.21,2168.75
-11799806.9,4655498.74,2168.69
-11799808.52,4655498.36,2171.59
-11799810.290000001,4655497.94,2173.38
-11799812.38,4655497.45,2172.6
-11799814.38,4655496.99,2172.36
-11799816.370000001,4655496.5200000005,2172.19
-11799816.76,4655496.44,2169.24
-11799817.18,4655496.34,2166.11
-11799818.71,4655495.98,2169.27
-11799819.14,4655495.87,2166.15
-11799820.67,4655495.5200000005,2169.42
-11799822.65,4655495.04,2169.69
-11799824.6,4655494.58,2170.0
-11799826.51,4655494.14,2170.3
-11799828.51,4655493.68,2170.25
-11799830.52,4655493.21,2169.94
-11799832.56,4655492.73,2169.63
-11799834.58,4655492.25,2169.33
-11799835.040000001,4655492.16,2166.15
-11799836.620000001,4655491.78,2168.88
-11799837.01,4655491.7,2166.24
-11799838.98,4655491.22,2166.29
-11799840.98,4655490.7700000005,2166.24
-11799842.96,4655490.3,2166.32
-11799844.94,4655489.850000001,2166.51
-11799846.97,4655489.36,2166.34
-11799848.94,4655488.9,2166.4
-11799850.93,4655488.42,2166.44
-11799852.9,4655487.98,2166.44
-11799854.85,4655487.5200000005,2166.5
-11799856.83,4655487.0600000005,2166.52
-11799858.83,4655486.59,2166.51
-11799858.81,4655485.82,2166.51
-11799856.82,4655486.28,2166.49
-11799854.83,4655486.72,2166.5
-11799852.83,4655487.21,2166.44
-11799850.86,4655487.67,2166.42
-11799848.870000001,4655488.12,2166.42
-11799846.870000001,4655488.59,2166.35
-11799844.78,4655489.08,2166.9
-11799842.870000001,4655489.5200000005,2166.33
-11799840.93,4655489.98,2166.22
-11799838.91,4655490.45,2166.29
-11799836.92,4655490.91,2166.28
-11799834.51,4655491.46,2169.36
-11799834.97,4655491.37,2166.17
-11799832.51,4655491.93,2169.59
-11799830.5,4655492.39,2169.9
-11799828.49,4655492.87,2170.23
-11799826.49,4655493.33,2170.33
-11799824.56,4655493.79,2170.01
-11799822.63,4655494.23,2169.74
-11799820.71,4655494.69,2169.44
-11799819.16,4655495.05,2166.17
-11799817.16,4655495.5200000005,2166.11
-11799814.32,4655496.17,2172.33
-11799814.88,4655496.05,2168.15
-11799815.15,4655495.97,2166.11
-11799812.33,4655496.63,2172.44
-11799810.370000001,4655497.08,2172.59
-11799810.5,4655497.0600000005,2171.57
-11799810.69,4655497.0200000005,2170.17
-11799811.24,4655496.9,2165.94
-11799808.42,4655497.54,2172.34
-11799808.6,4655497.49,2171.05
-11799808.92,4655497.43,2168.61
-11799809.26,4655497.37,2165.9
-11799806.93,4655497.88,2168.67
-11799807.3,4655497.82,2165.8
-11799804.94,4655498.36,2168.72
-11799802.98,4655498.82,2168.79
-11799801.02,4655499.28,2168.85
-11799798.97,4655499.75,2169.35
-11799796.94,4655500.22,2169.33
-11799794.93,4655500.68,2169.34
-11799792.97,4655501.13,2169.35
-11799791.0,4655501.61,2169.32
-11799789.040000001,4655502.0600000005,2169.36
-11799787.07,4655502.5200000005,2169.3
-11799785.11,4655502.98,2169.31
-11799783.13,4655503.45,2169.3
-11799781.18,4655503.88,2169.28
-11799779.19,4655504.36,2169.28
-11799776.96,4655504.87,2171.47
-11799777.22,4655504.82,2169.24
-11799771.22,4655504.850000001,2178.47
-11799771.540000001,4655504.78,2175.63
-11799773.06,4655504.42,2179.31
-11799775.1,4655503.93,2178.44
-11799775.38,4655503.88,2175.97
-11799775.83,4655503.7700000005,2172.1
-11799778.16,4655503.25,2169.28
-11799780.120000001,4655502.79,2169.36
-11799782.1,4655502.32,2169.38
-11799784.06,4655501.86,2169.4
-11799786.03,4655501.4,2169.42
-11799788.01,4655500.92,2169.38
-11799790.0,4655500.47,2169.42
-11799791.98,4655500.0,2169.44
-11799793.97,4655499.5200000005,2169.44
-11799795.92,4655499.0600000005,2169.44
-11799797.89,4655498.62,2169.47
-11799799.88,4655498.15,2169.49
-11799801.92,4655497.66,2168.97
-11799802.32,4655497.58,2165.92
-11799804.28,4655497.13,2165.9
-11799806.27,4655496.65,2165.88
-11799808.27,4655496.18,2165.9
-11799809.53,4655495.88,2171.38
-11799809.69,4655495.82,2170.1
-11799810.24,4655495.73,2165.92
-11799811.5,4655495.42,2171.15
-11799811.9,4655495.3100000005,2168.09
-11799814.14,4655494.8100000005,2166.28
-11799816.15,4655494.33,2166.15
-11799818.16,4655493.86,2166.21
-11799819.73,4655493.47,2169.34
-11799820.15,4655493.4,2166.26
-11799821.63,4655493.04,2169.9
-11799822.11,4655492.93,2166.34
-11799823.59,4655492.57,2169.94
-11799825.53,4655492.12,2170.19
-11799827.52,4655491.65,2170.36
-11799829.53,4655491.17,2170.07
-11799831.53,4655490.71,2169.75
-11799833.55,4655490.24,2169.44
-11799836.0,4655489.67,2166.28
-11799837.92,4655489.2,2166.79
-11799840.0,4655488.73,2166.25
-11799841.98,4655488.28,2166.28
-11799843.950000001,4655487.8,2166.36
-11799845.94,4655487.350000001,2166.32
-11799847.94,4655486.88,2166.42
-11799849.94,4655486.41,2166.44
-11799851.9,4655485.95,2166.44
-11799853.870000001,4655485.48,2166.5
-11799855.9,4655485.01,2166.52
-11799857.9,4655484.54,2166.55
-11799856.870000001,4655483.92,2166.51
-11799854.88,4655484.39,2166.5
-11799852.950000001,4655484.82,2166.44
-11799850.97,4655485.29,2166.46
-11799848.96,4655485.76,2166.44
-11799846.97,4655486.22,2166.4
-11799845.01,4655486.69,2166.34
-11799843.02,4655487.15,2166.36
-11799841.05,4655487.61,2166.26
-11799839.07,4655488.08,2166.25
-11799837.040000001,4655488.55,2166.58
-11799834.65,4655489.100000001,2169.34
-11799834.92,4655489.04,2167.53
-11799835.1,4655489.0,2166.31
-11799832.64,4655489.57,2169.53
-11799830.59,4655490.03,2169.85
-11799828.540000001,4655490.53,2170.19
-11799826.52,4655490.98,2170.38
-11799824.61,4655491.44,2170.1
-11799822.72,4655491.88,2169.77
-11799823.200000001,4655491.78,2166.23
-11799821.22,4655492.22,2166.17
-11799819.25,4655492.69,2166.17
-11799817.25,4655493.16,2166.17
-11799815.25,4655493.62,2166.15
-11799813.21,4655494.100000001,2166.53
-11799810.700000001,4655494.68,2170.57
-11799811.08,4655494.600000001,2167.65
-11799809.35,4655495.01,2165.88
-11799807.36,4655495.48,2165.85
-11799805.4,4655495.92,2165.86
-11799803.41,4655496.39,2165.88
-11799801.08,4655496.93,2168.65
-11799801.44,4655496.86,2165.85
-11799799.01,4655497.41,2169.52
-11799797.02,4655497.87,2169.52
-11799795.06,4655498.33,2169.53
-11799793.08,4655498.8,2169.51
-11799791.120000001,4655499.26,2169.5
-11799789.14,4655499.71,2169.5
-11799787.17,4655500.17,2169.44
-11799785.21,4655500.63,2169.48
-11799783.23,4655501.100000001,2169.47
-11799781.25,4655501.5600000005,2169.46
-11799779.27,4655502.0200000005,2169.42
-11799776.94,4655502.55,2172.65
-11799777.35,4655502.47,2168.99
-11799774.35,4655503.15,2178.05
-11799774.6,4655503.09,2175.94
-11799772.290000001,4655503.600000001,2179.15
-11799772.86,4655503.51,2174.04
-11799770.35,4655504.07,2178.8
-11799768.53,4655504.49,2177.57
-11799768.68,4655504.48,2176.1
-11799768.86,4655504.44,2174.55
-11799766.47,4655504.99,2178.69
-11799759.98,4655505.15,2174.3
-11799760.15,4655505.12,2172.74
-11799761.78,4655504.72,2176.17
-11799761.96,4655504.68,2174.57
-11799763.68,4655504.28,2176.85
-11799763.94,4655504.22,2174.36
-11799764.1,4655504.19,2173.0
-11799765.6,4655503.83,2176.81
-11799766.08,4655503.72,2172.36
-11799766.84,4655503.57,2165.52
-11799767.450000001,4655503.39,2177.83
-11799769.56,4655502.9,2176.82
-11799769.73,4655502.86,2175.24
-11799771.450000001,4655502.43,2177.78
-11799773.32,4655501.99,2178.56
-11799773.57,4655501.96,2176.4
-11799773.73,4655501.92,2175.06
-11799775.63,4655501.48,2175.19
-11799775.96,4655501.41,2172.31
-11799776.14,4655501.37,2170.78
-11799776.34,4655501.32,2168.94
-11799778.24,4655500.89,2169.54
-11799780.22,4655500.41,2169.53
-11799782.200000001,4655499.94,2169.55
-11799784.200000001,4655499.49,2169.56
-11799786.19,4655499.0200000005,2169.55
-11799788.16,4655498.55,2169.58
-11799790.1,4655498.09,2169.65
-11799792.07,4655497.62,2169.67
-11799794.05,4655497.16,2169.72
-11799794.19,4655497.13,2168.65
-11799796.0,4655496.7,2169.76
-11799796.14,4655496.66,2168.65
-11799798.120000001,4655496.22,2168.63
-11799800.1,4655495.75,2168.61
-11799802.47,4655495.2,2165.88
-11799804.47,4655494.73,2165.88
-11799806.44,4655494.25,2165.86
-11799808.39,4655493.8,2165.9
-11799810.16,4655493.39,2167.38
-11799810.34,4655493.350000001,2165.96
-11799812.27,4655492.9,2166.42
-11799814.27,4655492.43,2166.52
-11799816.27,4655491.95,2166.26
-11799818.25,4655491.5,2166.25
-11799820.28,4655491.0,2166.19
-11799822.15,4655490.58,2167.08
-11799824.05,4655490.13,2167.6
-11799825.99,4655489.66,2167.85
-11799826.23,4655489.600000001,2166.13
-11799827.950000001,4655489.21,2168.03
-11799828.22,4655489.16,2166.15
-11799830.09,4655488.7,2167.13
-11799832.18,4655488.23,2166.59
-11799834.0,4655487.78,2167.75
-11799836.0,4655487.33,2167.42
-11799838.14,4655486.83,2166.27
-11799840.14,4655486.350000001,2166.25
-11799842.1,4655485.89,2166.31
-11799844.08,4655485.43,2166.36
-11799846.08,4655484.95,2166.34
-11799848.06,4655484.49,2166.42
-11799850.040000001,4655484.03,2166.44
-11799852.08,4655483.55,2166.48
-11799854.1,4655483.08,2166.49
-11799856.05,4655482.62,2166.51
-11799858.01,4655482.15,2166.54
-11799857.23,4655481.8100000005,2166.51
-11799855.28,4655482.2700000005,2166.48
-11799853.31,4655482.73,2166.49
-11799851.31,4655483.18,2166.47
-11799849.31,4655483.65,2166.42
-11799847.31,4655484.13,2166.4
-11799845.32,4655484.58,2166.3
-11799843.33,4655485.05,2166.36
-11799841.38,4655485.51,2166.26
-11799839.42,4655485.97,2166.26
-11799837.46,4655486.43,2166.3
-11799835.27,4655486.94,2167.67
-11799833.27,4655487.41,2167.67
-11799831.43,4655487.84,2166.63
-11799829.46,4655488.28,2166.35
-11799827.22,4655488.82,2167.9
-11799827.48,4655488.7700000005,2166.08
-11799825.290000001,4655489.28,2167.71
-11799823.33,4655489.74,2167.61
-11799821.48,4655490.17,2166.74
-11799819.55,4655490.62,2166.54
-11799817.55,4655491.08,2166.48
-11799815.58,4655491.55,2166.27
-11799813.6,4655492.01,2166.57
-11799811.67,4655492.47,2166.17
-11799809.700000001,4655492.92,2165.92
-11799807.72,4655493.38,2165.9
-11799805.75,4655493.850000001,2165.86
-11799803.77,4655494.3100000005,2165.9
-11799801.8,4655494.78,2165.9
-11799799.46,4655495.32,2168.61
-11799799.8,4655495.24,2165.9
-11799797.48,4655495.78,2168.61
-11799795.53,4655496.23,2168.63
-11799793.56,4655496.69,2168.61
-11799791.58,4655497.16,2168.61
-11799789.56,4655497.63,2169.04
-11799787.52,4655498.09,2169.58
-11799785.52,4655498.57,2169.58
-11799783.57,4655499.03,2169.15
-11799781.56,4655499.49,2169.63
-11799779.64,4655499.95,2169.63
-11799777.75,4655500.39,2169.11
-11799775.03,4655501.01,2175.15
-11799775.33,4655500.94,2172.55
-11799775.75,4655500.86,2168.82
-11799776.120000001,4655500.78,2165.65
-11799772.71,4655501.54,2178.26
-11799772.88,4655501.51,2176.81
-11799773.1,4655501.45,2174.88
-11799770.93,4655501.97,2176.96
-11799771.02,4655501.94,2176.13
-11799771.15,4655501.9,2174.99
-11799769.03,4655502.41,2176.24
-11799769.17,4655502.38,2174.97
-11799769.3,4655502.350000001,2173.84
-11799766.9,4655502.91,2177.69
-11799765.1,4655503.32,2176.52
-11799765.43,4655503.24,2173.4
-11799766.28,4655503.08,2165.6
-11799763.200000001,4655503.78,2176.02
-11799763.38,4655503.74,2174.34
-11799761.36,4655504.2,2174.9
-11799759.450000001,4655504.66,2174.6
-11799757.39,4655505.14,2175.3
-11799750.3,4655505.43,2174.86
-11799750.46,4655505.39,2173.36
-11799752.1,4655504.99,2176.65
-11799752.35,4655504.94,2174.22
-11799754.44,4655504.47,2173.0
-11799754.540000001,4655504.44,2172.0
-11799754.68,4655504.41,2170.65
-11799754.89,4655504.37,2168.65
-11799755.78,4655504.13,2178.97
-11799756.1,4655504.0600000005,2175.8
-11799758.18,4655503.58,2174.5
-11799760.24,4655503.09,2173.61
-11799762.18,4655502.64,2173.86
-11799762.38,4655502.58,2171.98
-11799762.66,4655502.53,2169.34
-11799763.07,4655502.46,2165.54
-11799763.72,4655502.25,2177.88
-11799765.74,4655501.79,2177.44
-11799767.73,4655501.32,2177.19
-11799768.15,4655501.24,2173.38
-11799770.02,4655500.8,2174.35
-11799771.99,4655500.32,2174.4
-11799774.18,4655499.8100000005,2172.27
-11799774.93,4655499.66,2165.63
-11799776.52,4655499.28,2169.0
-11799778.52,4655498.8,2169.03
-11799780.51,4655498.350000001,2169.02
-11799782.47,4655497.88,2169.0
-11799783.97,4655497.51,2173.07
-11799784.46,4655497.41,2169.01
-11799786.36,4655496.96,2169.69
-11799788.42,4655496.48,2168.98
-11799790.41,4655496.01,2169.0
-11799790.65,4655495.97,2167.01
-11799790.790000001,4655495.94,2165.88
-11799792.74,4655495.47,2165.83
-11799794.700000001,4655495.01,2165.82
-11799796.71,4655494.54,2165.84
-11799798.71,4655494.07,2165.83
-11799800.71,4655493.600000001,2165.86
-11799802.68,4655493.12,2165.9
-11799804.65,4655492.67,2165.88
-11799806.61,4655492.21,2165.88
-11799808.61,4655491.74,2165.9
-11799810.65,4655491.26,2165.97
-11799812.6,4655490.8,2166.19
-11799814.15,4655490.43,2169.1
-11799814.5,4655490.36,2166.55
-11799816.370000001,4655489.91,2167.21
-11799818.49,4655489.42,2166.24
-11799820.49,4655488.95,2166.17
-11799822.46,4655488.46,2166.21
-11799824.31,4655488.04,2167.46
-11799826.26,4655487.59,2167.77
-11799828.22,4655487.12,2167.53
-11799830.22,4655486.65,2167.58
-11799832.44,4655486.13,2166.27
-11799834.4,4655485.66,2166.25
-11799836.39,4655485.21,2166.28
-11799838.36,4655484.75,2166.24
-11799840.35,4655484.2700000005,2166.26
-11799842.34,4655483.8100000005,2166.36
-11799844.35,4655483.34,2166.3
-11799846.32,4655482.87,2166.38
-11799848.3,4655482.41,2166.4
-11799850.290000001,4655481.94,2166.42
-11799852.3,4655481.45,2166.48
-11799854.290000001,4655481.0,2166.52
-11799856.290000001,4655480.53,2166.53
-11799858.27,4655480.0600000005,2166.54
-11799857.370000001,4655479.63,2166.51
-11799855.3,4655480.11,2166.5
-11799853.28,4655480.58,2166.48
-11799851.34,4655481.04,2166.44
-11799849.34,4655481.51,2166.42
-11799847.31,4655481.98,2166.42
-11799845.28,4655482.47,2166.3
-11799843.27,4655482.94,2166.36
-11799840.620000001,4655483.54,2170.81
-11799841.3,4655483.4,2166.27
-11799839.27,4655483.87,2166.24
-11799837.23,4655484.350000001,2166.3
-11799835.22,4655484.82,2166.29
-11799833.19,4655485.29,2166.27
-11799831.18,4655485.75,2166.26
-11799829.040000001,4655486.26,2167.21
-11799827.01,4655486.73,2167.4
-11799825.040000001,4655487.2,2167.42
-11799823.08,4655487.66,2167.17
-11799823.19,4655487.63,2166.31
-11799821.21,4655488.09,2166.15
-11799819.17,4655488.58,2166.17
-11799817.19,4655489.03,2166.17
-11799814.66,4655489.61,2170.3
-11799815.19,4655489.5,2166.32
-11799813.200000001,4655489.97,2166.25
-11799811.24,4655490.43,2166.06
-11799809.26,4655490.89,2165.9
-11799807.24,4655491.36,2165.9
-11799805.200000001,4655491.84,2165.86
-11799803.200000001,4655492.3100000005,2165.86
-11799801.24,4655492.76,2165.88
-11799799.28,4655493.23,2165.86
-11799797.28,4655493.7,2165.85
-11799795.27,4655494.16,2165.84
-11799793.28,4655494.64,2165.84
-11799791.290000001,4655495.100000001,2165.82
-11799788.92,4655495.65,2168.97
-11799786.83,4655496.12,2169.77
-11799784.22,4655496.73,2175.09
-11799784.450000001,4655496.67,2173.09
-11799784.950000001,4655496.57,2168.99
-11799782.18,4655497.19,2175.52
-11799782.96,4655497.04,2168.96
-11799780.97,4655497.51,2168.99
-11799779.040000001,4655497.97,2168.99
-11799777.05,4655498.42,2169.0
-11799775.39,4655498.8100000005,2165.65
-11799772.46,4655499.49,2173.98
-11799773.4,4655499.3,2165.65
-11799770.41,4655499.96,2174.48
-11799770.77,4655499.88,2171.36
-11799768.09,4655500.5,2177.4
-11799766.14,4655500.94,2177.42
-11799764.14,4655501.42,2177.67
-11799764.27,4655501.4,2176.53
-11799764.49,4655501.36,2174.54
-11799764.66,4655501.32,2172.85
-11799762.83,4655501.75,2171.76
-11799763.51,4655501.61,2165.56
-11799760.790000001,4655502.22,2172.61
-11799761.56,4655502.07,2165.52
-11799758.63,4655502.73,2174.65
-11799756.51,4655503.21,2175.83
-11799756.74,4655503.17,2173.63
-11799754.92,4655503.600000001,2172.04
-11799755.1,4655503.5600000005,2170.28
-11799755.61,4655503.47,2165.4
-11799752.64,4655504.13,2174.82
-11799750.700000001,4655504.58,2174.32
-11799751.61,4655504.39,2165.36
-11799749.07,4655504.97,2171.09
-11799749.66,4655504.850000001,2165.36
-11799747.67,4655505.3100000005,2165.22
-11799741.58,4655505.59,2165.23
-11799743.57,4655505.14,2165.22
-11799745.540000001,4655504.68,2165.23
-11799747.49,4655504.22,2165.22
-11799748.78,4655503.89,2172.03
-11799749.450000001,4655503.74,2165.33
-11799750.540000001,4655503.47,2174.1
-11799751.42,4655503.29,2165.42
-11799752.42,4655503.01,2174.98
-11799753.4,4655502.82,2165.46
-11799754.68,4655502.5,2172.08
-11799754.86,4655502.46,2170.44
-11799756.26,4655502.11,2175.71
-11799756.540000001,4655502.0600000005,2173.05
-11799756.78,4655502.0,2170.77
-11799756.870000001,4655501.99,2169.86
-11799758.27,4655501.64,2175.22
-11799760.4,4655501.14,2174.01
-11799761.3,4655500.97,2165.51
-11799762.83,4655500.59,2169.96
-11799763.3,4655500.5,2165.56
-11799764.1,4655500.2700000005,2176.59
-11799764.24,4655500.24,2175.33
-11799764.56,4655500.16,2172.32
-11799765.32,4655500.03,2165.49
-11799766.120000001,4655499.79,2176.25
-11799766.36,4655499.75,2173.98
-11799768.1,4655499.32,2176.07
-11799770.39,4655498.8,2173.08
-11799770.72,4655498.74,2170.09
-11799771.23,4655498.63,2165.58
-11799773.200000001,4655498.17,2165.67
-11799775.18,4655497.69,2165.69
-11799776.76,4655497.3,2168.94
-11799777.11,4655497.24,2165.84
-11799778.74,4655496.850000001,2168.94
-11799779.1,4655496.7700000005,2165.86
-11799780.700000001,4655496.38,2168.98
-11799781.07,4655496.3100000005,2165.82
-11799781.98,4655496.0600000005,2175.19
-11799782.72,4655495.9,2168.92
-11799783.09,4655495.83,2165.83
-11799783.72,4655495.64,2177.04
-11799783.98,4655495.59,2174.94
-11799784.22,4655495.55,2172.96
-11799785.09,4655495.37,2165.69
-11799787.040000001,4655494.89,2165.69
-11799789.02,4655494.43,2165.82
-11799791.01,4655493.97,2165.92
-11799792.99,4655493.49,2165.92
-11799794.96,4655493.05,2165.94
-11799796.92,4655492.58,2165.94
-11799798.91,4655492.12,2165.92
-11799800.88,4655491.63,2165.92
-11799802.9,4655491.18,2165.92
-11799804.870000001,4655490.71,2165.9
-11799806.81,4655490.24,2165.88
-11799808.78,4655489.79,2165.9
-11799810.77,4655489.32,2166.02
-11799812.78,4655488.84,2166.28
-11799814.4,4655488.45,2169.03
-11799814.78,4655488.38,2166.24
-11799816.76,4655487.91,2166.15
-11799818.76,4655487.44,2166.19
-11799820.76,4655486.97,2166.17
-11799822.72,4655486.51,2166.17
-11799824.71,4655486.04,2166.19
-11799826.67,4655485.58,2166.22
-11799828.66,4655485.11,2166.22
-11799830.66,4655484.64,2166.25
-11799832.66,4655484.17,2166.28
-11799834.620000001,4655483.71,2166.27
-11799836.58,4655483.26,2166.31
-11799838.59,4655482.7700000005,2166.24
-11799839.68,4655482.5,2172.5
-11799840.61,4655482.3,2166.26
-11799842.6,4655481.83,2166.38
-11799844.57,4655481.37,2166.3
-11799846.51,4655480.92,2166.38
-11799848.49,4655480.43,2166.44
-11799850.540000001,4655479.96,2166.44
-11799852.540000001,4655479.48,2166.49
-11799854.52,4655479.03,2166.52
-11799856.51,4655478.5600000005,2166.53
-11799858.47,4655478.100000001,2166.54
-11799858.69,4655477.51,2166.51
-11799856.73,4655477.98,2166.53
-11799854.76,4655478.44,2166.49
-11799852.77,4655478.91,2166.47
-11799850.78,4655479.37,2166.46
-11799848.81,4655479.84,2166.42
-11799846.790000001,4655480.3100000005,2166.4
-11799844.790000001,4655480.7700000005,2166.35
-11799842.82,4655481.24,2166.38
-11799839.85,4655481.91,2172.94
-11799840.84,4655481.7,2166.29
-11799837.790000001,4655482.4,2173.15
-11799838.82,4655482.18,2166.19
-11799836.81,4655482.65,2166.29
-11799834.86,4655483.09,2166.24
-11799832.89,4655483.5600000005,2166.27
-11799830.92,4655484.0200000005,2166.22
-11799828.92,4655484.49,2166.21
-11799826.91,4655484.96,2166.21
-11799824.93,4655485.42,2166.19
-11799822.94,4655485.89,2166.15
-11799820.94,4655486.36,2166.17
-11799818.93,4655486.83,2166.21
-11799816.94,4655487.29,2166.19
-11799814.97,4655487.75,2166.21
-11799812.97,4655488.23,2166.35
-11799811.01,4655488.69,2166.06
-11799809.03,4655489.15,2165.9
-11799807.040000001,4655489.62,2165.9
-11799805.08,4655490.08,2165.9
-11799803.11,4655490.53,2165.9
-11799801.15,4655490.99,2165.92
-11799799.13,4655491.47,2165.92
-11799797.13,4655491.95,2165.94
-11799795.13,4655492.4,2165.92
-11799793.17,4655492.87,2165.92
-11799791.21,4655493.33,2165.92
-11799789.23,4655493.79,2165.82
-11799787.26,4655494.25,2165.79
-11799784.0,4655494.97,2176.38
-11799785.28,4655494.72,2165.69
-11799782.040000001,4655495.44,2176.44
-11799782.18,4655495.42,2175.33
-11799782.38,4655495.36,2173.55
-11799783.31,4655495.19,2165.78
-11799781.36,4655495.63,2165.73
-11799779.39,4655496.100000001,2165.78
-11799777.39,4655496.57,2165.96
-11799775.44,4655497.03,2165.69
-11799773.450000001,4655497.49,2165.69
-11799770.67,4655498.12,2172.94
-11799771.49,4655497.94,2165.65
-11799768.34,4655498.65,2176.17
-11799768.47,4655498.62,2175.1
-11799769.51,4655498.42,2165.63
-11799766.620000001,4655499.0600000005,2174.03
-11799766.99,4655498.98,2170.67
-11799767.55,4655498.87,2165.63
-11799765.07,4655499.44,2170.07
-11799765.55,4655499.34,2165.63
-11799763.14,4655499.9,2169.81
-11799763.6,4655499.8,2165.53
-11799761.65,4655500.25,2165.51
-11799758.790000001,4655500.9,2173.85
-11799759.03,4655500.850000001,2171.49
-11799759.68,4655500.72,2165.44
-11799756.66,4655501.39,2175.42
-11799756.870000001,4655501.350000001,2173.33
-11799755.03,4655501.79,2172.27
-11799752.85,4655502.29,2174.31
-11799753.77,4655502.09,2165.46
-11799750.91,4655502.75,2173.65
-11799751.74,4655502.58,2165.44
-11799749.15,4655503.16,2171.58
-11799749.78,4655503.04,2165.36
-11799747.84,4655503.5,2165.26
-11799745.88,4655503.94,2165.19
-11799743.93,4655504.41,2165.23
-11799741.97,4655504.87,2165.24
-11799739.99,4655505.33,2165.19
-11799738.43,4655504.600000001,2165.17
-11799740.43,4655504.13,2165.22
-11799742.4,4655503.66,2165.26
-11799744.38,4655503.19,2165.23
-11799746.34,4655502.73,2165.26
-11799748.31,4655502.26,2165.34
-11799750.33,4655501.79,2165.4
-11799752.28,4655501.34,2165.46
-11799754.24,4655500.88,2165.48
-11799756.21,4655500.41,2165.48
-11799757.33,4655500.11,2173.5
-11799760.19,4655499.48,2165.49
-11799762.19,4655499.0,2165.52
-11799764.15,4655498.54,2165.59
-11799765.55,4655498.19,2170.11
-11799766.05,4655498.09,2165.6
-11799768.02,4655497.61,2165.63
-11799770.0,4655497.17,2165.67
-11799771.98,4655496.7,2165.67
-11799773.96,4655496.21,2165.69
-11799775.91,4655495.75,2165.73
-11799777.9,4655495.3,2165.71
-11799779.870000001,4655494.84,2165.73
-11799780.77,4655494.59,2175.13
-11799781.3,4655494.48,2170.67
-11799781.88,4655494.36,2165.76
-11799782.48,4655494.17,2177.51
-11799783.88,4655493.9,2165.76
-11799784.55,4655493.69,2176.63
-11799784.76,4655493.63,2174.79
-11799785.85,4655493.43,2165.8
-11799787.790000001,4655492.96,2165.85
-11799789.77,4655492.51,2165.88
-11799791.76,4655492.04,2165.92
-11799793.73,4655491.5600000005,2165.92
-11799795.72,4655491.100000001,2165.92
-11799797.71,4655490.64,2165.92
-11799799.66,4655490.16,2165.92
-11799801.63,4655489.7,2165.88
-11799803.6,4655489.25,2165.9
-11799805.59,4655488.79,2165.88
-11799807.59,4655488.3,2165.94
-11799809.59,4655487.850000001,2165.92
-11799811.450000001,4655487.4,2166.88
-11799813.5,4655486.91,2166.38
-11799815.48,4655486.45,2166.29
-11799817.48,4655485.99,2166.25
-11799819.48,4655485.51,2166.17
-11799821.48,4655485.05,2166.17
-11799823.450000001,4655484.58,2166.19
-11799825.44,4655484.11,2166.19
-11799827.43,4655483.64,2166.21
-11799829.42,4655483.18,2166.22
-11799831.4,4655482.71,2166.28
-11799833.39,4655482.24,2166.26
-11799834.97,4655481.86,2168.92
-11799835.370000001,4655481.78,2166.29
-11799837.33,4655481.3,2166.29
-11799838.23,4655481.07,2173.53
-11799839.33,4655480.84,2166.22
-11799839.81,4655480.69,2176.46
-11799840.450000001,4655480.5600000005,2172.21
-11799841.84,4655480.21,2176.15
-11799843.31,4655479.9,2166.35
-11799845.26,4655479.44,2166.36
-11799847.26,4655478.97,2166.38
-11799849.3,4655478.5,2166.4
-11799851.28,4655478.03,2166.48
-11799853.3,4655477.55,2166.49
-11799855.3,4655477.09,2166.51
-11799857.290000001,4655476.62,2166.53
-11799858.16,4655475.8100000005,2166.51
-11799856.19,4655476.28,2166.51
-11799854.19,4655476.74,2166.47
-11799852.18,4655477.22,2166.44
-11799850.18,4655477.68,2166.38
-11799848.200000001,4655478.14,2166.36
-11799846.24,4655478.61,2166.36
-11799842.57,4655479.42,2177.46
-11799842.73,4655479.39,2176.42
-11799844.26,4655479.07,2166.28
-11799840.71,4655479.86,2176.9
-11799842.290000001,4655479.54,2166.36
-11799839.26,4655480.21,2173.38
-11799840.33,4655479.98,2166.24
-11799837.24,4655480.68,2173.5
-11799838.33,4655480.47,2166.23
-11799835.870000001,4655481.0200000005,2169.51
-11799836.34,4655480.92,2166.3
-11799834.38,4655481.38,2166.28
-11799832.36,4655481.84,2166.27
-11799830.36,4655482.32,2166.35
-11799828.4,4655482.78,2166.23
-11799826.3,4655483.28,2167.06
-11799824.44,4655483.71,2166.19
-11799822.49,4655484.17,2166.15
-11799820.5,4655484.64,2166.15
-11799818.48,4655485.11,2166.22
-11799816.52,4655485.5600000005,2166.23
-11799814.53,4655486.04,2166.27
-11799812.46,4655486.49,2166.94
-11799810.35,4655486.99,2167.99
-11799808.66,4655487.41,2165.92
-11799806.67,4655487.88,2165.9
-11799804.67,4655488.34,2165.92
-11799802.69,4655488.8100000005,2165.9
-11799800.72,4655489.28,2165.92
-11799798.73,4655489.73,2165.92
-11799796.78,4655490.19,2165.9
-11799794.81,4655490.64,2165.92
-11799792.83,4655491.12,2165.9
-11799790.86,4655491.58,2165.9
-11799788.9,4655492.03,2165.82
-11799786.91,4655492.51,2165.85
-11799783.61,4655493.22,2176.81
-11799783.85,4655493.18,2174.76
-11799781.57,4655493.71,2177.3
-11799781.81,4655493.66,2175.34
-11799780.42,4655494.0,2170.46
-11799780.97,4655493.89,2165.79
-11799778.98,4655494.36,2165.74
-11799777.02,4655494.82,2165.72
-11799775.07,4655495.28,2165.73
-11799773.11,4655495.73,2165.67
-11799771.120000001,4655496.2,2165.65
-11799769.120000001,4655496.68,2165.65
-11799767.17,4655497.13,2165.65
-11799765.21,4655497.59,2165.61
-11799763.25,4655498.03,2165.55
-11799761.28,4655498.51,2165.52
-11799759.31,4655498.98,2165.49
-11799756.6,4655499.58,2172.57
-11799756.77,4655499.54,2170.94
-11799757.34,4655499.43,2165.48
-11799755.34,4655499.9,2165.48
-11799753.4,4655500.36,2165.48
-11799751.43,4655500.82,2165.46
-11799749.47,4655501.28,2165.38
-11799747.53,4655501.73,2165.32
-11799745.540000001,4655502.2,2165.24
-11799743.55,4655502.66,2165.22
-11799741.58,4655503.13,2165.21
-11799739.620000001,4655503.59,2165.22
-11799737.67,4655504.03,2165.19
-11799737.6,4655503.28,2165.22
-11799739.58,4655502.8100000005,2165.22
-11799741.53,4655502.34,2165.24
-11799743.51,4655501.88,2165.23
-11799745.48,4655501.42,2165.25
-11799747.46,4655500.96,2165.38
-11799749.42,4655500.48,2165.44
-11799751.41,4655500.0200000005,2165.47
-11799753.38,4655499.57,2165.49
-11799755.36,4655499.08,2165.51
-11799757.34,4655498.64,2165.51
-11799759.290000001,4655498.17,2165.53
-11799761.28,4655497.71,2165.53
-11799763.25,4655497.24,2165.58
-11799765.200000001,4655496.78,2165.61
-11799767.18,4655496.32,2165.67
-11799769.15,4655495.850000001,2165.65
-11799771.14,4655495.38,2165.67
-11799773.08,4655494.93,2165.71
-11799775.040000001,4655494.47,2165.72
-11799777.05,4655493.99,2165.76
-11799779.06,4655493.53,2165.78
-11799780.48,4655493.17,2170.42
-11799781.03,4655493.0600000005,2165.77
-11799781.89,4655492.8,2175.07
-11799783.0,4655492.59,2165.78
-11799783.89,4655492.350000001,2174.76
-11799784.96,4655492.13,2165.84
-11799786.93,4655491.68,2165.86
-11799788.9,4655491.21,2165.85
-11799790.91,4655490.73,2165.9
-11799792.9,4655490.2700000005,2165.9
-11799794.86,4655489.82,2165.92
-11799796.84,4655489.33,2165.92
-11799798.81,4655488.89,2165.94
-11799800.82,4655488.4,2165.94
-11799802.82,4655487.93,2165.92
-11799804.790000001,4655487.48,2165.9
-11799806.76,4655487.0200000005,2165.92
-11799808.51,4655486.59,2167.69
-11799808.75,4655486.53,2165.94
-11799810.03,4655486.23,2171.3
-11799810.43,4655486.14,2168.42
-11799812.52,4655485.66,2167.56
-11799812.700000001,4655485.62,2166.25
-11799814.63,4655485.16,2166.28
-11799816.620000001,4655484.68,2166.28
-11799818.63,4655484.22,2166.22
-11799820.65,4655483.75,2166.15
-11799822.620000001,4655483.28,2166.17
-11799824.6,4655482.82,2166.17
-11799826.41,4655482.38,2167.33
-11799828.57,4655481.88,2166.22
-11799830.55,4655481.42,2166.31
-11799832.55,4655480.95,2166.29
-11799834.51,4655480.48,2166.3
-11799835.9,4655480.15,2170.38
-11799836.51,4655480.0200000005,2166.26
-11799837.370000001,4655479.78,2173.75
-11799838.5,4655479.55,2166.28
-11799838.94,4655479.41,2176.77
-11799839.36,4655479.33,2173.98
-11799839.64,4655479.25,2172.09
-11799840.51,4655479.08,2166.3
-11799840.98,4655478.91,2176.38
-11799841.3,4655478.86,2174.28
-11799842.48,4655478.63,2166.38
-11799842.790000001,4655478.51,2177.26
-11799844.450000001,4655478.15,2166.32
-11799846.42,4655477.7,2166.35
-11799848.42,4655477.23,2166.36
-11799850.43,4655476.76,2166.4
-11799852.450000001,4655476.2700000005,2166.46
-11799854.42,4655475.8100000005,2166.47
-11799856.41,4655475.36,2166.51
-11799858.4,4655474.87,2166.54
-11799857.61,4655474.600000001,2166.52
-11799855.65,4655475.0600000005,2166.47
-11799853.700000001,4655475.51,2166.42
-11799851.72,4655475.98,2166.42
-11799849.73,4655476.44,2166.38
-11799847.77,4655476.9,2166.35
-11799845.77,4655477.36,2166.35
-11799842.15,4655478.15,2177.11
-11799843.790000001,4655477.82,2166.31
-11799840.1,4655478.65,2177.67
-11799840.34,4655478.600000001,2176.11
-11799840.59,4655478.54,2174.4
-11799841.8,4655478.3,2166.38
-11799838.22,4655479.09,2176.86
-11799838.64,4655478.99,2173.99
-11799837.06,4655479.38,2171.24
-11799837.82,4655479.24,2166.19
-11799835.14,4655479.83,2170.83
-11799835.34,4655479.79,2169.44
-11799835.8,4655479.7,2166.3
-11799833.8,4655480.17,2166.26
-11799831.82,4655480.64,2166.28
-11799829.85,4655481.100000001,2166.28
-11799827.92,4655481.55,2166.19
-11799825.81,4655482.04,2167.15
-11799823.950000001,4655482.48,2166.19
-11799821.94,4655482.95,2166.17
-11799819.94,4655483.41,2166.15
-11799817.94,4655483.87,2166.24
-11799816.0,4655484.34,2166.3
-11799814.040000001,4655484.8,2166.26
-11799811.75,4655485.32,2168.52
-11799809.44,4655485.850000001,2171.21
-11799809.81,4655485.7700000005,2168.36
-11799808.16,4655486.18,2165.9
-11799806.14,4655486.65,2165.92
-11799804.14,4655487.11,2165.9
-11799802.17,4655487.57,2165.9
-11799800.18,4655488.04,2165.94
-11799798.21,4655488.51,2165.92
-11799796.26,4655488.97,2165.92
-11799794.28,4655489.41,2165.9
-11799792.33,4655489.88,2165.88
-11799790.33,4655490.350000001,2165.9
-11799788.35,4655490.8100000005,2165.8
-11799786.38,4655491.2700000005,2165.86
-11799783.25,4655491.97,2175.53
-11799784.41,4655491.74,2165.82
-11799781.36,4655492.41,2174.84
-11799781.86,4655492.3,2170.69
-11799782.450000001,4655492.2,2165.76
-11799779.92,4655492.76,2170.19
-11799780.43,4655492.67,2165.82
-11799778.47,4655493.11,2165.75
-11799776.52,4655493.58,2165.76
-11799774.540000001,4655494.05,2165.71
-11799772.56,4655494.51,2165.67
-11799770.61,4655494.97,2165.65
-11799768.65,4655495.41,2165.65
-11799766.68,4655495.89,2165.63
-11799764.69,4655496.350000001,2165.61
-11799762.71,4655496.8100000005,2165.57
-11799760.75,4655497.28,2165.56
-11799758.78,4655497.74,2165.56
-11799756.85,4655498.19,2165.52
-11799754.870000001,4655498.65,2165.5
-11799752.84,4655499.11,2165.49
-11799750.89,4655499.59,2165.48
-11799748.97,4655500.04,2165.42
-11799746.99,4655500.49,2165.38
-11799745.06,4655500.95,2165.26
-11799743.11,4655501.41,2165.24
-11799741.08,4655501.88,2165.22
-11799739.11,4655502.350000001,2165.21
-11799737.17,4655502.8100000005,2165.21
-11799738.64,4655501.41,2165.23
-11799740.620000001,4655500.95,2165.24
-11799742.59,4655500.49,2165.25
-11799744.55,4655500.03,2165.25
-11799746.51,4655499.58,2165.38
-11799748.5,4655499.11,2165.46
-11799750.5,4655498.64,2165.51
-11799752.47,4655498.15,2165.51
-11799754.4,4655497.71,2165.51
-11799756.33,4655497.25,2165.54
-11799758.33,4655496.79,2165.55
-11799760.34,4655496.32,2165.55
-11799762.32,4655495.850000001,2165.59
-11799764.26,4655495.41,2165.61
-11799766.24,4655494.94,2165.61
-11799768.27,4655494.45,2165.65
-11799770.27,4655494.0,2165.65
-11799772.22,4655493.54,2165.69
-11799774.16,4655493.08,2165.71
-11799776.1,4655492.62,2165.73
-11799778.09,4655492.15,2165.77
-11799780.120000001,4655491.68,2165.78
-11799782.08,4655491.2,2165.8
-11799784.05,4655490.75,2165.83
-11799786.040000001,4655490.28,2165.86
-11799788.07,4655489.8,2165.8
-11799790.040000001,4655489.34,2165.9
-11799792.02,4655488.88,2165.92
-11799793.98,4655488.43,2165.92
-11799795.97,4655487.96,2165.9
-11799797.92,4655487.5,2165.94
-11799799.88,4655487.03,2165.94
-11799801.01,4655486.72,2172.44
-11799801.86,4655486.57,2165.94
-11799803.85,4655486.100000001,2165.9
-11799805.85,4655485.63,2165.9
-11799807.83,4655485.17,2165.92
-11799809.11,4655484.84,2171.38
-11799811.16,4655484.350000001,2171.04
-11799811.51,4655484.29,2168.47
-11799813.78,4655483.7700000005,2166.24
-11799815.73,4655483.3,2166.33
-11799817.700000001,4655482.850000001,2166.26
-11799819.700000001,4655482.38,2166.15
-11799821.73,4655481.9,2166.15
-11799823.73,4655481.43,2166.21
-11799825.69,4655480.98,2166.19
-11799827.68,4655480.51,2166.19
-11799829.700000001,4655480.03,2166.27
-11799831.73,4655479.55,2166.27
-11799833.68,4655479.09,2166.28
-11799835.1,4655478.74,2170.04
-11799835.64,4655478.64,2166.36
-11799836.52,4655478.4,2173.96
-11799836.91,4655478.3100000005,2171.27
-11799838.03,4655478.0200000005,2176.99
-11799839.96,4655477.5600000005,2177.42
-11799840.27,4655477.51,2175.33
-11799842.24,4655477.0200000005,2175.29
-11799843.6,4655476.7700000005,2166.33
-11799845.6,4655476.3,2166.34
-11799847.63,4655475.82,2166.36
-11799849.61,4655475.34,2166.38
-11799851.58,4655474.9,2166.42
-11799853.540000001,4655474.44,2166.42
-11799855.540000001,4655473.97,2166.42
-11799855.06,4655473.68,2166.4
-11799853.1,4655474.15,2166.4
-11799851.13,4655474.62,2166.4
-11799849.11,4655475.08,2166.36
-11799847.09,4655475.5600000005,2166.33
-11799845.11,4655476.0200000005,2166.31
-11799841.68,4655476.76,2176.08
-11799843.16,4655476.48,2166.36
-11799839.47,4655477.2700000005,2177.55
-11799839.8,4655477.22,2175.31
-11799837.58,4655477.72,2176.9
-11799837.99,4655477.65,2174.19
-11799836.05,4655478.11,2174.0
-11799836.5,4655478.0,2171.02
-11799834.69,4655478.44,2169.92
-11799835.23,4655478.33,2166.35
-11799833.26,4655478.78,2166.27
-11799831.25,4655479.26,2166.26
-11799829.26,4655479.73,2166.22
-11799827.3,4655480.19,2166.19
-11799825.3,4655480.66,2166.19
-11799822.97,4655481.19,2168.72
-11799823.33,4655481.12,2166.19
-11799821.35,4655481.57,2166.15
-11799819.36,4655482.03,2166.13
-11799817.38,4655482.5200000005,2166.26
-11799815.4,4655482.97,2166.32
-11799813.26,4655483.47,2167.76
-11799813.48,4655483.42,2166.15
-11799810.8,4655484.0200000005,2171.32
-11799811.200000001,4655483.94,2168.42
-11799808.85,4655484.48,2170.94
-11799807.53,4655484.82,2165.9
-11799805.55,4655485.29,2165.88
-11799803.57,4655485.73,2165.9
-11799800.790000001,4655486.350000001,2172.15
-11799801.6,4655486.2,2165.9
-11799799.6,4655486.67,2165.94
-11799797.64,4655487.13,2165.92
-11799795.68,4655487.59,2165.9
-11799793.71,4655488.03,2165.9
-11799791.69,4655488.53,2165.86
-11799789.71,4655488.99,2165.85
-11799787.77,4655489.43,2165.79
-11799785.81,4655489.9,2165.83
-11799783.82,4655490.37,2165.81
-11799781.81,4655490.83,2165.8
-11799779.86,4655491.3,2165.78
-11799777.91,4655491.76,2165.76
-11799775.950000001,4655492.21,2165.69
-11799773.98,4655492.67,2165.67
-11799772.01,4655493.13,2165.67
-11799770.05,4655493.57,2165.63
-11799768.05,4655494.0600000005,2165.63
-11799766.07,4655494.53,2165.61
-11799764.1,4655494.99,2165.6
-11799762.14,4655495.43,2165.59
-11799760.16,4655495.91,2165.56
-11799758.200000001,4655496.37,2165.56
-11799756.21,4655496.83,2165.54
-11799754.25,4655497.3,2165.52
-11799752.290000001,4655497.76,2165.5
-11799750.3,4655498.21,2165.48
-11799748.36,4655498.67,2165.46
-11799746.43,4655499.13,2165.42
-11799744.450000001,4655499.57,2165.28
-11799742.47,4655500.0600000005,2165.22
-11799740.48,4655500.51,2165.24
-11799738.53,4655500.97,2165.24
-11799737.450000001,4655500.21,2165.24
-11799739.450000001,4655499.74,2165.22
-11799741.42,4655499.2700000005,2165.22
-11799743.38,4655498.82,2165.21
-11799745.32,4655498.36,2165.36
-11799747.26,4655497.89,2165.44
-11799749.26,4655497.43,2165.47
-11799751.26,4655496.96,2165.51
-11799753.25,4655496.49,2165.56
-11799755.22,4655496.03,2165.53
-11799757.18,4655495.57,2165.55
-11799759.13,4655495.12,2165.57
-11799761.09,4655494.63,2165.59
-11799763.11,4655494.18,2165.61
-11799765.11,4655493.71,2165.63
-11799767.07,4655493.24,2165.65
-11799769.040000001,4655492.79,2165.63
-11799771.02,4655492.32,2165.65
-11799772.99,4655491.86,2165.69
-11799775.01,4655491.39,2165.69
-11799776.98,4655490.92,2165.75
-11799778.97,4655490.44,2165.79
-11799780.94,4655489.99,2165.78
-11799782.93,4655489.5200000005,2165.83
-11799784.89,4655489.0600000005,2165.83
-11799786.870000001,4655488.58,2165.82
-11799788.84,4655488.14,2165.82
-11799790.84,4655487.67,2165.88
-11799792.83,4655487.18,2165.88
-11799794.78,4655486.74,2165.9
-11799796.74,4655486.28,2165.9
-11799798.74,4655485.8100000005,2165.99
-11799799.91,4655485.5,2172.32
-11799800.75,4655485.34,2165.9
-11799801.69,4655485.0600000005,2173.85
-11799802.74,4655484.87,2165.84
-11799803.700000001,4655484.600000001,2173.88
-11799804.0,4655484.55,2171.56
-11799804.75,4655484.38,2165.82
-11799805.59,4655484.16,2174.42
-11799806.71,4655483.94,2165.9
-11799808.13,4655483.58,2170.19
-11799808.43,4655483.5200000005,2167.88
-11799808.69,4655483.47,2165.96
-11799809.98,4655483.15,2171.15
-11799812.290000001,4655482.61,2168.69
-11799812.65,4655482.53,2166.04
-11799814.61,4655482.08,2166.23
-11799816.56,4655481.63,2166.23
-11799818.55,4655481.16,2166.17
-11799820.23,4655480.74,2168.34
-11799820.55,4655480.69,2166.09
-11799822.14,4655480.3,2168.82
-11799822.53,4655480.23,2166.15
-11799824.540000001,4655479.76,2166.24
-11799826.55,4655479.29,2166.23
-11799828.51,4655478.82,2166.23
-11799830.5,4655478.36,2166.28
-11799832.5,4655477.89,2166.27
-11799834.48,4655477.42,2166.35
-11799835.74,4655477.100000001,2171.17
-11799835.9,4655477.07,2170.08
-11799836.46,4655476.96,2166.29
-11799837.38,4655476.69,2173.35
-11799839.26,4655476.25,2174.22
-11799841.25,4655475.78,2174.36
-11799842.46,4655475.55,2166.38
-11799844.46,4655475.08,2166.34
-11799846.41,4655474.62,2166.36
-11799848.41,4655474.15,2166.36
-11799850.44,4655473.68,2166.38
-11799848.17,4655473.74,2166.36
-11799846.17,4655474.21,2166.35
-11799844.200000001,4655474.66,2166.35
-11799841.03,4655475.37,2174.19
-11799841.25,4655475.33,2172.77
-11799842.22,4655475.14,2166.36
-11799837.22,4655476.2700000005,2173.23
-11799837.44,4655476.23,2171.79
-11799838.27,4655476.05,2166.21
-11799835.71,4655476.62,2170.13
-11799836.290000001,4655476.53,2166.19
-11799834.3,4655476.98,2166.35
-11799832.33,4655477.45,2166.29
-11799830.34,4655477.91,2166.27
-11799828.34,4655478.38,2166.22
-11799826.33,4655478.850000001,2166.24
-11799824.35,4655479.3100000005,2166.24
-11799821.98,4655479.850000001,2169.4
-11799822.43,4655479.75,2166.21
-11799820.14,4655480.29,2168.57
-11799820.47,4655480.22,2166.17
-11799818.43,4655480.7,2166.17
-11799816.46,4655481.15,2166.19
-11799814.49,4655481.62,2166.21
-11799812.21,4655482.14,2168.32
-11799812.52,4655482.08,2166.07
-11799809.93,4655482.66,2170.61
-11799810.25,4655482.61,2168.17
-11799808.01,4655483.12,2170.22
-11799808.28,4655483.0600000005,2168.15
-11799808.58,4655483.01,2165.94
-11799805.46,4655483.68,2174.49
-11799806.61,4655483.45,2165.92
-11799803.6,4655484.13,2173.86
-11799803.78,4655484.07,2172.49
-11799804.63,4655483.92,2166.0
-11799801.64,4655484.57,2173.76
-11799802.67,4655484.39,2165.9
-11799799.75,4655485.03,2173.01
-11799798.620000001,4655485.34,2165.96
-11799796.64,4655485.79,2165.92
-11799794.71,4655486.25,2165.88
-11799792.73,4655486.71,2165.88
-11799790.72,4655487.18,2165.85
-11799788.76,4655487.64,2165.82
-11799786.8,4655488.09,2165.81
-11799784.870000001,4655488.55,2165.82
-11799782.89,4655489.0200000005,2165.82
-11799780.91,4655489.48,2165.8
-11799778.94,4655489.94,2165.77
-11799776.96,4655490.41,2165.76
-11799775.01,4655490.850000001,2165.73
-11799773.02,4655491.32,2165.69
-11799771.05,4655491.78,2165.63
-11799769.08,4655492.25,2165.65
-11799767.08,4655492.71,2165.65
-11799765.13,4655493.15,2165.61
-11799763.16,4655493.64,2165.61
-11799761.16,4655494.09,2165.57
-11799759.19,4655494.55,2165.56
-11799757.25,4655495.0200000005,2165.54
-11799755.28,4655495.48,2165.52
-11799753.27,4655495.95,2165.54
-11799751.290000001,4655496.41,2165.51
-11799749.34,4655496.850000001,2165.48
-11799747.4,4655497.32,2165.44
-11799745.47,4655497.78,2165.4
-11799743.49,4655498.24,2165.25
-11799741.52,4655498.7,2165.23
-11799739.540000001,4655499.15,2165.23
-11799737.56,4655499.62,2165.26
-11799737.88,4655498.68,2165.27
-11799739.85,4655498.24,2165.25
-11799741.870000001,4655497.7700000005,2165.25
-11799743.870000001,4655497.28,2165.26
-11799745.82,4655496.84,2165.42
-11799747.75,4655496.38,2165.44
-11799749.74,4655495.91,2165.47
-11799751.78,4655495.44,2165.53
-11799753.75,4655494.97,2165.55
-11799755.69,4655494.51,2165.55
-11799757.65,4655494.0600000005,2165.56
-11799759.65,4655493.59,2165.58
-11799761.64,4655493.13,2165.6
-11799763.59,4655492.67,2165.63
-11799765.55,4655492.19,2165.63
-11799767.52,4655491.74,2165.67
-11799769.51,4655491.2700000005,2165.65
-11799771.51,4655490.79,2165.67
-11799773.51,4655490.33,2165.69
-11799775.47,4655489.87,2165.72
-11799777.42,4655489.42,2165.76
-11799779.4,4655488.96,2165.79
-11799781.41,4655488.49,2165.82
-11799783.41,4655488.0200000005,2165.85
-11799785.370000001,4655487.53,2165.83
-11799787.36,4655487.09,2165.78
-11799789.35,4655486.62,2165.84
-11799791.32,4655486.16,2165.86
-11799793.31,4655485.69,2165.92
-11799795.26,4655485.23,2165.92
-11799797.25,4655484.76,2165.94
-11799798.43,4655484.45,2172.17
-11799799.22,4655484.3,2166.01
-11799802.11,4655483.58,2174.48
-11799804.02,4655483.11,2174.74
-11799804.41,4655483.05,2171.9
-11799805.870000001,4655482.68,2175.72
-11799806.13,4655482.64,2173.8
-11799807.18,4655482.43,2165.9
-11799808.83,4655482.03,2168.4
-11799810.88,4655481.5600000005,2168.34
-11799811.18,4655481.51,2166.09
-11799813.18,4655481.0200000005,2166.13
-11799815.120000001,4655480.58,2166.13
-11799816.73,4655480.19,2168.63
-11799817.06,4655480.12,2166.17
-11799818.78,4655479.69,2168.19
-11799819.06,4655479.65,2166.17
-11799820.620000001,4655479.26,2169.17
-11799821.05,4655479.18,2166.21
-11799822.6,4655478.79,2169.44
-11799823.03,4655478.72,2166.36
-11799824.65,4655478.32,2168.9
-11799825.03,4655478.25,2166.23
-11799826.46,4655477.89,2170.06
-11799827.01,4655477.78,2166.24
-11799828.99,4655477.32,2166.3
-11799830.98,4655476.850000001,2166.35
-11799833.0,4655476.38,2166.35
-11799834.450000001,4655476.0200000005,2169.9
-11799834.97,4655475.92,2166.36
-11799836.09,4655475.63,2171.94
-11799836.31,4655475.59,2170.53
-11799836.94,4655475.45,2166.26
-11799837.82,4655475.2,2173.75
-11799839.77,4655474.74,2174.19
-11799839.98,4655474.7,2172.88
-11799840.15,4655474.67,2171.69
-11799840.96,4655474.51,2166.38
-11799842.92,4655474.05,2166.4
-11799840.26,4655474.11,2173.17
-11799840.49,4655474.0600000005,2171.69
-11799840.96,4655473.97,2168.59
-11799841.3,4655473.92,2166.4
-11799838.33,4655474.55,2172.74
-11799836.66,4655474.97,2170.61
-11799837.32,4655474.83,2166.19
-11799834.790000001,4655475.4,2170.11
-11799834.91,4655475.39,2169.29
-11799835.35,4655475.3,2166.35
-11799833.38,4655475.76,2166.38
-11799831.38,4655476.23,2166.34
-11799829.4,4655476.69,2166.33
-11799826.72,4655477.28,2171.21
-11799826.94,4655477.24,2169.73
-11799827.43,4655477.13,2166.27
-11799825.0,4655477.7,2169.24
-11799825.43,4655477.62,2166.25
-11799822.91,4655478.18,2170.1
-11799823.49,4655478.08,2166.11
-11799820.870000001,4655478.66,2170.65
-11799821.040000001,4655478.63,2169.46
-11799821.49,4655478.53,2166.28
-11799819.200000001,4655479.05,2168.4
-11799819.51,4655479.0,2166.21
-11799817.15,4655479.53,2168.88
-11799817.540000001,4655479.46,2166.15
-11799815.55,4655479.93,2166.11
-11799813.57,4655480.39,2166.11
-11799811.290000001,4655480.89,2168.4
-11799811.61,4655480.83,2166.02
-11799809.34,4655481.36,2168.3
-11799806.620000001,4655481.95,2173.92
-11799807.69,4655481.76,2165.94
-11799804.46,4655482.46,2174.88
-11799802.36,4655482.95,2175.9
-11799800.6,4655483.37,2174.34
-11799800.88,4655483.3,2172.15
-11799798.950000001,4655483.76,2172.28
-11799799.76,4655483.62,2165.92
-11799797.8,4655484.08,2165.96
-11799795.78,4655484.53,2165.92
-11799793.8,4655485.0,2165.88
-11799791.84,4655485.46,2165.88
-11799789.9,4655485.92,2165.86
-11799787.91,4655486.38,2165.78
-11799785.91,4655486.83,2165.81
-11799783.69,4655487.36,2168.07
-11799783.950000001,4655487.3100000005,2165.83
-11799782.0,4655487.76,2165.83
-11799780.02,4655488.22,2165.79
-11799778.03,4655488.68,2165.74
-11799776.09,4655489.14,2165.75
-11799774.120000001,4655489.61,2165.71
-11799772.120000001,4655490.08,2165.72
-11799770.13,4655490.53,2165.65
-11799768.14,4655491.0,2165.67
-11799766.21,4655491.45,2165.65
-11799764.26,4655491.91,2165.61
-11799762.27,4655492.38,2165.59
-11799760.290000001,4655492.83,2165.58
-11799758.33,4655493.28,2165.57
-11799756.33,4655493.76,2165.55
-11799754.38,4655494.22,2165.55
-11799752.42,4655494.68,2165.54
-11799750.450000001,4655495.13,2165.48
-11799748.47,4655495.58,2165.47
-11799746.47,4655496.0600000005,2165.42
-11799744.48,4655496.53,2165.36
-11799742.57,4655496.98,2165.26
-11799740.620000001,4655497.42,2165.22
-11799738.620000001,4655497.88,2165.21
-11799738.700000001,4655496.96,2165.24
-11799740.700000001,4655496.49,2165.19
-11799742.68,4655496.01,2165.29
-11799744.63,4655495.57,2165.4
-11799746.61,4655495.100000001,2165.46
-11799748.6,4655494.62,2165.46
-11799750.58,4655494.17,2165.5
-11799752.55,4655493.71,2165.55
-11799754.51,4655493.26,2165.53
-11799756.5,4655492.79,2165.54
-11799758.49,4655492.32,2165.54
-11799760.46,4655491.86,2165.56
-11799762.44,4655491.39,2165.57
-11799764.4,4655490.92,2165.63
-11799766.39,4655490.47,2165.65
-11799768.370000001,4655490.0,2165.67
-11799770.34,4655489.54,2165.67
-11799772.290000001,4655489.09,2165.71
-11799774.25,4655488.62,2165.72
-11799776.23,4655488.16,2165.76
-11799778.22,4655487.69,2165.79
-11799780.21,4655487.22,2165.81
-11799781.76,4655486.83,2169.52
-11799782.21,4655486.76,2165.84
-11799783.88,4655486.36,2168.27
-11799784.17,4655486.3,2165.84
-11799786.13,4655485.850000001,2165.82
-11799788.11,4655485.36,2165.83
-11799790.11,4655484.9,2165.88
-11799791.75,4655484.5,2168.55
-11799792.1,4655484.45,2165.92
-11799793.8,4655484.0200000005,2167.88
-11799794.05,4655483.99,2165.92
-11799795.66,4655483.57,2168.83
-11799796.03,4655483.5200000005,2165.92
-11799797.24,4655483.18,2171.88
-11799798.01,4655483.0600000005,2166.0
-11799799.0,4655482.7700000005,2173.77
-11799800.91,4655482.32,2174.44
-11799802.73,4655481.89,2175.59
-11799804.85,4655481.41,2174.5
-11799806.91,4655480.92,2173.82
-11799807.98,4655480.72,2165.92
-11799809.700000001,4655480.3,2167.88
-11799809.92,4655480.26,2166.28
-11799811.700000001,4655479.850000001,2167.94
-11799811.96,4655479.79,2166.06
-11799813.64,4655479.39,2168.19
-11799813.92,4655479.33,2166.17
-11799815.36,4655478.97,2169.86
-11799815.870000001,4655478.86,2166.17
-11799817.42,4655478.48,2169.31
-11799817.86,4655478.41,2166.17
-11799819.07,4655478.09,2172.05
-11799819.51,4655478.0,2168.88
-11799819.89,4655477.94,2166.15
-11799821.21,4655477.57,2171.17
-11799821.41,4655477.5600000005,2169.69
-11799821.88,4655477.46,2166.44
-11799823.36,4655477.100000001,2169.67
-11799823.67,4655477.04,2167.5
-11799823.86,4655477.01,2166.21
-11799825.22,4655476.66,2170.38
-11799825.81,4655476.55,2166.28
-11799827.790000001,4655476.07,2166.31
-11799829.81,4655475.61,2166.35
-11799831.82,4655475.14,2166.36
-11799833.81,4655474.68,2166.42
-11799835.09,4655474.350000001,2171.0
-11799835.25,4655474.32,2169.99
-11799835.78,4655474.21,2166.36
-11799836.69,4655473.96,2173.38
-11799837.78,4655473.75,2166.13
-11799835.450000001,4655473.94,2171.36
-11799836.22,4655473.8100000005,2166.19
-11799833.68,4655474.37,2170.0
-11799834.21,4655474.28,2166.4
-11799832.25,4655474.74,2166.36
-11799830.25,4655475.18,2166.36
-11799828.26,4655475.66,2166.32
-11799825.75,4655476.22,2170.11
-11799826.31,4655476.12,2166.26
-11799823.89,4655476.66,2169.36
-11799824.15,4655476.61,2167.55
-11799824.34,4655476.58,2166.26
-11799821.73,4655477.15,2170.77
-11799821.88,4655477.13,2169.67
-11799822.36,4655477.04,2166.26
-11799819.620000001,4655477.64,2171.76
-11799819.89,4655477.59,2169.86
-11799818.4,4655477.96,2166.19
-11799816.41,4655478.44,2166.15
-11799814.4,4655478.88,2166.42
-11799812.46,4655479.350000001,2166.06
-11799810.21,4655479.86,2168.1
-11799810.49,4655479.8100000005,2166.01
-11799807.6,4655480.44,2172.81
-11799808.26,4655480.32,2167.9
-11799808.51,4655480.28,2166.03
-11799805.35,4655480.95,2174.61
-11799803.25,4655481.44,2175.67
-11799803.43,4655481.41,2174.3
-11799801.42,4655481.86,2174.82
-11799799.52,4655482.3,2174.23
-11799797.94,4655482.69,2171.28
-11799798.63,4655482.58,2166.01
-11799795.9,4655483.19,2171.79
-11799796.35,4655483.100000001,2168.29
-11799796.64,4655483.05,2165.96
-11799794.35,4655483.5600000005,2168.6
-11799794.68,4655483.51,2165.92
-11799792.31,4655484.03,2169.15
-11799792.73,4655483.96,2165.84
-11799790.75,4655484.42,2165.88
-11799788.75,4655484.88,2165.86
-11799786.75,4655485.350000001,2165.78
-11799784.44,4655485.88,2168.59
-11799784.78,4655485.82,2165.82
-11799782.4,4655486.33,2169.36
-11799782.82,4655486.28,2165.86
-11799780.42,4655486.82,2169.19
-11799780.83,4655486.72,2165.81
-11799778.86,4655487.21,2165.78
-11799776.91,4655487.66,2165.76
-11799774.94,4655488.12,2165.72
-11799772.98,4655488.58,2165.69
-11799771.02,4655489.0200000005,2165.69
-11799769.03,4655489.49,2165.63
-11799767.05,4655489.96,2165.65
-11799765.08,4655490.42,2165.61
-11799763.11,4655490.88,2165.59
-11799761.13,4655491.32,2165.54
-11799759.18,4655491.79,2165.54
-11799757.22,4655492.25,2165.52
-11799754.700000001,4655492.82,2170.52
-11799755.24,4655492.72,2165.51
-11799753.27,4655493.18,2165.53
-11799751.31,4655493.62,2165.51
-11799749.31,4655494.11,2165.47
-11799747.32,4655494.57,2165.46
-11799745.35,4655495.0200000005,2165.4
-11799743.41,4655495.47,2165.31
-11799741.450000001,4655495.93,2165.23
-11799739.5,4655496.4,2165.23
-11799737.540000001,4655496.850000001,2165.24
-11799737.1,4655495.97,2165.24
-11799739.120000001,4655495.49,2165.23
-11799741.11,4655495.0200000005,2165.23
-11799743.03,4655494.57,2165.28
-11799744.99,4655494.12,2165.42
-11799746.98,4655493.66,2165.44
-11799748.93,4655493.2,2165.47
-11799750.89,4655492.72,2165.49
-11799752.88,4655492.2700000005,2165.54
-11799753.92,4655491.97,2174.53
-11799754.35,4655491.89,2170.51
-11799755.870000001,4655491.51,2174.8
-11799756.26,4655491.43,2171.22
-11799756.870000001,4655491.32,2165.47
-11799758.84,4655490.88,2165.54
-11799760.82,4655490.4,2165.57
-11799762.790000001,4655489.95,2165.57
-11799764.790000001,4655489.46,2165.63
-11799766.73,4655489.0200000005,2165.63
-11799768.68,4655488.57,2165.65
-11799770.65,4655488.100000001,2165.67
-11799772.61,4655487.65,2165.69
-11799774.61,4655487.18,2165.72
-11799776.620000001,4655486.71,2165.75
-11799778.620000001,4655486.22,2165.77
-11799780.35,4655485.82,2167.76
-11799780.58,4655485.76,2165.83
-11799782.0,4655485.42,2170.46
-11799782.18,4655485.38,2169.0
-11799782.56,4655485.32,2165.88
-11799784.27,4655484.9,2168.13
-11799784.55,4655484.850000001,2165.84
-11799786.200000001,4655484.45,2168.53
-11799786.540000001,4655484.37,2165.8
-11799788.53,4655483.92,2165.85
-11799790.49,4655483.46,2165.88
-11799791.97,4655483.08,2169.92
-11799793.88,4655482.63,2170.51
-11799795.86,4655482.17,2170.46
-11799796.07,4655482.13,2168.85
-11799796.46,4655482.0600000005,2165.82
-11799797.61,4655481.73,2172.29
-11799799.44,4655481.3100000005,2173.33
-11799800.43,4655481.14,2165.86
-11799801.22,4655480.88,2174.94
-11799803.23,4655480.41,2174.67
-11799805.24,4655479.94,2174.23
-11799805.89,4655479.83,2169.36
-11799807.61,4655479.42,2171.28
-11799808.32,4655479.2700000005,2166.04
-11799810.11,4655478.850000001,2167.67
-11799810.34,4655478.8100000005,2166.05
-11799812.3,4655478.350000001,2166.09
-11799813.84,4655477.96,2169.27
-11799814.27,4655477.89,2166.19
-11799815.76,4655477.51,2169.9
-11799815.94,4655477.48,2168.65
-11799816.290000001,4655477.42,2166.19
-11799818.27,4655476.95,2166.24
-11799819.5,4655476.63,2171.63
-11799819.73,4655476.58,2170.01
-11799821.290000001,4655476.19,2173.02
-11799821.61,4655476.13,2170.73
-11799823.77,4655475.62,2169.61
-11799825.71,4655475.18,2169.69
-11799826.200000001,4655475.100000001,2166.29
-11799827.93,4655474.67,2167.97
-11799828.17,4655474.64,2166.26
-11799830.11,4655474.17,2166.61
-11799832.14,4655473.71,2166.4
-11799828.16,4655474.07,2167.86
-11799828.4,4655474.0200000005,2166.24
-11799825.86,4655474.59,2169.59
-11799826.120000001,4655474.5600000005,2167.85
-11799826.36,4655474.5200000005,2166.23
-11799823.89,4655475.07,2169.61
-11799821.41,4655475.600000001,2173.06
-11799822.01,4655475.49,2168.86
-11799822.4,4655475.43,2166.22
-11799819.58,4655476.04,2171.88
-11799817.89,4655476.46,2169.72
-11799818.38,4655476.37,2166.22
-11799816.040000001,4655476.89,2168.27
-11799816.33,4655476.83,2166.13
-11799813.870000001,4655477.39,2169.26
-11799814.290000001,4655477.33,2166.19
-11799810.38,4655478.13,2180.38
-11799812.17,4655477.8100000005,2167.35
-11799812.33,4655477.79,2166.17
-11799810.13,4655478.29,2167.76
-11799810.36,4655478.23,2166.07
-11799808.32,4655478.72,2166.06
-11799805.17,4655479.39,2174.59
-11799803.09,4655479.86,2175.24
-11799803.22,4655479.850000001,2174.33
-11799801.18,4655480.3100000005,2174.77
-11799799.25,4655480.75,2174.51
-11799799.4,4655480.74,2173.31
-11799797.5,4655481.19,2172.72
-11799795.72,4655481.62,2170.74
-11799793.69,4655482.09,2170.81
-11799791.72,4655482.55,2170.73
-11799789.870000001,4655483.0,2169.79
-11799790.16,4655482.94,2167.42
-11799790.36,4655482.89,2165.88
-11799788.370000001,4655483.37,2165.84
-11799786.040000001,4655483.9,2168.61
-11799786.38,4655483.83,2165.8
-11799783.98,4655484.37,2169.19
-11799784.1,4655484.34,2168.25
-11799784.39,4655484.29,2165.83
-11799781.870000001,4655484.850000001,2170.09
-11799782.39,4655484.76,2165.79
-11799780.18,4655485.2700000005,2167.54
-11799780.39,4655485.23,2165.8
-11799778.39,4655485.69,2165.78
-11799776.42,4655486.16,2165.74
-11799774.46,4655486.61,2165.72
-11799772.47,4655487.07,2165.69
-11799770.48,4655487.54,2165.67
-11799768.51,4655487.99,2165.63
-11799766.51,4655488.47,2165.63
-11799764.51,4655488.93,2165.61
-11799762.57,4655489.39,2165.57
-11799760.57,4655489.86,2165.55
-11799758.58,4655490.3100000005,2165.53
-11799755.57,4655490.95,2174.86
-11799755.97,4655490.88,2171.22
-11799756.58,4655490.78,2165.47
-11799753.620000001,4655491.41,2174.74
-11799751.97,4655491.8,2171.86
-11799752.63,4655491.69,2165.58
-11799750.620000001,4655492.17,2165.5
-11799748.64,4655492.63,2165.44
-11799746.68,4655493.09,2165.44
-11799744.71,4655493.5600000005,2165.42
-11799742.78,4655493.99,2165.29
-11799740.8,4655494.47,2165.21
-11799738.8,4655494.93,2165.24
-11799737.19,4655494.05,2165.21
-11799739.16,4655493.59,2165.19
-11799741.14,4655493.12,2165.32
-11799743.11,4655492.66,2165.29
-11799745.08,4655492.19,2165.42
-11799747.06,4655491.73,2165.44
-11799749.03,4655491.28,2165.48
-11799750.290000001,4655490.93,2172.27
-11799750.99,4655490.82,2165.52
-11799751.9,4655490.51,2175.27
-11799753.790000001,4655490.07,2175.97
-11799755.85,4655489.600000001,2175.22
-11799758.85,4655488.98,2165.58
-11799760.8,4655488.5200000005,2165.56
-11799762.8,4655488.05,2165.6
-11799764.8,4655487.58,2165.63
-11799766.81,4655487.09,2165.61
-11799768.78,4655486.65,2165.65
-11799770.72,4655486.19,2165.69
-11799772.68,4655485.74,2165.75
-11799774.05,4655485.36,2171.07
-11799774.66,4655485.28,2165.82
-11799776.66,4655484.79,2165.74
-11799778.65,4655484.34,2165.78
-11799780.39,4655483.92,2167.65
-11799780.620000001,4655483.88,2165.79
-11799782.02,4655483.5,2170.42
-11799782.21,4655483.48,2168.88
-11799784.02,4655483.05,2170.33
-11799784.25,4655483.01,2168.47
-11799784.58,4655482.95,2165.73
-11799786.540000001,4655482.49,2165.78
-11799788.49,4655482.04,2165.85
-11799789.88,4655481.66,2170.36
-11799790.07,4655481.65,2168.88
-11799791.72,4655481.24,2171.67
-11799793.81,4655480.75,2171.11
-11799795.61,4655480.32,2172.61
-11799797.450000001,4655479.89,2173.24
-11799799.22,4655479.46,2174.72
-11799801.27,4655478.97,2174.29
-11799801.44,4655478.96,2173.03
-11799801.93,4655478.86,2169.27
-11799803.25,4655478.53,2174.4
-11799803.72,4655478.43,2170.86
-11799805.08,4655478.07,2175.47
-11799805.23,4655478.0600000005,2174.3
-11799805.540000001,4655478.0,2172.02
-11799807.13,4655477.61,2174.88
-11799810.28,4655476.94,2166.0
-11799810.290000001,4655476.83,2180.33
-11799811.86,4655476.55,2168.97
-11799812.1,4655476.51,2167.21
-11799813.82,4655476.09,2169.46
-11799814.28,4655476.0,2166.08
-11799816.02,4655475.58,2168.17
-11799816.28,4655475.53,2166.3
-11799817.71,4655475.18,2170.1
-11799818.27,4655475.07,2166.13
-11799819.22,4655474.79,2173.22
-11799819.68,4655474.71,2169.97
-11799821.11,4655474.34,2173.98
-11799821.46,4655474.26,2171.5
-11799821.69,4655474.24,2169.9
-11799823.22,4655473.86,2173.02
-11799823.61,4655473.79,2170.32
-11799820.33,4655474.03,2173.35
-11799820.68,4655473.95,2170.86
-11799818.43,4655474.48,2173.03
-11799818.61,4655474.45,2171.76
-11799818.96,4655474.38,2169.23
-11799816.96,4655474.84,2169.19
-11799817.4,4655474.7700000005,2166.09
-11799815.15,4655475.28,2167.82
-11799815.4,4655475.23,2166.06
-11799813.0,4655475.7700000005,2169.22
-11799811.42,4655476.16,2166.1
-11799808.25,4655476.83,2174.79
-11799809.46,4655476.61,2165.92
-11799806.39,4655477.26,2174.15
-11799804.3,4655477.75,2174.92
-11799804.82,4655477.65,2171.04
-11799802.370000001,4655478.2,2174.36
-11799800.26,4655478.69,2175.44
-11799800.48,4655478.65,2173.78
-11799798.35,4655479.13,2174.98
-11799796.5,4655479.58,2174.02
-11799796.620000001,4655479.55,2173.11
-11799794.08,4655480.12,2177.55
-11799794.870000001,4655479.98,2171.46
-11799792.9,4655480.44,2171.53
-11799790.93,4655480.89,2171.56
-11799789.28,4655481.3,2168.78
-11799789.66,4655481.23,2165.79
-11799787.66,4655481.69,2165.82
-11799785.700000001,4655482.16,2165.8
-11799783.48,4655482.64,2167.77
-11799783.72,4655482.61,2165.74
-11799781.39,4655483.13,2168.65
-11799781.74,4655483.07,2165.82
-11799779.77,4655483.53,2165.78
-11799777.790000001,4655483.99,2165.77
-11799775.38,4655484.53,2169.49
-11799775.82,4655484.46,2165.77
-11799773.290000001,4655485.0,2170.54
-11799773.84,4655484.91,2165.86
-11799771.870000001,4655485.37,2165.73
-11799769.91,4655485.83,2165.67
-11799767.91,4655486.3,2165.63
-11799765.93,4655486.76,2165.63
-11799764.0,4655487.2,2165.61
-11799762.06,4655487.66,2165.61
-11799760.09,4655488.12,2165.58
-11799757.38,4655488.7,2172.17
-11799758.1,4655488.57,2165.55
-11799755.06,4655489.22,2175.25
-11799755.34,4655489.17,2172.63
-11799753.07,4655489.68,2175.57
-11799751.26,4655490.100000001,2174.25
-11799749.450000001,4655490.54,2172.52
-11799750.18,4655490.43,2165.51
-11799748.19,4655490.9,2165.44
-11799746.200000001,4655491.36,2165.42
-11799744.24,4655491.82,2165.38
-11799742.290000001,4655492.2700000005,2165.3
-11799740.34,4655492.73,2165.28
-11799738.38,4655493.18,2165.19
-11799738.44,4655491.67,2165.23
-11799740.34,4655491.23,2165.35
-11799742.31,4655490.79,2165.35
-11799744.33,4655490.32,2165.4
-11799746.28,4655489.86,2165.47
-11799748.26,4655489.39,2165.51
-11799750.01,4655488.96,2168.06
-11799750.26,4655488.92,2165.56
-11799751.540000001,4655488.57,2172.06
-11799753.36,4655488.14,2173.4
-11799755.35,4655487.67,2173.29
-11799755.49,4655487.64,2171.96
-11799755.700000001,4655487.61,2169.96
-11799758.19,4655487.07,2165.58
-11799760.16,4655486.600000001,2165.59
-11799762.13,4655486.13,2165.6
-11799764.1,4655485.69,2165.61
-11799766.05,4655485.23,2165.61
-11799768.02,4655484.7700000005,2165.63
-11799769.26,4655484.43,2172.31
-11799770.02,4655484.3,2165.69
-11799771.35,4655483.94,2171.19
-11799771.49,4655483.93,2169.92
-11799771.74,4655483.89,2167.76
-11799771.97,4655483.83,2165.82
-11799773.290000001,4655483.5,2171.4
-11799773.71,4655483.42,2167.82
-11799775.23,4655483.03,2171.86
-11799775.96,4655482.92,2165.79
-11799777.950000001,4655482.43,2165.75
-11799779.91,4655481.99,2165.75
-11799781.46,4655481.59,2168.98
-11799781.86,4655481.53,2165.75
-11799783.43,4655481.14,2169.31
-11799783.86,4655481.0600000005,2165.77
-11799785.86,4655480.600000001,2165.78
-11799787.83,4655480.13,2165.77
-11799789.34,4655479.74,2169.61
-11799791.200000001,4655479.3100000005,2170.42
-11799792.9,4655478.9,2172.73
-11799794.73,4655478.45,2173.92
-11799794.92,4655478.43,2172.51
-11799795.1,4655478.4,2171.09
-11799796.6,4655478.01,2174.67
-11799798.57,4655477.55,2174.71
-11799800.55,4655477.09,2174.58
-11799802.5,4655476.64,2174.94
-11799804.51,4655476.15,2174.71
-11799806.63,4655475.68,2173.65
-11799807.68,4655475.48,2165.85
-11799808.450000001,4655475.25,2175.03
-11799809.700000001,4655475.0200000005,2165.88
-11799811.38,4655474.62,2167.94
-11799811.65,4655474.5600000005,2166.0
-11799813.01,4655474.21,2170.36
-11799813.23,4655474.17,2168.8
-11799813.63,4655474.11,2165.88
-11799815.290000001,4655473.69,2168.19
-11799812.38,4655473.7700000005,2170.67
-11799812.67,4655473.72,2168.56
-11799813.02,4655473.66,2166.0
-11799811.03,4655474.13,2165.97
-11799809.07,4655474.59,2165.92
-11799806.08,4655475.23,2173.13
-11799806.34,4655475.17,2171.31
-11799807.07,4655475.05,2165.88
-11799803.98,4655475.71,2174.11
-11799802.01,4655476.17,2174.15
-11799799.94,4655476.64,2174.86
-11799797.82,4655477.12,2175.92
-11799796.01,4655477.55,2174.61
-11799796.27,4655477.51,2172.5
-11799794.48,4655477.94,2171.35
-11799792.450000001,4655478.4,2171.8
-11799790.540000001,4655478.86,2171.27
-11799788.82,4655479.26,2169.21
-11799788.99,4655479.25,2167.92
-11799789.25,4655479.19,2165.76
-11799787.290000001,4655479.65,2165.73
-11799785.28,4655480.11,2165.74
-11799783.28,4655480.59,2165.72
-11799780.92,4655481.11,2168.97
-11799781.32,4655481.05,2165.78
-11799779.370000001,4655481.49,2165.69
-11799776.97,4655482.03,2169.23
-11799777.39,4655481.95,2165.72
-11799774.6,4655482.5600000005,2172.54
-11799774.870000001,4655482.51,2170.32
-11799775.41,4655482.41,2165.74
-11799772.69,4655483.0,2172.31
-11799770.790000001,4655483.45,2171.96
-11799771.06,4655483.41,2169.6
-11799771.52,4655483.32,2165.67
-11799768.82,4655483.9,2171.82
-11799769.040000001,4655483.86,2169.99
-11799769.290000001,4655483.8100000005,2167.69
-11799769.53,4655483.78,2165.67
-11799767.23,4655484.3100000005,2168.27
-11799767.53,4655484.25,2165.63
-11799765.56,4655484.71,2165.6
-11799763.6,4655485.15,2165.56
-11799761.620000001,4655485.63,2165.58
-11799759.65,4655486.08,2165.55
-11799757.05,4655486.65,2171.35
-11799757.42,4655486.59,2167.92
-11799757.67,4655486.55,2165.54
-11799754.78,4655487.16,2173.78
-11799752.84,4655487.61,2173.56
-11799751.06,4655488.04,2172.1
-11799749.76,4655488.38,2165.54
-11799747.790000001,4655488.850000001,2165.49
-11799745.84,4655489.3,2165.47
-11799743.870000001,4655489.76,2165.38
-11799740.48,4655490.43,2179.4
-11799740.66,4655490.41,2177.69
-11799740.870000001,4655490.37,2175.65
-11799741.9,4655490.2,2165.36
-11799739.92,4655490.68,2165.4
-11799738.0,4655491.13,2165.24
-11799737.26,4655490.15,2165.25
-11799739.25,4655489.69,2165.3
-11799741.21,4655489.23,2165.38
-11799743.19,4655488.76,2165.36
-11799745.19,4655488.29,2165.42
-11799747.16,4655487.83,2165.46
-11799749.1,4655487.38,2165.47
-11799750.32,4655487.04,2172.55
-11799751.96,4655486.62,2175.78
-11799752.24,4655486.59,2173.17
-11799752.49,4655486.55,2170.9
-11799753.85,4655486.17,2176.63
-11799754.09,4655486.14,2174.38
-11799756.1,4655485.69,2173.78
-11799756.35,4655485.64,2171.52
-11799756.68,4655485.59,2168.49
-11799758.96,4655485.08,2165.48
-11799760.96,4655484.59,2165.51
-11799762.97,4655484.14,2165.5
-11799764.93,4655483.68,2165.52
-11799766.9,4655483.22,2165.57
-11799768.5,4655482.8100000005,2168.88
-11799768.88,4655482.76,2165.61
-11799770.17,4655482.42,2171.5
-11799770.86,4655482.29,2165.63
-11799771.91,4655481.99,2173.54
-11799772.09,4655481.96,2171.94
-11799773.700000001,4655481.5600000005,2175.13
-11799773.97,4655481.51,2172.9
-11799776.040000001,4655481.03,2172.03
-11799776.81,4655480.89,2165.63
-11799778.77,4655480.45,2165.61
-11799780.77,4655479.98,2165.63
-11799782.76,4655479.5200000005,2165.63
-11799784.72,4655479.0600000005,2165.65
-11799786.69,4655478.59,2165.65
-11799788.36,4655478.19,2168.22
-11799788.68,4655478.14,2165.69
-11799790.11,4655477.76,2170.09
-11799791.98,4655477.3,2170.92
-11799793.97,4655476.86,2170.86
-11799795.78,4655476.42,2172.0
-11799797.31,4655476.04,2175.19
-11799797.620000001,4655475.99,2172.75
-11799799.43,4655475.5600000005,2174.02
-11799800.52,4655475.36,2165.84
-11799801.43,4655475.07,2173.94
-11799803.51,4655474.600000001,2173.86
-11799803.75,4655474.5600000005,2172.01
-11799805.38,4655474.16,2174.63
-11799806.59,4655473.94,2165.75
-11799803.31,4655473.9,2173.24
-11799803.73,4655473.82,2170.05
-11799801.120000001,4655474.4,2174.56
-11799801.4,4655474.350000001,2172.49
-11799799.200000001,4655474.850000001,2174.17
-11799797.16,4655475.3100000005,2174.86
-11799795.32,4655475.75,2173.8
-11799795.59,4655475.7,2171.83
-11799793.71,4655476.14,2170.9
-11799791.77,4655476.600000001,2170.77
-11799789.91,4655477.04,2169.9
-11799788.47,4655477.41,2165.65
-11799786.49,4655477.850000001,2165.61
-11799784.49,4655478.33,2165.61
-11799782.51,4655478.79,2165.6
-11799780.53,4655479.25,2165.61
-11799778.56,4655479.69,2165.58
-11799775.83,4655480.29,2171.83
-11799776.58,4655480.15,2165.51
-11799773.42,4655480.83,2175.42
-11799774.16,4655480.7,2169.21
-11799771.55,4655481.2700000005,2174.44
-11799771.74,4655481.22,2172.9
-11799771.91,4655481.2,2171.4
-11799769.73,4655481.7,2173.52
-11799769.93,4655481.66,2171.75
-11799770.31,4655481.61,2168.44
-11799767.92,4655482.13,2172.17
-11799768.290000001,4655482.05,2168.96
-11799768.47,4655482.04,2167.4
-11799768.68,4655482.0,2165.5
-11799766.71,4655482.47,2165.47
-11799764.75,4655482.92,2165.44
-11799762.77,4655483.38,2165.38
-11799760.8,4655483.84,2165.38
-11799758.07,4655484.41,2172.17
-11799758.82,4655484.3,2165.36
-11799755.84,4655484.92,2174.35
-11799753.64,4655485.42,2176.59
-11799751.71,4655485.86,2176.38
-11799750.13,4655486.26,2172.59
-11799748.27,4655486.69,2171.54
-11799748.92,4655486.600000001,2165.4
-11799746.950000001,4655487.04,2165.38
-11799744.97,4655487.51,2165.38
-11799743.02,4655487.97,2165.36
-11799741.06,4655488.43,2165.36
-11799739.1,4655488.88,2165.33
-11799737.13,4655489.34,2165.24
-11799737.89,4655487.73,2165.26
-11799739.85,4655487.29,2165.3
-11799741.81,4655486.83,2165.32
-11799743.8,4655486.37,2165.32
-11799745.77,4655485.9,2165.32
-11799747.77,4655485.43,2165.33
-11799749.07,4655485.08,2171.65
-11799749.74,4655484.99,2165.32
-11799750.63,4655484.69,2175.42
-11799752.61,4655484.22,2175.53
-11799754.74,4655483.74,2174.11
-11799756.73,4655483.28,2173.85
-11799759.64,4655482.67,2165.36
-11799761.620000001,4655482.2,2165.38
-11799763.64,4655481.73,2165.42
-11799765.58,4655481.29,2165.42
-11799767.02,4655480.9,2170.11
-11799767.56,4655480.82,2165.42
-11799768.6,4655480.51,2173.53
-11799770.32,4655480.09,2175.79
-11799774.370000001,4655479.15,2175.0
-11799775.51,4655478.97,2165.52
-11799776.72,4655478.64,2171.98
-11799777.48,4655478.5,2165.59
-11799779.450000001,4655478.03,2165.58
-11799781.42,4655477.59,2165.6
-11799783.41,4655477.13,2165.61
-11799785.4,4655476.66,2165.61
-11799787.370000001,4655476.19,2165.63
-11799789.33,4655475.73,2165.65
-11799790.870000001,4655475.34,2169.09
-11799791.290000001,4655475.29,2165.75
-11799792.700000001,4655474.92,2170.55
-11799792.94,4655474.87,2168.6
-11799793.32,4655474.8100000005,2165.65
-11799794.68,4655474.45,2170.63
-11799795.33,4655474.33,2165.71
-11799796.36,4655474.04,2173.01
-11799796.58,4655474.0,2171.36
-11799793.96,4655473.97,2165.78
-11799791.48,4655474.54,2169.63
-11799791.98,4655474.44,2165.74
-11799789.99,4655474.91,2165.71
-11799788.0,4655475.37,2165.69
-11799786.01,4655475.83,2165.63
-11799784.03,4655476.3,2165.61
-11799781.99,4655476.7700000005,2165.59
-11799780.040000001,4655477.22,2165.57
-11799778.040000001,4655477.67,2165.57
-11799774.98,4655478.32,2174.38
-11799775.18,4655478.3,2172.63
-11799772.93,4655478.79,2174.92
-11799773.09,4655478.7700000005,2173.49
-11799773.23,4655478.74,2172.33
-11799771.16,4655479.22,2173.0
-11799769.03,4655479.7,2174.5
-11799767.55,4655480.08,2170.15
-11799768.09,4655479.98,2165.49
-11799766.06,4655480.46,2165.48
-11799764.05,4655480.93,2165.46
-11799762.1,4655481.37,2165.42
-11799760.11,4655481.850000001,2165.38
-11799757.41,4655482.41,2171.86
-11799758.120000001,4655482.3,2165.36
-11799755.15,4655482.93,2174.25
-11799755.370000001,4655482.88,2172.21
-11799753.03,4655483.4,2175.67
-11799751.08,4655483.84,2175.42
-11799749.64,4655484.23,2170.54
-11799750.19,4655484.15,2165.34
-11799748.24,4655484.600000001,2165.32
-11799746.21,4655485.08,2165.29
-11799744.200000001,4655485.5200000005,2165.3
-11799742.24,4655485.98,2165.27
-11799739.41,4655486.59,2173.75
-11799740.26,4655486.45,2165.32
-11799738.26,4655486.92,2165.23
-11799737.8,4655485.74,2165.25
-11799739.790000001,4655485.29,2165.3
-11799741.75,4655484.8,2165.33
-11799743.74,4655484.36,2165.33
-11799745.71,4655483.9,2165.28
-11799747.700000001,4655483.43,2165.28
-11799749.65,4655482.99,2165.33
-11799750.76,4655482.65,2173.46
-11799751.08,4655482.61,2170.55
-11799751.63,4655482.5,2165.38
-11799752.61,4655482.21,2174.56
-11799754.66,4655481.73,2174.02
-11799754.92,4655481.7,2171.57
-11799755.6,4655481.59,2165.42
-11799757.58,4655481.13,2165.42
-11799759.51,4655480.68,2165.46
-11799761.5,4655480.2,2165.46
-11799763.51,4655479.74,2165.49
-11799765.47,4655479.29,2165.47
-11799767.450000001,4655478.83,2165.53
-11799768.35,4655478.55,2174.65
-11799768.51,4655478.5200000005,2173.34
-11799768.86,4655478.47,2170.22
-11799769.41,4655478.36,2165.54
-11799770.33,4655478.08,2174.52
-11799770.71,4655478.0200000005,2171.21
-11799772.61,4655477.58,2172.17
-11799774.42,4655477.12,2173.73
-11799774.66,4655477.100000001,2171.77
-11799775.4,4655476.98,2165.6
-11799777.370000001,4655476.5,2165.63
-11799779.34,4655476.0600000005,2165.65
-11799781.31,4655475.600000001,2165.71
-11799783.27,4655475.14,2165.69
-11799785.25,4655474.68,2165.72
-11799787.25,4655474.21,2165.76
-11799789.22,4655473.76,2165.78
-11799785.32,4655473.94,2165.75
-11799783.3,4655474.41,2165.76
-11799781.34,4655474.86,2165.69
-11799779.38,4655475.3100000005,2165.67
-11799777.39,4655475.78,2165.67
-11799774.41,4655476.41,2173.79
-11799774.59,4655476.38,2172.27
-11799775.39,4655476.24,2165.65
-11799772.46,4655476.86,2173.38
-11799772.78,4655476.8100000005,2170.65
-11799770.370000001,4655477.33,2174.36
-11799768.4,4655477.78,2174.85
-11799768.620000001,4655477.75,2172.82
-11799766.93,4655478.17,2170.54
-11799767.5,4655478.0600000005,2165.55
-11799765.53,4655478.53,2165.49
-11799763.55,4655478.99,2165.46
-11799761.57,4655479.46,2165.46
-11799759.61,4655479.9,2165.44
-11799757.620000001,4655480.36,2165.42
-11799755.6,4655480.83,2165.42
-11799752.75,4655481.43,2173.79
-11799753.66,4655481.29,2165.38
-11799751.72,4655481.73,2165.36
-11799749.77,4655482.19,2165.36
-11799747.77,4655482.65,2165.32
-11799745.77,4655483.100000001,2165.32
-11799743.790000001,4655483.58,2165.31
-11799741.82,4655484.03,2165.32
-11799739.86,4655484.49,2165.27
-11799737.88,4655484.95,2165.25
-11799738.68,4655483.45,2165.3
-11799740.67,4655482.99,2165.29
-11799742.63,4655482.54,2165.33
-11799744.620000001,4655482.08,2165.34
-11799746.61,4655481.600000001,2165.38
-11799748.6,4655481.15,2165.36
-11799750.57,4655480.69,2165.4
-11799752.55,4655480.24,2165.4
-11799754.48,4655479.78,2165.42
-11799756.44,4655479.32,2165.47
-11799758.43,4655478.850000001,2165.49
-11799760.41,4655478.41,2165.51
-11799762.38,4655477.93,2165.51
-11799764.34,4655477.49,2165.57
-11799766.32,4655477.0200000005,2165.6
-11799767.43,4655476.7,2173.01
-11799768.28,4655476.55,2165.65
-11799769.44,4655476.24,2172.92
-11799769.68,4655476.2,2170.86
-11799769.81,4655476.16,2169.82
-11799770.31,4655476.100000001,2165.57
-11799771.3,4655475.8,2173.88
-11799771.57,4655475.76,2171.69
-11799773.24,4655475.34,2173.97
-11799776.200000001,4655474.71,2165.74
-11799778.18,4655474.25,2165.77
-11799780.17,4655473.8,2165.77
-11799776.23,4655474.0,2165.77
-11799773.55,4655474.57,2171.94
-11799773.71,4655474.54,2170.56
-11799774.3,4655474.44,2165.65
-11799771.290000001,4655475.07,2174.38
-11799771.48,4655475.04,2172.79
-11799769.42,4655475.51,2173.4
-11799769.63,4655475.47,2171.47
-11799770.32,4655475.36,2165.65
-11799767.56,4655475.94,2172.57
-11799768.36,4655475.8,2165.65
-11799766.41,4655476.2700000005,2165.63
-11799764.42,4655476.73,2165.58
-11799762.4,4655477.2,2165.56
-11799760.42,4655477.65,2165.54
-11799758.49,4655478.11,2165.51
-11799756.55,4655478.55,2165.48
-11799754.59,4655478.99,2165.49
-11799752.6,4655479.45,2165.44
-11799750.63,4655479.92,2165.42
-11799748.69,4655480.37,2165.4
-11799746.68,4655480.84,2165.38
-11799744.72,4655481.3,2165.36
-11799742.71,4655481.75,2165.35
-11799740.74,4655482.2,2165.33
-11799738.790000001,4655482.64,2165.3
-11799738.89,4655481.12,2165.36
-11799740.88,4655480.64,2165.38
-11799742.85,4655480.2,2165.4
-11799744.84,4655479.73,2165.4
-11799746.8,4655479.2700000005,2165.46
-11799748.78,4655478.8100000005,2165.46
-11799750.75,4655478.34,2165.49
-11799752.74,4655477.9,2165.52
-11799754.76,4655477.43,2165.55
-11799756.71,4655476.97,2165.57
-11799758.65,4655476.53,2165.61
-11799760.65,4655476.04,2165.61
-11799762.64,4655475.600000001,2165.67
-11799764.6,4655475.14,2165.67
-11799766.57,4655474.68,2165.69
-11799768.52,4655474.23,2165.74
-11799769.75,4655473.89,2172.05
-11799770.5,4655473.7700000005,2165.75
-11799766.99,4655473.83,2165.72
-11799764.99,4655474.29,2165.71
-11799762.99,4655474.76,2165.67
-11799761.01,4655475.22,2165.65
-11799759.06,4655475.66,2165.6
-11799757.11,4655476.12,2165.61
-11799755.120000001,4655476.58,2165.57
-11799753.14,4655477.04,2165.54
-11799751.18,4655477.49,2165.49
-11799749.200000001,4655477.94,2165.47
-11799747.25,4655478.38,2165.44
-11799745.25,4655478.850000001,2165.46
-11799743.28,4655479.3100000005,2165.4
-11799741.3,4655479.7700000005,2165.38
-11799739.31,4655480.23,2165.36
-11799737.35,4655480.68,2165.36
-11799738.8,4655478.79,2165.38
-11799740.77,4655478.350000001,2165.47
-11799742.78,4655477.89,2165.46
-11799744.74,4655477.43,2165.47
-11799746.700000001,4655476.98,2165.5
-11799748.67,4655476.5200000005,2165.52
-11799750.65,4655476.05,2165.54
-11799752.65,4655475.59,2165.55
-11799754.64,4655475.13,2165.6
-11799756.61,4655474.68,2165.61
-11799758.56,4655474.22,2165.65
-11799760.53,4655473.75,2165.69
-11799757.24,4655473.84,2165.65
-11799755.27,4655474.29,2165.6
-11799753.290000001,4655474.74,2165.59
-11799751.290000001,4655475.21,2165.56
-11799749.33,4655475.67,2165.54
-11799747.39,4655476.11,2165.54
-11799745.42,4655476.57,2165.53
-11799743.42,4655477.03,2165.5
-11799741.43,4655477.48,2165.44
-11799739.47,4655477.94,2165.44
-11799737.53,4655478.39,2165.38
-11799738.5,4655477.12,2165.46
-11799740.48,4655476.66,2165.48
-11799742.44,4655476.19,2165.47
-11799744.41,4655475.75,2165.49
-11799746.370000001,4655475.29,2165.54
-11799748.39,4655474.82,2165.55
-11799750.36,4655474.350000001,2165.57
-11799752.290000001,4655473.92,2165.63
-11799749.32,4655473.76,2165.59
-11799747.33,4655474.21,2165.53
-11799745.38,4655474.66,2165.52
-11799743.42,4655475.11,2165.5
-11799741.450000001,4655475.5600000005,2165.44
-11799739.47,4655476.03,2165.5
-11799737.51,4655476.46,2165.47
-11799737.32,4655475.13,2165.49
-11799739.27,4655474.67,2165.48
-11799741.22,4655474.23,2165.5
-11799743.19,4655473.7700000005,2165.5
-11799740.64,4655473.7700000005,2165.51
-11799738.64,4655474.23,2165.47
-11799740.99,4655473.76,2165.54
-11799739.46,4655474.5,2165.54
-11799737.92,4655475.26,2165.51
-11799737.290000001,4655476.13,2165.5
-11799738.8,4655475.41,2165.49
-11799740.3,4655474.66,2165.49
-11799741.8,4655473.94,2165.56
-11799747.01,4655474.19,2165.6
-11799745.450000001,4655474.95,2165.59
-11799743.9,4655475.7,2165.56
-11799742.35,4655476.46,2165.57
-11799740.83,4655477.22,2165.52
-11799739.3,4655477.96,2165.55
-11799737.74,4655478.73,2165.5
-11799737.71,4655479.33,2165.44
-11799739.23,4655478.58,2165.5
-11799740.77,4655477.84,2165.57
-11799742.27,4655477.100000001,2165.51
-11799743.78,4655476.37,2165.55
-11799745.27,4655475.65,2165.55
-11799746.790000001,4655474.91,2165.6
-11799748.32,4655474.15,2165.63
-11799754.67,4655473.86,2165.69
-11799753.15,4655474.61,2165.65
-11799751.620000001,4655475.350000001,2165.6
-11799750.1,4655476.11,2165.61
-11799748.55,4655476.87,2165.6
-11799747.01,4655477.61,2165.57
-11799745.46,4655478.38,2165.58
-11799743.9,4655479.15,2165.5
-11799742.38,4655479.88,2165.48
-11799740.85,4655480.64,2165.44
-11799739.34,4655481.39,2165.42
-11799737.78,4655482.15,2165.4
-11799737.93,4655482.600000001,2165.38
-11799739.450000001,4655481.87,2165.4
-11799740.96,4655481.13,2165.4
-11799742.47,4655480.38,2165.46
-11799743.97,4655479.65,2165.49
-11799745.47,4655478.93,2165.5
-11799746.96,4655478.19,2165.53
-11799748.47,4655477.46,2165.57
-11799749.99,4655476.7,2165.59
-11799751.52,4655475.96,2165.61
-11799753.03,4655475.23,2165.63
-11799754.53,4655474.49,2165.63
-11799756.03,4655473.75,2165.67
-11799761.13,4655474.01,2165.75
-11799759.6,4655474.7700000005,2165.75
-11799758.05,4655475.53,2165.72
-11799756.5,4655476.29,2165.65
-11799755.0,4655477.01,2165.65
-11799753.46,4655477.79,2165.58
-11799751.93,4655478.55,2165.56
-11799750.4,4655479.3,2165.54
-11799748.89,4655480.0200000005,2165.5
-11799747.33,4655480.79,2165.47
-11799745.78,4655481.55,2165.46
-11799744.23,4655482.3100000005,2165.44
-11799742.68,4655483.09,2165.42
-11799741.17,4655483.83,2165.36
-11799739.63,4655484.600000001,2165.36
-11799738.07,4655485.36,2165.33
-11799737.950000001,4655486.0200000005,2165.31
-11799739.450000001,4655485.3,2165.33
-11799740.93,4655484.58,2165.33
-11799742.43,4655483.83,2165.36
-11799743.94,4655483.100000001,2165.38
-11799745.47,4655482.350000001,2165.42
-11799746.98,4655481.62,2165.42
-11799748.47,4655480.88,2165.46
-11799749.98,4655480.15,2165.51
-11799751.5,4655479.4,2165.54
-11799753.03,4655478.64,2165.56
-11799754.5,4655477.93,2165.59
-11799756.03,4655477.17,2165.63
-11799757.55,4655476.44,2165.67
-11799759.05,4655475.71,2165.67
-11799760.55,4655474.97,2165.75
-11799762.06,4655474.22,2165.77
-11799768.72,4655473.68,2165.79
-11799767.200000001,4655474.43,2165.79
-11799765.66,4655475.19,2165.75
-11799764.11,4655475.95,2165.75
-11799762.59,4655476.71,2165.71
-11799761.06,4655477.46,2165.63
-11799759.51,4655478.22,2165.61
-11799757.97,4655478.98,2165.59
-11799756.450000001,4655479.73,2165.54
-11799754.91,4655480.49,2165.5
-11799753.370000001,4655481.25,2165.44
-11799751.88,4655482.0,2165.44
-11799750.31,4655482.76,2165.4
-11799748.78,4655483.5200000005,2165.38
-11799747.24,4655484.28,2165.33
-11799745.71,4655485.0200000005,2165.35
-11799744.19,4655485.78,2165.38
-11799742.61,4655486.54,2165.34
-11799741.1,4655487.2700000005,2165.36
-11799739.58,4655488.03,2165.36
-11799740.01,4655486.99,2173.85
-11799738.05,4655488.79,2165.33
-11799739.61,4655487.71,2173.97
-11799737.6,4655489.5600000005,2165.31
-11799739.11,4655488.82,2165.35
-11799740.6,4655488.07,2165.36
-11799742.06,4655487.36,2165.36
-11799743.55,4655486.64,2165.35
-11799745.06,4655485.91,2165.35
-11799746.57,4655485.17,2165.34
-11799748.08,4655484.44,2165.36
-11799750.67,4655482.68,2170.25
-11799749.59,4655483.69,2165.42
-11799751.09,4655482.96,2165.42
-11799752.58,4655482.22,2165.44
-11799754.09,4655481.49,2165.44
-11799755.620000001,4655480.74,2165.47
-11799757.120000001,4655480.01,2165.51
-11799758.63,4655479.26,2165.57
-11799760.11,4655478.54,2165.6
-11799761.63,4655477.79,2165.63
-11799763.16,4655477.03,2165.67
-11799764.68,4655476.29,2165.73
-11799766.19,4655475.55,2165.76
-11799767.67,4655474.82,2165.76
-11799769.200000001,4655474.0600000005,2165.84
-11799774.56,4655474.24,2165.8
-11799773.03,4655475.01,2165.8
-11799771.5,4655475.76,2165.77
-11799771.51,4655475.0600000005,2172.94
-11799769.99,4655476.5200000005,2165.72
-11799770.08,4655475.71,2173.38
-11799769.72,4655476.0600000005,2171.65
-11799768.450000001,4655477.28,2165.63
-11799768.36,4655476.65,2172.46
-11799766.92,4655478.01,2165.65
-11799767.01,4655477.23,2173.33
-11799766.77,4655477.45,2172.24
-11799765.35,4655478.8,2165.6
-11799763.82,4655479.5600000005,2165.54
-11799762.33,4655480.3,2165.53
-11799760.82,4655481.04,2165.52
-11799759.290000001,4655481.78,2165.51
-11799757.74,4655482.55,2165.49
-11799756.21,4655483.3100000005,2165.48
-11799756.07,4655482.7700000005,2171.61
-11799754.71,4655484.05,2165.46
-11799755.1,4655483.0,2174.15
-11799753.8,4655483.54,2175.24
-11799752.25,4655484.32,2175.13
-11799750.8,4655484.97,2175.53
-11799748.5,4655486.44,2172.08
-11799747.02,4655487.84,2165.47
-11799745.5,4655488.58,2165.48
-11799743.96,4655489.32,2165.48
-11799742.41,4655490.09,2165.42
-11799740.88,4655490.850000001,2165.46
-11799740.26,4655490.78,2169.31
-11799739.33,4655491.61,2165.32
-11799737.8,4655492.39,2165.29
-11799740.370000001,4655490.22,2179.55
-11799737.05,4655493.24,2165.28
-11799740.9,4655490.37,2175.44
-11799740.61,4655490.64,2174.17
-11799738.55,4655492.5200000005,2165.26
-11799740.09,4655491.75,2165.44
-11799741.6,4655491.0,2165.44
-11799743.08,4655490.29,2165.4
-11799744.57,4655489.5600000005,2165.49
-11799746.07,4655488.82,2165.5
-11799749.07,4655486.7,2172.04
-11799747.57,4655488.09,2165.46
-11799751.36,4655485.24,2175.59
-11799752.72,4655484.62,2175.09
-11799754.17,4655483.92,2174.86
-11799755.5,4655483.37,2174.0
-11799755.01,4655483.82,2171.77
-11799756.64,4655482.97,2172.32
-11799755.120000001,4655484.39,2165.44
-11799756.61,4655483.67,2165.42
-11799758.09,4655482.92,2165.47
-11799759.59,4655482.2,2165.49
-11799761.1,4655481.46,2165.53
-11799762.64,4655480.7,2165.54
-11799764.14,4655479.97,2165.54
-11799767.28,4655477.68,2173.26
-11799765.63,4655479.25,2165.52
-11799768.9,4655476.8100000005,2173.85
-11799768.55,4655477.16,2172.21
-11799768.25,4655477.43,2170.82
-11799767.13,4655478.49,2165.54
-11799770.32,4655476.16,2173.51
-11799769.93,4655476.53,2171.61
-11799768.65,4655477.75,2165.63
-11799771.94,4655475.32,2174.08
-11799771.74,4655475.5,2173.15
-11799771.4,4655475.82,2171.5
-11799770.17,4655476.99,2165.71
-11799771.69,4655476.24,2165.73
-11799773.19,4655475.51,2165.79
-11799774.71,4655474.7700000005,2165.81
-11799776.23,4655474.01,2165.84
-11799781.66,4655474.0600000005,2165.81
-11799780.15,4655474.82,2165.8
-11799778.64,4655475.5600000005,2165.77
-11799777.13,4655476.3,2165.75
-11799775.58,4655477.0600000005,2165.69
-11799774.03,4655477.850000001,2165.69
-11799773.86,4655477.3,2172.15
-11799773.48,4655477.65,2170.36
-11799772.48,4655478.59,2165.6
-11799772.65,4655477.76,2173.46
-11799772.16,4655478.23,2171.13
-11799770.98,4655479.350000001,2165.52
-11799771.14,4655478.49,2173.47
-11799770.67,4655478.93,2171.28
-11799769.73,4655479.15,2174.0
-11799769.3,4655479.5600000005,2171.97
-11799769.09,4655479.75,2171.01
-11799767.42,4655480.65,2170.29
-11799766.41,4655481.600000001,2165.54
-11799764.870000001,4655482.36,2165.49
-11799763.34,4655483.13,2165.44
-11799761.81,4655483.89,2165.42
-11799760.26,4655484.65,2165.46
-11799758.73,4655485.4,2165.49
-11799758.66,4655484.79,2172.1
-11799757.23,4655486.13,2165.55
-11799757.31,4655485.38,2172.85
-11799756.07,4655485.87,2174.19
-11799755.66,4655486.24,2172.36
-11799755.28,4655486.58,2170.63
-11799754.950000001,4655486.24,2175.94
-11799754.16,4655486.96,2172.36
-11799753.58,4655486.87,2176.42
-11799753.120000001,4655487.3,2174.36
-11799752.05,4655487.63,2176.38
-11799751.120000001,4655488.48,2172.23
-11799749.6,4655489.9,2165.44
-11799748.09,4655490.63,2165.56
-11799746.52,4655491.41,2165.51
-11799744.99,4655492.17,2165.5
-11799743.44,4655492.95,2165.35
-11799741.92,4655493.68,2165.4
-11799740.370000001,4655494.46,2165.27
-11799738.86,4655495.2,2165.26
-11799737.33,4655495.97,2165.27
-11799737.71,4655496.29,2165.26
-11799739.21,4655495.57,2165.28
-11799740.72,4655494.8,2165.29
-11799742.24,4655494.07,2165.38
-11799743.71,4655493.34,2165.38
-11799745.23,4655492.59,2165.47
-11799746.75,4655491.84,2165.5
-11799748.23,4655491.12,2165.52
-11799751.200000001,4655489.01,2172.13
-11799749.72,4655490.38,2165.49
-11799753.09,4655487.91,2173.9
-11799755.11,4655486.68,2176.27
-11799754.55,4655487.2,2173.75
-11799756.040000001,4655486.47,2173.77
-11799755.75,4655486.75,2172.42
-11799755.39,4655487.08,2170.84
-11799755.040000001,4655487.42,2169.23
-11799757.31,4655485.95,2172.76
-11799756.92,4655486.32,2171.02
-11799756.450000001,4655486.75,2168.88
-11799755.73,4655487.42,2165.61
-11799757.67,4655486.28,2167.55
-11799757.24,4655486.7,2165.56
-11799758.73,4655485.95,2165.53
-11799760.21,4655485.24,2165.5
-11799761.72,4655484.51,2165.46
-11799763.25,4655483.76,2165.42
-11799764.76,4655483.0,2165.47
-11799767.92,4655480.7,2173.31
-11799767.3,4655481.2700000005,2170.42
-11799766.22,4655482.29,2165.42
-11799769.68,4655479.69,2174.61
-11799768.81,4655480.5200000005,2170.53
-11799771.32,4655478.8100000005,2175.26
-11799771.02,4655479.12,2173.82
-11799772.75,4655478.15,2175.01
-11799772.51,4655478.38,2173.86
-11799771.96,4655478.92,2171.19
-11799770.77,4655480.05,2165.56
-11799773.81,4655477.82,2172.92
-11799773.33,4655478.3,2170.6
-11799775.58,4655476.83,2174.3
-11799774.75,4655477.63,2170.34
-11799774.370000001,4655477.98,2168.53
-11799773.78,4655478.57,2165.65
-11799775.31,4655477.8100000005,2165.65
-11799776.83,4655477.05,2165.69
-11799778.370000001,4655476.3100000005,2165.73
-11799779.870000001,4655475.5600000005,2165.79
-11799781.370000001,4655474.83,2165.8
-11799782.86,4655474.09,2165.85
-11799788.75,4655473.74,2165.86
-11799787.28,4655474.47,2165.83
-11799785.74,4655475.23,2165.79
-11799784.19,4655475.99,2165.76
-11799782.64,4655476.76,2165.73
-11799781.13,4655477.51,2165.67
-11799779.64,4655478.25,2165.61
-11799778.120000001,4655479.01,2165.61
-11799776.59,4655479.75,2165.61
-11799775.74,4655479.84,2169.06
-11799775.02,4655480.53,2165.63
-11799775.35,4655479.5,2174.51
-11799775.0,4655479.850000001,2172.79
-11799774.83,4655480.0,2172.02
-11799773.74,4655480.36,2173.83
-11799773.450000001,4655480.65,2172.44
-11799772.790000001,4655480.57,2176.46
-11799770.91,4655481.65,2174.74
-11799769.02,4655482.76,2173.1
-11799768.28,4655483.47,2169.55
-11799767.44,4655484.25,2165.67
-11799765.91,4655485.03,2165.65
-11799764.39,4655485.7700000005,2165.65
-11799762.88,4655486.5200000005,2165.65
-11799761.36,4655487.26,2165.67
-11799759.83,4655488.03,2165.65
-11799758.3,4655488.79,2165.65
-11799757.49,4655488.850000001,2168.88
-11799756.77,4655489.54,2165.61
-11799756.71,4655488.91,2172.17
-11799756.28,4655489.34,2170.22
-11799755.3,4655489.57,2172.59
-11799754.44,4655489.72,2175.55
-11799753.98,4655490.16,2173.46
-11799752.92,4655490.45,2175.61
-11799750.870000001,4655491.71,2173.28
-11799749.11,4655493.33,2165.51
-11799747.57,4655494.09,2165.52
-11799746.05,4655494.850000001,2165.52
-11799744.49,4655495.62,2165.48
-11799742.91,4655496.41,2165.35
-11799741.370000001,4655497.17,2165.29
-11799739.86,4655497.92,2165.29
-11799738.34,4655498.68,2165.3
-11799736.97,4655499.87,2165.29
-11799738.47,4655499.15,2165.3
-11799739.97,4655498.42,2165.28
-11799741.44,4655497.68,2165.27
-11799742.96,4655496.95,2165.33
-11799744.47,4655496.19,2165.44
-11799745.98,4655495.44,2165.49
-11799747.48,4655494.71,2165.5
-11799749.0,4655493.95,2165.54
-11799752.75,4655491.13,2175.51
-11799754.34,4655490.3,2176.02
-11799755.64,4655489.76,2175.06
-11799755.120000001,4655490.21,2172.78
-11799756.57,4655489.54,2172.5
-11799757.22,4655489.61,2168.65
-11799756.55,4655490.23,2165.61
-11799758.02,4655489.51,2165.61
-11799759.51,4655488.78,2165.63
-11799761.03,4655488.0200000005,2165.63
-11799762.53,4655487.28,2165.67
-11799764.03,4655486.54,2165.65
-11799765.56,4655485.8,2165.67
-11799768.02,4655484.14,2170.19
-11799767.61,4655484.5200000005,2168.32
-11799767.040000001,4655485.07,2165.67
-11799770.49,4655482.46,2174.84
-11799769.870000001,4655483.07,2171.9
-11799772.25,4655481.48,2176.11
-11799771.950000001,4655481.78,2174.65
-11799771.72,4655481.99,2173.6
-11799770.040000001,4655483.58,2165.65
-11799773.58,4655480.93,2175.24
-11799775.08,4655480.17,2175.28
-11799775.73,4655480.25,2171.29
-11799775.26,4655480.69,2169.08
-11799774.540000001,4655481.39,2165.63
-11799777.35,4655479.39,2171.94
-11799776.040000001,4655480.66,2165.61
-11799777.56,4655479.91,2165.61
-11799779.09,4655479.15,2165.63
-11799780.59,4655478.42,2165.63
-11799782.09,4655477.68,2165.65
-11799783.59,4655476.95,2165.69
-11799785.120000001,4655476.19,2165.76
-11799786.65,4655475.43,2165.79
-11799788.15,4655474.68,2165.82
-11799789.65,4655473.94,2165.86
-11799793.93,4655474.4,2165.86
-11799792.39,4655475.16,2165.82
-11799791.59,4655475.18,2169.52
-11799790.84,4655475.93,2165.79
-11799789.34,4655476.68,2165.73
-11799787.86,4655477.41,2165.71
-11799786.34,4655478.16,2165.67
-11799784.82,4655478.92,2165.67
-11799783.27,4655479.68,2165.69
-11799781.76,4655480.42,2165.69
-11799780.23,4655481.18,2165.71
-11799778.72,4655481.92,2165.74
-11799777.24,4655482.66,2165.79
-11799776.38,4655482.7700000005,2169.0
-11799775.72,4655483.39,2165.86
-11799775.64,4655482.7700000005,2172.79
-11799775.13,4655483.25,2170.38
-11799774.21,4655484.13,2165.98
-11799774.25,4655483.38,2173.42
-11799773.9,4655483.73,2171.71
-11799772.34,4655484.5200000005,2171.42
-11799771.450000001,4655485.38,2167.24
-11799771.14,4655485.66,2165.75
-11799771.0,4655485.11,2172.17
-11799770.620000001,4655485.48,2170.36
-11799769.64,4655486.42,2165.71
-11799769.52,4655485.82,2172.4
-11799768.08,4655487.18,2165.67
-11799766.540000001,4655487.96,2165.67
-11799765.03,4655488.7,2165.69
-11799763.51,4655489.45,2165.65
-11799761.98,4655490.21,2165.61
-11799760.43,4655490.99,2165.61
-11799758.89,4655491.75,2165.6
-11799757.35,4655492.51,2165.6
-11799755.83,4655493.26,2165.59
-11799756.31,4655492.15,2174.6
-11799755.61,4655492.8100000005,2171.42
-11799754.3,4655494.0200000005,2165.58
-11799754.71,4655492.95,2174.28
-11799752.77,4655494.78,2165.57
-11799751.27,4655495.5200000005,2165.57
-11799749.74,4655496.28,2165.53
-11799748.21,4655497.04,2165.51
-11799746.67,4655497.79,2165.49
-11799745.11,4655498.58,2165.4
-11799743.540000001,4655499.37,2165.32
-11799741.98,4655500.14,2165.28
-11799740.47,4655500.89,2165.28
-11799738.93,4655501.65,2165.28
-11799737.38,4655502.42,2165.29
-11799737.26,4655503.0,2165.26
-11799738.76,4655502.25,2165.25
-11799740.25,4655501.53,2165.27
-11799741.75,4655500.78,2165.29
-11799743.24,4655500.05,2165.27
-11799744.74,4655499.3,2165.32
-11799746.27,4655498.54,2165.48
-11799747.77,4655497.8100000005,2165.49
-11799749.27,4655497.0600000005,2165.5
-11799750.77,4655496.32,2165.56
-11799752.25,4655495.59,2165.59
-11799753.76,4655494.83,2165.59
-11799755.28,4655494.09,2165.59
-11799756.790000001,4655493.350000001,2165.57
-11799758.290000001,4655492.61,2165.57
-11799759.8,4655491.87,2165.59
-11799761.31,4655491.13,2165.59
-11799762.81,4655490.4,2165.6
-11799764.32,4655489.64,2165.65
-11799765.83,4655488.89,2165.67
-11799767.32,4655488.15,2165.67
-11799768.81,4655487.42,2165.67
-11799770.32,4655486.68,2165.72
-11799773.21,4655484.61,2172.23
-11799773.040000001,4655484.78,2171.38
-11799771.86,4655485.91,2165.79
-11799774.71,4655483.88,2172.22
-11799773.39,4655485.15,2165.94
-11799774.870000001,4655484.43,2165.9
-11799776.35,4655483.68,2165.84
-11799777.85,4655482.96,2165.79
-11799779.38,4655482.2,2165.74
-11799780.88,4655481.48,2165.76
-11799782.36,4655480.76,2165.71
-11799783.85,4655480.0200000005,2165.69
-11799785.370000001,4655479.2700000005,2165.67
-11799786.9,4655478.53,2165.67
-11799788.41,4655477.78,2165.69
-11799790.64,4655476.3100000005,2169.3
-11799789.92,4655477.03,2165.67
-11799792.200000001,4655475.5200000005,2169.63
-11799792.92,4655475.54,2165.76
-11799794.44,4655474.79,2165.8
-11799800.61,4655474.12,2165.86
-11799799.22,4655473.99,2174.22
-11799798.85,4655474.38,2172.25
-11799797.85,4655474.600000001,2174.92
-11799797.120000001,4655475.32,2171.15
-11799796.08,4655476.37,2165.82
-11799796.19,4655475.5,2174.15
-11799795.76,4655475.93,2171.94
-11799794.03,4655476.9,2170.92
-11799792.66,4655477.5,2171.63
-11799791.01,4655478.39,2170.74
-11799789.42,4655479.26,2170.05
-11799788.540000001,4655480.12,2165.67
-11799787.05,4655480.83,2165.83
-11799785.49,4655481.62,2165.84
-11799784.34,4655481.99,2167.81
-11799783.950000001,4655482.37,2165.86
-11799783.08,4655482.51,2169.06
-11799782.43,4655483.13,2165.86
-11799781.74,4655483.08,2169.85
-11799781.450000001,4655483.36,2168.44
-11799780.91,4655483.89,2165.84
-11799780.21,4655483.83,2169.9
-11799779.9,4655484.16,2168.34
-11799779.38,4655484.65,2165.85
-11799777.85,4655485.41,2165.84
-11799776.34,4655486.16,2165.81
-11799774.83,4655486.9,2165.84
-11799774.450000001,4655486.5600000005,2171.19
-11799773.32,4655487.66,2165.78
-11799771.81,4655488.41,2165.74
-11799770.290000001,4655489.16,2165.72
-11799768.73,4655489.93,2165.72
-11799767.19,4655490.69,2165.73
-11799765.69,4655491.44,2165.72
-11799764.18,4655492.19,2165.69
-11799762.66,4655492.95,2165.65
-11799761.15,4655493.7,2165.63
-11799759.6,4655494.47,2165.65
-11799758.05,4655495.23,2165.63
-11799756.52,4655495.99,2165.61
-11799754.99,4655496.74,2165.61
-11799753.46,4655497.5,2165.61
-11799751.91,4655498.26,2165.59
-11799750.39,4655499.03,2165.57
-11799748.86,4655499.79,2165.53
-11799747.3,4655500.5600000005,2165.48
-11799745.74,4655501.37,2165.35
-11799744.200000001,4655502.13,2165.29
-11799742.71,4655502.850000001,2165.3
-11799741.18,4655503.62,2165.29
-11799739.63,4655504.38,2165.31
-11799738.06,4655505.17,2165.23
-11799739.15,4655505.21,2165.28
-11799740.620000001,4655504.48,2165.26
-11799742.15,4655503.72,2165.28
-11799743.65,4655502.99,2165.29
-11799745.13,4655502.25,2165.31
-11799746.65,4655501.5,2165.4
-11799748.17,4655500.74,2165.48
-11799749.67,4655500.0,2165.51
-11799751.18,4655499.23,2165.55
-11799752.68,4655498.51,2165.57
-11799754.18,4655497.76,2165.58
-11799755.69,4655497.03,2165.6
-11799757.200000001,4655496.28,2165.59
-11799758.69,4655495.55,2165.61
-11799760.19,4655494.8100000005,2165.61
-11799761.700000001,4655494.0600000005,2165.63
-11799763.200000001,4655493.32,2165.65
-11799764.700000001,4655492.57,2165.67
-11799766.24,4655491.8100000005,2165.69
-11799767.72,4655491.09,2165.72
-11799769.21,4655490.350000001,2165.71
-11799770.75,4655489.59,2165.73
-11799772.23,4655488.86,2165.73
-11799774.89,4655486.99,2171.32
-11799773.73,4655488.11,2165.77
-11799775.24,4655487.36,2165.79
-11799776.75,4655486.61,2165.77
-11799778.28,4655485.87,2165.8
-11799780.33,4655484.59,2168.46
-11799779.790000001,4655485.12,2165.82
-11799782.19,4655483.5,2170.22
-11799781.290000001,4655484.37,2165.84
-11799783.53,4655482.91,2169.56
-11799782.76,4655483.65,2165.81
-11799784.63,4655482.57,2167.58
-11799784.28,4655482.9,2165.88
-11799785.77,4655482.17,2165.85
-11799787.290000001,4655481.42,2165.84
-11799789.66,4655479.83,2170.11
-11799791.32,4655478.94,2170.9
-11799792.950000001,4655478.08,2171.5
-11799794.32,4655477.45,2170.86
-11799796.5,4655476.05,2174.29
-11799796.02,4655476.5200000005,2171.86
-11799798.09,4655475.24,2174.63
-11799797.67,4655475.64,2172.49
-11799799.3,4655474.7700000005,2173.21
-11799798.88,4655475.19,2171.04
-11799800.73,4655474.09,2172.97
-11799800.33,4655474.49,2170.85
-11799801.92,4655473.67,2171.34
-11799800.85,4655474.73,2165.84
-11799802.370000001,4655473.98,2165.86
-11799807.46,4655473.86,2165.92
-11799805.950000001,4655474.61,2165.9
-11799806.040000001,4655473.74,2174.35
-11799805.35,4655474.44,2170.73
-11799804.44,4655475.36,2165.92
-11799804.47,4655474.55,2173.99
-11799802.97,4655475.3100000005,2173.88
-11799802.74,4655475.53,2172.73
-11799801.43,4655476.87,2165.86
-11799801.49,4655476.0200000005,2174.15
-11799800.03,4655476.69,2174.5
-11799798.55,4655477.45,2174.4
-11799798.24,4655477.75,2172.88
-11799797.24,4655478.0,2175.4
-11799795.5,4655478.98,2174.28
-11799793.49,4655480.21,2171.84
-11799792.07,4655480.89,2172.1
-11799790.51,4655481.71,2171.69
-11799790.27,4655481.93,2170.47
-11799787.81,4655483.61,2165.88
-11799786.3,4655484.37,2165.86
-11799787.700000001,4655482.25,2180.3
-11799785.38,4655484.53,2168.85
-11799784.78,4655485.12,2165.9
-11799783.93,4655485.2,2169.31
-11799783.700000001,4655485.41,2168.17
-11799783.22,4655485.89,2165.85
-11799782.76,4655485.64,2170.81
-11799781.75,4655486.61,2165.9
-11799780.75,4655486.87,2168.36
-11799780.22,4655487.37,2165.84
-11799778.700000001,4655488.13,2165.86
-11799777.16,4655488.89,2165.83
-11799775.65,4655489.65,2165.8
-11799774.13,4655490.41,2165.78
-11799772.6,4655491.17,2165.77
-11799771.09,4655491.91,2165.73
-11799769.58,4655492.67,2165.72
-11799768.07,4655493.42,2165.72
-11799766.53,4655494.18,2165.71
-11799764.99,4655494.95,2165.67
-11799763.48,4655495.69,2165.69
-11799761.93,4655496.47,2165.65
-11799760.41,4655497.23,2165.61
-11799758.88,4655497.98,2165.61
-11799757.36,4655498.74,2165.59
-11799755.81,4655499.5,2165.59
-11799754.24,4655500.2700000005,2165.55
-11799752.75,4655501.03,2165.56
-11799751.25,4655501.78,2165.52
-11799749.700000001,4655502.5600000005,2165.44
-11799748.16,4655503.32,2165.38
-11799746.58,4655504.12,2165.32
-11799745.02,4655504.89,2165.32
-11799745.6,4655505.11,2165.26
-11799747.14,4655504.350000001,2165.28
-11799748.66,4655503.59,2165.38
-11799750.15,4655502.850000001,2165.42
-11799751.65,4655502.11,2165.48
-11799753.14,4655501.350000001,2165.52
-11799754.66,4655500.62,2165.51
-11799756.16,4655499.87,2165.54
-11799757.65,4655499.13,2165.55
-11799759.17,4655498.39,2165.58
-11799760.65,4655497.64,2165.59
-11799762.18,4655496.89,2165.6
-11799763.700000001,4655496.13,2165.65
-11799765.18,4655495.4,2165.65
-11799766.66,4655494.66,2165.67
-11799768.19,4655493.92,2165.69
-11799769.72,4655493.15,2165.69
-11799771.200000001,4655492.42,2165.71
-11799772.71,4655491.67,2165.74
-11799774.21,4655490.94,2165.75
-11799775.71,4655490.19,2165.78
-11799777.21,4655489.44,2165.81
-11799778.73,4655488.7,2165.81
-11799780.99,4655487.23,2169.36
-11799780.26,4655487.94,2165.84
-11799782.75,4655486.23,2170.71
-11799782.49,4655486.5,2169.36
-11799781.75,4655487.2,2165.83
-11799783.77,4655485.95,2168.35
-11799783.27,4655486.45,2165.88
-11799785.28,4655485.23,2168.27
-11799784.78,4655485.71,2165.83
-11799786.290000001,4655484.96,2165.84
-11799787.8,4655484.2,2165.84
-11799790.25,4655482.54,2170.48
-11799789.74,4655483.05,2167.92
-11799789.31,4655483.48,2165.81
-11799792.08,4655481.47,2172.19
-11799793.46,4655480.850000001,2171.67
-11799795.370000001,4655479.68,2173.79
-11799794.92,4655480.14,2171.52
-11799797.02,4655478.8,2174.53
-11799798.57,4655478.01,2174.75
-11799800.08,4655477.25,2174.94
-11799801.68,4655476.4,2175.46
-11799801.41,4655476.68,2174.15
-11799801.11,4655476.97,2172.57
-11799800.81,4655477.28,2171.0
-11799802.84,4655476.0200000005,2173.69
-11799801.34,4655477.5200000005,2165.9
-11799804.36,4655475.25,2173.8
-11799805.97,4655474.38,2174.38
-11799805.3,4655475.08,2170.85
-11799805.84,4655475.29,2165.9
-11799807.34,4655474.5600000005,2165.9
-11799808.85,4655473.8100000005,2165.9
-11799813.53,4655473.8100000005,2168.28
-11799813.1,4655474.25,2165.92
-11799812.51,4655474.08,2170.69
-11799812.17,4655474.42,2168.86
-11799811.89,4655474.71,2167.4
-11799811.64,4655474.96,2166.02
-11799810.18,4655475.69,2165.99
-11799808.69,4655476.43,2165.96
-11799807.22,4655477.18,2165.99
-11799807.35,4655476.28,2174.44
-11799805.74,4655477.9,2165.98
-11799805.67,4655477.21,2173.42
-11799804.48,4655477.65,2174.94
-11799802.99,4655478.39,2174.94
-11799802.71,4655478.67,2173.51
-11799802.28,4655479.100000001,2171.28
-11799801.9,4655479.48,2169.32
-11799801.39,4655479.24,2174.32
-11799801.14,4655479.5,2173.0
-11799800.64,4655479.99,2170.47
-11799800.0,4655479.9,2174.69
-11799798.61,4655480.54,2175.15
-11799798.34,4655480.8100000005,2173.77
-11799796.88,4655481.5200000005,2173.9
-11799794.84,4655482.8100000005,2171.08
-11799793.24,4655483.69,2170.34
-11799791.64,4655484.53,2169.76
-11799790.85,4655485.3100000005,2165.85
-11799789.370000001,4655486.04,2165.92
-11799787.870000001,4655486.79,2165.85
-11799786.370000001,4655487.5200000005,2165.86
-11799784.870000001,4655488.28,2165.9
-11799783.4,4655489.0200000005,2165.88
-11799781.9,4655489.76,2165.85
-11799780.4,4655490.51,2165.84
-11799778.89,4655491.26,2165.85
-11799777.36,4655492.01,2165.81
-11799775.86,4655492.7700000005,2165.77
-11799774.34,4655493.53,2165.77
-11799772.8,4655494.29,2165.76
-11799771.3,4655495.04,2165.75
-11799769.8,4655495.7700000005,2165.72
-11799768.3,4655496.5200000005,2165.72
-11799766.81,4655497.25,2165.71
-11799765.31,4655498.01,2165.65
-11799763.81,4655498.76,2165.63
-11799762.27,4655499.53,2165.58
-11799760.72,4655500.3100000005,2165.56
-11799759.200000001,4655501.07,2165.53
-11799758.950000001,4655500.63,2171.13
-11799757.71,4655501.8,2165.54
-11799758.01,4655500.850000001,2173.67
-11799756.370000001,4655501.74,2173.04
-11799755.96,4655502.12,2171.24
-11799755.52,4655502.51,2169.3
-11799754.65,4655503.34,2165.38
-11799754.72,4655502.62,2172.47
-11799753.14,4655504.08,2165.44
-11799753.08,4655503.47,2171.94
-11799751.620000001,4655504.83,2165.46
-11799752.24,4655503.61,2174.92
-11799751.91,4655503.9,2173.5
-11799750.6,4655504.46,2174.44
-11799750.28,4655504.76,2173.07
-11799749.9,4655505.11,2171.38
-11799750.01,4655505.22,2174.67
-11799751.49,4655504.5,2174.63
-11799751.02,4655504.9,2172.61
-11799752.99,4655503.74,2174.74
-11799752.38,4655504.96,2165.42
-11799755.42,4655502.78,2172.28
-11799757.5,4655501.48,2174.98
-11799757.22,4655501.76,2173.69
-11799758.42,4655501.28,2172.4
-11799758.39,4655501.99,2165.51
-11799759.89,4655501.23,2165.54
-11799761.370000001,4655500.5,2165.53
-11799762.9,4655499.74,2165.56
-11799764.41,4655498.98,2165.61
-11799765.9,4655498.25,2165.65
-11799767.41,4655497.5,2165.69
-11799768.92,4655496.74,2165.69
-11799770.42,4655496.01,2165.71
-11799771.92,4655495.2700000005,2165.74
-11799773.43,4655494.5,2165.75
-11799774.950000001,4655493.76,2165.76
-11799776.450000001,4655493.0200000005,2165.78
-11799777.97,4655492.2700000005,2165.81
-11799779.44,4655491.54,2165.83
-11799780.950000001,4655490.79,2165.83
-11799782.48,4655490.03,2165.85
-11799783.99,4655489.28,2165.88
-11799785.47,4655488.55,2165.88
-11799786.93,4655487.82,2165.84
-11799788.46,4655487.08,2165.88
-11799789.97,4655486.33,2165.92
-11799792.19,4655484.87,2169.51
-11799791.47,4655485.58,2165.88
-11799793.84,4655483.99,2170.19
-11799793.6,4655484.22,2169.01
-11799792.98,4655484.83,2165.88
-11799795.68,4655482.88,2172.01
-11799795.31,4655483.26,2170.17
-11799797.32,4655482.0,2172.72
-11799799.24,4655480.850000001,2174.84
-11799799.03,4655481.07,2173.75
-11799800.68,4655480.18,2174.5
-11799799.98,4655480.88,2170.9
-11799802.31,4655479.3100000005,2175.15
-11799801.870000001,4655479.76,2172.84
-11799803.69,4655478.68,2174.67
-11799803.44,4655478.92,2173.38
-11799802.8,4655479.57,2170.04
-11799802.01,4655480.350000001,2165.97
-11799805.32,4655477.79,2175.44
-11799805.09,4655478.0200000005,2174.23
-11799806.48,4655477.39,2173.65
-11799808.22,4655476.42,2174.79
-11799807.61,4655477.03,2171.57
-11799806.55,4655478.11,2165.98
-11799808.06,4655477.37,2165.97
-11799809.52,4655476.64,2165.96
-11799811.58,4655475.32,2169.05
-11799811.36,4655475.55,2167.86
-11799811.01,4655475.9,2165.98
-11799813.28,4655474.38,2170.08
-11799812.99,4655474.68,2168.49
-11799812.52,4655475.16,2165.98
-11799814.49,4655473.94,2168.48
-11799814.03,4655474.4,2166.01
-11799815.56,4655473.66,2166.01
-11799819.99,4655473.74,2167.59
-11799818.33,4655473.84,2174.98
-11799818.15,4655474.0200000005,2174.03
-11799817.28,4655474.92,2169.23
-11799816.71,4655475.51,2166.17
-11799815.53,4655475.93,2167.86
-11799815.21,4655476.26,2166.17
-11799814.26,4655476.42,2169.17
-11799814.08,4655476.61,2168.19
-11799813.73,4655476.96,2166.28
-11799812.68,4655477.24,2168.82
-11799812.19,4655477.75,2166.22
-11799810.65,4655478.5200000005,2166.15
-11799810.13,4655478.2700000005,2171.28
-11799809.15,4655479.26,2166.13
-11799807.63,4655480.0200000005,2166.05
-11799807.1,4655479.78,2171.23
-11799806.120000001,4655480.79,2166.03
-11799806.31,4655479.82,2174.99
-11799804.61,4655481.54,2166.05
-11799804.75,4655480.63,2174.59
-11799804.33,4655481.04,2172.44
-11799803.18,4655481.45,2174.19
-11799801.85,4655482.03,2174.97
-11799800.27,4655482.86,2174.59
-11799798.65,4655483.71,2174.04
-11799798.15,4655484.23,2171.42
-11799797.07,4655485.29,2166.01
-11799795.55,4655486.04,2165.99
-11799794.02,4655486.8,2165.97
-11799792.51,4655487.5600000005,2165.96
-11799790.99,4655488.32,2165.96
-11799789.48,4655489.08,2165.92
-11799787.94,4655489.850000001,2165.86
-11799786.450000001,4655490.59,2165.9
-11799784.93,4655491.33,2165.9
-11799783.42,4655492.09,2165.88
-11799783.13,4655491.62,2171.96
-11799781.88,4655492.86,2165.88
-11799781.27,4655492.73,2170.23
-11799780.36,4655493.62,2165.86
-11799779.78,4655493.47,2170.28
-11799778.86,4655494.38,2165.81
-11799777.34,4655495.12,2165.82
-11799775.81,4655495.87,2165.79
-11799774.28,4655496.63,2165.78
-11799772.75,4655497.42,2165.75
-11799771.22,4655498.17,2165.73
-11799769.700000001,4655498.93,2165.71
-11799769.61,4655498.29,2172.51
-11799768.16,4655499.69,2165.72
-11799768.040000001,4655499.11,2172.27
-11799766.620000001,4655500.46,2165.72
-11799766.99,4655499.42,2174.42
-11799766.17,4655500.2,2170.63
-11799765.1,4655501.22,2165.69
-11799765.6,4655500.0600000005,2174.92
-11799765.39,4655500.26,2174.0
-11799765.02,4655500.62,2172.23
-11799764.700000001,4655500.93,2170.77
-11799763.55,4655501.33,2172.44
-11799763.040000001,4655501.82,2170.08
-11799762.040000001,4655502.75,2165.57
-11799760.47,4655503.5200000005,2165.57
-11799760.28,4655503.04,2171.61
-11799759.64,4655503.63,2168.75
-11799758.94,4655504.3,2165.55
-11799759.42,4655503.18,2174.46
-11799757.96,4655503.89,2174.63
-11799756.66,4655504.44,2175.67
-11799755.6,4655504.75,2177.82
-11799755.25,4655505.07,2176.29
-11799755.69,4655505.12,2178.79
-11799756.540000001,4655504.99,2175.96
-11799757.74,4655504.53,2174.61
-11799757.07,4655505.16,2171.61
-11799759.23,4655503.8,2174.61
-11799760.4,4655503.36,2173.21
-11799760.120000001,4655503.62,2171.96
-11799758.69,4655504.96,2165.54
-11799761.57,4655502.91,2171.79
-11799760.58,4655503.84,2167.33
-11799760.18,4655504.24,2165.48
-11799764.18,4655501.13,2176.76
-11799763.9,4655501.39,2175.53
-11799762.58,4655502.63,2169.51
-11799761.71,4655503.45,2165.54
-11799765.58,4655500.47,2176.28
-11799766.91,4655499.89,2175.65
-11799766.58,4655500.19,2174.13
-11799764.72,4655501.97,2165.58
-11799768.13,4655499.39,2174.51
-11799767.31,4655500.18,2170.69
-11799769.24,4655499.0200000005,2172.76
-11799767.71,4655500.49,2165.67
-11799769.21,4655499.74,2165.67
-11799770.73,4655498.97,2165.67
-11799772.23,4655498.24,2165.69
-11799773.74,4655497.48,2165.73
-11799775.23,4655496.75,2165.75
-11799776.74,4655496.0,2165.77
-11799778.24,4655495.25,2165.79
-11799781.6,4655492.7,2174.77
-11799780.700000001,4655493.57,2170.48
-11799779.74,4655494.51,2165.82
-11799781.950000001,4655493.07,2169.21
-11799781.25,4655493.76,2165.84
-11799782.78,4655493.01,2165.82
-11799784.290000001,4655492.25,2165.86
-11799785.8,4655491.5,2165.88
-11799787.290000001,4655490.7700000005,2165.86
-11799788.81,4655490.01,2165.86
-11799790.33,4655489.26,2165.9
-11799791.85,4655488.5,2165.92
-11799793.31,4655487.7700000005,2165.92
-11799794.81,4655487.03,2165.94
-11799796.33,4655486.29,2165.96
-11799799.65,4655483.72,2175.19
-11799799.32,4655484.05,2173.55
-11799799.09,4655484.28,2172.38
-11799797.83,4655485.53,2165.94
-11799801.01,4655483.12,2174.48
-11799800.63,4655483.51,2172.5
-11799799.34,4655484.79,2165.92
-11799802.63,4655482.24,2175.24
-11799803.93,4655481.69,2174.33
-11799803.48,4655482.15,2171.94
-11799805.39,4655480.98,2174.17
-11799805.14,4655481.23,2172.83
-11799804.6,4655481.7700000005,2169.99
-11799806.98,4655480.14,2174.57
-11799806.72,4655480.43,2173.19
-11799805.84,4655481.3100000005,2168.58
-11799805.35,4655481.8100000005,2166.02
-11799809.73,4655478.14,2181.17
-11799807.86,4655480.04,2171.28
-11799806.85,4655481.07,2165.98
-11799810.8,4655477.83,2178.9
-11799810.48,4655478.17,2177.21
-11799808.77,4655479.9,2168.11
-11799808.370000001,4655480.3100000005,2166.03
-11799810.14,4655479.2700000005,2167.59
-11799809.86,4655479.57,2166.09
-11799811.35,4655478.8100000005,2166.13
-11799813.34,4655477.58,2168.72
-11799812.870000001,4655478.0600000005,2166.17
-11799814.69,4655477.0,2167.81
-11799814.4,4655477.32,2166.19
-11799816.26,4655476.19,2168.21
-11799818.92,4655474.23,2174.63
-11799817.98,4655475.21,2169.44
-11799817.370000001,4655475.850000001,2166.09
-11799820.16,4655473.76,2173.11
-11799819.85,4655474.09,2171.44
-11799818.89,4655475.09,2166.13
-11799826.290000001,4655473.88,2166.27
-11799825.34,4655474.05,2169.28
-11799825.03,4655474.38,2167.55
-11799824.83,4655474.600000001,2166.38
-11799824.07,4655474.5600000005,2170.56
-11799823.05,4655474.82,2173.08
-11799822.33,4655475.5600000005,2169.11
-11799821.84,4655476.08,2166.36
-11799821.68,4655475.43,2173.81
-11799821.290000001,4655475.82,2171.65
-11799821.08,4655476.05,2170.47
-11799817.74,4655477.91,2168.55
-11799817.32,4655478.34,2166.27
-11799818.11,4655476.7,2178.78
-11799816.620000001,4655478.2700000005,2170.65
-11799815.790000001,4655479.11,2166.23
-11799814.66,4655479.47,2168.26
-11799814.3,4655479.84,2166.24
-11799813.16,4655480.21,2168.29
-11799812.76,4655480.63,2166.11
-11799811.6,4655481.01,2168.02
-11799811.23,4655481.38,2166.1
-11799810.11,4655481.75,2168.11
-11799808.68,4655482.42,2168.44
-11799808.200000001,4655482.92,2165.88
-11799807.84,4655482.5,2172.0
-11799806.69,4655483.66,2166.0
-11799806.73,4655482.84,2174.13
-11799806.07,4655483.5,2170.72
-11799805.17,4655484.42,2165.99
-11799805.56,4655483.2700000005,2175.73
-11799803.68,4655485.17,2165.92
-11799803.74,4655484.34,2173.92
-11799802.3,4655485.05,2174.17
-11799801.98,4655485.36,2172.55
-11799800.700000001,4655486.65,2165.94
-11799800.72,4655485.850000001,2173.92
-11799799.15,4655487.42,2165.94
-11799797.63,4655488.17,2165.99
-11799796.120000001,4655488.92,2165.98
-11799794.620000001,4655489.68,2165.98
-11799793.09,4655490.44,2165.97
-11799791.57,4655491.2,2165.96
-11799790.06,4655491.95,2165.98
-11799788.52,4655492.72,2165.88
-11799787.05,4655493.45,2165.92
-11799785.53,4655494.21,2165.9
-11799784.6,4655494.38,2168.8
-11799784.0,4655494.97,2165.84
-11799784.42,4655493.850000001,2175.19
-11799783.74,4655494.5,2171.94
-11799782.47,4655495.73,2165.8
-11799783.3,4655494.21,2177.15
-11799780.94,4655496.51,2165.78
-11799781.88,4655494.88,2177.48
-11799779.47,4655497.22,2165.94
-11799777.96,4655497.98,2165.9
-11799777.07,4655498.100000001,2169.02
-11799776.39,4655498.78,2165.76
-11799775.55,4655498.86,2169.0
-11799774.86,4655499.54,2165.72
-11799773.31,4655500.3100000005,2165.72
-11799771.790000001,4655501.07,2165.73
-11799771.97,4655500.18,2173.72
-11799770.26,4655501.8100000005,2165.75
-11799770.6,4655500.8100000005,2174.28
-11799769.83,4655501.54,2170.72
-11799768.74,4655502.59,2165.63
-11799769.05,4655501.600000001,2174.11
-11799768.19,4655501.73,2177.17
-11799766.73,4655502.43,2177.23
-11799765.92,4655503.23,2173.5
-11799765.34,4655503.09,2177.81
-11799763.870000001,4655503.79,2178.13
-11799763.58,4655504.07,2176.79
-11799763.08,4655504.54,2174.51
-11799762.82,4655504.7700000005,2173.36
-11799761.58,4655505.29,2174.54
-11799762.94,4655504.94,2176.44
-11799764.76,4655503.89,2177.83
-11799766.03,4655503.38,2176.86
-11799767.67,4655502.5,2177.53
-11799768.93,4655501.97,2176.56
-11799766.98,4655503.82,2167.63
-11799766.51,4655504.26,2165.44
-11799769.93,4655501.69,2174.31
-11799771.47,4655500.91,2174.52
-11799771.67,4655501.42,2168.44
-11799771.06,4655501.99,2165.61
-11799772.56,4655501.24,2165.67
-11799774.06,4655500.51,2165.67
-11799776.26,4655499.07,2169.01
-11799775.57,4655499.75,2165.69
-11799777.76,4655498.33,2169.01
-11799779.25,4655497.59,2168.97
-11799778.65,4655498.17,2166.11
-11799782.53,4655495.13,2177.5
-11799782.1,4655495.53,2175.42
-11799780.1,4655497.48,2165.85
-11799783.93,4655494.49,2176.97
-11799783.5,4655494.92,2174.88
-11799781.63,4655496.73,2165.83
-11799785.02,4655494.14,2174.97
-11799783.14,4655495.98,2165.8
-11799784.66,4655495.24,2165.79
-11799786.15,4655494.48,2165.85
-11799787.620000001,4655493.75,2165.86
-11799789.14,4655492.99,2165.88
-11799790.66,4655492.23,2165.96
-11799792.16,4655491.5,2165.94
-11799793.67,4655490.75,2165.94
-11799795.17,4655489.99,2165.94
-11799796.67,4655489.26,2165.97
-11799798.18,4655488.51,2165.97
-11799801.06,4655486.4,2172.92
-11799800.89,4655486.5600000005,2172.1
-11799799.69,4655487.75,2165.98
-11799802.34,4655485.850000001,2171.9
-11799801.18,4655487.03,2165.94
-11799804.450000001,4655484.49,2175.21
-11799803.71,4655485.23,2171.38
-11799805.73,4655483.95,2174.17
-11799805.26,4655484.43,2171.71
-11799804.15,4655485.55,2165.94
-11799805.66,4655484.8,2165.96
-11799807.19,4655484.04,2165.94
-11799809.47,4655482.5,2170.11
-11799809.17,4655482.82,2168.46
-11799810.620000001,4655482.100000001,2168.38
-11799811.96,4655481.5200000005,2167.48
-11799811.700000001,4655481.8,2166.09
-11799813.65,4655480.59,2168.4
-11799813.22,4655481.03,2166.15
-11799815.49,4655479.51,2170.23
-11799814.75,4655480.26,2166.19
-11799818.97,4655476.71,2180.97
-11799816.88,4655478.88,2169.59
-11799816.26,4655479.5,2166.21
-11799820.07,4655476.38,2178.82
-11799817.76,4655478.78,2166.23
-11799820.61,4655476.62,2173.69
-11799820.290000001,4655476.94,2171.97
-11799822.1,4655475.89,2173.76
-11799821.48,4655476.51,2170.35
-11799821.26,4655476.75,2169.11
-11799820.74,4655477.28,2166.32
-11799823.51,4655475.24,2173.23
-11799822.8,4655475.98,2169.3
-11799822.48,4655476.28,2167.59
-11799822.24,4655476.55,2166.23
-11799824.450000001,4655475.08,2170.13
-11799824.23,4655475.3,2168.94
-11799825.78,4655474.49,2169.35
-11799825.43,4655474.86,2167.36
-11799826.77,4655474.3,2166.32
-11799832.83,4655473.68,2166.52
-11799831.34,4655474.42,2166.4
-11799829.9,4655475.11,2166.83
-11799828.290000001,4655475.95,2166.4
-11799826.82,4655476.69,2166.38
-11799826.05,4655476.68,2170.42
-11799825.61,4655477.13,2168.0
-11799825.32,4655477.45,2166.32
-11799824.44,4655477.53,2169.92
-11799824.06,4655477.92,2167.81
-11799823.78,4655478.23,2166.24
-11799824.77,4655476.37,2180.08
-11799822.94,4655478.29,2169.9
-11799822.51,4655478.73,2167.56
-11799821.34,4655479.13,2169.28
-11799820.78,4655479.71,2166.26
-11799819.790000001,4655479.94,2169.02
-11799819.28,4655480.47,2166.25
-11799817.77,4655481.22,2166.23
-11799816.27,4655481.96,2166.29
-11799814.790000001,4655482.7,2166.31
-11799813.540000001,4655483.16,2167.76
-11799813.25,4655483.47,2166.21
-11799812.15,4655483.79,2168.51
-11799811.71,4655484.24,2166.13
-11799811.15,4655484.05,2171.06
-11799810.74,4655484.46,2168.92
-11799810.25,4655484.97,2166.31
-11799809.9,4655484.53,2172.35
-11799808.02,4655485.67,2170.35
-11799807.19,4655486.51,2165.98
-11799805.67,4655487.26,2166.0
-11799804.14,4655488.0200000005,2165.99
-11799802.63,4655488.79,2165.98
-11799801.13,4655489.54,2165.98
-11799799.66,4655490.26,2166.03
-11799798.120000001,4655491.0200000005,2166.01
-11799796.59,4655491.8,2166.01
-11799795.120000001,4655492.54,2166.0
-11799793.61,4655493.29,2166.01
-11799792.07,4655494.05,2166.01
-11799790.55,4655494.83,2165.99
-11799789.02,4655495.59,2165.88
-11799787.47,4655496.37,2165.76
-11799786.620000001,4655496.47,2169.02
-11799786.18,4655496.91,2166.84
-11799785.97,4655497.09,2165.86
-11799785.120000001,4655497.21,2169.06
-11799784.47,4655497.14,2173.23
-11799783.61,4655497.98,2169.07
-11799783.44,4655497.43,2175.42
-11799782.11,4655498.71,2169.07
-11799781.98,4655498.14,2175.6
-11799780.620000001,4655499.45,2169.08
-11799779.1,4655500.21,2169.11
-11799777.56,4655500.98,2169.13
-11799776.01,4655501.74,2169.06
-11799775.290000001,4655502.44,2165.61
-11799775.31,4655501.75,2172.76
-11799773.8,4655503.19,2165.69
-11799774.33,4655502.01,2175.17
-11799773.08,4655502.49,2176.53
-11799772.68,4655502.88,2174.61
-11799771.950000001,4655502.88,2178.36
-11799770.3,4655503.75,2177.79
-11799768.120000001,4655505.16,2174.56
-11799767.22,4655505.3100000005,2177.34
-11799769.35,4655504.73,2178.26
-11799770.81,4655504.0200000005,2178.07
-11799770.040000001,4655504.75,2174.5
-11799772.41,4655503.17,2178.52
-11799771.6,4655503.96,2174.74
-11799773.73,4655502.600000001,2177.82
-11799773.42,4655502.9,2176.36
-11799773.05,4655503.24,2174.67
-11799774.69,4655502.350000001,2175.38
-11799774.31,4655502.72,2173.59
-11799775.78,4655502.01,2173.47
-11799775.53,4655502.26,2172.25
-11799774.13,4655503.61,2165.65
-11799777.040000001,4655501.51,2172.23
-11799776.36,4655502.16,2169.02
-11799775.6,4655502.89,2165.47
-11799777.870000001,4655501.4,2169.11
-11799779.370000001,4655500.64,2169.24
-11799780.82,4655499.95,2169.08
-11799783.700000001,4655497.850000001,2175.73
-11799782.32,4655499.2,2169.06
-11799784.66,4655497.63,2173.1
-11799783.83,4655498.45,2169.05
-11799785.48,4655497.5600000005,2169.79
-11799786.97,4655496.8100000005,2169.78
-11799788.290000001,4655496.25,2168.99
-11799787.63,4655496.88,2165.78
-11799789.17,4655496.12,2165.86
-11799790.69,4655495.36,2165.9
-11799792.21,4655494.600000001,2165.94
-11799793.72,4655493.84,2165.98
-11799795.22,4655493.09,2165.96
-11799796.72,4655492.36,2165.99
-11799798.23,4655491.61,2165.98
-11799799.75,4655490.850000001,2165.98
-11799801.24,4655490.12,2165.92
-11799802.75,4655489.37,2165.94
-11799804.24,4655488.61,2165.94
-11799805.75,4655487.88,2165.94
-11799808.120000001,4655486.25,2170.48
-11799807.25,4655487.13,2165.92
-11799810.02,4655485.07,2172.69
-11799811.22,4655484.66,2171.1
-11799810.75,4655485.11,2168.65
-11799812.22,4655484.41,2168.4
-11799811.8,4655484.86,2166.09
-11799813.58,4655483.8,2167.67
-11799813.31,4655484.100000001,2166.19
-11799814.81,4655483.34,2166.3
-11799816.32,4655482.600000001,2166.3
-11799817.77,4655481.88,2166.23
-11799819.75,4655480.64,2168.85
-11799819.27,4655481.15,2166.21
-11799821.43,4655479.7,2169.81
-11799821.16,4655479.99,2168.25
-11799820.78,4655480.39,2166.19
-11799822.88,4655479.01,2169.47
-11799822.540000001,4655479.38,2167.56
-11799824.43,4655478.22,2169.84
-11799824.290000001,4655478.350000001,2169.07
-11799823.790000001,4655478.88,2166.27
-11799826.1,4655477.29,2170.84
-11799825.91,4655477.47,2169.81
-11799825.27,4655478.16,2166.26
-11799829.36,4655474.68,2180.83
-11799826.8,4655477.39,2166.35
-11799830.49,4655474.32,2178.78
-11799828.3,4655476.64,2166.35
-11799829.83,4655475.88,2166.36
-11799831.33,4655475.12,2166.42
-11799832.81,4655474.4,2166.44
-11799839.05,4655473.7,2166.27
-11799837.56,4655474.45,2166.28
-11799837.35,4655473.82,2173.72
-11799836.07,4655475.17,2166.31
-11799835.85,4655474.57,2173.71
-11799835.52,4655474.9,2171.79
-11799834.59,4655475.92,2166.38
-11799833.74,4655475.99,2169.99
-11799833.11,4655476.65,2166.4
-11799831.64,4655477.38,2166.4
-11799830.11,4655478.14,2166.38
-11799828.58,4655478.93,2166.31
-11799827.08,4655479.68,2166.3
-11799825.57,4655480.41,2166.26
-11799824.09,4655481.17,2166.26
-11799823.05,4655481.44,2168.81
-11799822.58,4655481.92,2166.23
-11799821.07,4655482.68,2166.21
-11799819.57,4655483.42,2166.21
-11799818.1,4655484.16,2166.28
-11799816.6,4655484.9,2166.38
-11799815.06,4655485.66,2166.36
-11799813.56,4655486.43,2166.27
-11799812.19,4655487.0200000005,2166.98
-11799810.870000001,4655487.600000001,2167.98
-11799810.67,4655487.8,2166.9
-11799808.99,4655488.74,2165.99
-11799807.49,4655489.49,2165.96
-11799805.98,4655490.25,2165.96
-11799804.44,4655491.01,2165.94
-11799802.94,4655491.75,2165.97
-11799801.43,4655492.51,2165.92
-11799799.93,4655493.25,2166.0
-11799798.41,4655494.0200000005,2165.96
-11799796.88,4655494.78,2165.86
-11799795.38,4655495.53,2165.86
-11799793.88,4655496.28,2165.9
-11799792.370000001,4655497.0200000005,2165.98
-11799791.370000001,4655497.2700000005,2168.61
-11799791.1,4655497.54,2167.31
-11799789.97,4655497.92,2169.07
-11799788.6,4655498.55,2169.69
-11799787.07,4655499.3100000005,2169.63
-11799785.56,4655500.07,2169.6
-11799784.040000001,4655500.83,2169.58
-11799782.52,4655501.600000001,2169.53
-11799781.02,4655502.33,2169.51
-11799779.47,4655503.12,2169.47
-11799777.89,4655503.95,2169.11
-11799776.540000001,4655504.5200000005,2169.96
-11799775.47,4655504.850000001,2172.05
-11799775.290000001,4655504.350000001,2178.19
-11799774.870000001,4655504.74,2176.25
-11799773.94,4655504.95,2178.94
-11799775.39,4655504.84,2178.48
-11799776.84,4655504.84,2171.06
-11799776.620000001,4655505.05,2170.05
-11799777.98,4655504.45,2169.42
-11799779.44,4655503.73,2169.42
-11799780.92,4655502.97,2169.44
-11799782.450000001,4655502.21,2169.48
-11799783.98,4655501.46,2169.52
-11799785.48,4655500.72,2169.54
-11799786.98,4655499.97,2169.57
-11799788.49,4655499.21,2169.63
-11799789.89,4655498.5600000005,2169.07
-11799791.32,4655497.9,2168.73
-11799792.8,4655497.17,2168.61
-11799792.48,4655497.48,2167.07
-11799792.28,4655497.67,2166.04
-11799793.75,4655496.96,2165.99
-11799795.24,4655496.22,2165.9
-11799796.75,4655495.48,2165.86
-11799798.26,4655494.72,2165.85
-11799799.790000001,4655493.97,2165.9
-11799801.290000001,4655493.22,2165.94
-11799802.77,4655492.47,2165.92
-11799804.28,4655491.71,2165.94
-11799805.790000001,4655490.98,2165.92
-11799807.31,4655490.22,2165.94
-11799808.790000001,4655489.47,2165.94
-11799810.3,4655488.72,2166.06
-11799812.02,4655487.7700000005,2167.06
-11799813.39,4655487.16,2166.29
-11799814.89,4655486.42,2166.32
-11799816.39,4655485.67,2166.31
-11799817.86,4655484.93,2166.31
-11799819.34,4655484.21,2166.24
-11799820.84,4655483.48,2166.15
-11799822.36,4655482.72,2166.19
-11799823.86,4655481.97,2166.23
-11799825.370000001,4655481.22,2166.23
-11799826.870000001,4655480.45,2166.25
-11799828.36,4655479.73,2166.26
-11799829.870000001,4655478.98,2166.29
-11799831.370000001,4655478.22,2166.34
-11799832.870000001,4655477.47,2166.38
-11799836.73,4655474.2,2180.04
-11799835.05,4655475.99,2170.33
-11799834.370000001,4655476.73,2166.38
-11799837.1,4655474.66,2173.58
-11799838.49,4655474.03,2172.81
-11799837.36,4655475.26,2166.22
-11799838.86,4655474.5,2166.22
-11799840.36,4655473.74,2166.38
-11799845.25,4655473.66,2166.53
-11799843.74,4655474.43,2166.47
-11799842.96,4655474.4,2170.69
-11799842.25,4655475.15,2166.5
-11799840.77,4655475.91,2166.5
-11799840.38,4655475.44,2173.04
-11799839.22,4655476.71,2166.23
-11799839.02,4655476.05,2173.84
-11799838.63,4655476.47,2171.49
-11799837.5,4655476.850000001,2173.57
-11799837.22,4655477.13,2171.97
-11799835.620000001,4655478.01,2171.19
-11799834.77,4655478.91,2166.34
-11799833.290000001,4655479.66,2166.32
-11799831.77,4655480.42,2166.31
-11799830.26,4655481.17,2166.33
-11799828.74,4655481.93,2166.3
-11799827.25,4655482.69,2166.25
-11799825.97,4655483.22,2167.42
-11799824.23,4655484.2,2166.24
-11799822.73,4655484.93,2166.24
-11799821.24,4655485.69,2166.22
-11799819.74,4655486.44,2166.23
-11799818.25,4655487.17,2166.29
-11799816.72,4655487.94,2166.25
-11799815.25,4655488.68,2166.28
-11799813.76,4655489.42,2166.33
-11799812.24,4655490.18,2166.22
-11799810.74,4655490.96,2166.07
-11799809.25,4655491.71,2165.97
-11799807.74,4655492.46,2165.96
-11799806.200000001,4655493.23,2165.92
-11799804.700000001,4655493.99,2165.94
-11799803.22,4655494.71,2165.94
-11799801.71,4655495.47,2165.92
-11799800.46,4655495.97,2167.27
-11799799.23,4655496.45,2168.69
-11799797.74,4655497.18,2168.72
-11799796.48,4655497.72,2169.71
-11799794.96,4655498.48,2169.63
-11799793.43,4655499.26,2169.61
-11799791.93,4655500.0,2169.57
-11799790.43,4655500.75,2169.53
-11799788.96,4655501.49,2169.6
-11799787.42,4655502.26,2169.44
-11799785.94,4655503.01,2169.44
-11799784.44,4655503.7700000005,2169.38
-11799782.93,4655504.53,2169.36
-11799783.77,4655504.69,2169.31
-11799785.28,4655503.92,2169.35
-11799786.790000001,4655503.16,2169.4
-11799788.31,4655502.42,2169.36
-11799789.790000001,4655501.67,2169.42
-11799791.290000001,4655500.92,2169.46
-11799792.83,4655500.16,2169.5
-11799794.31,4655499.4,2169.55
-11799795.81,4655498.67,2169.59
-11799797.31,4655497.92,2169.59
-11799798.82,4655497.16,2169.72
-11799800.1,4655496.62,2168.65
-11799801.09,4655496.39,2166.03
-11799802.58,4655495.66,2165.9
-11799804.08,4655494.92,2165.9
-11799805.57,4655494.17,2165.9
-11799807.09,4655493.41,2165.92
-11799808.6,4655492.67,2165.94
-11799810.13,4655491.91,2165.96
-11799811.67,4655491.12,2166.11
-11799813.17,4655490.33,2166.29
-11799814.67,4655489.61,2166.29
-11799816.17,4655488.88,2166.19
-11799817.67,4655488.13,2166.19
-11799819.18,4655487.37,2166.24
-11799820.65,4655486.64,2166.21
-11799822.14,4655485.9,2166.19
-11799823.66,4655485.14,2166.22
-11799825.16,4655484.39,2166.21
-11799826.83,4655483.49,2166.99
-11799828.17,4655482.9,2166.25
-11799829.66,4655482.14,2166.29
-11799831.17,4655481.4,2166.29
-11799832.68,4655480.64,2166.29
-11799835.0,4655479.01,2171.13
-11799834.790000001,4655479.23,2169.94
-11799834.16,4655479.9,2166.34
-11799836.96,4655477.76,2173.94
-11799836.64,4655478.100000001,2172.09
-11799836.44,4655478.3100000005,2170.97
-11799835.63,4655479.17,2166.29
-11799838.64,4655476.79,2175.05
-11799839.82,4655476.41,2173.13
-11799840.19,4655476.89,2166.38
-11799841.69,4655476.15,2166.5
-11799843.14,4655475.44,2166.4
-11799844.64,4655474.69,2166.4
-11799846.16,4655473.92,2166.49
-11799850.53,4655473.84,2169.23
-11799850.08,4655474.350000001,2166.42
-11799848.58,4655475.08,2166.4
-11799847.08,4655475.86,2166.4
-11799845.58,4655476.600000001,2166.38
-11799844.09,4655477.350000001,2166.36
-11799842.61,4655478.09,2166.44
-11799841.08,4655478.850000001,2166.4
-11799841.200000001,4655477.87,2175.71
-11799840.67,4655478.44,2172.61
-11799840.35,4655478.79,2170.72
-11799839.6,4655479.61,2166.27
-11799839.98,4655478.3100000005,2177.44
-11799839.790000001,4655478.5,2176.36
-11799839.56,4655478.7700000005,2174.98
-11799838.53,4655479.01,2177.65
-11799838.4,4655479.14,2176.92
-11799837.8,4655479.8,2173.4
-11799837.07,4655479.75,2177.59
-11799835.69,4655481.21,2169.63
-11799835.11,4655481.850000001,2166.32
-11799833.61,4655482.600000001,2166.3
-11799832.07,4655483.37,2166.27
-11799830.58,4655484.100000001,2166.29
-11799829.11,4655484.850000001,2166.3
-11799827.59,4655485.61,2166.24
-11799826.07,4655486.37,2166.26
-11799823.08,4655487.87,2166.24
-11799821.57,4655488.63,2166.21
-11799820.07,4655489.37,2166.24
-11799818.58,4655490.11,2166.3
-11799817.22,4655490.71,2167.19
-11799815.56,4655491.62,2166.4
-11799814.870000001,4655491.5600000005,2170.55
-11799814.120000001,4655492.3,2166.61
-11799812.57,4655493.11,2166.26
-11799811.09,4655493.86,2166.35
-11799809.49,4655494.7,2165.94
-11799807.950000001,4655495.47,2165.94
-11799806.450000001,4655496.22,2165.92
-11799804.94,4655496.98,2165.92
-11799803.42,4655497.74,2165.94
-11799801.9,4655498.47,2165.98
-11799800.950000001,4655498.69,2168.69
-11799799.61,4655499.28,2169.5
-11799798.09,4655500.05,2169.47
-11799796.56,4655500.8100000005,2169.44
-11799795.040000001,4655501.57,2169.38
-11799793.53,4655502.350000001,2169.35
-11799792.03,4655503.09,2169.32
-11799790.49,4655503.87,2169.28
-11799788.97,4655504.63,2169.28
-11799789.77,4655504.73,2169.38
-11799791.22,4655504.03,2169.25
-11799792.72,4655503.2700000005,2169.29
-11799794.22,4655502.51,2169.32
-11799795.72,4655501.7700000005,2169.36
-11799797.23,4655501.01,2169.38
-11799798.74,4655500.26,2169.42
-11799800.25,4655499.5,2169.5
-11799801.67,4655498.850000001,2168.94
-11799801.08,4655499.44,2165.96
-11799802.620000001,4655498.67,2165.97
-11799804.09,4655497.94,2165.96
-11799805.56,4655497.2,2165.92
-11799807.07,4655496.47,2165.92
-11799808.57,4655495.72,2165.94
-11799810.370000001,4655494.66,2167.48
-11799810.08,4655494.96,2165.92
-11799811.78,4655494.0,2166.98
-11799813.14,4655493.4,2166.28
-11799814.65,4655492.65,2166.31
-11799816.23,4655491.83,2166.65
-11799817.84,4655490.96,2167.3
-11799819.19,4655490.36,2166.5
-11799820.65,4655489.66,2166.21
-11799822.16,4655488.91,2166.19
-11799823.8,4655488.0,2167.15
-11799825.22,4655487.32,2166.92
-11799826.59,4655486.69,2166.29
-11799828.09,4655485.95,2166.24
-11799829.6,4655485.2,2166.27
-11799831.1,4655484.46,2166.27
-11799832.63,4655483.68,2166.29
-11799834.620000001,4655482.43,2169.0
-11799834.15,4655482.94,2166.3
-11799837.61,4655480.0600000005,2177.74
-11799836.91,4655480.8100000005,2173.74
-11799836.23,4655481.55,2169.76
-11799835.63,4655482.18,2166.3
-11799839.08,4655479.33,2177.83
-11799838.89,4655479.5200000005,2176.67
-11799838.44,4655480.03,2174.06
-11799837.09,4655481.47,2166.23
-11799840.55,4655478.59,2177.67
-11799840.38,4655478.8,2176.65
-11799840.08,4655479.13,2174.9
-11799841.66,4655478.26,2175.4
-11799841.21,4655478.78,2172.71
-11799840.120000001,4655479.96,2166.31
-11799841.67,4655479.17,2166.38
-11799843.16,4655478.43,2166.4
-11799844.63,4655477.69,2166.38
-11799846.11,4655476.96,2166.38
-11799847.6,4655476.22,2166.38
-11799849.1,4655475.46,2166.42
-11799850.58,4655474.73,2166.4
-11799852.08,4655473.98,2166.47
-11799855.96,4655474.36,2166.49
-11799854.44,4655475.12,2166.47
-11799852.950000001,4655475.87,2166.48
-11799851.49,4655476.600000001,2166.48
-11799850.01,4655477.350000001,2166.44
-11799848.51,4655478.11,2166.42
-11799846.98,4655478.87,2166.4
-11799845.47,4655479.63,2166.4
-11799843.97,4655480.38,2166.38
-11799842.5,4655481.11,2166.42
-11799842.85,4655479.850000001,2177.36
-11799842.65,4655480.0600000005,2176.22
-11799840.99,4655481.87,2166.38
-11799841.28,4655480.69,2176.86
-11799840.56,4655481.47,2172.67
-11799839.74,4655481.48,2176.67
-11799839.09,4655482.19,2172.85
-11799837.96,4655483.38,2166.3
-11799837.700000001,4655482.82,2173.42
-11799836.48,4655484.14,2166.33
-11799834.98,4655484.89,2166.32
-11799833.48,4655485.65,2166.31
-11799831.99,4655486.38,2166.3
-11799830.67,4655486.94,2167.35
-11799829.16,4655487.7,2167.4
-11799827.72,4655488.39,2167.69
-11799826.24,4655489.11,2167.83
-11799824.74,4655489.86,2167.85
-11799823.19,4655490.65,2167.69
-11799821.47,4655491.65,2166.36
-11799819.96,4655492.41,2166.24
-11799818.43,4655493.19,2166.25
-11799816.93,4655493.92,2166.24
-11799815.43,4655494.68,2166.22
-11799813.97,4655495.4,2166.42
-11799812.74,4655495.87,2167.9
-11799812.540000001,4655496.07,2166.85
-11799811.89,4655495.95,2171.34
-11799811.68,4655496.17,2170.24
-11799811.18,4655496.68,2167.65
-11799810.870000001,4655497.0,2165.96
-11799810.21,4655496.88,2170.44
-11799809.92,4655497.18,2168.92
-11799809.34,4655497.75,2165.9
-11799808.93,4655497.41,2171.6
-11799807.84,4655498.51,2165.92
-11799806.88,4655498.73,2168.67
-11799805.39,4655499.45,2168.77
-11799803.89,4655500.21,2168.83
-11799802.38,4655500.97,2168.88
-11799800.88,4655501.69,2168.96
-11799799.46,4655502.38,2169.27
-11799797.91,4655503.16,2169.25
-11799796.36,4655503.94,2169.23
-11799794.84,4655504.69,2169.19
-11799796.77,4655504.3,2169.15
-11799798.27,4655503.55,2169.19
-11799799.74,4655502.82,2169.23
-11799801.18,4655502.11,2168.92
-11799802.71,4655501.350000001,2168.85
-11799804.200000001,4655500.63,2168.81
-11799805.65,4655499.92,2168.74
-11799807.65,4655498.67,2171.34
-11799807.14,4655499.18,2168.69
-11799809.370000001,4655497.69,2172.59
-11799808.08,4655498.98,2165.88
-11799810.69,4655497.13,2171.52
-11799810.4,4655497.42,2170.05
-11799812.28,4655496.29,2171.96
-11799813.040000001,4655496.29,2168.17
-11799812.77,4655496.57,2166.71
-11799814.21,4655495.88,2166.38
-11799815.66,4655495.17,2166.19
-11799817.16,4655494.43,2166.19
-11799818.67,4655493.67,2166.23
-11799820.17,4655492.92,2166.21
-11799821.65,4655492.19,2166.17
-11799823.44,4655491.15,2167.69
-11799823.25,4655491.34,2166.67
-11799824.96,4655490.38,2167.77
-11799826.51,4655489.600000001,2167.88
-11799827.97,4655488.86,2167.86
-11799829.41,4655488.18,2167.61
-11799829.18,4655488.43,2166.29
-11799830.91,4655487.43,2167.63
-11799832.18,4655486.92,2166.29
-11799833.68,4655486.19,2166.31
-11799835.19,4655485.43,2166.33
-11799837.85,4655483.42,2173.07
-11799837.68,4655483.600000001,2172.11
-11799836.69,4655484.68,2166.32
-11799839.33,4655482.67,2173.09
-11799838.16,4655483.94,2166.28
-11799841.34,4655481.37,2176.09
-11799840.76,4655482.0200000005,2172.67
-11799840.58,4655482.21,2171.65
-11799839.65,4655483.2,2166.21
-11799842.81,4655480.66,2176.0
-11799841.16,4655482.44,2166.33
-11799842.67,4655481.68,2166.42
-11799844.16,4655480.95,2166.38
-11799845.64,4655480.19,2166.4
-11799847.17,4655479.43,2166.4
-11799848.67,4655478.69,2166.42
-11799850.13,4655477.95,2166.44
-11799851.63,4655477.22,2166.46
-11799853.14,4655476.46,2166.47
-11799854.64,4655475.71,2166.47
-11799856.120000001,4655474.95,2166.48
-11799857.61,4655474.23,2166.49
-11799858.15,4655476.0600000005,2166.58
-11799856.68,4655476.82,2166.57
-11799855.22,4655477.55,2166.55
-11799853.76,4655478.28,2166.55
-11799852.3,4655479.01,2166.53
-11799850.82,4655479.7700000005,2166.51
-11799849.35,4655480.5,2166.5
-11799847.9,4655481.23,2166.47
-11799846.43,4655481.96,2166.47
-11799844.94,4655482.72,2166.36
-11799843.49,4655483.45,2166.4
-11799842.02,4655484.18,2166.4
-11799840.53,4655484.94,2166.28
-11799839.86,4655484.84,2170.85
-11799839.07,4655485.66,2166.29
-11799837.59,4655486.41,2166.3
-11799836.14,4655487.15,2166.32
-11799834.89,4655487.63,2167.67
-11799833.44,4655488.34,2167.77
-11799831.790000001,4655489.2700000005,2166.65
-11799830.370000001,4655489.98,2166.92
-11799828.99,4655490.61,2167.42
-11799828.78,4655490.83,2166.29
-11799828.05,4655490.79,2170.42
-11799826.57,4655491.5200000005,2170.54
-11799825.06,4655492.3100000005,2170.22
-11799823.58,4655493.07,2170.0
-11799822.11,4655493.8100000005,2169.94
-11799820.55,4655494.63,2169.48
-11799818.44,4655496.0200000005,2166.19
-11799816.98,4655496.76,2166.17
-11799815.950000001,4655497.0600000005,2168.4
-11799815.52,4655497.49,2166.17
-11799815.17,4655497.07,2172.17
-11799814.59,4655497.67,2169.07
-11799813.51,4655498.0,2171.19
-11799812.68,4655498.850000001,2166.83
-11799812.26,4655498.49,2172.56
-11799811.44,4655499.33,2168.26
-11799811.01,4655499.76,2165.98
-11799810.81,4655499.2,2172.79
-11799809.43,4655499.850000001,2173.1
-11799807.74,4655500.8100000005,2171.94
-11799807.11,4655501.45,2168.65
-11799806.17,4655501.67,2171.34
-11799805.67,4655502.16,2168.76
-11799804.19,4655502.91,2168.84
-11799802.71,4655503.64,2168.86
-11799801.25,4655504.350000001,2168.97
-11799802.35,4655504.43,2168.86
-11799803.84,4655503.68,2168.83
-11799805.32,4655502.96,2168.77
-11799807.28,4655501.72,2171.22
-11799806.8,4655502.23,2168.72
-11799808.84,4655500.92,2171.55
-11799810.55,4655499.98,2172.51
-11799810.28,4655500.2700000005,2171.06
-11799812.14,4655499.13,2173.06
-11799813.39,4655498.63,2171.82
-11799812.71,4655499.32,2168.21
-11799812.38,4655499.67,2166.51
-11799814.96,4655497.79,2172.36
-11799816.25,4655497.26,2171.23
-11799815.78,4655497.73,2168.77
-11799815.3,4655498.24,2166.22
-11799817.08,4655497.2,2167.59
-11799816.82,4655497.48,2166.22
-11799818.32,4655496.73,2166.17
-11799820.43,4655495.36,2169.42
-11799821.99,4655494.55,2169.67
-11799823.53,4655493.75,2169.92
-11799825.040000001,4655492.97,2170.15
-11799826.56,4655492.19,2170.4
-11799828.07,4655491.45,2170.31
-11799829.57,4655490.68,2170.35
-11799831.0,4655490.0200000005,2169.96
-11799832.34,4655489.43,2169.23
-11799831.89,4655489.9,2166.69
-11799833.540000001,4655488.98,2167.65
-11799833.38,4655489.15,2166.69
-11799835.05,4655488.22,2167.77
-11799836.31,4655487.72,2166.36
-11799837.81,4655486.99,2166.29
-11799839.28,4655486.25,2166.27
-11799840.78,4655485.51,2166.28
-11799842.31,4655484.72,2166.38
-11799843.790000001,4655483.98,2166.42
-11799845.290000001,4655483.25,2166.35
-11799846.8,4655482.48,2166.44
-11799848.290000001,4655481.74,2166.44
-11799849.790000001,4655480.99,2166.48
-11799851.3,4655480.23,2166.5
-11799852.81,4655479.47,2166.53
-11799854.31,4655478.71,2166.53
-11799855.8,4655477.98,2166.53
-11799857.32,4655477.22,2166.56
-11799858.67,4655478.74,2166.58
-11799857.16,4655479.48,2166.57
-11799855.66,4655480.25,2166.58
-11799854.16,4655481.0,2166.56
-11799852.66,4655481.76,2166.52
-11799851.16,4655482.5200000005,2166.5
-11799849.65,4655483.28,2166.49
-11799848.15,4655484.01,2166.48
-11799846.69,4655484.76,2166.46
-11799845.16,4655485.53,2166.34
-11799843.68,4655486.26,2166.4
-11799842.18,4655487.0200000005,2166.38
-11799840.67,4655487.79,2166.28
-11799839.16,4655488.55,2166.29
-11799837.68,4655489.28,2166.42
-11799836.17,4655490.04,2166.36
-11799834.66,4655490.79,2166.34
-11799833.71,4655490.96,2169.44
-11799832.27,4655491.68,2169.67
-11799830.82,4655492.39,2169.9
-11799829.36,4655493.09,2170.15
-11799827.9,4655493.8,2170.36
-11799826.38,4655494.5600000005,2170.35
-11799824.85,4655495.34,2170.11
-11799823.31,4655496.15,2169.85
-11799821.76,4655496.95,2169.63
-11799820.21,4655497.76,2169.35
-11799818.69,4655498.53,2169.22
-11799817.53,4655498.94,2170.92
-11799817.18,4655499.3100000005,2169.04
-11799816.33,4655499.38,2172.52
-11799816.09,4655499.63,2171.25
-11799815.65,4655500.08,2168.86
-11799814.92,4655500.04,2173.13
-11799814.64,4655500.3100000005,2171.61
-11799814.18,4655500.79,2169.17
-11799813.81,4655501.18,2167.22
-11799813.25,4655500.96,2172.19
-11799813.01,4655501.21,2170.94
-11799812.41,4655501.8100000005,2167.86
-11799811.76,4655501.71,2172.25
-11799810.35,4655502.36,2172.77
-11799808.75,4655503.19,2172.36
-11799808.03,4655503.93,2168.63
-11799807.540000001,4655504.44,2166.06
-11799806.540000001,4655504.67,2168.75
-11799807.77,4655504.600000001,2168.69
-11799810.25,4655502.87,2173.79
-11799811.74,4655502.14,2173.6
-11799813.200000001,4655501.44,2173.36
-11799812.99,4655501.66,2172.22
-11799814.4,4655500.99,2171.88
-11799814.19,4655501.19,2170.82
-11799813.64,4655501.76,2167.88
-11799816.1,4655500.0200000005,2173.02
-11799815.68,4655500.45,2170.82
-11799817.36,4655499.5200000005,2171.78
-11799816.85,4655500.04,2169.04
-11799818.35,4655499.28,2169.15
-11799819.86,4655498.5200000005,2169.27
-11799821.4,4655497.72,2169.5
-11799822.950000001,4655496.92,2169.75
-11799824.5,4655496.12,2170.02
-11799826.05,4655495.32,2170.28
-11799827.58,4655494.54,2170.44
-11799829.02,4655493.84,2170.22
-11799830.47,4655493.13,2169.97
-11799831.96,4655492.42,2169.73
-11799833.39,4655491.72,2169.53
-11799834.81,4655491.0600000005,2169.15
-11799834.33,4655491.5600000005,2166.44
-11799835.8,4655490.83,2166.3
-11799837.38,4655490.01,2166.85
-11799838.790000001,4655489.350000001,2166.33
-11799840.28,4655488.61,2166.27
-11799841.790000001,4655487.850000001,2166.33
-11799843.3,4655487.09,2166.4
-11799844.790000001,4655486.350000001,2166.42
-11799846.3,4655485.59,2166.4
-11799847.8,4655484.83,2166.44
-11799849.290000001,4655484.09,2166.47
-11799850.77,4655483.34,2166.47
-11799852.28,4655482.58,2166.49
-11799853.78,4655481.84,2166.52
-11799855.26,4655481.100000001,2166.53
-11799856.76,4655480.34,2166.56
-11799858.26,4655479.58,2166.57
-11799858.6,4655481.75,2166.58
-11799857.06,4655482.5200000005,2166.56
-11799855.56,4655483.2700000005,2166.56
-11799854.1,4655484.0,2166.54
-11799852.63,4655484.75,2166.55
-11799851.14,4655485.48,2166.5
-11799849.64,4655486.24,2166.49
-11799848.120000001,4655487.0200000005,2166.47
-11799846.63,4655487.78,2166.42
-11799845.13,4655488.5200000005,2166.42
-11799843.620000001,4655489.28,2166.42
-11799842.11,4655490.04,2166.34
-11799840.620000001,4655490.8,2166.29
-11799839.15,4655491.54,2166.32
-11799837.63,4655492.3,2166.31
-11799836.53,4655492.61,2168.72
-11799836.13,4655493.0600000005,2166.36
-11799835.16,4655493.22,2169.46
-11799834.63,4655493.78,2166.42
-11799833.68,4655493.96,2169.52
-11799832.22,4655494.67,2169.75
-11799830.77,4655495.37,2169.99
-11799829.31,4655496.08,2170.23
-11799827.85,4655496.79,2170.44
-11799826.31,4655497.59,2170.28
-11799824.78,4655498.38,2170.03
-11799823.23,4655499.19,2169.77
-11799821.68,4655499.99,2169.51
-11799820.14,4655500.79,2169.31
-11799818.620000001,4655501.55,2169.19
-11799817.11,4655502.33,2169.06
-11799816.77,4655502.68,2167.24
-11799816.55,4655502.9,2166.09
-11799815.23,4655503.46,2167.13
-11799814.89,4655503.0200000005,2173.29
-11799814.290000001,4655503.65,2170.05
-11799813.92,4655504.0,2168.17
-11799813.43,4655503.73,2173.57
-11799813.08,4655504.100000001,2171.72
-11799811.94,4655504.45,2173.69
-11799812.75,4655504.59,2173.42
-11799814.31,4655503.79,2173.59
-11799813.86,4655504.2700000005,2171.17
-11799815.05,4655503.8100000005,2169.69
-11799814.81,4655504.05,2168.4
-11799816.290000001,4655503.33,2168.31
-11799817.91,4655502.44,2169.09
-11799819.44,4655501.67,2169.21
-11799820.96,4655500.88,2169.36
-11799822.51,4655500.09,2169.59
-11799824.05,4655499.3,2169.84
-11799825.58,4655498.5,2170.11
-11799827.11,4655497.71,2170.36
-11799828.61,4655496.95,2170.35
-11799830.06,4655496.24,2170.11
-11799831.52,4655495.5600000005,2169.88
-11799832.97,4655494.850000001,2169.63
-11799834.44,4655494.14,2169.42
-11799835.9,4655493.42,2169.26
-11799835.38,4655493.98,2166.34
-11799837.3,4655492.76,2168.8
-11799836.870000001,4655493.23,2166.34
-11799838.36,4655492.48,2166.31
-11799839.88,4655491.74,2166.28
-11799841.38,4655490.97,2166.28
-11799842.88,4655490.21,2166.38
-11799844.34,4655489.48,2166.4
-11799845.82,4655488.75,2166.34
-11799847.34,4655487.97,2166.44
-11799848.86,4655487.21,2166.46
-11799850.370000001,4655486.45,2166.44
-11799851.86,4655485.72,2166.49
-11799853.370000001,4655484.96,2166.51
-11799854.86,4655484.21,2166.52
-11799856.33,4655483.48,2166.52
-11799857.84,4655482.72,2166.55
-11799858.450000001,4655484.71,2166.59
-11799856.96,4655485.47,2166.56
-11799855.48,4655486.22,2166.54
-11799853.97,4655486.98,2166.54
-11799852.44,4655487.75,2166.49
-11799850.97,4655488.47,2166.5
-11799849.51,4655489.23,2166.46
-11799847.98,4655489.99,2166.44
-11799846.46,4655490.7700000005,2166.33
-11799844.97,4655491.5,2166.48
-11799843.44,4655492.2700000005,2166.38
-11799841.94,4655493.05,2166.3
-11799840.450000001,4655493.79,2166.31
-11799839.43,4655494.04,2169.02
-11799838.96,4655494.53,2166.32
-11799837.47,4655495.29,2166.33
-11799836.84,4655495.09,2171.36
-11799836.65,4655495.3,2170.33
-11799835.120000001,4655496.100000001,2170.09
-11799833.55,4655496.92,2169.61
-11799832.08,4655497.64,2169.85
-11799830.61,4655498.350000001,2170.09
-11799829.17,4655499.0600000005,2170.34
-11799827.69,4655499.79,2170.42
-11799826.16,4655500.59,2170.17
-11799824.61,4655501.39,2169.92
-11799823.06,4655502.19,2169.67
-11799821.84,4655502.63,2171.29
-11799821.49,4655503.0,2169.42
-11799820.200000001,4655503.54,2170.51
-11799818.89,4655504.11,2171.48
-11799818.56,4655504.43,2169.69
-11799817.63,4655504.600000001,2172.77
-11799819.06,4655504.67,2169.86
-11799820.71,4655503.76,2170.67
-11799822.32,4655502.88,2171.38
-11799821.98,4655503.24,2169.53
-11799823.51,4655502.46,2169.75
-11799825.03,4655501.67,2169.96
-11799826.59,4655500.87,2170.22
-11799828.14,4655500.07,2170.46
-11799829.6,4655499.34,2170.26
-11799831.05,4655498.65,2170.03
-11799832.48,4655497.96,2169.79
-11799833.92,4655497.26,2169.55
-11799835.51,4655496.43,2169.96
-11799837.28,4655495.39,2171.46
-11799838.43,4655495.01,2169.53
-11799837.870000001,4655495.600000001,2166.28
-11799839.35,4655494.86,2166.3
-11799840.85,4655494.12,2166.29
-11799842.35,4655493.36,2166.28
-11799843.85,4655492.600000001,2166.38
-11799845.51,4655491.67,2167.38
-11799846.83,4655491.11,2166.34
-11799848.370000001,4655490.32,2166.44
-11799849.86,4655489.59,2166.47
-11799851.34,4655488.84,2166.49
-11799852.86,4655488.08,2166.48
-11799854.3,4655487.36,2166.51
-11799855.81,4655486.600000001,2166.53
-11799857.33,4655485.84,2166.52
-11799858.06,4655487.69,2166.56
-11799856.59,4655488.44,2166.56
-11799855.08,4655489.2,2166.56
-11799853.55,4655489.94,2166.54
-11799852.05,4655490.7,2166.52
-11799850.58,4655491.46,2166.49
-11799849.09,4655492.21,2166.47
-11799847.59,4655492.97,2166.4
-11799846.26,4655493.55,2167.35
-11799844.57,4655494.48,2166.4
-11799843.07,4655495.24,2166.36
-11799841.57,4655496.0,2166.3
-11799840.06,4655496.76,2166.34
-11799839.02,4655497.03,2168.99
-11799838.56,4655497.5200000005,2166.35
-11799837.66,4655497.65,2169.73
-11799837.05,4655498.28,2166.32
-11799836.120000001,4655498.42,2169.51
-11799835.59,4655498.99,2166.56
-11799834.63,4655499.18,2169.52
-11799833.17,4655499.89,2169.77
-11799831.71,4655500.600000001,2169.99
-11799830.28,4655501.3,2170.25
-11799828.84,4655502.0,2170.49
-11799828.06,4655502.82,2166.21
-11799827.33,4655502.7700000005,2170.34
-11799826.81,4655503.32,2167.47
-11799825.78,4655503.55,2170.19
-11799824.23,4655504.350000001,2170.11
-11799825.94,4655504.01,2170.09
-11799827.44,4655503.25,2170.15
-11799826.94,4655503.75,2167.46
-11799829.0,4655502.42,2170.49
-11799828.24,4655503.23,2166.28
-11799830.85,4655501.3,2172.57
-11799830.43,4655501.74,2170.23
-11799832.21,4655500.68,2171.92
-11799831.86,4655501.03,2169.99
-11799833.32,4655500.34,2169.73
-11799834.75,4655499.64,2169.51
-11799836.22,4655498.93,2169.29
-11799835.72,4655499.44,2166.52
-11799837.8,4655498.08,2169.72
-11799837.200000001,4655498.73,2166.33
-11799839.200000001,4655497.42,2169.25
-11799838.700000001,4655497.98,2166.36
-11799840.18,4655497.23,2166.33
-11799841.69,4655496.49,2166.28
-11799843.22,4655495.71,2166.36
-11799844.700000001,4655494.95,2166.36
-11799846.3,4655494.100000001,2167.01
-11799847.68,4655493.47,2166.38
-11799849.200000001,4655492.71,2166.46
-11799850.69,4655491.95,2166.47
-11799852.19,4655491.19,2166.48
-11799853.66,4655490.46,2166.52
-11799855.17,4655489.71,2166.54
-11799856.68,4655488.94,2166.54
-11799858.18,4655488.19,2166.54
-11799857.540000001,4655490.64,2166.57
-11799856.07,4655491.4,2166.55
-11799854.57,4655492.16,2166.52
-11799853.07,4655492.92,2166.48
-11799851.59,4655493.67,2166.46
-11799850.08,4655494.42,2166.44
-11799848.56,4655495.18,2166.44
-11799847.040000001,4655495.98,2166.31
-11799845.55,4655496.71,2166.38
-11799844.1,4655497.42,2166.6
-11799842.58,4655498.22,2166.31
-11799841.08,4655498.98,2166.29
-11799840.02,4655499.25,2168.92
-11799839.57,4655499.72,2166.36
-11799838.61,4655499.91,2169.42
-11799837.13,4655500.65,2169.42
-11799835.55,4655501.49,2169.01
-11799835.26,4655501.79,2167.31
-11799834.1,4655502.2,2169.26
-11799833.6,4655502.72,2166.4
-11799832.93,4655502.600000001,2171.15
-11799832.69,4655502.86,2169.77
-11799831.83,4655502.94,2173.28
-11799831.5,4655503.28,2171.4
-11799830.19,4655503.850000001,2172.44
-11799829.85,4655504.21,2170.55
-11799831.540000001,4655503.65,2172.86
-11799831.05,4655504.18,2170.13
-11799832.790000001,4655503.15,2171.59
-11799833.96,4655502.75,2169.86
-11799833.33,4655503.41,2166.35
-11799835.27,4655502.2,2168.82
-11799834.93,4655502.5600000005,2166.86
-11799836.84,4655501.350000001,2169.27
-11799838.48,4655500.47,2169.97
-11799839.94,4655499.76,2169.69
-11799839.35,4655500.4,2166.32
-11799840.81,4655499.65,2166.33
-11799842.290000001,4655498.92,2166.29
-11799843.81,4655498.16,2166.36
-11799845.32,4655497.38,2166.5
-11799846.8,4655496.65,2166.4
-11799848.32,4655495.9,2166.38
-11799849.790000001,4655495.14,2166.46
-11799851.28,4655494.41,2166.42
-11799852.790000001,4655493.63,2166.46
-11799854.26,4655492.9,2166.5
-11799855.75,4655492.15,2166.54
-11799857.26,4655491.39,2166.55
-11799858.77,4655490.63,2166.55
-11799858.3,4655493.0,2166.53
-11799856.790000001,4655493.76,2166.53
-11799855.290000001,4655494.5200000005,2166.5
-11799853.78,4655495.28,2166.47
-11799852.290000001,4655496.0200000005,2166.46
-11799850.78,4655496.78,2166.46
-11799849.27,4655497.5600000005,2166.38
-11799847.81,4655498.28,2166.54
-11799846.43,4655498.9,2167.32
-11799844.8,4655499.8100000005,2166.38
-11799843.31,4655500.57,2166.31
-11799842.42,4655500.65,2169.9
-11799841.8,4655501.33,2166.32
-11799840.84,4655501.5,2169.46
-11799840.3,4655502.08,2166.35
-11799839.33,4655502.26,2169.4
-11799838.8,4655502.83,2166.38
-11799837.65,4655503.2,2168.48
-11799837.290000001,4655503.59,2166.42
-11799836.28,4655503.83,2169.1
-11799835.8,4655504.34,2166.38
-11799837.32,4655503.86,2169.35
-11799837.08,4655504.12,2168.04
-11799836.76,4655504.45,2166.23
-11799838.700000001,4655503.24,2168.75
-11799838.28,4655503.68,2166.4
-11799840.31,4655502.350000001,2169.48
-11799839.76,4655502.95,2166.34
-11799841.26,4655502.2,2166.32
-11799842.76,4655501.44,2166.29
-11799844.26,4655500.68,2166.33
-11799845.78,4655499.92,2166.42
-11799847.4,4655499.01,2167.3
-11799848.76,4655498.41,2166.42
-11799850.28,4655497.66,2166.36
-11799851.790000001,4655496.89,2166.44
-11799853.26,4655496.14,2166.44
-11799854.74,4655495.42,2166.47
-11799856.25,4655494.65,2166.5
-11799857.75,4655493.9,2166.52
-11799857.58,4655496.15,2166.54
-11799856.08,4655496.91,2166.51
-11799854.57,4655497.67,2166.5
-11799853.08,4655498.41,2166.5
-11799851.57,4655499.19,2166.38
-11799850.07,4655499.92,2166.38
-11799848.6,4655500.67,2166.42
-11799847.25,4655501.2700000005,2167.24
-11799845.61,4655502.19,2166.4
-11799844.09,4655502.96,2166.34
-11799842.56,4655503.72,2166.33
-11799841.08,4655504.46,2166.34
-11799843.13,4655503.95,2166.34
-11799844.65,4655503.19,2166.35
-11799846.18,4655502.43,2166.42
-11799847.870000001,4655501.45,2167.73
-11799849.120000001,4655500.93,2166.5
-11799850.59,4655500.21,2166.36
-11799852.1,4655499.45,2166.38
-11799853.63,4655498.68,2166.47
-11799855.13,4655497.92,2166.52
-11799856.59,4655497.18,2166.52
-11799858.08,4655496.44,2166.55
-11799857.950000001,4655498.78,2166.42
-11799856.450000001,4655499.53,2166.4
-11799854.94,4655500.29,2166.4
-11799853.44,4655501.0600000005,2166.42
-11799851.97,4655501.8100000005,2166.36
-11799850.48,4655502.5600000005,2166.36
-11799848.98,4655503.32,2166.36
-11799847.78,4655503.7700000005,2168.04
-11799847.5,4655504.07,2166.44
-11799848.63,4655504.08,2166.36
-11799850.16,4655503.32,2166.32
-11799851.68,4655502.55,2166.32
-11799853.23,4655501.76,2166.35
-11799854.74,4655500.99,2166.38
-11799856.27,4655500.23,2166.38
-11799857.81,4655499.47,2166.36
-11799858.84,4655500.99,2168.81
-11799858.450000001,4655501.42,2166.42
-11799856.99,4655502.17,2166.44
-11799855.49,4655502.9,2166.44
-11799854.01,4655503.67,2166.38
-11799855.4,4655503.66,2166.4
-11799857.370000001,4655502.38,2169.4
-11799856.870000001,4655502.93,2166.42
-11799858.84,4655501.66,2169.19
-11799858.370000001,4655502.18,2166.36
-11799858.74,4655504.15,2166.38
-11799857.870000001,4655504.22,2170.17
-11799858.97,4655504.3,2170.13
-11799738.56,4655474.4,2165.38
-11799738.26,4655475.2,2165.38
-11799739.89,4655474.42,2165.38
-11799744.03,4655474.66,2165.48
-11799745.68,4655473.86,2165.46
-11799742.35,4655475.47,2165.44
-11799740.68,4655476.29,2165.4
-11799739.05,4655477.07,2165.4
-11799737.370000001,4655477.87,2165.38
-11799738.49,4655478.03,2165.38
-11799743.47,4655475.63,2165.42
-11799740.14,4655477.23,2165.38
-11799746.73,4655474.07,2165.46
-11799741.8,4655476.44,2165.38
-11799745.1,4655474.83,2165.44
-11799751.28,4655474.26,2165.52
-11799749.6,4655475.07,2165.48
-11799747.91,4655475.89,2165.44
-11799746.25,4655476.69,2165.44
-11799744.61,4655477.49,2165.46
-11799742.950000001,4655478.2700000005,2165.4
-11799741.26,4655479.09,2165.35
-11799739.6,4655479.9,2165.34
-11799737.94,4655480.7,2165.31
-11799737.040000001,4655481.78,2165.26
-11799738.67,4655480.99,2165.27
-11799740.35,4655480.19,2165.33
-11799743.69,4655478.59,2165.33
-11799742.03,4655479.39,2165.35
-11799745.34,4655477.79,2165.38
-11799746.98,4655477.0,2165.42
-11799748.63,4655476.21,2165.47
-11799750.27,4655475.41,2165.49
-11799751.950000001,4655474.61,2165.52
-11799753.63,4655473.8100000005,2165.55
-11799758.63,4655473.67,2165.57
-11799756.98,4655474.47,2165.56
-11799755.35,4655475.25,2165.57
-11799753.700000001,4655476.04,2165.49
-11799752.040000001,4655476.84,2165.48
-11799750.36,4655477.66,2165.42
-11799748.67,4655478.47,2165.38
-11799747.040000001,4655479.24,2165.38
-11799745.38,4655480.0600000005,2165.35
-11799743.700000001,4655480.87,2165.32
-11799742.05,4655481.64,2165.31
-11799740.4,4655482.46,2165.26
-11799738.76,4655483.23,2165.25
-11799737.07,4655484.0600000005,2165.21
-11799737.56,4655484.48,2165.17
-11799739.200000001,4655483.69,2165.17
-11799740.86,4655482.89,2165.19
-11799742.51,4655482.100000001,2165.24
-11799744.17,4655481.3,2165.28
-11799745.83,4655480.51,2165.31
-11799747.51,4655479.71,2165.34
-11799749.19,4655478.9,2165.35
-11799752.49,4655477.3100000005,2165.4
-11799750.85,4655478.100000001,2165.38
-11799755.790000001,4655475.72,2165.54
-11799754.14,4655476.5200000005,2165.44
-11799759.07,4655474.16,2165.54
-11799757.44,4655474.94,2165.55
-11799764.51,4655473.79,2165.63
-11799762.83,4655474.58,2165.63
-11799761.15,4655475.4,2165.59
-11799759.53,4655476.2,2165.54
-11799757.88,4655476.98,2165.49
-11799756.21,4655477.8,2165.48
-11799754.53,4655478.600000001,2165.42
-11799752.870000001,4655479.4,2165.38
-11799751.200000001,4655480.2,2165.33
-11799749.58,4655480.97,2165.3
-11799746.3,4655482.5600000005,2165.28
-11799747.950000001,4655481.7700000005,2165.31
-11799744.61,4655483.39,2165.27
-11799742.93,4655484.19,2165.27
-11799741.27,4655484.99,2165.28
-11799739.6,4655485.79,2165.23
-11799737.93,4655486.600000001,2165.19
-11799739.91,4655485.39,2173.63
-11799738.18,4655487.21,2165.17
-11799740.16,4655486.0,2173.67
-11799739.8,4655486.43,2165.19
-11799741.47,4655485.64,2165.22
-11799743.13,4655484.84,2165.19
-11799744.77,4655484.05,2165.22
-11799746.44,4655483.25,2165.19
-11799748.11,4655482.44,2165.24
-11799749.76,4655481.66,2165.28
-11799751.39,4655480.88,2165.27
-11799753.040000001,4655480.09,2165.3
-11799754.68,4655479.3,2165.35
-11799756.33,4655478.5,2165.4
-11799757.99,4655477.71,2165.44
-11799759.65,4655476.91,2165.49
-11799761.33,4655476.11,2165.56
-11799762.98,4655475.32,2165.59
-11799764.64,4655474.51,2165.6
-11799766.31,4655473.74,2165.65
-11799770.540000001,4655473.9,2165.67
-11799768.89,4655474.67,2165.67
-11799770.24,4655473.850000001,2171.92
-11799767.23,4655475.48,2165.59
-11799768.86,4655474.47,2173.09
-11799765.59,4655476.26,2165.56
-11799763.92,4655477.07,2165.51
-11799760.6,4655478.67,2165.42
-11799762.24,4655477.88,2165.49
-11799758.94,4655479.47,2165.36
-11799757.27,4655480.2700000005,2165.35
-11799755.61,4655481.07,2165.36
-11799753.92,4655481.87,2165.34
-11799752.290000001,4655482.66,2165.32
-11799753.290000001,4655482.05,2169.79
-11799753.8,4655481.73,2172.0
-11799754.14,4655481.51,2173.54
-11799752.72,4655482.17,2174.34
-11799749.0,4655484.25,2165.11
-11799751.120000001,4655482.94,2174.44
-11799747.370000001,4655485.01,2165.22
-11799745.68,4655485.82,2165.26
-11799744.01,4655486.65,2165.27
-11799742.38,4655487.41,2165.28
-11799740.73,4655488.21,2165.29
-11799739.040000001,4655489.03,2165.28
-11799737.35,4655489.84,2165.19
-11799737.25,4655490.5200000005,2165.15
-11799738.92,4655489.73,2165.19
-11799740.57,4655488.93,2165.34
-11799742.17,4655488.17,2165.28
-11799743.82,4655487.38,2165.3
-11799745.5,4655486.58,2165.27
-11799747.16,4655485.78,2165.23
-11799751.08,4655483.61,2175.15
-11799752.69,4655482.84,2175.09
-11799754.1,4655482.19,2174.08
-11799753.77,4655482.62,2165.29
-11799755.17,4655481.7700000005,2171.48
-11799755.64,4655481.48,2173.56
-11799755.41,4655481.82,2165.32
-11799758.72,4655480.26,2165.36
-11799757.05,4655481.0600000005,2165.33
-11799760.370000001,4655479.47,2165.36
-11799762.07,4655478.66,2165.4
-11799763.72,4655477.86,2165.44
-11799765.370000001,4655477.07,2165.48
-11799767.03,4655476.28,2165.5
-11799768.71,4655475.24,2173.25
-11799768.68,4655475.48,2165.53
-11799770.02,4655474.66,2171.71
-11799770.370000001,4655474.68,2165.63
-11799772.01,4655473.89,2165.63
-11799776.540000001,4655474.15,2165.69
-11799774.89,4655474.93,2165.65
-11799773.28,4655475.73,2165.63
-11799774.42,4655475.01,2170.99
-11799771.59,4655476.51,2165.56
-11799771.43,4655476.39,2172.6
-11799773.27,4655475.48,2173.44
-11799771.74,4655476.19,2174.01
-11799768.23,4655478.14,2165.38
-11799769.55,4655477.32,2171.51
-11799769.9,4655477.11,2173.08
-11799768.0,4655478.05,2171.88
-11799766.58,4655478.94,2165.34
-11799768.28,4655477.88,2173.15
-11799768.65,4655477.65,2174.88
-11799764.93,4655479.73,2165.42
-11799763.28,4655480.53,2165.38
-11799761.61,4655481.32,2165.38
-11799759.97,4655482.09,2165.33
-11799758.31,4655482.9,2165.3
-11799758.08,4655482.83,2171.63
-11799756.66,4655483.7,2165.29
-11799756.870000001,4655483.34,2173.72
-11799755.35,4655484.05,2174.34
-11799754.15,4655484.57,2176.3
-11799752.58,4655485.3100000005,2176.54
-11799748.34,4655487.69,2165.24
-11799750.01,4655486.66,2172.58
-11799745.08,4655489.26,2165.38
-11799746.73,4655488.46,2165.38
-11799743.4,4655490.0600000005,2165.27
-11799741.790000001,4655490.83,2165.33
-11799738.36,4655492.48,2165.15
-11799740.1,4655491.64,2165.24
-11799741.700000001,4655490.45,2179.36
-11799737.88,4655493.36,2165.11
-11799739.540000001,4655492.57,2165.11
-11799741.23,4655491.76,2165.28
-11799742.85,4655490.99,2165.23
-11799744.53,4655490.17,2165.31
-11799746.23,4655489.350000001,2165.36
-11799747.9,4655488.57,2165.4
-11799751.85,4655486.350000001,2175.59
-11799751.11,4655486.82,2172.36
-11799753.14,4655485.79,2174.13
-11799753.66,4655485.47,2176.4
-11799755.25,4655484.71,2176.23
-11799756.47,4655484.19,2174.36
-11799757.77,4655483.62,2172.81
-11799757.71,4655483.89,2165.24
-11799759.4,4655483.08,2165.28
-11799761.05,4655482.3,2165.3
-11799762.66,4655481.5200000005,2165.32
-11799764.31,4655480.74,2165.38
-11799765.98,4655479.93,2165.38
-11799767.63,4655479.15,2165.42
-11799769.47,4655478.01,2173.86
-11799771.17,4655477.18,2174.11
-11799770.99,4655477.53,2165.42
-11799772.19,4655476.78,2171.04
-11799772.63,4655476.5,2173.13
-11799772.620000001,4655476.76,2165.42
-11799773.64,4655476.12,2170.19
-11799774.05,4655475.87,2172.07
-11799774.290000001,4655475.96,2165.56
-11799775.93,4655475.18,2165.63
-11799777.58,4655474.37,2165.63
-11799782.5,4655474.25,2165.67
-11799780.84,4655475.03,2165.65
-11799779.17,4655475.84,2165.61
-11799777.53,4655476.64,2165.57
-11799775.89,4655477.42,2165.54
-11799776.65,4655476.95,2169.1
-11799774.24,4655478.22,2165.48
-11799774.78,4655477.88,2168.03
-11799775.71,4655477.28,2172.38
-11799774.32,4655477.92,2173.67
-11799774.64,4655477.71,2175.13
-11799770.86,4655479.84,2165.31
-11799772.18,4655479.0200000005,2171.4
-11799772.91,4655478.5600000005,2174.81
-11799772.42,4655478.86,2172.53
-11799771.5,4655479.21,2175.84
-11799769.6,4655480.16,2174.51
-11799769.91,4655479.96,2176.01
-11799765.950000001,4655482.19,2165.36
-11799764.28,4655482.99,2165.36
-11799761.02,4655484.54,2165.4
-11799762.620000001,4655483.78,2165.38
-11799759.38,4655485.33,2165.44
-11799757.72,4655486.13,2165.48
-11799756.07,4655486.92,2165.51
-11799756.78,4655486.46,2168.71
-11799757.35,4655486.13,2171.23
-11799754.41,4655487.72,2165.51
-11799755.85,4655486.83,2171.88
-11799755.48,4655487.05,2170.26
-11799754.65,4655487.33,2173.9
-11799752.790000001,4655488.26,2172.97
-11799751.22,4655489.0,2173.27
-11799747.76,4655490.91,2165.36
-11799746.08,4655491.71,2165.36
-11799744.41,4655492.51,2165.33
-11799742.76,4655493.3100000005,2165.21
-11799741.1,4655494.100000001,2165.21
-11799741.83,4655493.65,2168.35
-11799739.41,4655494.91,2165.13
-11799737.72,4655495.72,2165.13
-11799738.540000001,4655495.98,2165.11
-11799740.19,4655495.18,2165.11
-11799741.86,4655494.39,2165.21
-11799743.52,4655493.61,2165.19
-11799745.200000001,4655492.8100000005,2165.32
-11799746.870000001,4655492.01,2165.34
-11799748.5,4655491.23,2165.31
-11799750.23,4655490.16,2172.83
-11799751.89,4655489.36,2173.06
-11799752.49,4655489.01,2175.63
-11799753.58,4655488.5600000005,2173.25
-11799755.03,4655487.9,2172.25
-11799755.16,4655488.0600000005,2165.48
-11799756.14,4655487.43,2169.81
-11799756.61,4655487.15,2171.9
-11799756.8,4655487.26,2165.52
-11799757.43,4655486.88,2168.33
-11799760.09,4655485.71,2165.47
-11799758.44,4655486.49,2165.49
-11799763.38,4655484.13,2165.38
-11799761.73,4655484.91,2165.46
-11799765.06,4655483.34,2165.4
-11799766.66,4655482.5600000005,2165.38
-11799768.120000001,4655481.67,2172.06
-11799768.35,4655481.7700000005,2165.47
-11799769.16,4655481.25,2169.21
-11799770.370000001,4655480.5200000005,2174.75
-11799771.290000001,4655480.17,2171.5
-11799772.040000001,4655479.7,2174.97
-11799773.01,4655479.33,2171.94
-11799773.71,4655478.9,2175.19
-11799775.16,4655478.24,2174.26
-11799775.68,4655478.15,2169.09
-11799774.91,4655478.64,2165.46
-11799776.38,4655477.72,2172.34
-11799776.540000001,4655477.86,2165.48
-11799778.22,4655477.0600000005,2165.48
-11799781.53,4655475.48,2165.6
-11799779.9,4655476.26,2165.57
-11799783.16,4655474.68,2165.65
-11799784.84,4655473.89,2165.69
-11799788.32,4655474.36,2165.72
-11799786.67,4655475.14,2165.63
-11799785.03,4655475.93,2165.58
-11799783.39,4655476.71,2165.52
-11799781.73,4655477.5200000005,2165.53
-11799780.05,4655478.32,2165.53
-11799778.42,4655479.09,2165.51
-11799776.76,4655479.88,2165.48
-11799775.09,4655480.68,2165.49
-11799776.48,4655479.82,2172.01
-11799773.4,4655481.5,2165.35
-11799774.27,4655480.96,2169.36
-11799774.85,4655480.59,2172.08
-11799775.5,4655480.19,2175.09
-11799773.9,4655480.95,2175.19
-11799770.19,4655483.03,2165.49
-11799771.18,4655482.42,2170.03
-11799771.58,4655482.16,2171.92
-11799771.97,4655481.91,2173.69
-11799768.58,4655483.8100000005,2165.58
-11799769.07,4655483.49,2167.86
-11799770.03,4655482.89,2172.32
-11799766.89,4655484.61,2165.55
-11799767.51,4655484.23,2168.36
-11799765.21,4655485.41,2165.55
-11799763.56,4655486.19,2165.55
-11799761.92,4655486.98,2165.53
-11799760.25,4655487.78,2165.49
-11799758.6,4655488.57,2165.5
-11799756.92,4655489.37,2165.48
-11799756.78,4655489.23,2172.25
-11799755.8,4655489.600000001,2175.19
-11799754.99,4655490.100000001,2171.61
-11799754.32,4655490.3,2175.86
-11799750.27,4655492.5600000005,2165.36
-11799751.85,4655491.58,2172.32
-11799752.43,4655491.2,2174.9
-11799748.63,4655493.33,2165.38
-11799746.99,4655494.13,2165.36
-11799745.34,4655494.92,2165.33
-11799741.93,4655496.55,2165.17
-11799743.620000001,4655495.74,2165.22
-11799740.25,4655497.350000001,2165.15
-11799738.6,4655498.14,2165.15
-11799736.950000001,4655498.94,2165.15
-11799737.48,4655499.33,2165.17
-11799739.14,4655498.54,2165.15
-11799740.790000001,4655497.74,2165.13
-11799742.43,4655496.98,2165.15
-11799744.08,4655496.19,2165.22
-11799745.77,4655495.38,2165.34
-11799747.44,4655494.58,2165.36
-11799749.120000001,4655493.79,2165.38
-11799754.61,4655490.86,2175.11
-11799750.78,4655492.99,2165.4
-11799755.43,4655490.59,2171.47
-11799756.18,4655490.12,2174.81
-11799755.71,4655490.64,2165.5
-11799756.56,4655490.12,2169.26
-11799757.06,4655489.82,2171.44
-11799757.36,4655489.87,2165.44
-11799759.03,4655489.08,2165.47
-11799760.69,4655488.28,2165.48
-11799762.370000001,4655487.46,2165.51
-11799764.02,4655486.69,2165.54
-11799765.67,4655485.9,2165.54
-11799767.31,4655485.11,2165.57
-11799768.93,4655484.350000001,2165.53
-11799769.42,4655484.05,2167.8
-11799770.13,4655483.61,2171.07
-11799770.32,4655483.48,2171.92
-11799771.75,4655482.850000001,2171.02
-11799771.3,4655483.12,2168.94
-11799771.92,4655482.73,2171.82
-11799772.3,4655482.49,2173.57
-11799773.32,4655482.11,2170.56
-11799773.83,4655481.79,2172.94
-11799774.11,4655481.62,2174.22
-11799773.93,4655481.98,2165.65
-11799774.64,4655481.53,2168.94
-11799776.1,4655480.850000001,2168.17
-11799775.33,4655481.100000001,2172.17
-11799776.82,4655480.41,2171.53
-11799775.55,4655481.22,2165.53
-11799777.200000001,4655480.43,2165.5
-11799778.85,4655479.64,2165.51
-11799780.49,4655478.850000001,2165.52
-11799783.76,4655477.29,2165.52
-11799782.120000001,4655478.08,2165.51
-11799785.450000001,4655476.5,2165.53
-11799787.07,4655475.7,2165.59
-11799788.72,4655474.93,2165.61
-11799790.4,4655474.14,2165.67
-11799794.11,4655474.37,2165.67
-11799795.17,4655473.69,2170.94
-11799792.43,4655475.16,2165.65
-11799792.99,4655474.8,2168.4
-11799791.51,4655475.49,2169.27
-11799789.14,4655476.73,2165.56
-11799790.06,4655476.14,2170.09
-11799787.51,4655477.5200000005,2165.55
-11799785.85,4655478.3100000005,2165.56
-11799784.200000001,4655479.09,2165.57
-11799782.56,4655479.87,2165.58
-11799780.93,4655480.66,2165.63
-11799779.28,4655481.44,2165.63
-11799777.63,4655482.22,2165.65
-11799776.0,4655483.01,2165.74
-11799776.69,4655482.58,2168.92
-11799774.370000001,4655483.78,2165.85
-11799775.620000001,4655483.0,2171.65
-11799774.040000001,4655483.75,2171.85
-11799772.72,4655484.57,2165.72
-11799770.56,4655485.42,2171.13
-11799771.06,4655485.37,2165.61
-11799767.700000001,4655486.97,2165.55
-11799769.35,4655486.18,2165.56
-11799766.08,4655487.74,2165.55
-11799764.4,4655488.54,2165.52
-11799762.72,4655489.33,2165.5
-11799761.06,4655490.15,2165.48
-11799759.41,4655490.92,2165.46
-11799757.74,4655491.73,2165.44
-11799756.09,4655492.5200000005,2165.44
-11799752.8,4655494.08,2165.46
-11799754.44,4655493.3,2165.42
-11799751.11,4655494.9,2165.42
-11799749.43,4655495.7,2165.38
-11799746.13,4655497.26,2165.35
-11799747.78,4655496.48,2165.36
-11799744.44,4655498.07,2165.19
-11799742.75,4655498.89,2165.13
-11799741.08,4655499.69,2165.15
-11799739.42,4655500.47,2165.13
-11799737.75,4655501.25,2165.15
-11799737.85,4655501.8100000005,2165.11
-11799739.540000001,4655501.01,2165.13
-11799741.200000001,4655500.22,2165.13
-11799744.48,4655498.66,2165.17
-11799742.83,4655499.44,2165.13
-11799746.17,4655497.850000001,2165.33
-11799747.85,4655497.0600000005,2165.36
-11799749.5,4655496.26,2165.38
-11799751.15,4655495.49,2165.4
-11799752.8,4655494.7,2165.44
-11799754.46,4655493.91,2165.44
-11799756.120000001,4655493.12,2165.44
-11799759.41,4655491.5600000005,2165.44
-11799757.77,4655492.350000001,2165.46
-11799762.74,4655489.97,2165.48
-11799761.06,4655490.7700000005,2165.44
-11799764.39,4655489.2,2165.53
-11799766.03,4655488.41,2165.56
-11799767.66,4655487.62,2165.55
-11799769.32,4655486.850000001,2165.57
-11799770.99,4655486.0600000005,2165.63
-11799772.700000001,4655485.25,2165.69
-11799773.71,4655484.62,2170.36
-11799774.01,4655484.43,2171.77
-11799774.39,4655484.43,2165.82
-11799775.120000001,4655483.98,2169.22
-11799775.66,4655483.65,2171.74
-11799775.96,4655483.69,2165.72
-11799777.58,4655482.91,2165.67
-11799779.23,4655482.14,2165.65
-11799780.89,4655481.350000001,2165.67
-11799781.56,4655480.93,2168.84
-11799782.540000001,4655480.5600000005,2165.67
-11799784.15,4655479.8,2165.6
-11799785.8,4655479.03,2165.56
-11799787.47,4655478.24,2165.56
-11799789.1,4655477.45,2165.51
-11799789.78,4655477.03,2168.81
-11799790.05,4655476.850000001,2170.13
-11799791.450000001,4655476.23,2168.9
-11799791.790000001,4655476.01,2170.61
-11799793.41,4655475.25,2170.61
-11799795.03,4655474.49,2170.47
-11799795.28,4655474.33,2171.67
-11799799.38,4655474.2700000005,2173.07
-11799797.63,4655475.11,2172.42
-11799798.05,4655474.87,2174.48
-11799796.32,4655475.7,2173.9
-11799795.870000001,4655475.98,2171.69
-11799794.03,4655476.9,2170.78
-11799792.47,4655477.62,2171.28
-11799790.8,4655478.42,2171.13
-11799788.02,4655479.91,2165.69
-11799786.38,4655480.69,2165.69
-11799784.76,4655481.47,2165.74
-11799783.120000001,4655482.25,2165.75
-11799783.52,4655481.99,2167.73
-11799783.83,4655481.8,2169.15
-11799781.43,4655483.0600000005,2165.6
-11799781.9,4655482.76,2167.84
-11799779.82,4655483.82,2165.69
-11799782.34,4655482.49,2169.96
-11799780.34,4655483.5,2168.15
-11799778.16,4655484.61,2165.71
-11799774.86,4655486.19,2165.69
-11799776.51,4655485.39,2165.67
-11799773.21,4655486.97,2165.63
-11799771.540000001,4655487.7700000005,2165.61
-11799769.89,4655488.5600000005,2165.61
-11799768.23,4655489.350000001,2165.57
-11799766.57,4655490.14,2165.57
-11799764.91,4655490.94,2165.56
-11799763.23,4655491.73,2165.53
-11799761.59,4655492.5,2165.51
-11799759.94,4655493.3,2165.5
-11799758.25,4655494.100000001,2165.49
-11799756.59,4655494.9,2165.47
-11799754.96,4655495.66,2165.46
-11799753.31,4655496.46,2165.47
-11799751.620000001,4655497.25,2165.44
-11799749.94,4655498.0600000005,2165.4
-11799748.28,4655498.84,2165.36
-11799744.88,4655500.48,2165.19
-11799746.6,4655499.67,2165.31
-11799741.540000001,4655502.07,2165.17
-11799743.21,4655501.28,2165.15
-11799739.88,4655502.86,2165.15
-11799738.24,4655503.64,2165.09
-11799737.94,4655504.350000001,2165.1
-11799739.6,4655503.5600000005,2165.13
-11799741.290000001,4655502.76,2165.15
-11799742.93,4655501.99,2165.15
-11799744.57,4655501.21,2165.15
-11799746.26,4655500.4,2165.22
-11799747.97,4655499.59,2165.33
-11799749.6,4655498.8100000005,2165.36
-11799751.27,4655498.0200000005,2165.42
-11799752.950000001,4655497.24,2165.42
-11799754.61,4655496.42,2165.44
-11799756.25,4655495.65,2165.44
-11799757.89,4655494.89,2165.47
-11799759.540000001,4655494.100000001,2165.49
-11799761.21,4655493.3,2165.5
-11799762.88,4655492.51,2165.52
-11799764.52,4655491.74,2165.53
-11799767.83,4655490.17,2165.59
-11799766.17,4655490.95,2165.57
-11799771.13,4655488.600000001,2165.6
-11799769.47,4655489.39,2165.57
-11799772.76,4655487.82,2165.61
-11799774.4,4655487.05,2165.63
-11799776.09,4655486.25,2165.65
-11799777.74,4655485.46,2165.65
-11799779.4,4655484.66,2165.69
-11799781.05,4655483.89,2165.69
-11799781.540000001,4655483.59,2167.96
-11799782.040000001,4655483.2700000005,2170.36
-11799783.540000001,4655482.58,2169.72
-11799784.88,4655481.99,2168.15
-11799784.370000001,4655482.3100000005,2165.75
-11799786.0,4655481.54,2165.69
-11799787.620000001,4655480.78,2165.73
-11799792.13,4655478.43,2171.6
-11799790.290000001,4655479.350000001,2170.63
-11799794.85,4655477.22,2169.07
-11799793.89,4655477.59,2172.38
-11799795.88,4655476.59,2174.11
-11799796.86,4655476.22,2170.77
-11799797.8,4655475.64,2175.42
-11799797.32,4655475.94,2173.04
-11799799.17,4655475.0200000005,2174.19
-11799800.61,4655474.38,2173.23
-11799801.82,4655473.87,2170.96
-11799802.11,4655473.69,2172.44
-11799806.370000001,4655473.67,2165.79
-11799804.76,4655474.45,2165.82
-11799804.69,4655474.22,2173.79
-11799801.47,4655476.01,2165.75
-11799803.18,4655474.92,2174.36
-11799800.83,4655476.14,2170.92
-11799801.14,4655475.96,2172.4
-11799801.450000001,4655475.75,2174.01
-11799801.72,4655475.58,2175.34
-11799799.97,4655476.42,2174.83
-11799798.34,4655477.21,2174.73
-11799794.4,4655479.19,2171.38
-11799796.69,4655478.0,2174.54
-11799791.34,4655480.61,2172.61
-11799794.91,4655478.86,2173.88
-11799788.3,4655482.2700000005,2165.74
-11799792.790000001,4655479.95,2171.57
-11799789.02,4655481.8100000005,2169.17
-11799791.1,4655480.74,2171.5
-11799786.65,4655483.0600000005,2165.67
-11799785.0,4655483.83,2165.78
-11799785.620000001,4655483.45,2168.76
-11799783.34,4655484.62,2165.75
-11799784.03,4655484.19,2169.11
-11799782.78,4655484.73,2170.92
-11799780.03,4655486.19,2165.67
-11799780.49,4655485.92,2167.8
-11799778.39,4655486.97,2165.69
-11799776.72,4655487.78,2165.67
-11799775.05,4655488.5600000005,2165.65
-11799773.41,4655489.34,2165.63
-11799771.790000001,4655490.12,2165.61
-11799770.120000001,4655490.91,2165.59
-11799768.47,4655491.69,2165.59
-11799766.8,4655492.49,2165.56
-11799765.15,4655493.28,2165.54
-11799763.49,4655494.07,2165.53
-11799761.81,4655494.87,2165.51
-11799760.15,4655495.66,2165.48
-11799758.51,4655496.43,2165.49
-11799755.22,4655498.01,2165.42
-11799756.86,4655497.22,2165.44
-11799753.51,4655498.8100000005,2165.4
-11799751.82,4655499.61,2165.4
-11799750.17,4655500.4,2165.36
-11799748.49,4655501.18,2165.3
-11799746.82,4655502.0,2165.17
-11799743.51,4655503.57,2165.15
-11799745.16,4655502.7700000005,2165.11
-11799741.82,4655504.36,2165.15
-11799740.13,4655505.19,2165.13
-11799741.84,4655504.87,2165.11
-11799743.49,4655504.07,2165.13
-11799745.17,4655503.3,2165.13
-11799746.86,4655502.48,2165.17
-11799748.56,4655501.67,2165.26
-11799750.27,4655500.88,2165.32
-11799751.96,4655500.08,2165.36
-11799753.61,4655499.29,2165.38
-11799755.290000001,4655498.49,2165.42
-11799756.99,4655497.68,2165.42
-11799760.32,4655496.12,2165.46
-11799758.67,4655496.89,2165.46
-11799762.01,4655495.32,2165.5
-11799763.71,4655494.5,2165.54
-11799765.39,4655493.72,2165.54
-11799767.05,4655492.91,2165.56
-11799768.69,4655492.15,2165.55
-11799770.36,4655491.37,2165.56
-11799772.03,4655490.5600000005,2165.6
-11799773.700000001,4655489.78,2165.61
-11799775.36,4655488.98,2165.65
-11799777.040000001,4655488.19,2165.67
-11799778.700000001,4655487.39,2165.69
-11799780.39,4655486.600000001,2165.71
-11799781.1,4655486.16,2169.09
-11799782.08,4655485.8,2165.74
-11799782.81,4655485.34,2169.19
-11799783.11,4655485.16,2170.61
-11799783.72,4655485.0200000005,2165.67
-11799784.21,4655484.71,2167.98
-11799784.48,4655484.54,2169.34
-11799785.39,4655484.22,2165.75
-11799785.93,4655483.9,2168.34
-11799787.0,4655483.48,2165.69
-11799788.68,4655482.68,2165.75
-11799789.42,4655482.22,2169.28
-11799791.540000001,4655481.14,2171.44
-11799793.16,4655480.38,2171.19
-11799794.82,4655479.59,2171.31
-11799795.32,4655479.28,2173.78
-11799797.08,4655478.43,2174.31
-11799798.85,4655477.55,2175.02
-11799800.39,4655476.84,2174.58
-11799801.58,4655476.350000001,2172.15
-11799803.63,4655475.33,2174.19
-11799805.3,4655474.53,2174.32
-11799805.290000001,4655474.8100000005,2165.82
-11799806.73,4655473.89,2173.23
-11799806.93,4655474.04,2165.79
-11799810.0,4655474.39,2165.84
-11799808.34,4655475.19,2165.81
-11799806.72,4655475.96,2165.84
-11799808.47,4655474.83,2174.77
-11799806.55,4655475.8,2173.32
-11799805.11,4655476.44,2174.48
-11799803.56,4655477.16,2174.94
-11799801.23,4655478.38,2171.29
-11799801.540000001,4655478.19,2172.86
-11799801.8,4655478.03,2174.15
-11799800.41,4655478.65,2175.4
-11799798.28,4655479.74,2172.92
-11799798.68,4655479.48,2174.98
-11799796.13,4655480.82,2170.52
-11799796.71,4655480.46,2173.35
-11799794.58,4655481.5600000005,2170.92
-11799792.870000001,4655482.37,2170.59
-11799790.21,4655483.79,2165.72
-11799791.14,4655483.2,2170.19
-11799788.59,4655484.5600000005,2165.78
-11799786.91,4655485.36,2165.69
-11799785.290000001,4655486.12,2165.76
-11799783.67,4655486.9,2165.77
-11799784.19,4655486.57,2168.23
-11799782.0,4655487.67,2165.75
-11799780.34,4655488.47,2165.72
-11799778.66,4655489.26,2165.71
-11799776.98,4655490.07,2165.69
-11799775.36,4655490.850000001,2165.65
-11799772.02,4655492.42,2165.6
-11799773.700000001,4655491.61,2165.65
-11799768.72,4655494.0,2165.58
-11799770.35,4655493.22,2165.59
-11799767.07,4655494.7700000005,2165.54
-11799765.42,4655495.55,2165.56
-11799763.74,4655496.350000001,2165.54
-11799762.07,4655497.14,2165.5
-11799760.44,4655497.92,2165.44
-11799758.77,4655498.72,2165.42
-11799757.11,4655499.51,2165.42
-11799758.24,4655498.82,2170.38
-11799755.47,4655500.29,2165.4
-11799756.69,4655499.54,2170.79
-11799757.06,4655499.3100000005,2172.4
-11799753.81,4655501.07,2165.4
-11799754.73,4655500.51,2169.46
-11799752.120000001,4655501.88,2165.36
-11799750.44,4655502.66,2165.3
-11799748.75,4655503.48,2165.24
-11799750.18,4655502.600000001,2171.42
-11799747.07,4655504.28,2165.15
-11799745.41,4655505.07,2165.15
-11799745.98,4655505.33,2165.13
-11799747.64,4655504.54,2165.13
-11799749.290000001,4655503.54,2172.24
-11799749.34,4655503.74,2165.28
-11799750.72,4655502.88,2171.28
-11799751.25,4655502.55,2173.6
-11799750.99,4655502.95,2165.29
-11799752.64,4655502.18,2165.35
-11799754.28,4655501.39,2165.38
-11799755.97,4655500.36,2172.79
-11799755.21,4655500.83,2169.42
-11799757.71,4655499.53,2173.24
-11799757.200000001,4655499.83,2171.03
-11799757.620000001,4655499.8,2165.4
-11799758.82,4655499.08,2170.71
-11799759.28,4655499.04,2165.38
-11799760.94,4655498.25,2165.44
-11799762.59,4655497.45,2165.49
-11799764.24,4655496.69,2165.51
-11799765.88,4655495.92,2165.55
-11799767.540000001,4655495.13,2165.54
-11799769.19,4655494.34,2165.55
-11799770.86,4655493.55,2165.58
-11799772.52,4655492.78,2165.6
-11799774.17,4655491.99,2165.61
-11799775.82,4655491.2,2165.63
-11799777.5,4655490.4,2165.67
-11799779.15,4655489.63,2165.69
-11799780.78,4655488.87,2165.72
-11799782.43,4655488.08,2165.74
-11799784.11,4655487.28,2165.75
-11799787.36,4655485.75,2165.67
-11799785.75,4655486.5200000005,2165.73
-11799790.65,4655484.21,2165.73
-11799789.02,4655484.97,2165.78
-11799791.450000001,4655483.7,2169.63
-11799793.23,4655482.83,2170.32
-11799795.01,4655481.98,2170.92
-11799797.01,4655480.97,2172.81
-11799797.18,4655480.86,2173.61
-11799798.82,4655480.09,2173.63
-11799799.05,4655479.95,2174.74
-11799800.620000001,4655479.21,2174.47
-11799802.4,4655478.34,2175.05
-11799803.91,4655477.65,2174.48
-11799803.34,4655477.74,2179.73
-11799804.540000001,4655477.51,2169.51
-11799803.0,4655478.24,2169.88
-11799805.49,4655476.91,2174.33
-11799804.83,4655477.33,2170.99
-11799807.13,4655476.15,2174.09
-11799807.16,4655476.39,2165.86
-11799808.21,4655475.73,2171.23
-11799808.870000001,4655475.3,2174.63
-11799808.77,4655475.63,2165.82
-11799812.05,4655474.08,2165.86
-11799810.41,4655474.86,2165.84
-11799812.33,4655473.9,2167.28
-11799814.950000001,4655474.23,2165.92
-11799815.36,4655473.96,2168.01
-11799813.31,4655474.99,2166.01
-11799813.790000001,4655474.69,2168.53
-11799811.65,4655475.79,2165.94
-11799812.15,4655475.47,2168.55
-11799810.01,4655476.57,2165.9
-11799808.38,4655477.34,2166.04
-11799808.200000001,4655477.19,2173.56
-11799806.69,4655478.14,2165.9
-11799806.19,4655478.19,2171.73
-11799806.64,4655477.9,2173.92
-11799805.14,4655478.61,2174.53
-11799803.42,4655479.42,2174.07
-11799803.73,4655479.24,2175.56
-11799801.950000001,4655480.11,2174.75
-11799800.19,4655480.96,2174.25
-11799796.83,4655482.82,2165.76
-11799798.24,4655481.93,2172.75
-11799795.200000001,4655483.58,2165.83
-11799796.43,4655482.8100000005,2171.86
-11799796.040000001,4655483.0600000005,2169.97
-11799793.55,4655484.37,2165.84
-11799793.98,4655484.09,2167.94
-11799791.9,4655485.15,2165.82
-11799790.22,4655485.93,2165.8
-11799788.58,4655486.73,2165.75
-11799786.94,4655487.5,2165.71
-11799785.3,4655488.28,2165.77
-11799783.65,4655489.05,2165.77
-11799781.98,4655489.850000001,2165.73
-11799780.3,4655490.65,2165.73
-11799778.63,4655491.44,2165.71
-11799776.99,4655492.22,2165.67
-11799775.34,4655492.99,2165.67
-11799773.68,4655493.79,2165.63
-11799772.05,4655494.55,2165.61
-11799770.36,4655495.34,2165.59
-11799768.71,4655496.14,2165.59
-11799767.07,4655496.92,2165.57
-11799765.4,4655497.69,2165.53
-11799763.73,4655498.5,2165.49
-11799760.4,4655500.08,2165.42
-11799762.05,4655499.28,2165.44
-11799758.75,4655500.87,2165.38
-11799758.5,4655500.78,2171.63
-11799758.96,4655500.51,2173.67
-11799757.17,4655501.36,2173.11
-11799757.71,4655501.03,2175.52
-11799755.3,4655502.28,2172.22
-11799755.83,4655501.95,2174.55
-11799756.07,4655501.8100000005,2175.6
-11799752.1,4655504.0200000005,2165.35
-11799753.71,4655503.03,2172.36
-11799752.72,4655503.41,2175.15
-11799750.700000001,4655504.42,2173.58
-11799750.77,4655504.9,2173.13
-11799751.15,4655504.68,2174.75
-11799751.58,4655504.42,2176.65
-11799752.85,4655503.87,2174.86
-11799752.31,4655504.44,2165.33
-11799753.98,4655503.42,2172.6
-11799754.99,4655502.8100000005,2176.97
-11799755.51,4655502.71,2172.17
-11799756.3,4655502.23,2175.6
-11799756.9,4655502.09,2171.04
-11799757.28,4655501.87,2172.69
-11799757.9,4655501.48,2175.44
-11799759.26,4655500.89,2174.13
-11799758.9,4655501.33,2165.38
-11799759.53,4655500.95,2168.1
-11799760.56,4655500.55,2165.42
-11799762.200000001,4655499.78,2165.44
-11799763.13,4655499.2,2169.61
-11799763.89,4655498.98,2165.49
-11799765.58,4655498.18,2165.53
-11799767.24,4655497.39,2165.56
-11799768.88,4655496.61,2165.58
-11799770.52,4655495.84,2165.57
-11799772.17,4655495.05,2165.61
-11799773.8,4655494.29,2165.63
-11799775.46,4655493.5,2165.65
-11799777.11,4655492.73,2165.67
-11799778.78,4655491.94,2165.69
-11799780.46,4655491.15,2165.71
-11799782.11,4655490.350000001,2165.73
-11799783.75,4655489.58,2165.75
-11799785.4,4655488.82,2165.76
-11799787.03,4655488.05,2165.72
-11799788.68,4655487.2700000005,2165.76
-11799790.36,4655486.47,2165.78
-11799792.02,4655485.69,2165.8
-11799793.66,4655484.92,2165.82
-11799795.32,4655484.12,2165.85
-11799796.96,4655483.37,2165.81
-11799798.08,4655482.64,2171.36
-11799798.32,4655482.51,2172.53
-11799798.6,4655482.34,2173.9
-11799800.32,4655481.5,2174.4
-11799802.02,4655480.67,2174.81
-11799803.540000001,4655479.99,2174.23
-11799805.23,4655479.19,2174.38
-11799806.23,4655478.82,2171.19
-11799805.83,4655479.0600000005,2169.19
-11799806.84,4655478.69,2165.88
-11799806.61,4655478.57,2173.15
-11799808.25,4655477.8100000005,2173.03
-11799808.51,4655477.91,2166.06
-11799810.120000001,4655477.14,2165.97
-11799811.77,4655476.37,2165.99
-11799812.36,4655475.99,2169.06
-11799813.39,4655475.58,2166.08
-11799813.76,4655475.36,2168.04
-11799815.01,4655474.850000001,2165.92
-11799815.34,4655474.64,2167.63
-11799816.67,4655474.05,2165.96
-11799817.27,4655473.67,2169.07
-11799818.15,4655474.93,2165.94
-11799818.73,4655474.55,2169.06
-11799819.700000001,4655473.94,2174.11
-11799816.59,4655475.65,2166.19
-11799817.09,4655475.32,2168.83
-11799814.9,4655476.46,2166.02
-11799815.23,4655476.24,2167.74
-11799815.540000001,4655476.03,2169.34
-11799813.23,4655477.24,2166.05
-11799813.65,4655476.96,2168.22
-11799811.58,4655478.03,2166.02
-11799810.32,4655478.55,2168.03
-11799811.89,4655477.83,2167.58
-11799808.72,4655479.3100000005,2168.11
-11799809.92,4655478.8100000005,2165.97
-11799807.92,4655479.54,2172.44
-11799808.290000001,4655479.59,2165.94
-11799806.5,4655480.2,2173.49
-11799806.63,4655480.38,2165.88
-11799802.9,4655481.94,2171.98
-11799804.97,4655480.89,2174.15
-11799803.59,4655481.51,2175.4
-11799803.19,4655481.76,2173.44
-11799802.07,4655482.22,2175.83
-11799801.790000001,4655482.39,2174.48
-11799800.27,4655483.100000001,2174.96
-11799796.74,4655485.05,2165.86
-11799795.07,4655485.82,2165.83
-11799793.450000001,4655486.59,2165.82
-11799790.18,4655488.15,2165.78
-11799791.81,4655487.39,2165.8
-11799788.53,4655488.94,2165.75
-11799786.85,4655489.71,2165.76
-11799785.19,4655490.51,2165.79
-11799783.52,4655491.3,2165.75
-11799781.870000001,4655492.09,2165.73
-11799783.18,4655491.26,2171.92
-11799780.22,4655492.86,2165.67
-11799781.27,4655492.21,2170.61
-11799778.57,4655493.65,2165.67
-11799776.9,4655494.44,2165.67
-11799775.25,4655495.21,2165.65
-11799773.6,4655496.0,2165.61
-11799771.93,4655496.79,2165.59
-11799770.28,4655497.5600000005,2165.57
-11799766.98,4655499.12,2165.55
-11799768.620000001,4655498.350000001,2165.57
-11799769.03,4655497.87,2174.83
-11799768.07,4655498.46,2170.49
-11799765.290000001,4655499.92,2165.49
-11799766.370000001,4655499.26,2170.36
-11799767.15,4655498.7700000005,2173.9
-11799767.5,4655498.58,2175.42
-11799763.64,4655500.7,2165.55
-11799765.13,4655499.78,2172.23
-11799765.49,4655499.5600000005,2173.84
-11799765.93,4655499.29,2175.85
-11799761.950000001,4655501.51,2165.42
-11799764.19,4655500.13,2175.44
-11799764.5,4655499.94,2176.76
-11799760.27,4655502.29,2165.42
-11799758.6,4655503.09,2165.36
-11799759.35,4655502.62,2168.63
-11799760.06,4655502.19,2171.77
-11799756.94,4655503.87,2165.29
-11799759.0,4655502.62,2174.36
-11799756.53,4655503.9,2170.73
-11799757.42,4655503.36,2174.63
-11799755.4,4655504.37,2172.94
-11799755.88,4655504.08,2175.02
-11799753.73,4655505.14,2172.98
-11799755.05,4655504.34,2178.67
-11799754.98,4655504.88,2178.84
-11799754.58,4655505.13,2177.06
-11799756.08,4655504.45,2176.42
-11799755.3,4655504.91,2173.1
-11799756.73,4655504.2700000005,2172.09
-11799756.38,4655504.5,2170.55
-11799757.51,4655503.8,2175.49
-11799757.22,4655503.97,2174.26
-11799758.98,4655503.15,2174.57
-11799758.57,4655503.63,2165.44
-11799760.03,4655502.74,2171.88
-11799760.31,4655502.5600000005,2173.11
-11799760.19,4655502.86,2165.38
-11799761.63,4655501.98,2171.81
-11799761.83,4655502.09,2165.4
-11799762.73,4655501.54,2169.38
-11799764.41,4655500.51,2176.88
-11799765.94,4655499.8100000005,2176.36
-11799765.14,4655500.53,2165.42
-11799767.41,4655499.14,2175.61
-11799768.91,4655498.46,2174.9
-11799768.5,4655498.94,2165.57
-11799769.98,4655498.04,2172.31
-11799770.15,4655498.16,2165.58
-11799771.790000001,4655497.39,2165.59
-11799773.44,4655496.62,2165.6
-11799775.1,4655495.84,2165.63
-11799776.73,4655495.05,2165.65
-11799778.38,4655494.29,2165.67
-11799780.06,4655493.5,2165.69
-11799781.08,4655492.86,2170.44
-11799782.07,4655492.26,2175.06
-11799781.72,4655492.7,2165.72
-11799782.41,4655492.2700000005,2168.92
-11799783.06,4655491.89,2171.98
-11799783.38,4655491.93,2165.73
-11799785.040000001,4655491.15,2165.79
-11799786.67,4655490.38,2165.77
-11799788.31,4655489.62,2165.73
-11799789.97,4655488.82,2165.79
-11799791.64,4655488.04,2165.82
-11799793.26,4655487.28,2165.82
-11799794.88,4655486.5200000005,2165.83
-11799796.52,4655485.74,2165.85
-11799799.44,4655484.17,2172.08
-11799798.18,4655484.96,2165.88
-11799799.74,4655483.98,2173.63
-11799801.55,4655483.09,2174.44
-11799802.72,4655482.62,2171.99
-11799803.08,4655482.39,2173.86
-11799803.31,4655482.25,2175.02
-11799804.85,4655481.54,2174.48
-11799806.41,4655480.8100000005,2174.09
-11799806.44,4655481.07,2165.88
-11799807.8,4655480.21,2172.72
-11799808.120000001,4655480.2700000005,2165.9
-11799808.5,4655480.03,2167.84
-11799809.78,4655479.47,2166.04
-11799810.07,4655479.3,2167.53
-11799811.41,4655478.72,2165.97
-11799813.02,4655477.96,2166.08
-11799813.49,4655477.66,2168.52
-11799814.66,4655477.17,2166.09
-11799815.08,4655476.92,2168.3
-11799815.34,4655476.75,2169.61
-11799816.35,4655476.38,2166.19
-11799816.59,4655476.23,2167.5
-11799816.86,4655476.07,2168.84
-11799817.950000001,4655475.64,2166.11
-11799818.69,4655475.17,2169.98
-11799819.31,4655474.76,2173.25
-11799820.44,4655474.3100000005,2170.72
-11799820.65,4655474.2,2171.74
-11799821.01,4655473.95,2173.72
-11799824.86,4655473.91,2166.26
-11799823.22,4655474.67,2166.32
-11799823.790000001,4655474.3100000005,2169.36
-11799821.52,4655475.49,2166.13
-11799822.06,4655475.15,2168.99
-11799820.790000001,4655475.68,2170.88
-11799821.17,4655475.45,2172.84
-11799821.48,4655475.25,2174.47
-11799818.24,4655477.04,2166.09
-11799818.77,4655476.69,2168.88
-11799819.3,4655476.36,2171.65
-11799816.61,4655477.79,2166.15
-11799816.94,4655477.600000001,2167.88
-11799817.28,4655477.37,2169.67
-11799815.0,4655478.55,2166.11
-11799815.61,4655478.17,2169.29
-11799813.32,4655479.37,2166.02
-11799813.74,4655479.09,2168.24
-11799811.67,4655480.14,2166.03
-11799811.98,4655479.95,2167.69
-11799810.41,4655480.68,2167.92
-11799808.35,4655481.72,2165.82
-11799808.85,4655481.4,2168.3
-11799806.69,4655482.49,2165.86
-11799805.03,4655483.28,2165.9
-11799805.99,4655482.68,2170.69
-11799806.200000001,4655482.55,2171.75
-11799806.65,4655482.26,2174.01
-11799804.59,4655483.3,2172.07
-11799805.08,4655483.0,2174.54
-11799801.72,4655484.84,2165.82
-11799802.8,4655484.18,2171.23
-11799803.13,4655483.97,2172.84
-11799803.33,4655483.84,2173.86
-11799800.120000001,4655485.600000001,2165.9
-11799801.64,4655484.65,2173.4
-11799798.46,4655486.38,2165.85
-11799799.76,4655485.5600000005,2172.24
-11799796.8,4655487.17,2165.86
-11799795.14,4655487.95,2165.85
-11799793.5,4655488.73,2165.85
-11799791.84,4655489.51,2165.83
-11799790.18,4655490.3,2165.83
-11799788.53,4655491.08,2165.76
-11799786.91,4655491.84,2165.8
-11799785.24,4655492.61,2165.8
-11799783.57,4655493.41,2165.74
-11799784.14,4655493.05,2168.46
-11799781.93,4655494.19,2165.71
-11799782.88,4655493.600000001,2170.17
-11799783.870000001,4655492.99,2174.84
-11799784.200000001,4655492.78,2176.4
-11799782.02,4655493.88,2173.75
-11799782.72,4655493.47,2177.0
-11799778.63,4655495.75,2165.71
-11799781.19,4655494.17,2177.65
-11799776.96,4655496.54,2165.72
-11799775.27,4655497.34,2165.63
-11799773.63,4655498.11,2165.6
-11799772.0,4655498.89,2165.59
-11799770.32,4655499.66,2165.63
-11799771.52,4655498.94,2171.08
-11799768.77,4655500.17,2173.46
-11799770.370000001,4655499.41,2173.36
-11799769.22,4655499.88,2175.57
-11799767.040000001,4655500.98,2173.15
-11799767.41,4655500.7700000005,2174.76
-11799767.870000001,4655500.47,2176.92
-11799764.790000001,4655501.9,2177.86
-11799766.35,4655501.18,2177.42
-11799761.17,4655503.88,2169.19
-11799761.4,4655503.72,2170.25
-11799761.85,4655503.45,2172.24
-11799762.13,4655503.28,2173.49
-11799760.81,4655503.87,2174.88
-11799759.200000001,4655504.63,2175.04
-11799757.59,4655505.37,2175.36
-11799758.85,4655505.32,2175.38
-11799759.48,4655505.16,2170.88
-11799760.22,4655504.7,2174.15
-11799759.91,4655504.89,2172.78
-11799761.05,4655504.42,2170.5
-11799761.92,4655503.9,2174.38
-11799764.06,4655502.82,2176.6
-11799765.01,4655502.48,2173.4
-11799765.85,4655501.96,2177.19
-11799764.9,4655502.7700000005,2165.5
-11799767.42,4655501.23,2176.86
-11799769.11,4655500.43,2177.06
-11799770.09,4655500.0600000005,2174.17
-11799770.89,4655499.8,2170.44
-11799771.36,4655499.5200000005,2172.54
-11799773.17,4655498.64,2173.21
-11799771.72,4655499.3,2174.17
-11799773.13,4655498.89,2165.57
-11799771.49,4655499.68,2165.57
-11799776.46,4655497.34,2165.59
-11799774.8,4655498.13,2165.61
-11799777.16,4655496.91,2168.85
-11799778.200000001,4655496.51,2165.99
-11799779.8,4655495.76,2165.63
-11799781.86,4655494.5,2175.26
-11799782.34,4655494.2,2177.48
-11799781.44,4655494.99,2165.65
-11799783.9,4655493.47,2177.17
-11799783.08,4655494.23,2165.71
-11799784.19,4655493.54,2170.92
-11799785.040000001,4655493.01,2174.9
-11799784.75,4655493.44,2165.78
-11799786.370000001,4655492.65,2165.77
-11799788.03,4655491.89,2165.74
-11799791.370000001,4655490.33,2165.84
-11799789.69,4655491.12,2165.81
-11799794.63,4655488.79,2165.84
-11799793.01,4655489.55,2165.82
-11799797.93,4655487.24,2165.86
-11799796.27,4655488.0,2165.83
-11799799.58,4655486.45,2165.86
-11799800.82,4655485.68,2171.99
-11799801.22,4655485.69,2165.82
-11799802.83,4655484.93,2165.83
-11799802.42,4655484.94,2171.78
-11799804.58,4655483.84,2174.57
-11799803.92,4655484.25,2171.27
-11799804.48,4655484.16,2165.9
-11799806.120000001,4655483.13,2174.13
-11799806.15,4655483.36,2165.85
-11799807.8,4655482.58,2165.81
-11799808.290000001,4655482.28,2168.33
-11799808.66,4655482.05,2170.19
-11799809.92,4655481.5200000005,2168.22
-11799810.22,4655481.34,2169.76
-11799811.1,4655481.03,2166.03
-11799811.53,4655480.76,2168.27
-11799812.74,4655480.2700000005,2166.03
-11799814.41,4655479.47,2166.06
-11799816.07,4655478.7,2166.09
-11799816.76,4655478.26,2169.67
-11799817.700000001,4655477.93,2166.11
-11799818.66,4655477.32,2171.17
-11799820.26,4655476.57,2171.02
-11799821.81,4655475.86,2170.46
-11799822.64,4655475.61,2166.21
-11799823.21,4655475.24,2169.28
-11799824.38,4655474.7700000005,2166.67
-11799824.8,4655474.5,2168.92
-11799826.15,4655473.92,2167.28
-11799829.91,4655473.66,2166.29
-11799828.26,4655474.45,2166.19
-11799828.57,4655474.24,2167.82
-11799828.94,4655473.73,2178.67
-11799826.63,4655475.21,2166.25
-11799825.02,4655475.97,2166.27
-11799825.290000001,4655475.7700000005,2167.76
-11799825.68,4655475.54,2169.84
-11799823.34,4655476.76,2166.09
-11799823.93,4655476.39,2169.17
-11799824.19,4655476.21,2170.65
-11799821.81,4655477.47,2166.55
-11799822.44,4655477.07,2169.88
-11799820.08,4655478.28,2166.13
-11799820.64,4655477.94,2169.05
-11799818.39,4655479.09,2166.09
-11799820.97,4655477.73,2170.8
-11799816.76,4655479.87,2166.11
-11799818.78,4655478.83,2168.19
-11799817.26,4655479.54,2168.69
-11799815.13,4655480.63,2166.11
-11799813.48,4655481.4,2166.07
-11799811.790000001,4655482.2,2166.01
-11799810.91,4655482.5,2169.9
-11799812.22,4655481.94,2168.17
-11799809.540000001,4655483.100000001,2171.22
-11799810.19,4655482.95,2166.19
-11799806.84,4655484.54,2165.85
-11799809.290000001,4655483.26,2169.92
-11799805.200000001,4655485.32,2165.86
-11799807.91,4655483.86,2171.27
-11799803.55,4655486.09,2165.85
-11799801.91,4655486.87,2165.83
-11799800.25,4655487.64,2165.86
-11799798.6,4655488.43,2165.86
-11799801.57,4655486.82,2172.36
-11799796.96,4655489.2,2165.84
-11799795.36,4655489.94,2165.85
-11799793.700000001,4655490.74,2165.83
-11799792.02,4655491.53,2165.85
-11799790.370000001,4655492.29,2165.86
-11799788.72,4655493.09,2165.76
-11799787.06,4655493.86,2165.74
-11799785.370000001,4655494.66,2165.67
-11799783.75,4655495.43,2165.72
-11799782.120000001,4655496.17,2165.75
-11799784.35,4655494.82,2176.26
-11799780.44,4655496.98,2165.73
-11799781.120000001,4655496.5600000005,2168.83
-11799782.82,4655495.53,2176.78
-11799779.44,4655497.36,2168.9
-11799777.8,4655498.13,2168.92
-11799776.15,4655498.91,2168.9
-11799775.39,4655499.38,2165.42
-11799773.76,4655500.14,2165.59
-11799772.120000001,4655500.91,2165.61
-11799772.700000001,4655500.55,2168.28
-11799773.48,4655500.0600000005,2171.79
-11799773.25,4655500.21,2170.79
-11799772.27,4655500.58,2173.81
-11799768.8,4655502.46,2165.53
-11799770.08,4655501.69,2171.3
-11799770.67,4655501.33,2173.94
-11799768.93,4655502.17,2173.59
-11799769.41,4655501.87,2175.76
-11799768.040000001,4655502.47,2176.88
-11799765.51,4655503.78,2172.94
-11799766.56,4655503.15,2177.61
-11799764.120000001,4655504.39,2174.25
-11799763.77,4655504.62,2172.65
-11799763.09,4655504.8,2177.08
-11799764.77,4655504.01,2177.1
-11799764.03,4655504.86,2177.61
-11799765.53,4655504.19,2176.88
-11799765.83,4655504.0,2178.19
-11799767.370000001,4655503.3100000005,2177.69
-11799766.290000001,4655504.2,2165.46
-11799768.42,4655502.89,2175.05
-11799768.81,4655502.67,2176.74
-11799769.68,4655502.350000001,2173.36
-11799770.05,4655502.13,2175.04
-11799770.46,4655501.88,2176.88
-11799771.64,4655501.39,2174.71
-11799771.69,4655501.600000001,2167.36
-11799771.91,4655501.47,2168.36
-11799772.56,4655501.08,2171.31
-11799772.89,4655500.87,2172.83
-11799772.93,4655501.07,2165.61
-11799773.6,4655500.67,2168.63
-11799774.36,4655500.2,2172.11
-11799774.540000001,4655500.32,2165.57
-11799775.3,4655499.850000001,2169.03
-11799776.94,4655499.09,2168.94
-11799778.59,4655498.32,2168.94
-11799783.200000001,4655495.94,2175.06
-11799780.24,4655497.53,2168.88
-11799783.58,4655495.72,2176.84
-11799781.9,4655496.7700000005,2168.9
-11799782.88,4655496.41,2165.72
-11799783.540000001,4655495.99,2168.85
-11799784.41,4655495.46,2172.94
-11799785.07,4655495.05,2176.04
-11799784.55,4655495.61,2165.67
-11799786.18,4655494.850000001,2165.63
-11799787.84,4655494.07,2165.75
-11799789.51,4655493.29,2165.79
-11799791.17,4655492.5,2165.86
-11799792.83,4655491.72,2165.86
-11799794.48,4655490.95,2165.85
-11799796.13,4655490.17,2165.86
-11799797.77,4655489.41,2165.86
-11799799.41,4655488.64,2165.88
-11799801.05,4655487.88,2165.83
-11799804.36,4655486.3100000005,2165.82
-11799802.700000001,4655487.100000001,2165.84
-11799806.0,4655485.55,2165.84
-11799807.620000001,4655484.78,2165.77
-11799808.63,4655484.15,2170.88
-11799810.03,4655483.5200000005,2169.57
-11799810.5,4655483.24,2171.94
-11799810.97,4655483.19,2166.06
-11799811.58,4655482.8100000005,2169.13
-11799812.59,4655482.45,2166.04
-11799814.25,4655481.67,2166.11
-11799812.88,4655482.2700000005,2167.56
-11799819.18,4655479.350000001,2166.11
-11799815.89,4655480.89,2166.11
-11799819.69,4655479.03,2168.78
-11799817.53,4655480.13,2166.11
-11799820.83,4655478.58,2166.11
-11799821.43,4655478.2,2169.24
-11799822.540000001,4655477.7700000005,2166.36
-11799822.73,4655477.65,2167.35
-11799823.200000001,4655477.350000001,2169.83
-11799824.11,4655477.04,2166.09
-11799824.370000001,4655476.87,2167.5
-11799824.81,4655476.600000001,2169.82
-11799825.78,4655476.24,2166.25
-11799826.53,4655475.76,2170.27
-11799827.43,4655475.47,2166.24
-11799829.07,4655474.71,2166.26
-11799830.700000001,4655473.94,2166.29
-11799833.290000001,4655474.16,2166.34
-11799833.9,4655473.76,2169.69
-11799831.64,4655474.93,2166.32
-11799830.0,4655475.71,2166.28
-11799828.35,4655476.48,2166.23
-11799826.68,4655477.2700000005,2166.17
-11799827.28,4655476.89,2169.4
-11799825.01,4655478.0600000005,2166.13
-11799825.58,4655477.69,2169.15
-11799823.38,4655478.82,2166.15
-11799823.82,4655478.55,2168.49
-11799821.75,4655479.600000001,2166.1
-11799822.4,4655479.16,2169.51
-11799820.11,4655480.37,2166.09
-11799820.540000001,4655480.08,2168.38
-11799818.450000001,4655481.13,2166.11
-11799818.92,4655480.84,2168.56
-11799816.81,4655481.91,2166.19
-11799815.19,4655482.67,2166.22
-11799813.57,4655483.43,2166.15
-11799811.9,4655484.23,2165.97
-11799812.33,4655483.96,2168.19
-11799810.75,4655484.69,2168.63
-11799811.36,4655484.3100000005,2171.73
-11799808.47,4655485.86,2165.65
-11799808.870000001,4655485.600000001,2167.67
-11799809.58,4655485.15,2171.28
-11799809.86,4655484.97,2172.65
-11799805.22,4655487.37,2165.82
-11799806.86,4655486.61,2165.88
-11799801.98,4655488.9,2165.85
-11799803.620000001,4655488.13,2165.83
-11799800.31,4655489.67,2165.86
-11799798.64,4655490.47,2165.86
-11799797.01,4655491.24,2165.86
-11799795.4,4655491.99,2165.86
-11799793.73,4655492.78,2165.86
-11799792.08,4655493.55,2165.85
-11799790.4,4655494.34,2165.81
-11799788.71,4655495.14,2165.77
-11799787.07,4655495.9,2165.67
-11799787.76,4655495.5,2168.88
-11799786.27,4655496.17,2169.65
-11799784.44,4655497.05,2168.92
-11799785.290000001,4655496.51,2172.9
-11799782.790000001,4655497.82,2168.92
-11799783.66,4655497.2700000005,2173.05
-11799784.11,4655497.01,2175.13
-11799781.15,4655498.58,2168.94
-11799779.51,4655499.36,2168.99
-11799775.450000001,4655501.38,2165.48
-11799776.19,4655500.93,2168.92
-11799775.48,4655501.13,2173.19
-11799775.77,4655500.95,2174.53
-11799774.3,4655501.62,2175.38
-11799773.27,4655502.0200000005,2178.17
-11799770.82,4655503.29,2174.5
-11799771.24,4655503.03,2176.36
-11799769.06,4655504.11,2174.11
-11799771.57,4655502.83,2177.88
-11799770.05,4655503.51,2178.54
-11799767.53,4655504.82,2174.61
-11799766.84,4655505.0200000005,2178.83
-11799767.28,4655505.3,2178.61
-11799768.03,4655505.0600000005,2174.67
-11799768.42,4655504.8100000005,2176.42
-11799770.57,4655503.75,2178.58
-11799771.19,4655503.600000001,2173.94
-11799772.120000001,4655503.04,2178.1
-11799772.77,4655502.87,2173.63
-11799773.82,4655502.24,2178.36
-11799774.71,4655501.92,2175.03
-11799775.23,4655501.600000001,2177.4
-11799774.28,4655502.4,2165.54
-11799775.78,4655501.5,2172.36
-11799776.67,4655501.18,2168.92
-11799778.450000001,4655500.33,2169.54
-11799783.290000001,4655498.09,2168.92
-11799779.99,4655499.63,2169.08
-11799784.14,4655497.5600000005,2172.9
-11799781.63,4655498.87,2168.94
-11799784.93,4655497.32,2168.86
-11799786.72,4655496.44,2169.63
-11799788.200000001,4655495.79,2168.9
-11799789.18,4655495.43,2165.77
-11799789.8,4655495.04,2168.78
-11799790.83,4655494.66,2165.76
-11799792.5,4655493.87,2165.82
-11799794.16,4655493.09,2165.85
-11799795.81,4655492.32,2165.85
-11799797.44,4655491.5600000005,2165.85
-11799799.11,4655490.7700000005,2165.86
-11799802.39,4655489.22,2165.79
-11799800.76,4655489.98,2165.85
-11799804.06,4655488.46,2165.82
-11799805.67,4655487.68,2165.83
-11799807.3,4655486.92,2165.82
-11799808.950000001,4655486.16,2165.69
-11799809.41,4655485.87,2168.0
-11799810.06,4655485.44,2171.38
-11799811.200000001,4655485.01,2168.75
-11799812.32,4655484.57,2166.09
-11799812.65,4655484.350000001,2167.79
-11799813.97,4655483.8,2166.15
-11799815.63,4655483.01,2166.24
-11799817.25,4655482.26,2166.19
-11799818.86,4655481.5,2166.09
-11799820.53,4655480.72,2166.08
-11799820.86,4655480.5200000005,2167.85
-11799822.16,4655479.96,2166.1
-11799822.56,4655479.7,2168.21
-11799823.790000001,4655479.19,2166.15
-11799825.43,4655478.43,2166.17
-11799826.14,4655477.97,2169.94
-11799827.1,4655477.64,2166.17
-11799827.68,4655477.2700000005,2169.3
-11799828.76,4655476.850000001,2166.24
-11799830.41,4655476.09,2166.28
-11799832.06,4655475.3100000005,2166.29
-11799833.67,4655474.55,2166.31
-11799834.32,4655474.12,2169.9
-11799838.08,4655474.03,2166.15
-11799837.75,4655473.97,2173.24
-11799835.64,4655475.0200000005,2170.63
-11799834.85,4655475.54,2166.3
-11799833.21,4655476.32,2166.28
-11799833.85,4655475.91,2169.77
-11799831.58,4655477.08,2166.26
-11799829.92,4655477.850000001,2166.21
-11799828.27,4655478.63,2166.17
-11799826.63,4655479.39,2166.15
-11799823.34,4655480.95,2166.11
-11799824.98,4655480.18,2166.13
-11799821.69,4655481.72,2166.11
-11799820.06,4655482.5,2166.07
-11799818.43,4655483.26,2166.15
-11799816.82,4655484.01,2166.28
-11799815.14,4655484.8,2166.23
-11799813.48,4655485.57,2166.13
-11799810.15,4655487.16,2165.86
-11799812.0,4655486.26,2166.9
-11799810.540000001,4655486.91,2167.86
-11799808.5,4655487.92,2165.86
-11799806.84,4655488.71,2165.82
-11799805.19,4655489.48,2165.81
-11799803.540000001,4655490.26,2165.82
-11799801.89,4655491.03,2165.81
-11799800.26,4655491.8,2165.86
-11799796.93,4655493.36,2165.83
-11799798.58,4655492.57,2165.86
-11799795.290000001,4655494.13,2165.75
-11799793.65,4655494.91,2165.74
-11799792.24,4655495.53,2166.9
-11799792.01,4655495.67,2165.81
-11799790.42,4655496.4,2166.04
-11799790.64,4655496.2700000005,2167.08
-11799790.98,4655496.0600000005,2168.74
-11799789.38,4655496.8100000005,2168.94
-11799787.86,4655497.5,2169.54
-11799786.18,4655498.3,2169.5
-11799784.53,4655499.07,2169.53
-11799782.88,4655499.850000001,2169.46
-11799781.22,4655500.62,2169.42
-11799779.56,4655501.41,2169.38
-11799777.790000001,4655502.25,2168.9
-11799776.14,4655503.0200000005,2168.99
-11799776.43,4655502.84,2170.33
-11799776.81,4655502.62,2172.07
-11799774.58,4655503.73,2169.42
-11799773.69,4655504.28,2165.38
-11799775.03,4655503.46,2171.55
-11799775.53,4655503.17,2173.77
-11799774.88,4655503.33,2178.17
-11799774.32,4655503.67,2175.63
-11799773.48,4655503.96,2179.11
-11799771.59,4655504.88,2178.26
-11799771.76,4655505.25,2178.48
-11799773.540000001,4655504.39,2179.11
-11799773.63,4655504.58,2172.09
-11799775.0,4655503.73,2178.32
-11799773.8,4655504.7,2165.47
-11799774.68,4655504.17,2169.5
-11799775.18,4655503.87,2171.74
-11799776.200000001,4655503.47,2168.94
-11799776.82,4655503.09,2171.78
-11799776.59,4655503.22,2170.78
-11799777.85,4655502.68,2168.92
-11799779.6,4655501.87,2169.33
-11799781.25,4655501.100000001,2169.36
-11799782.91,4655500.32,2169.4
-11799784.57,4655499.53,2169.44
-11799786.22,4655498.75,2169.46
-11799787.89,4655497.98,2169.5
-11799789.4,4655497.29,2168.94
-11799790.46,4655496.88,2166.13
-11799791.01,4655496.54,2168.8
-11799792.3,4655496.0,2167.01
-11799793.700000001,4655495.38,2165.76
-11799795.35,4655494.61,2165.72
-11799797.0,4655493.82,2165.74
-11799798.61,4655493.08,2165.79
-11799800.27,4655492.3100000005,2165.83
-11799801.92,4655491.5200000005,2165.78
-11799803.6,4655490.75,2165.82
-11799805.22,4655489.98,2165.81
-11799806.85,4655489.22,2165.82
-11799808.49,4655488.46,2165.81
-11799810.18,4655487.66,2165.92
-11799812.02,4655486.7700000005,2166.88
-11799813.5,4655486.11,2166.11
-11799815.16,4655485.32,2166.21
-11799816.77,4655484.5600000005,2166.19
-11799818.41,4655483.8,2166.13
-11799820.040000001,4655483.04,2166.07
-11799821.67,4655482.28,2166.07
-11799823.33,4655481.5,2166.11
-11799824.98,4655480.73,2166.11
-11799826.620000001,4655479.97,2166.11
-11799828.27,4655479.18,2166.13
-11799829.89,4655478.43,2166.15
-11799831.5,4655477.67,2166.19
-11799833.18,4655476.88,2166.26
-11799833.84,4655476.48,2169.84
-11799834.82,4655476.12,2166.26
-11799835.49,4655475.69,2169.9
-11799835.86,4655475.44,2171.94
-11799836.42,4655475.37,2166.1
-11799837.63,4655474.61,2172.69
-11799839.18,4655473.89,2172.23
-11799839.75,4655473.79,2166.19
-11799842.93,4655473.66,2166.29
-11799841.28,4655474.42,2166.38
-11799839.59,4655475.23,2166.21
-11799840.58,4655474.61,2171.67
-11799840.78,4655474.46,2172.86
-11799838.870000001,4655475.41,2171.3
-11799839.33,4655475.12,2173.82
-11799837.28,4655476.14,2171.47
-11799837.65,4655475.91,2173.51
-11799834.69,4655477.5200000005,2166.23
-11799835.4,4655477.07,2170.09
-11799835.58,4655476.94,2171.09
-11799833.07,4655478.28,2166.19
-11799831.43,4655479.05,2166.17
-11799829.790000001,4655479.83,2166.19
-11799828.15,4655480.59,2166.15
-11799826.55,4655481.34,2166.4
-11799824.870000001,4655482.13,2166.15
-11799823.19,4655482.9,2166.11
-11799821.540000001,4655483.69,2166.09
-11799819.93,4655484.45,2166.09
-11799818.28,4655485.22,2166.17
-11799816.61,4655486.0,2166.17
-11799814.950000001,4655486.79,2166.19
-11799813.38,4655487.5,2166.5
-11799811.81,4655488.25,2166.51
-11799810.040000001,4655489.09,2165.88
-11799808.36,4655489.89,2165.84
-11799806.700000001,4655490.66,2165.81
-11799805.08,4655491.42,2165.84
-11799803.450000001,4655492.18,2165.82
-11799801.78,4655492.97,2165.8
-11799800.1,4655493.76,2165.78
-11799798.450000001,4655494.53,2165.79
-11799796.81,4655495.3,2165.79
-11799795.24,4655496.03,2166.04
-11799795.74,4655495.71,2168.54
-11799794.13,4655496.47,2168.55
-11799792.46,4655497.25,2168.57
-11799790.99,4655497.92,2169.54
-11799789.34,4655498.7,2169.51
-11799787.67,4655499.47,2169.44
-11799784.34,4655501.04,2169.36
-11799786.02,4655500.25,2169.4
-11799779.4,4655503.36,2169.28
-11799782.67,4655501.82,2169.34
-11799777.71,4655504.15,2169.24
-11799781.040000001,4655502.600000001,2169.31
-11799776.53,4655504.62,2171.47
-11799775.18,4655505.23,2172.98
-11799775.9,4655504.78,2176.27
-11799774.78,4655505.23,2178.67
-11799776.23,4655505.11,2178.3
-11799777.55,4655504.7700000005,2169.22
-11799779.23,4655503.98,2169.22
-11799780.88,4655503.19,2169.25
-11799782.52,4655502.44,2169.28
-11799784.17,4655501.65,2169.31
-11799785.85,4655500.88,2169.34
-11799787.5,4655500.100000001,2169.36
-11799789.14,4655499.34,2169.48
-11799790.78,4655498.57,2169.48
-11799792.44,4655497.79,2169.51
-11799793.89,4655497.15,2168.58
-11799794.11,4655497.01,2169.61
-11799795.55,4655496.37,2168.55
-11799796.6,4655495.97,2165.8
-11799798.25,4655495.19,2165.82
-11799797.16,4655495.63,2168.53
-11799798.81,4655494.850000001,2168.53
-11799799.89,4655494.43,2165.8
-11799801.57,4655493.65,2165.78
-11799803.21,4655492.88,2165.76
-11799804.84,4655492.12,2165.82
-11799806.48,4655491.36,2165.8
-11799808.14,4655490.57,2165.82
-11799809.83,4655489.78,2165.86
-11799811.5,4655489.01,2165.97
-11799813.200000001,4655488.19,2166.28
-11799814.84,4655487.43,2166.13
-11799816.44,4655486.69,2166.15
-11799818.07,4655485.93,2166.15
-11799819.700000001,4655485.16,2166.1
-11799821.33,4655484.4,2166.07
-11799822.950000001,4655483.65,2166.11
-11799824.61,4655482.87,2166.1
-11799826.46,4655481.95,2167.13
-11799827.91,4655481.32,2166.13
-11799829.55,4655480.5600000005,2166.19
-11799831.22,4655479.79,2166.19
-11799832.86,4655479.0,2166.17
-11799834.48,4655478.24,2166.19
-11799835.23,4655477.78,2170.29
-11799835.94,4655477.3100000005,2174.22
-11799839.03,4655475.92,2173.25
-11799837.13,4655476.850000001,2171.76
-11799839.39,4655475.97,2166.11
-11799837.46,4655476.64,2173.61
-11799840.57,4655475.21,2172.69
-11799841.08,4655475.16,2166.36
-11799842.040000001,4655474.55,2171.72
-11799842.76,4655474.39,2166.35
-11799846.19,4655474.04,2166.31
-11799844.540000001,4655474.8100000005,2166.27
-11799842.91,4655475.58,2166.31
-11799841.3,4655476.34,2166.36
-11799839.64,4655477.100000001,2166.23
-11799841.07,4655476.22,2174.15
-11799841.370000001,4655476.0200000005,2175.82
-11799839.34,4655477.04,2173.46
-11799839.67,4655476.83,2175.22
-11799837.86,4655477.71,2174.31
-11799838.290000001,4655477.44,2176.71
-11799834.74,4655479.4,2166.17
-11799835.540000001,4655478.91,2170.53
-11799836.15,4655478.53,2173.9
-11799833.1,4655480.18,2166.19
-11799831.44,4655480.96,2166.17
-11799829.8,4655481.73,2166.19
-11799828.17,4655482.47,2166.17
-11799826.53,4655483.24,2166.31
-11799826.67,4655483.17,2167.03
-11799824.85,4655484.04,2166.13
-11799823.23,4655484.8100000005,2166.1
-11799821.59,4655485.57,2166.1
-11799819.93,4655486.350000001,2166.1
-11799816.64,4655487.88,2166.06
-11799818.28,4655487.12,2166.13
-11799813.38,4655489.42,2166.19
-11799815.040000001,4655488.63,2166.15
-11799811.700000001,4655490.21,2166.05
-11799810.0,4655491.01,2165.88
-11799808.32,4655491.8,2165.81
-11799806.66,4655492.57,2165.82
-11799805.02,4655493.33,2165.82
-11799803.39,4655494.11,2165.82
-11799801.75,4655494.87,2165.79
-11799800.67,4655495.28,2168.52
-11799799.03,4655496.07,2168.59
-11799797.58,4655496.7,2169.53
-11799795.94,4655497.49,2169.49
-11799794.3,4655498.23,2169.47
-11799792.620000001,4655499.04,2169.42
-11799790.96,4655499.82,2169.4
-11799789.31,4655500.58,2169.4
-11799787.66,4655501.37,2169.31
-11799785.99,4655502.15,2169.3
-11799784.3,4655502.94,2169.27
-11799782.64,4655503.7,2169.24
-11799780.98,4655504.5,2169.19
-11799782.09,4655504.46,2169.15
-11799783.73,4655503.69,2169.19
-11799785.39,4655502.92,2169.23
-11799787.06,4655502.14,2169.26
-11799788.700000001,4655501.37,2169.28
-11799790.36,4655500.600000001,2169.33
-11799792.03,4655499.8100000005,2169.35
-11799793.700000001,4655499.04,2169.4
-11799795.32,4655498.2700000005,2169.44
-11799796.950000001,4655497.51,2169.48
-11799801.23,4655495.62,2165.86
-11799798.620000001,4655496.74,2169.51
-11799804.46,4655494.11,2165.79
-11799800.120000001,4655496.07,2168.59
-11799806.13,4655493.350000001,2165.77
-11799802.85,4655494.87,2165.79
-11799807.78,4655492.57,2165.8
-11799809.42,4655491.8100000005,2165.83
-11799811.07,4655491.0200000005,2165.94
-11799812.76,4655490.22,2166.13
-11799814.44,4655489.45,2166.24
-11799816.05,4655488.7,2166.1
-11799817.72,4655487.92,2166.05
-11799819.370000001,4655487.16,2166.09
-11799820.97,4655486.4,2166.09
-11799822.61,4655485.63,2166.08
-11799824.26,4655484.86,2166.11
-11799825.9,4655484.100000001,2166.1
-11799827.55,4655483.33,2166.13
-11799829.18,4655482.57,2166.15
-11799830.88,4655481.78,2166.28
-11799832.53,4655481.0,2166.21
-11799834.15,4655480.26,2166.19
-11799837.14,4655478.63,2173.71
-11799837.75,4655478.24,2177.03
-11799839.44,4655477.43,2177.42
-11799840.75,4655476.89,2175.72
-11799840.450000001,4655477.08,2174.02
-11799840.69,4655477.2,2166.26
-11799842.34,4655476.42,2166.36
-11799843.96,4655475.67,2166.25
-11799845.59,4655474.91,2166.27
-11799847.25,4655474.14,2166.3
-11799849.540000001,4655474.38,2166.31
-11799847.89,4655475.17,2166.26
-11799846.22,4655475.94,2166.29
-11799844.57,4655476.72,2166.27
-11799842.97,4655477.47,2166.33
-11799841.33,4655478.24,2166.31
-11799841.17,4655478.05,2174.57
-11799839.46,4655478.88,2174.09
-11799841.540000001,4655477.84,2176.59
-11799839.64,4655478.7700000005,2175.04
-11799839.83,4655478.65,2176.11
-11799840.09,4655478.48,2177.58
-11799837.78,4655479.68,2173.75
-11799838.33,4655479.3100000005,2176.75
-11799833.13,4655482.07,2166.22
-11799834.76,4655481.3100000005,2166.13
-11799831.48,4655482.850000001,2166.15
-11799835.34,4655480.95,2169.32
-11799828.19,4655484.39,2166.11
-11799829.83,4655483.62,2166.17
-11799826.58,4655485.13,2166.15
-11799824.94,4655485.91,2166.13
-11799823.26,4655486.68,2166.11
-11799821.59,4655487.46,2166.11
-11799818.34,4655488.98,2166.11
-11799819.97,4655488.22,2166.11
-11799816.88,4655489.65,2166.97
-11799815.13,4655490.47,2166.6
-11799815.51,4655490.24,2168.52
-11799813.5,4655491.24,2166.67
-11799811.77,4655492.05,2166.07
-11799810.08,4655492.86,2165.9
-11799808.4,4655493.64,2165.82
-11799806.78,4655494.4,2165.8
-11799805.11,4655495.19,2165.81
-11799803.47,4655495.94,2165.82
-11799801.83,4655496.7,2165.83
-11799800.74,4655497.15,2168.57
-11799799.27,4655497.8100000005,2169.44
-11799797.59,4655498.600000001,2169.4
-11799795.950000001,4655499.36,2169.36
-11799794.3,4655500.13,2169.32
-11799792.620000001,4655500.92,2169.28
-11799790.950000001,4655501.68,2169.26
-11799789.53,4655502.34,2170.28
-11799789.33,4655502.46,2169.32
-11799787.66,4655503.24,2169.19
-11799786.01,4655504.0200000005,2169.17
-11799784.35,4655504.79,2169.15
-11799786.14,4655504.38,2169.13
-11799787.83,4655503.59,2169.15
-11799789.51,4655502.8100000005,2169.29
-11799791.14,4655502.05,2169.22
-11799792.8,4655501.26,2169.22
-11799794.49,4655500.48,2169.29
-11799796.16,4655499.7,2169.33
-11799797.78,4655498.94,2169.36
-11799799.44,4655498.18,2169.38
-11799800.96,4655497.48,2168.54
-11799802.11,4655497.0200000005,2165.81
-11799803.76,4655496.26,2165.81
-11799805.38,4655495.51,2165.8
-11799807.01,4655494.75,2165.79
-11799808.69,4655493.96,2165.81
-11799810.35,4655493.19,2165.9
-11799812.06,4655492.37,2166.08
-11799813.9,4655491.49,2166.84
-11799815.41,4655490.82,2166.24
-11799817.22,4655489.96,2167.11
-11799818.700000001,4655489.29,2166.17
-11799820.370000001,4655488.5200000005,2166.09
-11799822.01,4655487.75,2166.08
-11799823.65,4655486.99,2166.15
-11799823.84,4655486.87,2167.15
-11799825.31,4655486.19,2166.23
-11799826.96,4655485.43,2166.13
-11799828.6,4655484.68,2166.11
-11799830.24,4655483.89,2166.15
-11799831.89,4655483.13,2166.13
-11799833.55,4655482.36,2166.15
-11799835.200000001,4655481.59,2166.17
-11799835.700000001,4655481.26,2168.92
-11799836.61,4655480.72,2173.85
-11799838.24,4655479.95,2173.86
-11799838.75,4655479.63,2176.65
-11799839.9,4655479.18,2173.92
-11799838.48,4655480.08,2166.06
-11799840.290000001,4655478.92,2176.08
-11799840.120000001,4655479.29,2166.1
-11799841.61,4655478.37,2174.4
-11799842.06,4655478.08,2176.9
-11799841.790000001,4655478.5200000005,2166.32
-11799843.46,4655477.74,2166.29
-11799845.1,4655476.98,2166.26
-11799846.75,4655476.21,2166.27
-11799848.36,4655475.46,2166.27
-11799850.0,4655474.7,2166.29
-11799851.67,4655473.92,2166.32
-11799854.41,4655474.04,2166.34
-11799851.11,4655475.58,2166.36
-11799852.78,4655474.8100000005,2166.35
-11799847.870000001,4655477.100000001,2166.33
-11799849.47,4655476.36,2166.33
-11799846.23,4655477.87,2166.3
-11799844.59,4655478.63,2166.29
-11799842.96,4655479.39,2166.31
-11799841.33,4655480.14,2166.31
-11799843.06,4655479.07,2175.92
-11799843.25,4655478.94,2177.03
-11799839.700000001,4655480.93,2166.23
-11799840.790000001,4655480.23,2172.32
-11799841.55,4655479.75,2176.5
-11799838.02,4655481.7,2166.13
-11799839.24,4655480.94,2172.79
-11799839.38,4655480.850000001,2173.61
-11799839.91,4655480.53,2176.52
-11799836.39,4655482.46,2166.19
-11799837.700000001,4655481.64,2173.38
-11799834.77,4655483.22,2166.19
-11799833.13,4655483.99,2166.17
-11799831.46,4655484.7700000005,2166.17
-11799828.17,4655486.3,2166.29
-11799829.8,4655485.55,2166.21
-11799826.74,4655486.94,2167.49
-11799825.08,4655487.72,2167.44
-11799823.47,4655488.45,2167.42
-11799820.03,4655490.09,2166.49
-11799821.75,4655489.28,2166.96
-11799816.65,4655491.68,2166.22
-11799818.36,4655490.88,2166.48
-11799813.46,4655493.16,2166.54
-11799814.99,4655492.44,2166.15
-11799811.98,4655493.82,2167.42
-11799810.03,4655494.79,2165.86
-11799810.32,4655494.61,2167.35
-11799810.9,4655494.24,2170.27
-11799808.370000001,4655495.55,2165.81
-11799806.73,4655496.33,2165.79
-11799805.09,4655497.09,2165.84
-11799805.6,4655496.78,2168.36
-11799803.43,4655497.87,2165.86
-11799804.040000001,4655497.49,2168.86
-11799802.370000001,4655498.2700000005,2168.77
-11799800.73,4655499.04,2168.82
-11799799.18,4655499.75,2169.29
-11799797.52,4655500.5200000005,2169.25
-11799795.870000001,4655501.3,2169.23
-11799794.19,4655502.08,2169.19
-11799792.540000001,4655502.850000001,2169.15
-11799790.9,4655503.61,2169.11
-11799789.22,4655504.41,2169.11
-11799791.22,4655503.850000001,2169.07
-11799789.620000001,4655504.61,2169.06
-11799792.89,4655503.0600000005,2169.11
-11799794.58,4655502.28,2169.15
-11799796.200000001,4655501.5200000005,2169.17
-11799799.47,4655500.01,2169.26
-11799797.83,4655500.76,2169.22
-11799801.02,4655499.3,2168.78
-11799802.66,4655498.54,2168.74
-11799803.73,4655498.13,2165.83
-11799804.31,4655497.7700000005,2168.72
-11799805.38,4655497.36,2165.86
-11799805.89,4655497.03,2168.38
-11799808.700000001,4655495.8100000005,2165.81
-11799807.03,4655496.600000001,2165.8
-11799810.39,4655495.01,2165.84
-11799810.790000001,4655494.7700000005,2167.9
-11799811.290000001,4655494.47,2170.36
-11799812.38,4655494.05,2167.63
-11799813.78,4655493.42,2166.63
-11799815.32,4655492.71,2166.11
-11799816.99,4655491.93,2166.13
-11799818.63,4655491.17,2166.23
-11799820.26,4655490.41,2166.25
-11799822.06,4655489.54,2167.11
-11799823.78,4655488.74,2167.49
-11799825.44,4655487.96,2167.5
-11799827.11,4655487.18,2167.63
-11799830.16,4655485.8,2166.33
-11799828.66,4655486.47,2167.15
-11799833.44,4655484.28,2166.17
-11799831.77,4655485.05,2166.15
-11799835.06,4655483.5200000005,2166.17
-11799836.68,4655482.75,2166.21
-11799837.97,4655481.96,2173.3
-11799838.31,4655482.0200000005,2166.17
-11799839.49,4655481.2700000005,2172.69
-11799839.68,4655481.16,2173.71
-11799840.16,4655480.84,2176.42
-11799839.93,4655481.26,2166.17
-11799841.05,4655480.55,2172.38
-11799841.68,4655480.16,2175.86
-11799841.58,4655480.48,2166.27
-11799843.31,4655479.4,2175.88
-11799843.24,4655479.71,2166.29
-11799844.88,4655478.95,2166.27
-11799846.53,4655478.18,2166.28
-11799848.17,4655477.41,2166.3
-11799849.77,4655476.66,2166.31
-11799853.1,4655475.12,2166.35
-11799851.43,4655475.89,2166.35
-11799854.72,4655474.36,2166.33
-11799857.48,4655474.23,2166.42
-11799855.870000001,4655474.99,2166.44
-11799854.23,4655475.75,2166.38
-11799852.59,4655476.51,2166.4
-11799850.92,4655477.29,2166.38
-11799849.290000001,4655478.0600000005,2166.36
-11799847.66,4655478.83,2166.34
-11799845.99,4655479.600000001,2166.33
-11799844.370000001,4655480.36,2166.27
-11799842.74,4655481.12,2166.33
-11799841.09,4655481.89,2166.25
-11799839.46,4655482.65,2166.15
-11799840.48,4655482.0200000005,2171.67
-11799837.82,4655483.41,2166.19
-11799838.950000001,4655482.72,2172.32
-11799836.15,4655484.2,2166.21
-11799834.51,4655484.96,2166.19
-11799832.89,4655485.72,2166.19
-11799831.25,4655486.48,2166.25
-11799829.89,4655487.07,2167.67
-11799828.24,4655487.850000001,2167.59
-11799826.61,4655488.58,2167.79
-11799824.950000001,4655489.38,2167.67
-11799823.32,4655490.15,2167.65
-11799821.38,4655491.09,2166.11
-11799819.74,4655491.850000001,2166.13
-11799818.07,4655492.63,2166.13
-11799816.41,4655493.41,2166.11
-11799814.78,4655494.16,2166.09
-11799813.25,4655494.87,2166.56
-11799811.620000001,4655495.63,2166.55
-11799812.0,4655495.4,2168.42
-11799812.33,4655495.2,2170.09
-11799809.83,4655496.49,2165.88
-11799810.38,4655496.14,2168.63
-11799810.85,4655495.86,2170.98
-11799808.19,4655497.25,2165.84
-11799809.33,4655496.5600000005,2171.59
-11799806.56,4655498.01,2165.94
-11799807.08,4655497.7,2168.49
-11799807.6,4655497.37,2171.11
-11799805.450000001,4655498.43,2168.65
-11799803.8,4655499.22,2168.71
-11799802.200000001,4655499.96,2168.77
-11799800.57,4655500.72,2168.92
-11799800.8,4655500.59,2170.0
-11799799.0,4655501.44,2169.15
-11799797.35,4655502.2,2169.13
-11799795.69,4655502.99,2169.09
-11799794.03,4655503.7700000005,2169.05
-11799792.38,4655504.54,2169.03
-11799792.33,4655505.03,2168.96
-11799794.0,4655504.25,2169.01
-11799795.65,4655503.49,2169.04
-11799797.31,4655502.72,2169.07
-11799798.950000001,4655501.95,2169.11
-11799800.620000001,4655501.18,2169.11
-11799802.19,4655500.44,2168.74
-11799803.81,4655499.71,2168.69
-11799805.43,4655498.95,2168.63
-11799807.06,4655498.2,2168.55
-11799807.61,4655497.86,2171.28
-11799808.120000001,4655497.79,2165.67
-11799809.790000001,4655496.99,2165.8
-11799809.49,4655496.94,2172.52
-11799810.58,4655496.51,2169.75
-11799810.9,4655496.33,2171.28
-11799812.63,4655495.51,2171.85
-11799813.24,4655495.37,2166.61
-11799813.48,4655495.23,2167.9
-11799814.78,4655494.68,2166.08
-11799816.44,4655493.9,2166.09
-11799818.09,4655493.13,2166.11
-11799819.73,4655492.37,2166.08
-11799821.4,4655491.600000001,2166.07
-11799823.06,4655490.83,2166.19
-11799824.97,4655489.88,2167.65
-11799826.290000001,4655489.33,2165.92
-11799828.26,4655488.350000001,2167.71
-11799826.66,4655489.11,2167.85
-11799829.61,4655487.78,2166.11
-11799829.89,4655487.59,2167.61
-11799831.450000001,4655486.88,2167.42
-11799831.26,4655487.01,2166.35
-11799832.86,4655486.2700000005,2166.17
-11799833.08,4655486.13,2167.38
-11799834.5,4655485.5,2166.15
-11799836.14,4655484.73,2166.19
-11799837.8,4655483.96,2166.19
-11799838.89,4655483.28,2172.17
-11799839.43,4655483.2,2166.15
-11799840.42,4655482.600000001,2171.55
-11799840.83,4655482.34,2173.83
-11799841.11,4655482.42,2166.22
-11799842.77,4655481.65,2166.33
-11799844.370000001,4655480.9,2166.22
-11799846.01,4655480.14,2166.3
-11799847.66,4655479.38,2166.34
-11799849.3,4655478.600000001,2166.35
-11799850.94,4655477.84,2166.38
-11799852.58,4655477.08,2166.38
-11799854.200000001,4655476.33,2166.38
-11799855.81,4655475.58,2166.42
-11799857.48,4655474.8100000005,2166.44
-11799857.370000001,4655476.01,2166.48
-11799855.72,4655476.7700000005,2166.42
-11799854.09,4655477.54,2166.46
-11799852.48,4655478.3,2166.44
-11799850.83,4655479.07,2166.4
-11799849.19,4655479.83,2166.38
-11799847.56,4655480.600000001,2166.36
-11799845.91,4655481.36,2166.35
-11799844.25,4655482.13,2166.23
-11799842.63,4655482.89,2166.33
-11799840.950000001,4655483.67,2166.23
-11799839.3,4655484.43,2166.19
-11799840.11,4655483.95,2170.63
-11799837.64,4655485.22,2166.19
-11799836.01,4655485.97,2166.29
-11799834.63,4655486.57,2167.56
-11799831.17,4655488.21,2166.55
-11799833.01,4655487.33,2167.63
-11799827.84,4655489.79,2166.29
-11799829.64,4655488.92,2167.11
-11799827.24,4655489.91,2171.71
-11799825.3,4655490.84,2170.21
-11799821.31,4655492.84,2166.32
-11799823.61,4655491.66,2169.9
-11799819.620000001,4655493.62,2166.09
-11799820.35,4655493.17,2169.92
-11799817.97,4655494.39,2166.1
-11799816.31,4655495.16,2166.06
-11799814.67,4655495.92,2166.08
-11799815.040000001,4655495.7,2167.97
-11799813.02,4655496.7,2166.11
-11799813.71,4655496.28,2169.52
-11799814.0,4655496.100000001,2171.01
-11799814.25,4655495.95,2172.32
-11799812.64,4655496.7,2172.4
-11799810.5,4655497.74,2170.03
-11799810.870000001,4655497.54,2171.84
-11799809.370000001,4655498.21,2172.55
-11799806.96,4655499.43,2168.67
-11799807.43,4655499.16,2171.0
-11799805.32,4655500.22,2168.65
-11799803.68,4655500.98,2168.72
-11799802.040000001,4655501.73,2168.77
-11799800.44,4655502.48,2169.08
-11799798.78,4655503.25,2169.04
-11799797.11,4655504.03,2168.99
-11799795.46,4655504.79,2168.97
-11799796.82,4655504.59,2168.94
-11799798.450000001,4655503.850000001,2168.99
-11799800.1,4655503.07,2169.02
-11799801.72,4655502.32,2168.76
-11799803.36,4655501.57,2168.71
-11799804.99,4655500.8100000005,2168.67
-11799806.620000001,4655500.05,2168.59
-11799807.22,4655499.7,2171.49
-11799808.84,4655498.95,2171.38
-11799809.1,4655498.79,2172.67
-11799810.790000001,4655497.99,2173.02
-11799811.01,4655498.09,2165.84
-11799812.35,4655497.28,2172.54
-11799812.76,4655497.26,2166.34
-11799813.43,4655496.850000001,2169.67
-11799813.66,4655496.72,2170.88
-11799814.31,4655496.55,2166.06
-11799813.91,4655496.57,2172.11
-11799814.72,4655496.29,2168.11
-11799815.47,4655495.86,2171.86
-11799815.950000001,4655495.79,2166.03
-11799817.6,4655495.0200000005,2166.07
-11799819.23,4655494.2700000005,2165.94
-11799819.89,4655493.88,2169.28
-11799823.27,4655492.29,2169.84
-11799821.6,4655493.0600000005,2169.73
-11799824.950000001,4655491.49,2170.03
-11799822.57,4655492.71,2166.23
-11799826.65,4655490.7,2170.34
-11799828.3,4655489.94,2170.31
-11799829.15,4655489.66,2166.13
-11799830.91,4655488.82,2166.81
-11799832.52,4655488.08,2166.53
-11799835.91,4655486.48,2167.19
-11799834.39,4655487.18,2167.69
-11799837.36,4655485.84,2166.15
-11799838.99,4655485.08,2166.13
-11799840.63,4655484.3100000005,2166.13
-11799842.33,4655483.53,2166.27
-11799843.950000001,4655482.78,2166.27
-11799845.57,4655482.0200000005,2166.27
-11799847.23,4655481.25,2166.33
-11799848.86,4655480.48,2166.35
-11799852.17,4655478.96,2166.38
-11799850.5,4655479.72,2166.38
-11799853.81,4655478.18,2166.4
-11799855.41,4655477.45,2166.42
-11799857.040000001,4655476.7,2166.42
-11799858.68,4655475.93,2166.44
-11799857.27,4655477.87,2166.44
-11799855.65,4655478.64,2166.46
-11799854.040000001,4655479.38,2166.44
-11799852.4,4655480.15,2166.4
-11799850.73,4655480.93,2166.38
-11799849.08,4655481.7,2166.36
-11799847.47,4655482.44,2166.36
-11799845.8,4655483.22,2166.28
-11799844.18,4655483.98,2166.29
-11799842.52,4655484.74,2166.3
-11799840.9,4655485.5200000005,2166.19
-11799839.27,4655486.25,2166.17
-11799837.63,4655487.01,2166.28
-11799836.14,4655487.7,2167.23
-11799834.290000001,4655488.59,2166.19
-11799834.57,4655488.42,2167.67
-11799833.25,4655488.99,2169.38
-11799831.68,4655489.7,2169.6
-11799830.09,4655490.43,2169.86
-11799828.48,4655491.18,2170.13
-11799826.89,4655491.92,2170.34
-11799823.51,4655493.5,2169.83
-11799825.23,4655492.7,2170.11
-11799821.83,4655494.29,2169.56
-11799819.47,4655495.5,2165.88
-11799820.13,4655495.09,2169.32
-11799817.870000001,4655496.23,2166.13
-11799818.450000001,4655495.88,2169.09
-11799816.790000001,4655496.66,2169.08
-11799814.3,4655497.7,2172.88
-11799815.76,4655497.04,2172.09
-11799812.66,4655498.46,2172.9
-11799812.33,4655498.67,2171.25
-11799810.88,4655499.32,2172.21
-11799810.63,4655499.47,2170.98
-11799809.13,4655500.15,2171.63
-11799806.85,4655501.29,2168.59
-11799807.33,4655501.0,2170.97
-11799805.23,4655502.05,2168.67
-11799803.59,4655502.8,2168.74
-11799801.93,4655503.58,2168.78
-11799800.33,4655504.3100000005,2168.94
-11799801.24,4655504.25,2168.86
-11799802.88,4655503.48,2168.73
-11799804.540000001,4655502.71,2168.67
-11799806.17,4655501.95,2168.61
-11799806.700000001,4655501.65,2171.19
-11799807.81,4655501.22,2168.53
-11799808.41,4655500.850000001,2171.48
-11799808.88,4655500.79,2165.75
-11799809.99,4655500.12,2171.31
-11799811.700000001,4655499.3100000005,2171.6
-11799813.4,4655498.53,2171.82
-11799815.200000001,4655497.66,2172.77
-11799815.5,4655497.71,2166.08
-11799816.120000001,4655497.33,2169.24
-11799817.75,4655496.58,2169.06
-11799816.61,4655497.03,2171.72
-11799818.84,4655496.15,2166.13
-11799819.44,4655495.79,2169.19
-11799821.11,4655495.01,2169.4
-11799822.790000001,4655494.23,2169.65
-11799824.48,4655493.42,2169.92
-11799826.16,4655492.64,2170.19
-11799827.82,4655491.87,2170.24
-11799829.4,4655491.14,2170.0
-11799831.0,4655490.41,2169.74
-11799832.59,4655489.67,2169.48
-11799834.18,4655488.95,2169.21
-11799835.51,4655488.37,2167.5
-11799836.92,4655487.75,2166.31
-11799838.55,4655487.0,2166.19
-11799840.200000001,4655486.23,2166.15
-11799841.86,4655485.47,2166.21
-11799843.49,4655484.71,2166.28
-11799846.77,4655483.18,2166.32
-11799845.11,4655483.94,2166.19
-11799850.040000001,4655481.65,2166.36
-11799848.41,4655482.41,2166.33
-11799853.31,4655480.14,2166.4
-11799851.65,4655480.91,2166.36
-11799856.58,4655478.61,2166.44
-11799854.96,4655479.37,2166.42
-11799858.25,4655477.850000001,2166.44
-11799855.57,4655480.39,2166.44
-11799857.17,4655479.64,2166.44
-11799853.94,4655481.14,2166.42
-11799852.290000001,4655481.92,2166.4
-11799850.68,4655482.65,2166.4
-11799849.040000001,4655483.41,2166.38
-11799847.4,4655484.19,2166.34
-11799845.76,4655484.95,2166.27
-11799844.09,4655485.74,2166.25
-11799842.450000001,4655486.49,2166.28
-11799840.8,4655487.25,2166.19
-11799839.18,4655488.01,2166.15
-11799837.6,4655488.75,2166.51
-11799834.75,4655490.01,2169.07
-11799835.88,4655489.55,2166.21
-11799833.18,4655490.73,2169.42
-11799834.24,4655490.3100000005,2166.36
-11799831.61,4655491.45,2169.65
-11799830.05,4655492.18,2169.92
-11799828.44,4655492.91,2170.17
-11799826.8,4655493.67,2170.33
-11799825.120000001,4655494.46,2170.05
-11799823.44,4655495.24,2169.78
-11799821.75,4655496.04,2169.52
-11799820.06,4655496.82,2169.25
-11799818.370000001,4655497.63,2169.11
-11799816.72,4655498.4,2168.96
-11799817.3,4655498.03,2171.96
-11799815.9,4655498.67,2172.99
-11799813.14,4655500.11,2167.44
-11799813.58,4655499.83,2169.69
-11799814.02,4655499.57,2171.94
-11799812.38,4655500.33,2171.82
-11799810.63,4655501.15,2171.29
-11799810.82,4655501.04,2172.27
-11799811.06,4655500.9,2173.46
-11799807.86,4655502.600000001,2165.8
-11799808.57,4655502.17,2169.33
-11799809.13,4655501.84,2172.08
-11799809.32,4655501.73,2173.04
-11799806.78,4655503.01,2168.63
-11799805.14,4655503.7700000005,2168.67
-11799803.5,4655504.55,2168.74
-11799804.14,4655504.62,2168.69
-11799805.76,4655503.87,2168.63
-11799807.39,4655503.11,2168.58
-11799808.44,4655502.71,2165.65
-11799809.16,4655502.28,2169.23
-11799809.9,4655501.83,2172.88
-11799811.4,4655501.14,2172.25
-11799811.63,4655501.01,2173.38
-11799812.200000001,4655500.9,2167.92
-11799813.02,4655500.4,2172.07
-11799813.700000001,4655500.22,2167.17
-11799814.040000001,4655500.0200000005,2168.9
-11799814.57,4655499.69,2171.56
-11799816.14,4655498.98,2171.22
-11799815.68,4655499.26,2168.88
-11799816.42,4655498.8100000005,2172.63
-11799817.32,4655498.5,2168.92
-11799817.68,4655498.29,2170.73
-11799818.99,4655497.72,2169.1
-11799820.69,4655496.92,2169.26
-11799822.39,4655496.13,2169.54
-11799824.11,4655495.32,2169.84
-11799825.8,4655494.5200000005,2170.08
-11799827.46,4655493.76,2170.33
-11799829.040000001,4655493.0200000005,2170.09
-11799832.24,4655491.55,2169.6
-11799830.63,4655492.3,2169.83
-11799833.84,4655490.83,2169.32
-11799834.93,4655490.39,2166.25
-11799836.59,4655489.63,2166.23
-11799838.21,4655488.87,2166.34
-11799839.81,4655488.12,2166.15
-11799843.120000001,4655486.58,2166.27
-11799841.44,4655487.38,2166.17
-11799844.78,4655485.82,2166.27
-11799846.41,4655485.07,2166.29
-11799848.02,4655484.32,2166.34
-11799849.68,4655483.55,2166.36
-11799851.32,4655482.79,2166.38
-11799852.96,4655482.04,2166.38
-11799856.26,4655480.5,2166.42
-11799854.620000001,4655481.26,2166.4
-11799857.86,4655479.74,2166.44
-11799857.35,4655481.18,2166.44
-11799855.700000001,4655481.96,2166.42
-11799854.040000001,4655482.72,2166.42
-11799852.42,4655483.48,2166.44
-11799850.8,4655484.23,2166.4
-11799849.16,4655485.0,2166.36
-11799847.53,4655485.75,2166.35
-11799845.88,4655486.53,2166.25
-11799844.23,4655487.29,2166.29
-11799842.59,4655488.05,2166.25
-11799840.950000001,4655488.82,2166.17
-11799839.28,4655489.59,2166.19
-11799837.66,4655490.350000001,2166.36
-11799834.41,4655491.850000001,2166.36
-11799835.99,4655491.12,2166.22
-11799834.92,4655491.53,2169.11
-11799833.35,4655492.2700000005,2169.42
-11799831.76,4655492.99,2169.69
-11799830.17,4655493.73,2169.94
-11799828.55,4655494.47,2170.21
-11799826.94,4655495.2,2170.31
-11799825.26,4655496.0,2170.0
-11799823.61,4655496.7700000005,2169.79
-11799823.84,4655496.63,2171.0
-11799820.18,4655498.38,2169.17
-11799821.91,4655497.57,2169.44
-11799818.52,4655499.16,2169.07
-11799816.86,4655499.94,2168.92
-11799817.36,4655499.64,2171.38
-11799815.0,4655500.83,2167.88
-11799815.5,4655500.53,2170.44
-11799815.82,4655500.33,2172.07
-11799814.450000001,4655500.94,2173.46
-11799812.78,4655501.71,2173.36
-11799811.18,4655502.45,2173.63
-11799808.51,4655503.83,2168.36
-11799808.01,4655504.14,2165.86
-11799809.33,4655503.34,2172.38
-11799809.59,4655503.18,2173.69
-11799806.91,4655504.5600000005,2168.61
-11799807.18,4655504.79,2168.6
-11799808.23,4655504.38,2165.72
-11799808.75,4655504.08,2168.28
-11799809.55,4655503.61,2172.17
-11799809.8,4655503.45,2173.47
-11799811.48,4655502.66,2173.6
-11799813.09,4655501.93,2173.44
-11799815.25,4655501.07,2167.8
-11799814.72,4655501.18,2173.35
-11799816.08,4655500.59,2171.96
-11799815.74,4655500.7700000005,2170.24
-11799817.11,4655500.19,2168.94
-11799817.59,4655499.89,2171.4
-11799820.44,4655498.63,2169.19
-11799818.77,4655499.4,2169.06
-11799822.15,4655497.84,2169.44
-11799823.83,4655497.04,2169.72
-11799824.09,4655496.9,2170.99
-11799825.52,4655496.25,2170.0
-11799828.86,4655494.7,2170.15
-11799827.22,4655495.46,2170.3
-11799832.02,4655493.26,2169.63
-11799830.44,4655493.98,2169.88
-11799834.67,4655492.11,2166.32
-11799833.620000001,4655492.51,2169.4
-11799835.21,4655491.8,2169.13
-11799836.27,4655491.36,2166.19
-11799837.93,4655490.59,2166.26
-11799839.55,4655489.850000001,2166.17
-11799841.18,4655489.100000001,2166.15
-11799842.86,4655488.32,2166.26
-11799844.48,4655487.57,2166.28
-11799846.1,4655486.82,2166.25
-11799847.790000001,4655486.03,2166.33
-11799849.450000001,4655485.26,2166.34
-11799851.09,4655484.49,2166.38
-11799852.72,4655483.75,2166.4
-11799854.35,4655482.98,2166.42
-11799855.98,4655482.22,2166.4
-11799857.6,4655481.49,2166.4
-11799857.31,4655482.95,2166.46
-11799855.67,4655483.71,2166.44
-11799854.03,4655484.48,2166.44
-11799852.38,4655485.24,2166.4
-11799849.120000001,4655486.73,2166.36
-11799850.73,4655486.01,2166.38
-11799847.5,4655487.5,2166.33
-11799845.82,4655488.3,2166.23
-11799844.22,4655489.03,2166.31
-11799842.53,4655489.82,2166.25
-11799840.88,4655490.600000001,2166.17
-11799839.24,4655491.33,2166.23
-11799837.58,4655492.12,2166.23
-11799835.950000001,4655492.88,2166.19
-11799836.49,4655492.55,2169.09
-11799834.9,4655493.28,2169.32
-11799833.3,4655494.01,2169.48
-11799831.71,4655494.75,2169.74
-11799830.11,4655495.48,2169.98
-11799828.52,4655496.22,2170.25
-11799826.91,4655496.97,2170.23
-11799825.21,4655497.7700000005,2169.94
-11799823.52,4655498.5600000005,2169.67
-11799821.8,4655499.36,2169.38
-11799820.1,4655500.16,2169.17
-11799818.43,4655500.93,2169.05
-11799816.21,4655502.05,2166.08
-11799816.46,4655501.89,2167.36
-11799816.77,4655501.71,2168.92
-11799814.790000001,4655502.68,2167.21
-11799814.96,4655502.57,2168.1
-11799814.39,4655502.7,2173.5
-11799815.28,4655502.38,2169.71
-11799811.05,4655504.25,2173.02
-11799812.74,4655503.46,2173.44
-11799810.78,4655504.72,2172.11
-11799811.52,4655504.48,2167.61
-11799812.66,4655503.8100000005,2173.28
-11799813.21,4655503.68,2167.92
-11799813.870000001,4655503.3,2171.17
-11799814.33,4655503.03,2173.46
-11799814.950000001,4655502.87,2168.4
-11799816.56,4655502.15,2168.23
-11799816.14,4655502.4,2166.13
-11799818.32,4655501.3100000005,2169.03
-11799820.01,4655500.5200000005,2169.13
-11799821.73,4655499.72,2169.35
-11799825.11,4655498.14,2169.9
-11799823.4,4655498.93,2169.61
-11799828.450000001,4655496.58,2170.26
-11799826.81,4655497.34,2170.17
-11799831.63,4655495.12,2169.76
-11799830.040000001,4655495.86,2169.99
-11799833.200000001,4655494.39,2169.51
-11799834.8,4655493.66,2169.34
-11799836.35,4655492.95,2168.94
-11799835.85,4655493.25,2166.24
-11799837.83,4655492.3,2168.05
-11799837.47,4655492.51,2166.17
-11799838.05,4655492.17,2169.23
-11799839.14,4655491.73,2166.17
-11799840.77,4655490.98,2166.17
-11799842.4,4655490.22,2166.21
-11799844.08,4655489.44,2166.29
-11799845.73,4655488.68,2166.34
-11799848.99,4655487.16,2166.34
-11799847.36,4655487.92,2166.3
-11799852.28,4655485.65,2166.36
-11799850.63,4655486.4,2166.36
-11799855.55,4655484.13,2166.42
-11799853.93,4655484.86,2166.4
-11799857.17,4655483.38,2166.44
-11799855.6,4655485.36,2166.42
-11799857.22,4655484.59,2166.44
-11799853.98,4655486.09,2166.42
-11799852.32,4655486.850000001,2166.38
-11799850.69,4655487.63,2166.36
-11799849.07,4655488.39,2166.34
-11799847.4,4655489.15,2166.32
-11799845.72,4655489.94,2166.26
-11799844.08,4655490.69,2166.32
-11799842.43,4655491.45,2166.22
-11799840.8,4655492.21,2166.19
-11799839.19,4655492.97,2166.19
-11799837.56,4655493.72,2166.21
-11799838.08,4655493.41,2169.02
-11799835.01,4655494.8100000005,2170.08
-11799836.620000001,4655494.07,2169.94
-11799831.65,4655496.38,2169.77
-11799833.24,4655495.64,2169.52
-11799828.48,4655497.84,2170.31
-11799830.06,4655497.09,2170.06
-11799826.85,4655498.600000001,2170.17
-11799825.13,4655499.39,2169.9
-11799823.41,4655500.2,2169.63
-11799821.700000001,4655501.0,2169.38
-11799820.01,4655501.79,2169.17
-11799818.36,4655502.5600000005,2169.06
-11799816.14,4655503.65,2166.04
-11799816.47,4655503.47,2167.69
-11799816.72,4655503.33,2168.96
-11799814.64,4655504.34,2166.78
-11799815.44,4655503.88,2170.76
-11799816.25,4655503.39,2174.86
-11799813.52,4655504.8,2169.48
-11799814.040000001,4655504.48,2172.04
-11799814.08,4655504.79,2174.19
-11799814.3,4655504.66,2175.3
-11799815.05,4655504.42,2170.94
-11799815.81,4655503.98,2174.75
-11799815.8,4655504.18,2166.52
-11799816.47,4655503.79,2169.88
-11799818.03,4655503.08,2169.33
-11799819.65,4655502.33,2169.1
-11799819.88,4655502.2,2170.26
-11799821.3,4655501.57,2169.23
-11799823.02,4655500.7700000005,2169.55
-11799824.71,4655499.98,2169.79
-11799826.370000001,4655499.21,2170.07
-11799828.06,4655498.42,2170.32
-11799829.67,4655497.67,2170.11
-11799831.28,4655496.92,2169.86
-11799832.84,4655496.21,2169.59
-11799834.59,4655495.38,2170.21
-11799835.5,4655495.08,2166.26
-11799836.09,4655494.71,2169.46
-11799837.14,4655494.32,2166.21
-11799837.8,4655493.91,2169.72
-11799838.75,4655493.57,2166.21
-11799839.31,4655493.23,2169.21
-11799840.38,4655492.8100000005,2166.17
-11799842.03,4655492.05,2166.15
-11799843.68,4655491.28,2166.26
-11799845.46,4655490.44,2167.04
-11799846.97,4655489.75,2166.24
-11799848.61,4655488.98,2166.32
-11799850.23,4655488.25,2166.36
-11799853.53,4655486.73,2166.38
-11799851.870000001,4655487.5,2166.38
-11799855.17,4655485.96,2166.4
-11799856.78,4655485.2,2166.42
-11799858.450000001,4655484.44,2166.46
-11799857.18,4655486.4,2166.44
-11799855.540000001,4655487.17,2166.44
-11799853.89,4655487.93,2166.4
-11799852.25,4655488.68,2166.4
-11799850.63,4655489.44,2166.38
-11799848.98,4655490.21,2166.34
-11799847.34,4655490.97,2166.27
-11799845.91,4655491.61,2167.44
-11799844.06,4655492.48,2166.28
-11799840.75,4655494.0200000005,2166.19
-11799842.4,4655493.26,2166.17
-11799839.13,4655494.7700000005,2166.25
-11799839.56,4655494.5200000005,2168.58
-11799837.52,4655495.5200000005,2166.26
-11799838.18,4655495.13,2169.77
-11799835.85,4655496.28,2166.19
-11799836.48,4655495.93,2169.58
-11799835.03,4655496.5600000005,2170.49
-11799833.21,4655497.44,2169.58
-11799831.61,4655498.17,2169.83
-11799830.02,4655498.91,2170.11
-11799828.42,4655499.64,2170.33
-11799826.75,4655500.42,2170.13
-11799825.06,4655501.21,2169.86
-11799823.51,4655501.92,2170.31
-11799822.040000001,4655502.57,2171.19
-11799820.25,4655503.43,2170.32
-11799818.44,4655504.29,2169.44
-11799817.450000001,4655504.66,2172.76
-11799818.43,4655504.58,2173.23
-11799819.4,4655504.21,2169.86
-11799821.24,4655503.34,2170.74
-11799822.77,4655502.64,2170.19
-11799824.42,4655501.88,2170.3
-11799826.01,4655501.15,2170.05
-11799827.700000001,4655500.36,2170.26
-11799829.33,4655499.61,2170.22
-11799830.91,4655498.87,2169.98
-11799832.49,4655498.16,2169.69
-11799834.09,4655497.43,2169.44
-11799835.870000001,4655496.59,2170.15
-11799836.8,4655496.26,2166.23
-11799837.46,4655495.87,2169.79
-11799838.46,4655495.48,2166.22
-11799838.950000001,4655495.18,2168.84
-11799840.07,4655494.73,2166.21
-11799841.67,4655494.0,2166.15
-11799843.32,4655493.24,2166.23
-11799844.97,4655492.47,2166.25
-11799846.6,4655491.73,2166.24
-11799848.26,4655490.95,2166.32
-11799849.89,4655490.2,2166.36
-11799851.5,4655489.45,2166.38
-11799853.17,4655488.67,2166.38
-11799854.82,4655487.92,2166.42
-11799856.47,4655487.15,2166.44
-11799858.120000001,4655486.39,2166.42
-11799858.790000001,4655487.42,2166.46
-11799857.15,4655488.19,2166.44
-11799855.53,4655488.93,2166.44
-11799853.91,4655489.67,2166.42
-11799852.27,4655490.43,2166.38
-11799850.620000001,4655491.21,2166.38
-11799848.950000001,4655491.97,2166.33
-11799847.3,4655492.73,2166.27
-11799845.66,4655493.51,2166.25
-11799845.86,4655493.39,2167.34
-11799844.05,4655494.25,2166.27
-11799842.41,4655495.0200000005,2166.17
-11799840.75,4655495.78,2166.17
-11799839.1,4655496.54,2166.24
-11799839.66,4655496.21,2169.25
-11799837.450000001,4655497.3100000005,2166.21
-11799838.1,4655496.92,2169.65
-11799835.84,4655498.05,2166.25
-11799836.39,4655497.72,2169.23
-11799834.81,4655498.46,2169.38
-11799833.19,4655499.2,2169.65
-11799831.6,4655499.93,2169.92
-11799830.01,4655500.65,2170.15
-11799827.57,4655501.87,2166.11
-11799828.4,4655501.39,2170.4
-11799826.72,4655502.18,2170.17
-11799825.08,4655502.94,2170.05
-11799823.43,4655503.71,2169.97
-11799821.99,4655504.34,2171.06
-11799822.53,4655504.5200000005,2171.23
-11799823.92,4655503.91,2169.88
-11799825.6,4655503.13,2169.97
-11799826.78,4655502.65,2167.55
-11799827.26,4655502.36,2170.04
-11799828.15,4655502.03,2166.13
-11799828.98,4655501.5600000005,2170.42
-11799830.56,4655500.83,2170.11
-11799831.03,4655500.55,2172.55
-11799832.14,4655500.100000001,2169.84
-11799833.700000001,4655499.39,2169.57
-11799835.290000001,4655498.67,2169.33
-11799836.35,4655498.25,2166.17
-11799837.02,4655497.86,2169.75
-11799838.55,4655497.16,2169.17
-11799837.99,4655497.49,2166.21
-11799841.25,4655495.99,2166.19
-11799839.63,4655496.74,2166.22
-11799842.92,4655495.22,2166.19
-11799840.17,4655496.41,2169.21
-11799846.22,4655493.69,2166.35
-11799844.57,4655494.45,2166.25
-11799847.84,4655492.94,2166.29
-11799849.48,4655492.18,2166.34
-11799851.14,4655491.41,2166.34
-11799852.790000001,4655490.64,2166.38
-11799854.41,4655489.91,2166.4
-11799856.03,4655489.16,2166.44
-11799857.67,4655488.4,2166.44
-11799857.28,4655490.03,2166.44
-11799855.63,4655490.79,2166.42
-11799853.99,4655491.54,2166.4
-11799852.38,4655492.3,2166.35
-11799850.75,4655493.05,2166.32
-11799849.11,4655493.8100000005,2166.32
-11799847.43,4655494.59,2166.25
-11799845.81,4655495.350000001,2166.22
-11799844.19,4655496.09,2166.33
-11799842.53,4655496.850000001,2166.24
-11799840.86,4655497.64,2166.17
-11799839.22,4655498.39,2166.27
-11799839.72,4655498.100000001,2168.88
-11799838.17,4655498.8100000005,2169.31
-11799836.01,4655499.88,2166.4
-11799836.52,4655499.58,2169.11
-11799834.36,4655500.64,2166.34
-11799834.94,4655500.3,2169.44
-11799832.67,4655501.42,2166.25
-11799833.31,4655501.04,2169.65
-11799832.040000001,4655501.59,2171.58
-11799829.370000001,4655502.96,2166.1
-11799827.74,4655503.72,2166.19
-11799826.76,4655504.07,2169.77
-11799827.01,4655504.39,2169.69
-11799827.97,4655504.01,2166.17
-11799829.620000001,4655503.2700000005,2166.09
-11799830.85,4655502.53,2172.53
-11799830.39,4655502.8,2170.13
-11799833.58,4655501.36,2169.55
-11799832.35,4655501.87,2171.65
-11799834.700000001,4655500.88,2166.99
-11799832.96,4655501.71,2166.25
-11799836.19,4655500.23,2166.25
-11799836.72,4655499.9,2169.09
-11799838.43,4655499.13,2169.35
-11799839.52,4655498.69,2166.27
-11799840.0,4655498.42,2168.85
-11799842.790000001,4655497.19,2166.23
-11799841.120000001,4655497.95,2166.09
-11799846.08,4655495.67,2166.24
-11799844.49,4655496.39,2166.61
-11799846.27,4655495.55,2167.27
-11799847.73,4655494.91,2166.24
-11799849.36,4655494.15,2166.34
-11799850.98,4655493.4,2166.33
-11799852.620000001,4655492.65,2166.35
-11799854.26,4655491.89,2166.4
-11799855.94,4655491.11,2166.42
-11799857.58,4655490.350000001,2166.42
-11799858.85,4655491.22,2166.44
-11799857.23,4655491.97,2166.42
-11799855.59,4655492.72,2166.4
-11799853.96,4655493.47,2166.35
-11799850.66,4655495.0,2166.33
-11799852.32,4655494.23,2166.32
-11799849.0,4655495.7700000005,2166.27
-11799847.39,4655496.51,2166.29
-11799845.81,4655497.24,2166.5
-11799844.120000001,4655498.04,2166.26
-11799840.83,4655499.5600000005,2166.23
-11799841.370000001,4655499.25,2169.09
-11799839.19,4655500.3100000005,2166.21
-11799839.73,4655500.01,2169.04
-11799837.57,4655501.07,2166.29
-11799836.42,4655501.53,2169.03
-11799838.07,4655500.7700000005,2169.0
-11799834.26,4655502.59,2166.32
-11799835.88,4655501.83,2166.13
-11799832.6,4655503.37,2166.15
-11799834.78,4655502.28,2169.08
-11799833.52,4655502.82,2170.97
-11799833.3,4655502.96,2169.77
-11799831.57,4655503.75,2169.33
-11799831.97,4655503.53,2171.4
-11799830.9,4655504.59,2166.17
-11799832.49,4655503.86,2166.15
-11799831.51,4655504.24,2169.35
-11799833.43,4655503.3100000005,2171.08
-11799833.14,4655503.47,2169.49
-11799834.18,4655503.07,2166.61
-11799835.77,4655502.350000001,2166.23
-11799836.25,4655502.05,2168.79
-11799837.43,4655501.57,2166.24
-11799837.98,4655501.26,2169.11
-11799839.08,4655500.8100000005,2166.23
-11799839.6,4655500.51,2169.0
-11799840.71,4655500.0600000005,2166.24
-11799842.65,4655499.13,2167.9
-11799843.98,4655498.54,2166.25
-11799845.71,4655497.75,2166.55
-11799847.42,4655496.95,2166.84
-11799848.96,4655496.24,2166.26
-11799850.56,4655495.5200000005,2166.33
-11799852.19,4655494.7700000005,2166.33
-11799853.85,4655493.99,2166.34
-11799855.5,4655493.23,2166.38
-11799857.16,4655492.47,2166.42
-11799858.78,4655491.72,2166.4
-11799857.290000001,4655493.88,2166.4
-11799855.65,4655494.64,2166.38
-11799854.02,4655495.39,2166.35
-11799852.38,4655496.15,2166.35
-11799850.700000001,4655496.93,2166.29
-11799849.040000001,4655497.69,2166.3
-11799847.55,4655498.37,2167.1
-11799845.78,4655499.2,2166.32
-11799844.120000001,4655499.97,2166.22
-11799842.81,4655500.54,2167.94
-11799840.84,4655501.48,2166.25
-11799839.23,4655502.23,2166.23
-11799839.85,4655501.87,2169.59
-11799839.61,4655502.01,2168.26
-11799837.61,4655502.98,2166.25
-11799838.08,4655502.71,2168.76
-11799835.96,4655503.74,2166.31
-11799834.28,4655504.5200000005,2166.24
-11799836.43,4655503.47,2168.81
-11799835.66,4655504.350000001,2167.11
-11799836.02,4655504.15,2168.98
-11799837.17,4655503.69,2166.27
-11799837.450000001,4655503.53,2167.75
-11799838.81,4655502.93,2166.26
-11799840.44,4655502.18,2166.22
-11799843.76,4655500.66,2166.23
-11799845.41,4655499.9,2166.26
-11799847.23,4655499.03,2167.35
-11799848.68,4655498.38,2166.35
-11799850.26,4655497.65,2166.28
-11799851.89,4655496.9,2166.35
-11799853.540000001,4655496.14,2166.36
-11799855.22,4655495.36,2166.36
-11799856.86,4655494.600000001,2166.4
-11799858.47,4655493.87,2166.4
-11799858.69,4655495.17,2166.44
-11799857.05,4655495.95,2166.42
-11799855.41,4655496.71,2166.4
-11799853.790000001,4655497.46,2166.38
-11799852.120000001,4655498.23,2166.27
-11799850.48,4655498.99,2166.26
-11799848.82,4655499.76,2166.24
-11799845.56,4655501.25,2166.28
-11799847.33,4655500.43,2167.09
-11799842.48,4655502.66,2167.42
-11799843.91,4655502.0200000005,2166.29
-11799840.63,4655503.54,2166.22
-11799838.99,4655504.3,2166.22
-11799839.9,4655504.43,2166.19
-11799841.540000001,4655503.67,2166.21
-11799844.83,4655502.16,2166.25
-11799846.51,4655501.37,2166.44
-11799848.38,4655500.49,2167.57
-11799849.78,4655499.87,2166.24
-11799851.42,4655499.12,2166.23
-11799853.040000001,4655498.36,2166.29
-11799854.68,4655497.61,2166.36
-11799856.32,4655496.850000001,2166.4
-11799857.99,4655496.09,2166.42
-11799858.63,4655497.3100000005,2166.36
-11799856.950000001,4655498.08,2166.31
-11799855.28,4655498.850000001,2166.28
-11799853.64,4655499.61,2166.24
-11799852.02,4655500.36,2166.27
-11799850.370000001,4655501.12,2166.23
-11799850.63,4655500.98,2167.65
-11799847.39,4655502.46,2168.0
-11799848.73,4655501.89,2166.22
-11799845.46,4655503.4,2166.31
-11799847.07,4655502.65,2166.28
-11799843.82,4655504.16,2166.19
-11799847.66,4655502.96,2166.29
-11799846.01,4655503.72,2166.32
-11799847.97,4655502.78,2167.94
-11799849.28,4655502.23,2166.19
-11799850.91,4655501.46,2166.22
-11799852.56,4655500.72,2166.24
-11799854.21,4655499.95,2166.29
-11799855.85,4655499.19,2166.27
-11799857.46,4655498.46,2166.27
-11799858.32,4655499.5,2166.21
-11799858.69,4655499.29,2168.25
-11799858.81,4655499.22,2168.97
-11799856.73,4655500.22,2166.33
-11799855.06,4655501.01,2166.31
-11799853.41,4655501.76,2166.27
-11799851.77,4655502.5200000005,2166.26
-11799850.11,4655503.28,2166.26
-11799848.51,4655504.04,2166.27
-11799852.05,4655503.0,2166.24
-11799850.42,4655503.75,2166.25
-11799853.71,4655502.23,2166.26
-11799855.36,4655501.47,2166.28
-11799857.0,4655500.72,2166.31
-11799858.65,4655499.97,2166.27
-11799857.48,4655500.43,2169.01
-11799858.16,4655501.76,2166.3
-11799858.620000001,4655501.51,2168.9
-11799858.85,4655501.36,2170.19
-11799856.540000001,4655502.5200000005,2166.3
-11799857.040000001,4655502.22,2169.15
-11799854.9,4655503.28,2166.3
-11799853.26,4655504.04,2166.26
-11799854.69,4655503.91,2166.3
-11799856.35,4655503.15,2166.28
-11799856.71,4655502.94,2168.29
-11799856.950000001,4655502.78,2169.65
-11799858.0,4655502.39,2166.26
-11799858.49,4655502.100000001,2169.04
-11799858.74,4655503.58,2169.94
-11799858.1,4655503.95,2166.24
